3 0.4713541666666667 0.6037037037037037 0.023958333333333335 0.040740740740740744
3 0.46510416666666665 0.4722222222222222 0.021875 0.025925925925925925
3 0.5630208333333333 0.8824074074074074 0.036458333333333336 0.09444444444444444
3 0.1625 0.9657407407407408 0.05 0.06481481481481481
0 0.29583333333333334 0.9583333333333334 0.014583333333333334 0.053703703703703705
1 0.3880208333333333 0.6935185185185185 0.009375 0.024074074074074074
6 0.38125 0.5648148148148148 0.027083333333333334 0.022222222222222223
6 0.4192708333333333 0.5009259259259259 0.019791666666666666 0.04259259259259259
3 0.4510416666666667 0.41388888888888886 0.0125 0.020370370370370372
3 0.4546875 0.4 0.017708333333333333 0.018518518518518517
3 0.45729166666666665 0.38796296296296295 0.0125 0.016666666666666666
3 0.4625 0.3074074074074074 0.00625 0.011111111111111112
3 0.48072916666666665 0.39444444444444443 0.011458333333333333 0.014814814814814815
1 0.4973958333333333 0.40185185185185185 0.007291666666666667 0.011111111111111112
1 0.5026041666666666 0.43425925925925923 0.011458333333333333 0.016666666666666666
1 0.50625 0.6666666666666666 0.008333333333333333 0.022222222222222223
2 0.5078125 0.6842592592592592 0.009375 0.027777777777777776
0 0.5244791666666667 0.9462962962962963 0.011458333333333333 0.06296296296296296
0 0.5401041666666667 0.9425925925925925 0.011458333333333333 0.06296296296296296
1 0.5088541666666667 0.8 0.013541666666666667 0.05185185185185185
2 0.5098958333333333 0.8287037037037037 0.013541666666666667 0.020370370370370372
9 0.38697916666666665 0.7148148148148148 0.011458333333333333 0.022222222222222223