3 0.14963235294117647 0.515686274509804 0.0875 0.1607843137254902
3 0.3238970588235294 0.29150326797385623 0.05514705882352941 0.11241830065359477
3 0.3003676470588235 0.15620915032679739 0.04926470588235294 0.07973856209150326
3 0.1889705882352941 0.06797385620915032 0.05588235294117647 0.07320261437908497
1 0.2676470588235294 0.29215686274509806 0.01764705882352941 0.050980392156862744
9 0.26801470588235293 0.3156862745098039 0.02426470588235294 0.06143790849673202
6 0.2555147058823529 0.1084967320261438 0.03161764705882353 0.06013071895424837
1 0.25882352941176473 0.09019607843137255 0.007352941176470588 0.03137254901960784
3 0.575 0.19084967320261437 0.08970588235294118 0.08104575163398693
3 0.5834558823529412 0.1261437908496732 0.0375 0.06405228758169934
4 0.569485294117647 0.0542483660130719 0.03455882352941177 0.0718954248366013
4 0.4349264705882353 0.13398692810457516 0.03602941176470588 0.08235294117647059
4 0.4496323529411765 0.02875816993464052 0.030147058823529412 0.05751633986928104
9 0.38198529411764703 0.5732026143790849 0.04632352941176471 0.09542483660130718
9 0.39080882352941176 0.8888888888888888 0.01838235294117647 0.08627450980392157
1 0.3900735294117647 0.8627450980392157 0.025735294117647058 0.07320261437908497
0 0.4238970588235294 0.8444444444444444 0.022794117647058822 0.08366013071895424
0 0.45808823529411763 0.7810457516339869 0.01764705882352941 0.09019607843137255
0 0.5246323529411765 0.9679738562091503 0.015441176470588236 0.06405228758169934
0 0.5073529411764706 0.9228758169934641 0.023529411764705882 0.0915032679738562
1 0.5033088235294118 0.8973856209150327 0.015441176470588236 0.0457516339869281
0 0.5055147058823529 0.6562091503267974 0.019852941176470587 0.0784313725490196
0 0.4551470588235294 0.47843137254901963 0.014705882352941176 0.06535947712418301
0 0.5136029411764705 0.3915032679738562 0.013970588235294118 0.06666666666666667
0 0.506985294117647 0.4588235294117647 0.019852941176470587 0.06797385620915032
0 0.4922794117647059 0.4725490196078431 0.011029411764705883 0.043137254901960784
0 0.5488970588235295 0.3738562091503268 0.0125 0.06797385620915032
0 0.5029411764705882 0.26601307189542484 0.011764705882352941 0.06143790849673202
0 0.513235294117647 0.20392156862745098 0.011764705882352941 0.054901960784313725
0 0.49816176470588236 0.20130718954248367 0.011029411764705883 0.03398692810457516
0 0.4886029411764706 0.19215686274509805 0.013970588235294118 0.06013071895424837
0 0.5036764705882353 0.18366013071895426 0.010294117647058823 0.0457516339869281
0 0.5 0.13137254901960785 0.010294117647058823 0.048366013071895426
0 0.5102941176470588 0.1300653594771242 0.011764705882352941 0.050980392156862744
0 0.5040441176470588 0.045098039215686274 0.0125 0.0457516339869281
0 0.5363970588235294 0.054901960784313725 0.008088235294117648 0.03398692810457516
0 0.5371323529411764 0.0784313725490196 0.009558823529411765 0.044444444444444446
0 0.5147058823529411 0.07908496732026143 0.010294117647058823 0.043137254901960784
0 0.5150735294117647 0.06339869281045751 0.009558823529411765 0.03529411764705882
1 0.5441176470588235 0.043137254901960784 0.013235294117647059 0.03398692810457516
0 0.45955882352941174 0.09542483660130718 0.011764705882352941 0.05228758169934641
0 0.4088235294117647 0.2568627450980392 0.013235294117647059 0.043137254901960784
0 0.39338235294117646 0.3607843137254902 0.013235294117647059 0.05751633986928104
0 0.4036764705882353 0.3032679738562091 0.010294117647058823 0.06013071895424837
0 0.4400735294117647 0.3437908496732026 0.015441176470588236 0.05751633986928104
0 0.45551470588235293 0.34967320261437906 0.015441176470588236 0.06666666666666667
0 0.44191176470588234 0.36470588235294116 0.011764705882352941 0.06013071895424837
1 0.44080882352941175 0.42091503267973857 0.01838235294117647 0.05751633986928104
9 0.4411764705882353 0.44313725490196076 0.01764705882352941 0.05228758169934641
6 0.39044117647058824 0.45751633986928103 0.033823529411764704 0.0915032679738562
0 0.6738970588235295 0.18104575163398692 0.009558823529411765 0.048366013071895426
0 0.6904411764705882 0.19150326797385622 0.010294117647058823 0.05359477124183006
0 0.6816176470588236 0.16666666666666666 0.008823529411764706 0.0457516339869281
0 0.7 0.20392156862745098 0.011764705882352941 0.054901960784313725
0 0.7051470588235295 0.2196078431372549 0.010294117647058823 0.044444444444444446
0 0.6966911764705882 0.17450980392156862 0.009558823529411765 0.043137254901960784
0 0.6209558823529412 0.5464052287581699 0.015441176470588236 0.06797385620915032
0 0.6466911764705883 0.5562091503267974 0.01838235294117647 0.07450980392156863
0 0.49926470588235294 0.561437908496732 0.016176470588235296 0.06928104575163399
0 0.5419117647058823 0.5581699346405229 0.022058823529411766 0.054901960784313725
0 0.56875 0.6019607843137255 0.015441176470588236 0.0718954248366013
0 0.5830882352941177 0.6287581699346405 0.016176470588235296 0.07320261437908497
0 0.5713235294117647 0.6555555555555556 0.013235294117647059 0.06143790849673202
2 0.5599264705882353 0.5169934640522876 0.03455882352941177 0.03790849673202614