3 0.8260416666666667 0.9342592592592592 0.125 0.13148148148148148
3 0.2390625 0.600925925925926 0.08229166666666667 0.06851851851851852
3 0.1203125 0.5555555555555556 0.08229166666666667 0.06296296296296296
0 0.06458333333333334 0.4962962962962963 0.022916666666666665 0.04814814814814815
3 0.014583333333333334 0.4527777777777778 0.029166666666666667 0.08333333333333333
6 0.32447916666666665 0.36666666666666664 0.023958333333333335 0.15185185185185185
3 0.5 0.4935185185185185 0.0375 0.08333333333333333
3 0.484375 0.30185185185185187 0.029166666666666667 0.06666666666666667
5 0.5729166666666666 0.2564814814814815 0.03333333333333333 0.07962962962962963
0 0.5635416666666667 0.29814814814814816 0.00625 0.03333333333333333
0 0.5536458333333333 0.25833333333333336 0.009375 0.03148148148148148
9 0.5515625 0.2740740740740741 0.009375 0.02962962962962963
1 0.5197916666666667 0.28703703703703703 0.010416666666666666 0.022222222222222223
9 0.5182291666666666 0.29814814814814816 0.009375 0.03333333333333333
5 0.5369791666666667 0.28055555555555556 0.019791666666666666 0.05740740740740741
6 0.9130208333333333 0.30648148148148147 0.030208333333333334 0.053703703703703705
6 0.9520833333333333 0.3648148148148148 0.041666666666666664 0.05185185185185185
3 0.9625 0.5453703703703704 0.075 0.07222222222222222
4 0.8723958333333334 0.5546296296296296 0.06979166666666667 0.06481481481481481
3 0.7984375 0.4444444444444444 0.053125 0.05555555555555555
7 0.9526041666666667 0.29074074074074074 0.034375 0.05185185185185185
3 0.846875 0.3277777777777778 0.027083333333333334 0.025925925925925925
1 0.8145833333333333 0.28888888888888886 0.008333333333333333 0.022222222222222223
3 0.8598958333333333 0.30185185185185187 0.03854166666666667 0.037037037037037035
1 0.834375 0.2861111111111111 0.008333333333333333 0.020370370370370372
1 0.8265625 0.2722222222222222 0.005208333333333333 0.014814814814814815
1 0.8421875 0.2777777777777778 0.007291666666666667 0.022222222222222223
1 0.8317708333333333 0.2638888888888889 0.009375 0.024074074074074074
3 0.521875 0.17407407407407408 0.01875 0.040740740740740744
1 0.5005208333333333 0.1537037037037037 0.009375 0.018518518518518517
9 0.5010416666666667 0.16666666666666666 0.00625 0.022222222222222223
3 0.4739583333333333 0.10277777777777777 0.016666666666666666 0.03518518518518519
6 0.32916666666666666 0.2462962962962963 0.016666666666666666 0.044444444444444446
1 0.3255208333333333 0.24537037037037038 0.007291666666666667 0.027777777777777776
3 0.34270833333333334 0.18055555555555555 0.020833333333333332 0.053703703703703705
3 0.30885416666666665 0.20555555555555555 0.021875 0.05185185185185185
0 0.20625 0.37592592592592594 0.014583333333333334 0.05185185185185185
9 0.8666666666666667 0.6981481481481482 0.041666666666666664 0.02962962962962963
2 0.8911458333333333 0.7212962962962963 0.034375 0.03148148148148148