3 0.07463235294117647 0.3784313725490196 0.07720588235294118 0.12679738562091503
3 0.44375 0.0457516339869281 0.07573529411764705 0.06274509803921569
0 0.16691176470588234 0.7993464052287582 0.030882352941176472 0.08496732026143791
0 0.12022058823529412 0.7607843137254902 0.028676470588235293 0.06535947712418301
0 0.20036764705882354 0.7496732026143791 0.013970588235294118 0.050980392156862744
0 0.23897058823529413 0.7784313725490196 0.025 0.08758169934640522
0 0.2139705882352941 0.7973856209150327 0.020588235294117647 0.07581699346405228
0 0.20183823529411765 0.6647058823529411 0.019852941176470587 0.058823529411764705
0 0.2161764705882353 0.6640522875816993 0.022058823529411766 0.0784313725490196
0 0.28088235294117647 0.7411764705882353 0.023529411764705882 0.09411764705882353
0 0.28823529411764703 0.6444444444444445 0.023529411764705882 0.0784313725490196
0 0.28566176470588234 0.5464052287581699 0.021323529411764706 0.0784313725490196
0 0.30808823529411766 0.5313725490196078 0.023529411764705882 0.07973856209150326
0 0.31176470588235294 0.469281045751634 0.01764705882352941 0.04967320261437908
0 0.2599264705882353 0.3026143790849673 0.013970588235294118 0.058823529411764705
0 0.25477941176470587 0.2045751633986928 0.01838235294117647 0.058823529411764705
0 0.27205882352941174 0.1450980392156863 0.013235294117647059 0.05228758169934641
0 0.17794117647058824 0.9679738562091503 0.027941176470588237 0.06405228758169934
0 0.20183823529411765 0.9633986928104575 0.027205882352941177 0.07320261437908497
1 0.6595588235294118 0.822875816993464 0.023529411764705882 0.06666666666666667
2 0.555514705882353 0.9444444444444444 0.05220588235294118 0.07450980392156863
1 0.49816176470588236 0.9679738562091503 0.02426470588235294 0.050980392156862744
0 0.33345588235294116 0.9326797385620915 0.022794117647058822 0.07450980392156863
1 0.4117647058823529 0.9673202614379085 0.020588235294117647 0.05228758169934641
0 0.03161764705882353 0.5464052287581699 0.026470588235294117 0.07058823529411765
0 0.0900735294117647 0.4777777777777778 0.030147058823529412 0.06666666666666667
0 0.05698529411764706 0.6934640522875817 0.03161764705882353 0.0718954248366013
0 0.08088235294117647 0.6503267973856209 0.027941176470588237 0.06405228758169934
0 0.125 0.6274509803921569 0.029411764705882353 0.08104575163398693
1 0.13014705882352942 0.3810457516339869 0.023529411764705882 0.058823529411764705
0 0.12389705882352942 0.4137254901960784 0.01838235294117647 0.06405228758169934
0 0.1150735294117647 0.42287581699346405 0.01838235294117647 0.05359477124183006
9 0.20477941176470588 0.3803921568627451 0.04044117647058824 0.047058823529411764
9 0.1661764705882353 0.37973856209150325 0.025 0.0718954248366013
1 0.5408088235294117 0.35228758169934643 0.013970588235294118 0.05359477124183006
1 0.4345588235294118 0.33137254901960783 0.016176470588235296 0.05620915032679739
1 0.4319852941176471 0.7777777777777778 0.027205882352941177 0.06013071895424837
0 0.45588235294117646 0.6666666666666666 0.016176470588235296 0.06535947712418301
0 0.45955882352941174 0.6045751633986928 0.01911764705882353 0.05620915032679739
0 0.4985294117647059 0.7928104575163398 0.01764705882352941 0.048366013071895426
0 0.5702205882352941 0.7954248366013071 0.013970588235294118 0.06143790849673202
0 0.5143382352941176 0.8947712418300654 0.021323529411764706 0.08496732026143791
1 0.6073529411764705 0.9437908496732026 0.025 0.06274509803921569
0 0.325 0.6967320261437908 0.023529411764705882 0.0784313725490196
0 0.3272058823529412 0.6607843137254902 0.020588235294117647 0.06143790849673202
0 0.3448529411764706 0.6830065359477124 0.020588235294117647 0.06928104575163399
0 0.3533088235294118 0.6594771241830065 0.02426470588235294 0.06928104575163399
0 0.3911764705882353 0.5516339869281046 0.01764705882352941 0.054901960784313725
0 0.4253676470588235 0.5915032679738562 0.0125 0.048366013071895426
1 0.4198529411764706 0.5915032679738562 0.01911764705882353 0.050980392156862744
1 0.2875 0.37973856209150325 0.01764705882352941 0.0457516339869281
0 0.3150735294117647 0.10915032679738562 0.013970588235294118 0.050980392156862744
0 0.31838235294117645 0.11895424836601307 0.014705882352941176 0.047058823529411764
3 0.12573529411764706 0.2856209150326797 0.075 0.10588235294117647
1 0.08014705882352942 0.5071895424836601 0.01911764705882353 0.05228758169934641
1 0.09375 0.5326797385620915 0.02426470588235294 0.040522875816993466
0 0.15955882352941175 0.5477124183006536 0.014705882352941176 0.03398692810457516
1 0.014338235294117646 0.6686274509803921 0.02426470588235294 0.06143790849673202
1 0.023529411764705882 0.6522875816993464 0.01911764705882353 0.03398692810457516
1 0.08529411764705883 0.6039215686274509 0.023529411764705882 0.044444444444444446
1 0.15588235294117647 0.6169934640522876 0.014705882352941176 0.05228758169934641
1 0.1448529411764706 0.6143790849673203 0.013235294117647059 0.03137254901960784
1 0.13529411764705881 0.5607843137254902 0.020588235294117647 0.04183006535947712
1 0.13529411764705881 0.5725490196078431 0.014705882352941176 0.036601307189542485
1 0.17977941176470588 0.5366013071895425 0.0125 0.040522875816993466
1 0.18970588235294117 0.5405228758169934 0.014705882352941176 0.03790849673202614
0 0.19044117647058822 0.6196078431372549 0.022058823529411766 0.06274509803921569
0 0.011764705882352941 0.5986928104575163 0.023529411764705882 0.054901960784313725
1 0.2011029411764706 0.5594771241830065 0.021323529411764706 0.04967320261437908