3 0.9790441176470588 0.3281045751633987 0.04191176470588235 0.054901960784313725
4 0.8691176470588236 0.3895424836601307 0.051470588235294115 0.05751633986928104
0 0.8691176470588236 0.42549019607843136 0.011764705882352941 0.0457516339869281
0 0.8547794117647058 0.4241830065359477 0.011029411764705883 0.048366013071895426
4 0.756985294117647 0.4418300653594771 0.06397058823529411 0.06535947712418301
4 0.6904411764705882 0.46862745098039216 0.06323529411764706 0.058823529411764705
1 0.6933823529411764 0.4934640522875817 0.013235294117647059 0.0457516339869281
1 0.6827205882352941 0.492156862745098 0.009558823529411765 0.030065359477124184
0 0.6838235294117647 0.5091503267973856 0.011764705882352941 0.048366013071895426
9 0.69375 0.5098039215686274 0.03455882352941177 0.03398692810457516
3 0.7610294117647058 0.7032679738562092 0.10588235294117647 0.10457516339869281
4 0.8077205882352941 0.7529411764705882 0.10220588235294117 0.12026143790849673
3 0.8422794117647059 0.8300653594771242 0.11544117647058824 0.11503267973856209
3 0.9183823529411764 0.9352941176470588 0.13529411764705881 0.11895424836601307
3 0.7606617647058823 0.9313725490196079 0.11544117647058824 0.13725490196078433
3 0.6698529411764705 0.7836601307189542 0.1 0.17647058823529413
3 0.5801470588235295 0.6457516339869281 0.07205882352941176 0.10457516339869281
3 0.6113970588235295 0.503921568627451 0.04191176470588235 0.0718954248366013
0 0.6360294117647058 0.45294117647058824 0.010294117647058823 0.050980392156862744
1 0.6371323529411764 0.44509803921568625 0.008088235294117648 0.01437908496732026
1 0.6389705882352941 0.4196078431372549 0.013235294117647059 0.026143790849673203
0 0.6231617647058824 0.44575163398692813 0.0125 0.05228758169934641
9 0.5691176470588235 0.4594771241830065 0.029411764705882353 0.027450980392156862
9 0.5698529411764706 0.373202614379085 0.016176470588235296 0.032679738562091505
0 0.6011029411764706 0.369281045751634 0.009558823529411765 0.03790849673202614
3 0.4933823529411765 0.4418300653594771 0.039705882352941174 0.05751633986928104
3 0.4900735294117647 0.39281045751633986 0.05661764705882353 0.050980392156862744
4 0.46397058823529413 0.5431372549019607 0.10441176470588236 0.07973856209150326
4 0.43823529411764706 0.31633986928104574 0.026470588235294117 0.054901960784313725
1 0.45036764705882354 0.4477124183006536 0.009558823529411765 0.030065359477124184
2 0.45 0.4666666666666667 0.010294117647058823 0.0392156862745098
0 0.43125 0.41045751633986927 0.009558823529411765 0.04183006535947712
1 0.45992647058823527 0.29673202614379085 0.009558823529411765 0.026143790849673203
9 0.4441176470588235 0.27450980392156865 0.022058823529411766 0.023529411764705882
9 0.4294117647058823 0.22679738562091503 0.014705882352941176 0.01699346405228758
3 0.4253676470588235 0.2601307189542484 0.03602941176470588 0.036601307189542485
3 0.40036764705882355 0.24705882352941178 0.02426470588235294 0.03398692810457516
9 0.4088235294117647 0.2045751633986928 0.016176470588235296 0.0196078431372549
3 0.3860294117647059 0.20718954248366014 0.027941176470588237 0.032679738562091505
4 0.37941176470588234 0.17908496732026144 0.016176470588235296 0.03398692810457516
4 0.37830882352941175 0.16666666666666666 0.02426470588235294 0.032679738562091505
2 0.39080882352941176 0.17450980392156862 0.006617647058823529 0.01437908496732026
3 0.36470588235294116 0.1607843137254902 0.01764705882352941 0.02875816993464052
0 0.3628676470588235 0.17647058823529413 0.006617647058823529 0.02875816993464052
4 0.3492647058823529 0.10522875816993464 0.01911764705882353 0.022222222222222223
3 0.33786764705882355 0.10261437908496732 0.011029411764705883 0.01699346405228758
3 0.3327205882352941 0.1 0.01838235294117647 0.01699346405228758
3 0.33492647058823527 0.0869281045751634 0.016911764705882352 0.01437908496732026
0 0.3209558823529412 0.0869281045751634 0.005147058823529412 0.0196078431372549
0 0.3338235294117647 0.12352941176470589 0.025 0.0196078431372549
3 0.3165441176470588 0.06013071895424837 0.008088235294117648 0.01568627450980392
3 0.3136029411764706 0.05816993464052288 0.008088235294117648 0.011764705882352941
4 0.3139705882352941 0.052941176470588235 0.007352941176470588 0.01437908496732026
4 0.31580882352941175 0.046405228758169936 0.013970588235294118 0.01437908496732026
3 0.0724264705882353 0.21830065359477124 0.02426470588235294 0.03398692810457516
3 0.09264705882352942 0.18496732026143792 0.026470588235294117 0.03529411764705882
3 0.07426470588235294 0.16143790849673204 0.033823529411764704 0.030065359477124184
3 0.11985294117647059 0.1392156862745098 0.01764705882352941 0.027450980392156862
3 0.10330882352941176 0.13398692810457516 0.01838235294117647 0.02483660130718954
3 0.15514705882352942 0.1065359477124183 0.014705882352941176 0.022222222222222223
3 0.14595588235294119 0.08627450980392157 0.011029411764705883 0.01568627450980392
3 0.16139705882352942 0.07647058823529412 0.011029411764705883 0.01699346405228758
4 0.16066176470588237 0.07058823529411765 0.009558823529411765 0.018300653594771243
0 0.15073529411764705 0.06535947712418301 0.004411764705882353 0.01568627450980392
0 0.14595588235294119 0.06470588235294118 0.003676470588235294 0.01437908496732026
3 0.18235294117647058 0.03202614379084967 0.0058823529411764705 0.011764705882352941
4 0.18970588235294117 0.02091503267973856 0.007352941176470588 0.013071895424836602
3 0.4404411764705882 0.7718954248366013 0.058823529411764705 0.13725490196078433
1 0.3720588235294118 0.8254901960784313 0.020588235294117647 0.058823529411764705
9 0.3720588235294118 0.8464052287581699 0.020588235294117647 0.0718954248366013
3 0.26544117647058824 0.726797385620915 0.05588235294117647 0.12810457516339868
1 0.3422794117647059 0.6124183006535948 0.016911764705882352 0.0457516339869281
9 0.3426470588235294 0.6300653594771242 0.01764705882352941 0.06013071895424837
1 0.32426470588235295 0.45294117647058824 0.011764705882352941 0.032679738562091505
9 0.325 0.4745098039215686 0.008823529411764706 0.03137254901960784
1 0.3371323529411765 0.4 0.011029411764705883 0.03137254901960784
9 0.3371323529411765 0.4169934640522876 0.009558823529411765 0.03137254901960784
0 0.3408088235294118 0.2954248366013072 0.009558823529411765 0.0392156862745098
3 0.32794117647058824 0.2647058823529412 0.023529411764705882 0.03790849673202614
3 0.3073529411764706 0.1934640522875817 0.022058823529411766 0.02875816993464052
3 0.1386029411764706 0.3503267973856209 0.0375 0.054901960784313725
1 0.11911764705882352 0.30718954248366015 0.007352941176470588 0.01568627450980392
1 0.11838235294117647 0.307843137254902 0.008823529411764706 0.022222222222222223
9 0.11838235294117647 0.31895424836601305 0.008823529411764706 0.026143790849673203
3 0.18382352941176472 0.28169934640522876 0.026470588235294117 0.048366013071895426
3 0.21985294117647058 0.23660130718954248 0.020588235294117647 0.0392156862745098
3 0.3014705882352941 0.1450980392156863 0.016176470588235296 0.02875816993464052
3 0.2595588235294118 0.16405228758169935 0.016176470588235296 0.027450980392156862
4 0.25441176470588234 0.14052287581699346 0.014705882352941176 0.027450980392156862
0 0.15661764705882353 0.2019607843137255 0.007352941176470588 0.030065359477124184
9 0.16029411764705884 0.20522875816993463 0.007352941176470588 0.023529411764705882
1 0.20477941176470588 0.12810457516339868 0.005147058823529412 0.013071895424836602
9 0.2051470588235294 0.13856209150326798 0.007352941176470588 0.018300653594771243
0 0.19448529411764706 0.12418300653594772 0.006617647058823529 0.02091503267973856
0 0.1875 0.12352941176470589 0.004411764705882353 0.02483660130718954
3 0.18198529411764705 0.14183006535947712 0.01838235294117647 0.022222222222222223
3 0.18566176470588236 0.1287581699346405 0.015441176470588236 0.027450980392156862
3 0.2261029411764706 0.11960784313725491 0.015441176470588236 0.02483660130718954
3 0.22316176470588237 0.08496732026143791 0.0125 0.018300653594771243
4 0.25183823529411764 0.10522875816993464 0.013970588235294118 0.02483660130718954
3 0.2922794117647059 0.12549019607843137 0.028676470588235293 0.023529411764705882
3 0.2889705882352941 0.11960784313725491 0.026470588235294117 0.022222222222222223
3 0.28860294117647056 0.10588235294117647 0.0125 0.018300653594771243
3 0.28713235294117645 0.09738562091503268 0.011029411764705883 0.01699346405228758
3 0.2566176470588235 0.09803921568627451 0.011764705882352941 0.023529411764705882
1 0.2761029411764706 0.09215686274509804 0.005147058823529412 0.011764705882352941
9 0.2757352941176471 0.09934640522875816 0.004411764705882353 0.013071895424836602
3 0.2411764705882353 0.0784313725490196 0.011764705882352941 0.01568627450980392
3 0.22941176470588234 0.0718954248366013 0.010294117647058823 0.01568627450980392
3 0.21102941176470588 0.048366013071895426 0.008823529411764706 0.01568627450980392
3 0.2275735294117647 0.023529411764705882 0.008088235294117648 0.01045751633986928
1 0.2363970588235294 0.03986928104575163 0.003676470588235294 0.009150326797385621
9 0.23676470588235293 0.044444444444444446 0.0029411764705882353 0.00522875816993464
0 0.27242647058823527 0.056862745098039215 0.003676470588235294 0.01437908496732026
0 0.2727941176470588 0.05163398692810457 0.004411764705882353 0.01699346405228758
3 0.2551470588235294 0.06405228758169934 0.010294117647058823 0.013071895424836602
3 0.2584558823529412 0.047058823529411764 0.009558823529411765 0.013071895424836602
3 0.2584558823529412 0.040522875816993466 0.008088235294117648 0.01045751633986928
3 0.25477941176470587 0.03594771241830065 0.006617647058823529 0.009150326797385621
3 0.25220588235294117 0.03333333333333333 0.0058823529411764705 0.009150326797385621
3 0.2525735294117647 0.027450980392156862 0.006617647058823529 0.00784313725490196
3 0.2529411764705882 0.021568627450980392 0.0058823529411764705 0.006535947712418301
3 0.2511029411764706 0.01241830065359477 0.006617647058823529 0.009150326797385621
3 0.25183823529411764 0.006535947712418301 0.006617647058823529 0.00784313725490196
3 0.2511029411764706 0.004575163398692811 0.006617647058823529 0.009150326797385621
1 0.2676470588235294 0.0196078431372549 0.0029411764705882353 0.00522875816993464
2 0.26875 0.02483660130718954 0.003676470588235294 0.00784313725490196
0 0.2636029411764706 0.015032679738562092 0.0022058823529411764 0.009150326797385621
4 0.2610294117647059 0.00718954248366013 0.007352941176470588 0.009150326797385621
0 0.2599264705882353 0.009150326797385621 0.0022058823529411764 0.01045751633986928