8 0.36764705882352944 0.6549019607843137 0.08529411764705883 0.269281045751634
3 0.4676470588235294 0.7189542483660131 0.051470588235294115 0.12287581699346405
3 0.5029411764705882 0.961437908496732 0.07058823529411765 0.07712418300653595
3 0.6404411764705882 0.9228758169934641 0.09705882352941177 0.1542483660130719
4 0.51875 0.6568627450980392 0.04632352941176471 0.10588235294117647
3 0.5371323529411764 0.5895424836601307 0.04044117647058824 0.08104575163398693
0 0.26580882352941176 0.6954248366013072 0.013970588235294118 0.06535947712418301
0 0.1536764705882353 0.6137254901960785 0.011764705882352941 0.058823529411764705
2 0.09485294117647058 0.8562091503267973 0.025 0.0784313725490196
1 0.0974264705882353 0.8313725490196079 0.021323529411764706 0.07581699346405228
2 0.2400735294117647 0.5575163398692811 0.0125 0.040522875816993466
1 0.23933823529411766 0.5444444444444444 0.0125 0.0457516339869281
2 0.2691176470588235 0.4993464052287582 0.010294117647058823 0.03398692810457516
2 0.2893382352941177 0.4849673202614379 0.009558823529411765 0.03137254901960784
2 0.29926470588235293 0.465359477124183 0.007352941176470588 0.03398692810457516
2 0.2875 0.41830065359477125 0.008823529411764706 0.023529411764705882
2 0.2727941176470588 0.4196078431372549 0.008823529411764706 0.026143790849673203
2 0.29926470588235293 0.4 0.007352941176470588 0.023529411764705882
2 0.28198529411764706 0.403921568627451 0.006617647058823529 0.026143790849673203
2 0.08529411764705883 0.46862745098039216 0.023529411764705882 0.027450980392156862
2 0.10183823529411765 0.45751633986928103 0.019852941176470587 0.026143790849673203
2 0.06801470588235294 0.4418300653594771 0.021323529411764706 0.026143790849673203
2 0.08088235294117647 0.4496732026143791 0.023529411764705882 0.023529411764705882
9 0.10441176470588236 0.4418300653594771 0.022058823529411766 0.026143790849673203
9 0.10220588235294117 0.45098039215686275 0.020588235294117647 0.023529411764705882
1 0.08014705882352942 0.4568627450980392 0.011764705882352941 0.03790849673202614
1 0.08088235294117647 0.4392156862745098 0.011764705882352941 0.03398692810457516
1 0.06801470588235294 0.4339869281045752 0.0125 0.036601307189542485
1 0.09889705882352941 0.4503267973856209 0.009558823529411765 0.040522875816993466
1 0.10073529411764706 0.44313725490196076 0.008823529411764706 0.036601307189542485
1 0.10588235294117647 0.4326797385620915 0.011764705882352941 0.03398692810457516
3 0.10735294117647058 0.3915032679738562 0.051470588235294115 0.040522875816993466
1 0.2698529411764706 0.4895424836601307 0.011764705882352941 0.043137254901960784
1 0.29007352941176473 0.47581699346405226 0.009558823529411765 0.0392156862745098
1 0.2988970588235294 0.4542483660130719 0.006617647058823529 0.032679738562091505
1 0.29963235294117646 0.43137254901960786 0.008088235294117648 0.03398692810457516
1 0.27426470588235297 0.4117647058823529 0.007352941176470588 0.03398692810457516
1 0.28823529411764703 0.40784313725490196 0.007352941176470588 0.02875816993464052
1 0.28198529411764706 0.3934640522875817 0.008088235294117648 0.023529411764705882
1 0.29926470588235293 0.3934640522875817 0.007352941176470588 0.03137254901960784
9 0.28455882352941175 0.3483660130718954 0.016176470588235296 0.022222222222222223
9 0.33088235294117646 0.35947712418300654 0.0058823529411764705 0.02091503267973856
9 0.33897058823529413 0.34509803921568627 0.0058823529411764705 0.018300653594771243
9 0.3533088235294118 0.30718954248366015 0.005147058823529412 0.01568627450980392
9 0.3422794117647059 0.30196078431372547 0.005147058823529412 0.013071895424836602
9 0.3477941176470588 0.3 0.004411764705882353 0.01437908496732026
1 0.2838235294117647 0.3464052287581699 0.007352941176470588 0.02875816993464052
1 0.3316176470588235 0.35294117647058826 0.007352941176470588 0.02091503267973856
1 0.3386029411764706 0.33790849673202616 0.006617647058823529 0.022222222222222223
1 0.3536764705882353 0.3032679738562091 0.004411764705882353 0.013071895424836602
1 0.34852941176470587 0.29673202614379085 0.004411764705882353 0.013071895424836602
1 0.3426470588235294 0.29934640522875816 0.004411764705882353 0.01045751633986928
0 0.3360294117647059 0.29869281045751633 0.004411764705882353 0.01699346405228758
0 0.33897058823529413 0.3111111111111111 0.004411764705882353 0.023529411764705882
0 0.3191176470588235 0.33202614379084966 0.0058823529411764705 0.026143790849673203
0 0.32279411764705884 0.32745098039215687 0.0058823529411764705 0.027450980392156862
5 0.29926470588235293 0.3058823529411765 0.025 0.047058823529411764
2 0.9691176470588235 0.6764705882352942 0.026470588235294117 0.05359477124183006
2 0.8397058823529412 0.5928104575163399 0.020588235294117647 0.043137254901960784
2 0.84375 0.5790849673202615 0.022794117647058822 0.04183006535947712
2 0.8985294117647059 0.5601307189542484 0.03235294117647059 0.040522875816993466
2 0.8716911764705882 0.5352941176470588 0.019852941176470587 0.040522875816993466
2 0.8360294117647059 0.5274509803921569 0.020588235294117647 0.03529411764705882
2 0.8238970588235294 0.4725490196078431 0.011029411764705883 0.032679738562091505
2 0.8125 0.46797385620915033 0.022058823529411766 0.02875816993464052
2 0.8363970588235294 0.44640522875816996 0.019852941176470587 0.022222222222222223
2 0.8547794117647058 0.45359477124183006 0.016911764705882352 0.026143790849673203
9 0.9066176470588235 0.5522875816993464 0.033823529411764704 0.03529411764705882
9 0.9169117647058823 0.5470588235294118 0.029411764705882353 0.032679738562091505
9 0.7709558823529412 0.4411764705882353 0.021323529411764706 0.02483660130718954
1 0.9113970588235294 0.5411764705882353 0.011029411764705883 0.036601307189542485
1 0.9172794117647058 0.5372549019607843 0.0125 0.03398692810457516
1 0.9018382352941177 0.5516339869281046 0.0125 0.05228758169934641
1 0.8422794117647059 0.581045751633987 0.013970588235294118 0.050980392156862744
1 0.8444852941176471 0.5679738562091503 0.015441176470588236 0.048366013071895426
1 0.8378676470588236 0.5169934640522876 0.016911764705882352 0.0457516339869281
1 0.8330882352941177 0.5058823529411764 0.008823529411764706 0.036601307189542485
1 0.8735294117647059 0.5274509803921569 0.013235294117647059 0.040522875816993466
9 0.8319852941176471 0.5163398692810458 0.015441176470588236 0.03137254901960784
0 0.7933823529411764 0.44836601307189544 0.007352941176470588 0.03137254901960784
0 0.8 0.4477124183006536 0.008823529411764706 0.040522875816993466
0 0.8985294117647059 0.4843137254901961 0.010294117647058823 0.0457516339869281
2 0.9169117647058823 0.4954248366013072 0.011764705882352941 0.036601307189542485
9 0.9051470588235294 0.4869281045751634 0.014705882352941176 0.032679738562091505
3 0.6735294117647059 0.5686274509803921 0.051470588235294115 0.06013071895424837
8 0.65625 0.44640522875816996 0.08308823529411764 0.11895424836601307
3 0.5992647058823529 0.4522875816993464 0.03529411764705882 0.047058823529411764
3 0.4702205882352941 0.5045751633986928 0.03161764705882353 0.05751633986928104
4 0.42426470588235293 0.4516339869281046 0.023529411764705882 0.06143790849673202
3 0.4577205882352941 0.4091503267973856 0.022794117647058822 0.0392156862745098
3 0.44669117647058826 0.3712418300653595 0.021323529411764706 0.03137254901960784
3 0.47058823529411764 0.3738562091503268 0.020588235294117647 0.03398692810457516
8 0.513235294117647 0.32941176470588235 0.03676470588235294 0.06274509803921569
3 0.5308823529411765 0.28823529411764703 0.026470588235294117 0.0196078431372549
3 0.41213235294117645 0.3130718954248366 0.015441176470588236 0.02483660130718954
3 0.4452205882352941 0.3006535947712418 0.013970588235294118 0.018300653594771243
3 0.475 0.29869281045751633 0.014705882352941176 0.022222222222222223
3 0.4838235294117647 0.28888888888888886 0.014705882352941176 0.02091503267973856
3 0.47573529411764703 0.27712418300653596 0.011764705882352941 0.01568627450980392
3 0.48308823529411765 0.2699346405228758 0.010294117647058823 0.01437908496732026
3 0.4606617647058823 0.2797385620915033 0.011029411764705883 0.01568627450980392
8 0.49963235294117647 0.2751633986928105 0.021323529411764706 0.040522875816993466
3 0.4540441176470588 0.26405228758169935 0.011029411764705883 0.01568627450980392
3 0.46176470588235297 0.25620915032679736 0.010294117647058823 0.013071895424836602
3 0.43713235294117647 0.27647058823529413 0.013970588235294118 0.0196078431372549
3 0.4224264705882353 0.28169934640522876 0.0125 0.0196078431372549
3 0.40441176470588236 0.29215686274509806 0.013235294117647059 0.022222222222222223
3 0.4238970588235294 0.2581699346405229 0.011029411764705883 0.01699346405228758
3 0.41066176470588234 0.25620915032679736 0.011029411764705883 0.01568627450980392
3 0.4117647058823529 0.24901960784313726 0.010294117647058823 0.01437908496732026
3 0.4591911764705882 0.23986928104575164 0.008088235294117648 0.011764705882352941
3 0.44926470588235295 0.23986928104575164 0.007352941176470588 0.011764705882352941
3 0.44375 0.2326797385620915 0.006617647058823529 0.013071895424836602
3 0.45294117647058824 0.23137254901960785 0.007352941176470588 0.01045751633986928
3 0.4338235294117647 0.2326797385620915 0.008823529411764706 0.013071895424836602
3 0.4474264705882353 0.22287581699346407 0.008088235294117648 0.011764705882352941
3 0.4400735294117647 0.2281045751633987 0.006617647058823529 0.009150326797385621
3 0.43676470588235294 0.22091503267973855 0.007352941176470588 0.01045751633986928
4 0.4279411764705882 0.22156862745098038 0.0058823529411764705 0.01437908496732026
8 0.43786764705882353 0.2084967320261438 0.009558823529411765 0.0196078431372549
8 0.4363970588235294 0.19934640522875818 0.009558823529411765 0.0196078431372549