0 0.634375 0.6810185185185185 0.00625 0.03611111111111111
3 0.32057291666666665 0.9555555555555556 0.05260416666666667 0.08888888888888889
0 0.32578125 0.8981481481481481 0.009895833333333333 0.04814814814814815
1 0.32838541666666665 0.9009259259259259 0.0046875 0.022222222222222223
1 0.3294270833333333 0.9041666666666667 0.0140625 0.03611111111111111
9 0.3294270833333333 0.9078703703703703 0.019270833333333334 0.023148148148148147
4 0.33984375 0.8638888888888889 0.03697916666666667 0.07407407407407407
3 0.365625 0.8 0.036458333333333336 0.06296296296296296
1 0.4921875 0.9212962962962963 0.010416666666666666 0.040740740740740744
2 0.49166666666666664 0.9287037037037037 0.010416666666666666 0.04259259259259259
1 0.5200520833333333 0.9337962962962963 0.009895833333333333 0.03981481481481482
2 0.5200520833333333 0.9412037037037037 0.0109375 0.03981481481481482
1 0.63125 0.9740740740740741 0.009375 0.03888888888888889
1 0.640625 0.9828703703703704 0.011458333333333333 0.032407407407407406
1 0.4421875 0.8481481481481481 0.009375 0.03518518518518519
9 0.44296875 0.8583333333333333 0.0109375 0.037037037037037035
1 0.4666666666666667 0.8425925925925926 0.009375 0.03333333333333333
9 0.4666666666666667 0.8481481481481481 0.011458333333333333 0.040740740740740744
0 0.415625 0.7597222222222222 0.008333333333333333 0.03981481481481482
0 0.4044270833333333 0.7583333333333333 0.0078125 0.040740740740740744
0 0.39479166666666665 0.7666666666666667 0.008333333333333333 0.040740740740740744
3 0.3875 0.7277777777777777 0.03229166666666667 0.06851851851851852
1 0.41770833333333335 0.6902777777777778 0.009375 0.03425925925925926
9 0.41692708333333334 0.6967592592592593 0.0078125 0.028703703703703703
0 0.4296875 0.6643518518518519 0.007291666666666667 0.03425925925925926
9 0.008072916666666667 0.837037037037037 0.016145833333333335 0.024074074074074074
9 0.09583333333333334 0.7527777777777778 0.028125 0.027777777777777776
0 0.10234375 0.7509259259259259 0.011979166666666667 0.03518518518518519
9 0.15494791666666666 0.7685185185185185 0.030729166666666665 0.03148148148148148
9 0.15026041666666667 0.7847222222222222 0.0203125 0.028703703703703703
9 0.19739583333333333 0.7138888888888889 0.025 0.02962962962962963
9 0.2140625 0.6189814814814815 0.01875 0.025
4 0.17005208333333333 0.6527777777777778 0.0421875 0.06296296296296296
9 0.24739583333333334 0.5898148148148148 0.013541666666666667 0.022222222222222223
9 0.25026041666666665 0.5847222222222223 0.015104166666666667 0.023148148148148147
1 0.23854166666666668 0.5699074074074074 0.008333333333333333 0.017592592592592594
9 0.26640625 0.5662037037037037 0.0171875 0.021296296296296296
1 0.2674479166666667 0.5569444444444445 0.005729166666666666 0.010185185185185186
2 0.2716145833333333 0.5611111111111111 0.0171875 0.018518518518518517
9 0.28802083333333334 0.5402777777777777 0.007291666666666667 0.021296296296296296
0 0.3078125 0.5180555555555556 0.004166666666666667 0.01574074074074074
0 0.31484375 0.5106481481481482 0.0046875 0.019444444444444445
0 0.3182291666666667 0.5009259259259259 0.00625 0.025925925925925925
1 0.3606770833333333 0.4356481481481482 0.005729166666666666 0.01574074074074074
3 0.384375 0.5967592592592592 0.026041666666666668 0.03425925925925926
1 0.27734375 0.5893518518518519 0.005729166666666666 0.021296296296296296
1 0.28203125 0.5902777777777778 0.005729166666666666 0.019444444444444445
1 0.27838541666666666 0.5842592592592593 0.005729166666666666 0.024074074074074074
1 0.2864583333333333 0.5837962962962963 0.00625 0.021296296296296296
1 0.29322916666666665 0.5842592592592593 0.00625 0.018518518518518517
1 0.30078125 0.5791666666666667 0.0067708333333333336 0.023148148148148147
1 0.29375 0.5777777777777777 0.00625 0.020370370370370372
1 0.2984375 0.5694444444444444 0.005208333333333333 0.018518518518518517
1 0.30130208333333336 0.5532407407407407 0.0078125 0.01574074074074074
1 0.30833333333333335 0.5560185185185185 0.007291666666666667 0.017592592592592594
1 0.31692708333333336 0.5523148148148148 0.0046875 0.017592592592592594
1 0.3125 0.5504629629629629 0.00625 0.019444444444444445
1 0.32526041666666666 0.5305555555555556 0.0067708333333333336 0.020370370370370372
1 0.33203125 0.5273148148148148 0.0067708333333333336 0.017592592592592594
1 0.33515625 0.5092592592592593 0.0078125 0.024074074074074074
1 0.3416666666666667 0.5120370370370371 0.007291666666666667 0.016666666666666666
1 0.3385416666666667 0.5041666666666667 0.005208333333333333 0.019444444444444445
1 0.33697916666666666 0.5009259259259259 0.003125 0.018518518518518517
9 0.3651041666666667 0.4699074074074074 0.015625 0.017592592592592594
1 0.3953125 0.425 0.005208333333333333 0.016666666666666666
3 0.5606770833333333 0.6462962962962963 0.024479166666666666 0.040740740740740744
3 0.5510416666666667 0.575462962962963 0.019791666666666666 0.03611111111111111
3 0.5611979166666666 0.5333333333333333 0.018229166666666668 0.03333333333333333
0 0.5377604166666666 0.5638888888888889 0.0067708333333333336 0.025925925925925925
7 0.5471354166666667 0.6231481481481481 0.009895833333333333 0.03888888888888889
1 0.5190104166666667 0.6569444444444444 0.0078125 0.025
9 0.51875 0.6638888888888889 0.007291666666666667 0.027777777777777776
3 0.4197916666666667 0.6074074074074074 0.023958333333333335 0.05185185185185185
1 0.4557291666666667 0.638425925925926 0.007291666666666667 0.025
9 0.45598958333333334 0.6462962962962963 0.0067708333333333336 0.027777777777777776
1 0.48359375 0.6152777777777778 0.0067708333333333336 0.021296296296296296
1 0.4953125 0.6171296296296296 0.007291666666666667 0.021296296296296296
1 0.4953125 0.6236111111111111 0.005208333333333333 0.01574074074074074
9 0.49609375 0.6231481481481481 0.0067708333333333336 0.022222222222222223
1 0.5375 0.6125 0.008333333333333333 0.023148148148148147
1 0.5375 0.611574074074074 0.008333333333333333 0.026851851851851852
9 0.5377604166666666 0.6134259259259259 0.008854166666666666 0.026851851851851852
3 0.5174479166666667 0.5939814814814814 0.0203125 0.041666666666666664
1 0.5268229166666667 0.5638888888888889 0.005729166666666666 0.022222222222222223
9 0.5255208333333333 0.5680555555555555 0.00625 0.021296296296296296
0 0.4427083333333333 0.5953703703703703 0.005208333333333333 0.024074074074074074
0 0.4393229166666667 0.5907407407407408 0.0046875 0.025925925925925925
0 0.43385416666666665 0.5898148148148148 0.005208333333333333 0.02962962962962963
0 0.44166666666666665 0.5847222222222223 0.004166666666666667 0.028703703703703703
3 0.4356770833333333 0.5745370370370371 0.022395833333333334 0.03611111111111111
3 0.44479166666666664 0.5472222222222223 0.021875 0.03518518518518519
1 0.45807291666666666 0.5976851851851852 0.0067708333333333336 0.023148148148148147
1 0.47265625 0.5782407407407407 0.005729166666666666 0.021296296296296296
1 0.4747395833333333 0.5462962962962963 0.005729166666666666 0.020370370370370372
1 0.5072916666666667 0.5430555555555555 0.009375 0.021296296296296296
1 0.5088541666666667 0.5407407407407407 0.00625 0.022222222222222223
9 0.5083333333333333 0.5462962962962963 0.008333333333333333 0.022222222222222223
9 0.45755208333333336 0.6046296296296296 0.005729166666666666 0.022222222222222223
9 0.47239583333333335 0.5847222222222223 0.00625 0.023148148148148147
9 0.4747395833333333 0.5537037037037037 0.005729166666666666 0.022222222222222223
1 0.4856770833333333 0.5203703703703704 0.005729166666666666 0.020370370370370372
9 0.48541666666666666 0.5259259259259259 0.00625 0.022222222222222223
9 0.48671875 0.5074074074074074 0.0046875 0.014814814814814815
1 0.4869791666666667 0.5032407407407408 0.004166666666666667 0.017592592592592594
3 0.5143229166666666 0.5037037037037037 0.0171875 0.03148148148148148
0 0.4671875 0.5125 0.005208333333333333 0.023148148148148147
6 0.45625 0.5185185185185185 0.011458333333333333 0.02962962962962963
3 0.459375 0.4930555555555556 0.019791666666666666 0.03425925925925926
3 0.4700520833333333 0.45601851851851855 0.013020833333333334 0.026851851851851852
3 0.47760416666666666 0.43425925925925923 0.014583333333333334 0.022222222222222223
0 0.48723958333333334 0.44166666666666665 0.0046875 0.022222222222222223
5 0.5244791666666667 0.43657407407407406 0.026041666666666668 0.028703703703703703
1 0.54453125 0.4476851851851852 0.005729166666666666 0.017592592592592594
9 0.5455729166666666 0.44907407407407407 0.005729166666666666 0.016666666666666666
1 0.5450520833333333 0.41435185185185186 0.0046875 0.013888888888888888
9 0.5453125 0.41712962962962963 0.005208333333333333 0.01574074074074074
1 0.5018229166666667 0.4009259259259259 0.0036458333333333334 0.014814814814814815
9 0.5015625 0.4046296296296296 0.004166666666666667 0.014814814814814815
0 0.49557291666666664 0.3861111111111111 0.0036458333333333334 0.016666666666666666
9 0.48828125 0.3888888888888889 0.008854166666666666 0.012962962962962963
6 0.48984375 0.3768518518518518 0.008854166666666666 0.018518518518518517
1 0.52109375 0.36666666666666664 0.0036458333333333334 0.012962962962962963
1 0.52265625 0.35185185185185186 0.0036458333333333334 0.011111111111111112
1 0.5229166666666667 0.350462962962963 0.004166666666666667 0.012037037037037037
1 0.52578125 0.34120370370370373 0.0036458333333333334 0.012037037037037037
1 0.5453125 0.3449074074074074 0.003125 0.010185185185185186
9 0.5208333333333334 0.36944444444444446 0.004166666666666667 0.012962962962962963
9 0.5229166666666667 0.35462962962962963 0.004166666666666667 0.012962962962962963
9 0.52578125 0.3439814814814815 0.0036458333333333334 0.012037037037037037
9 0.5453125 0.3490740740740741 0.003125 0.011111111111111112
3 0.5072916666666667 0.3592592592592593 0.010416666666666666 0.022222222222222223
3 0.509375 0.3398148148148148 0.009375 0.014814814814814815
6 0.5161458333333333 0.3300925925925926 0.005208333333333333 0.012037037037037037
3 0.4588541666666667 0.2875 0.013541666666666667 0.012037037037037037
4 0.46328125 0.2962962962962963 0.015104166666666667 0.014814814814814815
3 0.47604166666666664 0.3 0.014583333333333334 0.012962962962962963
3 0.4752604166666667 0.28935185185185186 0.015104166666666667 0.012037037037037037
1 0.5528645833333333 0.3282407407407407 0.0026041666666666665 0.010185185185185186
9 0.553125 0.33055555555555555 0.003125 0.011111111111111112
3 0.5171875 0.30462962962962964 0.011458333333333333 0.014814814814814815
0 0.52265625 0.3106481481481482 0.0026041666666666665 0.012037037037037037
1 0.5166666666666667 0.31574074074074077 0.004166666666666667 0.011111111111111112
9 0.51640625 0.31712962962962965 0.0036458333333333334 0.010185185185185186
0 0.5385416666666667 0.31527777777777777 0.0020833333333333333 0.013888888888888888
1 0.5341145833333333 0.31851851851851853 0.0026041666666666665 0.011111111111111112
9 0.5341145833333333 0.3199074074074074 0.0026041666666666665 0.010185185185185186
1 0.5270833333333333 0.31666666666666665 0.004166666666666667 0.009259259259259259
9 0.5270833333333333 0.31851851851851853 0.003125 0.011111111111111112
3 0.5572916666666666 0.30972222222222223 0.010416666666666666 0.013888888888888888
1 0.5325520833333334 0.30925925925925923 0.0026041666666666665 0.009259259259259259
9 0.5328125 0.3111111111111111 0.003125 0.009259259259259259
1 0.5486979166666667 0.30972222222222223 0.0026041666666666665 0.010185185185185186
9 0.5489583333333333 0.3111111111111111 0.003125 0.009259259259259259
0 0.5286458333333334 0.2986111111111111 0.003125 0.012037037037037037
0 0.5330729166666667 0.28935185185185186 0.0026041666666666665 0.012037037037037037
9 0.5661458333333333 0.32546296296296295 0.007291666666666667 0.008333333333333333
9 0.56953125 0.3148148148148148 0.0078125 0.009259259259259259
1 0.5466145833333333 0.2935185185185185 0.0026041666666666665 0.009259259259259259
9 0.5466145833333333 0.29583333333333334 0.0026041666666666665 0.008333333333333333
3 0.5244791666666667 0.2740740740740741 0.010416666666666666 0.009259259259259259
3 0.5296875 0.2638888888888889 0.00625 0.009259259259259259
1 0.55234375 0.29444444444444445 0.0026041666666666665 0.009259259259259259
1 0.5578125 0.2898148148148148 0.0020833333333333333 0.009259259259259259
1 0.5557291666666667 0.2861111111111111 0.0020833333333333333 0.009259259259259259
1 0.5497395833333333 0.28703703703703703 0.0026041666666666665 0.007407407407407408
9 0.55234375 0.2962962962962963 0.0026041666666666665 0.009259259259259259
9 0.55 0.2898148148148148 0.0020833333333333333 0.007407407407407408
9 0.5580729166666667 0.29212962962962963 0.0026041666666666665 0.008333333333333333
9 0.5559895833333334 0.28888888888888886 0.0026041666666666665 0.009259259259259259
1 0.5479166666666667 0.2810185185185185 0.003125 0.010185185185185186
9 0.5484375 0.2824074074074074 0.0020833333333333333 0.009259259259259259
1 0.55390625 0.2773148148148148 0.0026041666666666665 0.008333333333333333
9 0.5541666666666667 0.2791666666666667 0.0020833333333333333 0.008333333333333333
0 0.5661458333333333 0.2800925925925926 0.0020833333333333333 0.010185185185185186
1 0.5635416666666667 0.28055555555555556 0.003125 0.011111111111111112
9 0.5638020833333334 0.2814814814814815 0.0026041666666666665 0.009259259259259259
0 0.5328125 0.25925925925925924 0.0020833333333333333 0.011111111111111112
0 0.5666666666666667 0.27175925925925926 0.0020833333333333333 0.010185185185185186
1 0.5651041666666666 0.2689814814814815 0.0020833333333333333 0.008333333333333333
9 0.5651041666666666 0.26990740740740743 0.0020833333333333333 0.008333333333333333
1 0.5559895833333334 0.26944444444444443 0.0026041666666666665 0.007407407407407408
9 0.5559895833333334 0.2712962962962963 0.0026041666666666665 0.007407407407407408
1 0.5598958333333334 0.26990740740740743 0.0020833333333333333 0.006481481481481481
9 0.56015625 0.2722222222222222 0.0026041666666666665 0.007407407407407408
1 0.5393229166666667 0.25972222222222224 0.0015625 0.006481481481481481
6 0.5393229166666667 0.2601851851851852 0.0036458333333333334 0.007407407407407408
3 0.5455729166666666 0.25787037037037036 0.0067708333333333336 0.010185185185185186
1 0.5388020833333333 0.25092592592592594 0.0026041666666666665 0.007407407407407408
9 0.5390625 0.25324074074074077 0.0020833333333333333 0.006481481481481481
3 0.5559895833333334 0.26296296296296295 0.0067708333333333336 0.011111111111111112
1 0.5515625 0.2574074074074074 0.0020833333333333333 0.007407407407407408
9 0.5515625 0.2587962962962963 0.003125 0.008333333333333333
3 0.5572916666666666 0.2518518518518518 0.00625 0.009259259259259259
3 0.5596354166666667 0.24953703703703703 0.0046875 0.008333333333333333
3 0.5614583333333333 0.2462962962962963 0.005208333333333333 0.007407407407407408
1 0.5528645833333333 0.24351851851851852 0.0015625 0.007407407407407408
9 0.5528645833333333 0.24444444444444444 0.0026041666666666665 0.007407407407407408
1 0.5666666666666667 0.23796296296296296 0.0020833333333333333 0.007407407407407408
9 0.5666666666666667 0.2388888888888889 0.0020833333333333333 0.005555555555555556
4 0.5661458333333333 0.23333333333333334 0.010416666666666666 0.011111111111111112
3 0.5401041666666667 0.2324074074074074 0.009375 0.007407407407407408
3 0.5479166666666667 0.23148148148148148 0.011458333333333333 0.009259259259259259
4 0.54296875 0.2222222222222222 0.0046875 0.009259259259259259
3 0.5466145833333333 0.2175925925925926 0.0046875 0.007407407407407408
0 0.5752604166666667 0.19722222222222222 0.0015625 0.007407407407407408
0 0.5760416666666667 0.19074074074074074 0.0010416666666666667 0.005555555555555556