3 0.054044117647058826 0.3241830065359477 0.05808823529411765 0.047058823529411764
3 0.1150735294117647 0.25620915032679736 0.030147058823529412 0.03398692810457516
0 0.08933823529411765 0.2503267973856209 0.008088235294117648 0.032679738562091505
0 0.12095588235294118 0.19673202614379084 0.005147058823529412 0.01437908496732026
0 0.1375 0.16143790849673204 0.004411764705882353 0.02483660130718954
0 0.12941176470588237 0.14967320261437908 0.0029411764705882353 0.01437908496732026
0 0.12426470588235294 0.15163398692810456 0.004411764705882353 0.023529411764705882
0 0.25588235294117645 0.3333333333333333 0.027941176470588237 0.05228758169934641
0 0.27426470588235297 0.2830065359477124 0.023529411764705882 0.043137254901960784
4 0.30183823529411763 0.19281045751633988 0.019852941176470587 0.040522875816993466
1 0.3136029411764706 0.2411764705882353 0.005147058823529412 0.022222222222222223
2 0.31323529411764706 0.2477124183006536 0.0058823529411764705 0.01699346405228758
3 0.3191176470588235 0.14705882352941177 0.01764705882352941 0.032679738562091505
5 0.3547794117647059 0.024183006535947713 0.021323529411764706 0.048366013071895426
3 0.19154411764705884 0.10784313725490197 0.021323529411764706 0.027450980392156862
0 0.1661764705882353 0.08627450980392157 0.004411764705882353 0.02091503267973856
0 0.17720588235294119 0.0915032679738562 0.0058823529411764705 0.02091503267973856
0 0.17426470588235293 0.09084967320261438 0.0029411764705882353 0.0196078431372549
0 0.18419117647058825 0.08431372549019608 0.005147058823529412 0.022222222222222223
0 0.18933823529411764 0.08235294117647059 0.003676470588235294 0.02091503267973856
0 0.19301470588235295 0.08562091503267974 0.003676470588235294 0.0196078431372549
0 0.21323529411764705 0.04967320261437908 0.004411764705882353 0.01568627450980392
3 0.4474264705882353 0.29215686274509806 0.019852941176470587 0.03529411764705882
3 0.45 0.19411764705882353 0.016176470588235296 0.027450980392156862
3 0.4547794117647059 0.14444444444444443 0.015441176470588236 0.02483660130718954
5 0.4827205882352941 0.18496732026143792 0.022794117647058822 0.050980392156862744
5 0.45588235294117646 0.05751633986928104 0.011764705882352941 0.026143790849673203
3 0.4610294117647059 0.00849673202614379 0.011764705882352941 0.01699346405228758
1 0.48970588235294116 0.08496732026143791 0.004411764705882353 0.01568627450980392
9 0.48970588235294116 0.08954248366013072 0.004411764705882353 0.01437908496732026
1 0.48161764705882354 0.02287581699346405 0.0029411764705882353 0.011764705882352941
9 0.48161764705882354 0.027450980392156862 0.0029411764705882353 0.013071895424836602
1 0.5165441176470589 0.00784313725490196 0.0022058823529411764 0.013071895424836602
0 0.5338235294117647 0.03594771241830065 0.0029411764705882353 0.0196078431372549
0 0.5371323529411764 0.034640522875816995 0.0022058823529411764 0.0196078431372549
0 0.5422794117647058 0.05816993464052288 0.0022058823529411764 0.01699346405228758
0 0.5452205882352941 0.05947712418300653 0.003676470588235294 0.01699346405228758
0 0.5522058823529412 0.05751633986928104 0.0029411764705882353 0.018300653594771243
3 0.569485294117647 0.19738562091503267 0.01838235294117647 0.03137254901960784
3 0.6161764705882353 0.0542483660130719 0.03235294117647059 0.022222222222222223
0 0.6077205882352941 0.027450980392156862 0.0022058823529411764 0.018300653594771243
0 0.6257352941176471 0.04771241830065359 0.0029411764705882353 0.01699346405228758
5 0.6327205882352941 0.14052287581699346 0.05808823529411765 0.043137254901960784
3 0.6209558823529412 0.16601307189542483 0.03897058823529412 0.026143790849673203
3 0.6636029411764706 0.2 0.03897058823529412 0.026143790849673203
4 0.8459558823529412 0.20326797385620915 0.027205882352941177 0.03790849673202614
3 0.8452205882352941 0.14183006535947712 0.027205882352941177 0.022222222222222223
3 0.88125 0.14444444444444443 0.03455882352941177 0.022222222222222223
3 0.9404411764705882 0.1450980392156863 0.03529411764705882 0.02091503267973856
0 0.9216911764705882 0.1503267973856209 0.005147058823529412 0.018300653594771243
0 0.8672794117647059 0.20588235294117646 0.003676470588235294 0.01699346405228758
0 0.8731617647058824 0.2045751633986928 0.003676470588235294 0.01699346405228758
0 0.8764705882352941 0.1843137254901961 0.004411764705882353 0.02091503267973856
0 0.8904411764705882 0.18888888888888888 0.0029411764705882353 0.0196078431372549
0 0.8919117647058824 0.17908496732026144 0.0029411764705882353 0.01568627450980392
0 0.9334558823529412 0.18758169934640523 0.005147058823529412 0.022222222222222223
0 0.9389705882352941 0.18496732026143792 0.0029411764705882353 0.022222222222222223
1 0.5544117647058824 0.26862745098039215 0.004411764705882353 0.022222222222222223
1 0.5643382352941176 0.2803921568627451 0.005147058823529412 0.02483660130718954
1 0.5897058823529412 0.3104575163398693 0.0058823529411764705 0.02483660130718954
1 0.5669117647058823 0.31241830065359477 0.0058823529411764705 0.023529411764705882
0 0.6731617647058824 0.23594771241830065 0.005147058823529412 0.02483660130718954
2 0.5551470588235294 0.2784313725490196 0.004411764705882353 0.02091503267973856
2 0.5639705882352941 0.28888888888888886 0.004411764705882353 0.02091503267973856
2 0.5672794117647059 0.32483660130718955 0.005147058823529412 0.02483660130718954
2 0.5889705882352941 0.31895424836601305 0.004411764705882353 0.02091503267973856
0 0.18455882352941178 0.5176470588235295 0.010294117647058823 0.0392156862745098
3 0.49558823529411766 0.45294117647058824 0.025 0.05620915032679739
0 0.5511029411764706 0.3483660130718954 0.008088235294117648 0.022222222222222223
1 0.5819852941176471 0.5104575163398692 0.006617647058823529 0.03529411764705882
6 0.5801470588235295 0.5183006535947713 0.011764705882352941 0.043137254901960784
5 0.17352941176470588 0.5784313725490197 0.058823529411764705 0.13725490196078433
0 0.19044117647058822 0.6313725490196078 0.008823529411764706 0.036601307189542485
0 0.20220588235294118 0.6215686274509804 0.007352941176470588 0.03790849673202614
0 0.21176470588235294 0.611764705882353 0.010294117647058823 0.04183006535947712
1 0.5305147058823529 0.5261437908496732 0.006617647058823529 0.027450980392156862
1 0.6051470588235294 0.5254901960784314 0.008823529411764706 0.023529411764705882
2 0.5297794117647059 0.5372549019607843 0.006617647058823529 0.02875816993464052
9 0.6040441176470588 0.5359477124183006 0.006617647058823529 0.026143790849673203
3 0.5158088235294118 0.6941176470588235 0.03308823529411765 0.08366013071895424
4 0.6415441176470589 0.5542483660130719 0.04044117647058824 0.08104575163398693
3 0.6764705882352942 0.4738562091503268 0.061764705882352944 0.0457516339869281
9 0.7058823529411765 0.43137254901960786 0.011764705882352941 0.02875816993464052
9 0.7636029411764705 0.39281045751633986 0.015441176470588236 0.02483660130718954
1 0.8154411764705882 0.5143790849673202 0.008823529411764706 0.027450980392156862
1 0.83125 0.515686274509804 0.009558823529411765 0.030065359477124184
6 0.8610294117647059 0.5509803921568628 0.041176470588235294 0.03790849673202614
3 0.04485294117647059 0.9777777777777777 0.051470588235294115 0.044444444444444446
0 0.65 0.10392156862745099 0.0029411764705882353 0.0196078431372549
3 0.8915441176470589 0.16470588235294117 0.0375 0.02091503267973856
3 0.9470588235294117 0.16666666666666666 0.03676470588235294 0.02483660130718954