3 0.22794117647058823 0.00718954248366013 0.011764705882352941 0.01437908496732026
3 0.20661764705882352 0.006535947712418301 0.010294117647058823 0.013071895424836602
3 0.21102941176470588 0.07581699346405228 0.013235294117647059 0.02875816993464052
3 0.24375 0.048366013071895426 0.01838235294117647 0.023529411764705882
3 0.26801470588235293 0.046405228758169936 0.016911764705882352 0.027450980392156862
3 0.35625 0.12156862745098039 0.027205882352941177 0.026143790849673203
3 0.32426470588235295 0.19019607843137254 0.041176470588235294 0.03790849673202614
3 0.40404411764705883 0.2411764705882353 0.03602941176470588 0.0457516339869281
4 0.36617647058823527 0.2777777777777778 0.033823529411764704 0.06666666666666667
4 0.28455882352941175 0.038562091503267976 0.013235294117647059 0.02483660130718954
3 0.24044117647058824 0.16209150326797386 0.045588235294117645 0.0392156862745098
3 0.3139705882352941 0.08235294117647059 0.022058823529411766 0.026143790849673203
3 0.3 0.03529411764705882 0.013235294117647059 0.018300653594771243
3 0.2878676470588235 0.016339869281045753 0.0125 0.022222222222222223
4 0.3011029411764706 0.02091503267973856 0.019852941176470587 0.023529411764705882
4 0.3375 0.06601307189542484 0.03676470588235294 0.032679738562091505
0 0.4113970588235294 0.1326797385620915 0.006617647058823529 0.032679738562091505
0 0.3720588235294118 0.10261437908496732 0.0058823529411764705 0.02483660130718954
0 0.2125 0.03790849673202614 0.0058823529411764705 0.026143790849673203
1 0.22536764705882353 0.09673202614379085 0.006617647058823529 0.026143790849673203
1 0.2698529411764706 0.016339869281045753 0.004411764705882353 0.01437908496732026
1 0.4022058823529412 0.09607843137254903 0.007352941176470588 0.027450980392156862
1 0.3713235294117647 0.08954248366013072 0.0058823529411764705 0.01699346405228758
0 0.36433823529411763 0.08169934640522876 0.005147058823529412 0.027450980392156862
0 0.36176470588235293 0.08104575163398693 0.004411764705882353 0.023529411764705882
0 0.35919117647058824 0.06862745098039216 0.005147058823529412 0.027450980392156862
1 0.37022058823529413 0.16209150326797386 0.005147058823529412 0.023529411764705882
1 0.3665441176470588 0.15816993464052287 0.005147058823529412 0.018300653594771243
1 0.34816176470588234 0.32287581699346407 0.008088235294117648 0.018300653594771243
1 0.3477941176470588 0.31633986928104574 0.010294117647058823 0.02875816993464052
1 0.20183823529411765 0.38235294117647056 0.0125 0.03790849673202614
0 0.2235294117647059 0.23137254901960785 0.010294117647058823 0.044444444444444446
9 0.34816176470588234 0.3326797385620915 0.009558823529411765 0.03790849673202614
9 0.35808823529411765 0.10130718954248366 0.01764705882352941 0.022222222222222223
9 0.3371323529411765 0.09607843137254903 0.016911764705882352 0.0196078431372549
9 0.22647058823529412 0.10588235294117647 0.007352941176470588 0.023529411764705882
9 0.2702205882352941 0.023529411764705882 0.003676470588235294 0.01568627450980392
9 0.37830882352941175 0.11437908496732026 0.005147058823529412 0.022222222222222223
6 0.33088235294117646 0.08954248366013072 0.020588235294117647 0.01699346405228758
6 0.3088235294117647 0.05620915032679739 0.014705882352941176 0.01568627450980392
4 0.30625 0.046405228758169936 0.016911764705882352 0.02483660130718954
3 0.4525735294117647 0.3300653594771242 0.04044117647058824 0.05620915032679739
3 0.5091911764705882 0.46862745098039216 0.05073529411764706 0.07450980392156863
3 0.5830882352941177 0.6836601307189543 0.07058823529411765 0.12287581699346405
3 0.6555147058823529 0.9183006535947712 0.09338235294117647 0.16339869281045752
0 0.8231617647058823 0.9764705882352941 0.009558823529411765 0.047058823529411764
0 0.8110294117647059 0.9686274509803922 0.023529411764705882 0.06274509803921569
1 0.8 0.7758169934640523 0.023529411764705882 0.043137254901960784
1 0.8400735294117647 0.7019607843137254 0.027205882352941177 0.06274509803921569
9 0.9 0.6888888888888889 0.047058823529411764 0.05228758169934641
6 0.7970588235294118 0.6823529411764706 0.07352941176470588 0.06013071895424837
0 0.9761029411764706 0.4477124183006536 0.009558823529411765 0.040522875816993466
9 0.9856617647058824 0.3633986928104575 0.022794117647058822 0.044444444444444446
3 0.9827205882352941 0.4176470588235294 0.03455882352941177 0.06928104575163399
3 0.8698529411764706 0.37712418300653594 0.06323529411764706 0.06666666666666667
3 0.8216911764705882 0.30718954248366015 0.04926470588235294 0.04967320261437908
3 0.7536764705882353 0.19215686274509805 0.060294117647058824 0.036601307189542485
3 0.8433823529411765 0.2 0.051470588235294115 0.02875816993464052
0 0.7613970588235294 0.14444444444444443 0.008088235294117648 0.032679738562091505
9 0.7691176470588236 0.15098039215686274 0.016176470588235296 0.01699346405228758
3 0.6419117647058824 0.21176470588235294 0.051470588235294115 0.0392156862745098
3 0.6316176470588235 0.16470588235294117 0.051470588235294115 0.03398692810457516
3 0.6647058823529411 0.19019607843137254 0.052941176470588235 0.03790849673202614
6 0.5246323529411765 0.3241830065359477 0.016911764705882352 0.04967320261437908
6 0.5191176470588236 0.25555555555555554 0.03823529411764706 0.03790849673202614
6 0.5294117647058824 0.17777777777777778 0.03235294117647059 0.026143790849673203
9 0.5904411764705882 0.15751633986928104 0.007352941176470588 0.02483660130718954
9 0.5636029411764706 0.15947712418300652 0.005147058823529412 0.02875816993464052
9 0.5584558823529412 0.1588235294117647 0.006617647058823529 0.022222222222222223
0 0.580514705882353 0.17973856209150327 0.005147058823529412 0.032679738562091505
3 0.5738970588235294 0.19215686274509805 0.05367647058823529 0.03398692810457516
6 0.37169117647058825 0.17647058823529413 0.022794117647058822 0.03398692810457516
3 0.3397058823529412 0.434640522875817 0.04264705882352941 0.09019607843137255
7 0.35955882352941176 0.5320261437908497 0.03235294117647059 0.12549019607843137
0 0.29816176470588235 0.6627450980392157 0.0125 0.05751633986928104
1 0.45441176470588235 0.7359477124183007 0.01764705882352941 0.047058823529411764
1 0.4602941176470588 0.7215686274509804 0.01911764705882353 0.07058823529411765
9 0.45955882352941174 0.7366013071895425 0.023529411764705882 0.06666666666666667
0 0.15 0.6620915032679738 0.022058823529411766 0.07973856209150326
0 0.14301470588235293 0.6928104575163399 0.021323529411764706 0.07320261437908497
0 0.12058823529411765 0.7 0.01911764705882353 0.07712418300653595
0 0.10551470588235294 0.6934640522875817 0.015441176470588236 0.07712418300653595
0 0.1400735294117647 0.6758169934640523 0.022794117647058822 0.07058823529411765
1 0.13272058823529412 0.7084967320261438 0.015441176470588236 0.05228758169934641
1 0.1488970588235294 0.6483660130718955 0.019852941176470587 0.044444444444444446
5 0.048161764705882355 0.7496732026143791 0.09632352941176471 0.09542483660130718
1 0.6125 0.4065359477124183 0.016176470588235296 0.0392156862745098
1 0.6882352941176471 0.545751633986928 0.01911764705882353 0.048366013071895426
0 0.6110294117647059 0.5366013071895425 0.016176470588235296 0.0718954248366013
0 0.6194852941176471 0.4843137254901961 0.013970588235294118 0.06143790849673202
6 0.6378676470588235 0.48562091503267973 0.03308823529411765 0.06928104575163399