3 0.25588235294117645 0.9901960784313726 0.03676470588235294 0.01699346405228758
3 0.2580882352941177 0.9718954248366013 0.03823529411764706 0.030065359477124184
3 0.26801470588235293 0.938562091503268 0.03455882352941177 0.026143790849673203
3 0.26875 0.9150326797385621 0.028676470588235293 0.026143790849673203
3 0.26801470588235293 0.8967320261437909 0.02426470588235294 0.018300653594771243
3 0.2713235294117647 0.8823529411764706 0.027941176470588237 0.023529411764705882
3 0.2783088235294118 0.8601307189542484 0.03308823529411765 0.026143790849673203
3 0.23970588235294119 0.8339869281045752 0.027941176470588237 0.023529411764705882
3 0.34191176470588236 0.8411764705882353 0.026470588235294117 0.032679738562091505
3 0.3860294117647059 0.8359477124183007 0.022058823529411766 0.02483660130718954
3 0.11176470588235295 0.47843137254901963 0.014705882352941176 0.018300653594771243
3 0.1474264705882353 0.47908496732026146 0.016911764705882352 0.011764705882352941
3 0.15 0.4699346405228758 0.014705882352941176 0.011764705882352941
3 0.32830882352941176 0.5398692810457516 0.009558823529411765 0.01568627450980392
3 0.33345588235294116 0.5222222222222223 0.008088235294117648 0.01699346405228758
0 0.3547794117647059 0.49673202614379086 0.0022058823529411764 0.013071895424836602
3 0.3588235294117647 0.43856209150326797 0.007352941176470588 0.01437908496732026
5 0.36580882352941174 0.5130718954248366 0.016911764705882352 0.03790849673202614
3 0.38933823529411765 0.477124183006536 0.005147058823529412 0.018300653594771243
3 0.3871323529411765 0.4549019607843137 0.008088235294117648 0.018300653594771243
3 0.38088235294117645 0.4071895424836601 0.0058823529411764705 0.011764705882352941
3 0.3573529411764706 0.4130718954248366 0.007352941176470588 0.013071895424836602
3 0.37720588235294117 0.3895424836601307 0.013235294117647059 0.01045751633986928
3 0.38529411764705884 0.6091503267973856 0.022058823529411766 0.018300653594771243
0 0.23566176470588235 0.9509803921568627 0.003676470588235294 0.0196078431372549
0 0.29411764705882354 0.9366013071895425 0.0058823529411764705 0.0196078431372549
0 0.30772058823529413 0.9313725490196079 0.005147058823529412 0.022222222222222223
3 0.33897058823529413 0.9947712418300654 0.026470588235294117 0.01045751633986928
3 0.3400735294117647 0.9784313725490196 0.03455882352941177 0.02483660130718954
3 0.34448529411764706 0.9568627450980393 0.030147058823529412 0.018300653594771243
3 0.3477941176470588 0.934640522875817 0.027941176470588237 0.023529411764705882
3 0.3492647058823529 0.9104575163398693 0.033823529411764704 0.022222222222222223
0 0.4143382352941177 0.9673202614379085 0.003676470588235294 0.02091503267973856
4 0.4338235294117647 0.9124183006535947 0.011764705882352941 0.0392156862745098
1 0.48970588235294116 0.9398692810457516 0.0029411764705882353 0.013071895424836602
9 0.48970588235294116 0.9424836601307189 0.0058823529411764705 0.02091503267973856
1 0.47610294117647056 0.8111111111111111 0.003676470588235294 0.009150326797385621
9 0.4764705882352941 0.8143790849673203 0.004411764705882353 0.018300653594771243
3 0.5176470588235295 0.9032679738562092 0.029411764705882353 0.026143790849673203
3 0.5172794117647059 0.8594771241830066 0.028676470588235293 0.030065359477124184
4 0.5194852941176471 0.8071895424836601 0.01838235294117647 0.03790849673202614
4 0.41213235294117645 0.6869281045751634 0.02426470588235294 0.022222222222222223
3 0.49080882352941174 0.6856209150326797 0.011029411764705883 0.02483660130718954
0 0.4852941176470588 0.6849673202614379 0.0029411764705882353 0.013071895424836602
3 0.4827205882352941 0.6490196078431373 0.011029411764705883 0.022222222222222223
0 0.48676470588235293 0.6640522875816993 0.0029411764705882353 0.01045751633986928
3 0.47205882352941175 0.6392156862745098 0.007352941176470588 0.023529411764705882
5 0.45625 0.6137254901960785 0.009558823529411765 0.03529411764705882
3 0.47794117647058826 0.6065359477124183 0.010294117647058823 0.023529411764705882
0 0.46801470588235294 0.5836601307189543 0.0022058823529411764 0.01437908496732026
0 0.47757352941176473 0.5803921568627451 0.0022058823529411764 0.01568627450980392
0 0.4801470588235294 0.5816993464052288 0.0029411764705882353 0.01568627450980392
3 0.47573529411764703 0.5235294117647059 0.007352941176470588 0.0196078431372549
0 0.2827205882352941 0.8215686274509804 0.0022058823529411764 0.01699346405228758
6 0.28602941176470587 0.8196078431372549 0.020588235294117647 0.01568627450980392
9 0.2863970588235294 0.7705882352941177 0.005147058823529412 0.01699346405228758
9 0.29044117647058826 0.7392156862745098 0.008823529411764706 0.009150326797385621
9 0.2985294117647059 0.7091503267973857 0.0058823529411764705 0.01699346405228758
3 0.4400735294117647 0.43071895424836604 0.006617647058823529 0.01437908496732026
3 0.4386029411764706 0.42026143790849674 0.005147058823529412 0.011764705882352941
3 0.4375 0.40980392156862744 0.004411764705882353 0.011764705882352941
3 0.4389705882352941 0.40065359477124185 0.0058823529411764705 0.011764705882352941
3 0.44080882352941175 0.3915032679738562 0.006617647058823529 0.011764705882352941
3 0.4459558823529412 0.3562091503267974 0.006617647058823529 0.009150326797385621
3 0.4658088235294118 0.38562091503267976 0.006617647058823529 0.013071895424836602
3 0.47058823529411764 0.4013071895424837 0.010294117647058823 0.01045751633986928
3 0.3911764705882353 0.35294117647058826 0.011764705882352941 0.00784313725490196
4 0.4988970588235294 0.2901960784313726 0.008088235294117648 0.01045751633986928
3 0.4963235294117647 0.2823529411764706 0.007352941176470588 0.00784313725490196
3 0.48713235294117646 0.2908496732026144 0.008088235294117648 0.006535947712418301
3 0.5599264705882353 0.21568627450980393 0.005147058823529412 0.00784313725490196
3 0.55 0.2111111111111111 0.0029411764705882353 0.006535947712418301
8 0.5661764705882353 0.2372549019607843 0.008823529411764706 0.01699346405228758
3 0.8033088235294118 0.48104575163398694 0.015441176470588236 0.013071895424836602
3 0.868014705882353 0.49084967320261436 0.0125 0.01437908496732026
3 0.8378676470588236 0.5967320261437908 0.015441176470588236 0.0196078431372549
4 0.37573529411764706 0.3503267973856209 0.016176470588235296 0.013071895424836602
4 0.3775735294117647 0.3437908496732026 0.013970588235294118 0.01045751633986928
4 0.375 0.338562091503268 0.011764705882352941 0.01045751633986928
4 0.47095588235294117 0.3137254901960784 0.006617647058823529 0.013071895424836602
3 0.4577205882352941 0.3111111111111111 0.008088235294117648 0.01045751633986928
0 0.45808823529411763 0.3457516339869281 0.0029411764705882353 0.009150326797385621
0 0.34044117647058825 0.6169934640522876 0.004411764705882353 0.013071895424836602