3 0.5354166666666667 0.17685185185185184 0.005208333333333333 0.007407407407407408
3 0.54375 0.1814814814814815 0.00625 0.009259259259259259
3 0.5484375 0.2074074074074074 0.007291666666666667 0.011111111111111112
3 0.57109375 0.26435185185185184 0.011979166666666667 0.017592592592592594
3 0.5192708333333333 0.1824074074074074 0.00625 0.009259259259259259
3 0.5328125 0.2518518518518518 0.010416666666666666 0.016666666666666666
3 0.5375 0.24351851851851852 0.009375 0.012962962962962963
3 0.5299479166666666 0.22592592592592592 0.0078125 0.012962962962962963
4 0.53125 0.2361111111111111 0.007291666666666667 0.016666666666666666
3 0.52734375 0.21342592592592594 0.0078125 0.012037037037037037
3 0.52578125 0.2023148148148148 0.0067708333333333336 0.010185185185185186
3 0.5223958333333333 0.1935185185185185 0.00625 0.011111111111111112
3 0.5231770833333333 0.18703703703703703 0.005729166666666666 0.009259259259259259
4 0.50703125 0.2175925925925926 0.008854166666666666 0.016666666666666666
3 0.48411458333333335 0.23333333333333334 0.009895833333333333 0.012962962962962963
3 0.4747395833333333 0.3 0.013020833333333334 0.020370370370370372
3 0.49713541666666666 0.29398148148148145 0.013020833333333334 0.025
3 0.47161458333333334 0.3398148148148148 0.015104166666666667 0.024074074074074074
3 0.5208333333333334 0.3458333333333333 0.016666666666666666 0.028703703703703703
3 0.5234375 0.3212962962962963 0.013541666666666667 0.024074074074074074
3 0.51875 0.29583333333333334 0.0125 0.019444444444444445
3 0.5169270833333334 0.2824074074074074 0.011979166666666667 0.018518518518518517
3 0.5166666666666667 0.27314814814814814 0.011458333333333333 0.016666666666666666
3 0.5169270833333334 0.26481481481481484 0.009895833333333333 0.014814814814814815
3 0.5153645833333333 0.25787037037037036 0.009895833333333333 0.01574074074074074
3 0.5151041666666667 0.2518518518518518 0.009375 0.012962962962962963
3 0.5104166666666666 0.22916666666666666 0.008333333333333333 0.013888888888888888
3 0.5140625 0.2351851851851852 0.008333333333333333 0.012962962962962963
3 0.5127604166666667 0.24027777777777778 0.008854166666666666 0.012037037037037037
3 0.51484375 0.24583333333333332 0.008854166666666666 0.013888888888888888
6 0.5776041666666667 0.23287037037037037 0.005208333333333333 0.010185185185185186
1 0.5770833333333333 0.2300925925925926 0.003125 0.008333333333333333
2 0.6174479166666667 0.30277777777777776 0.0036458333333333334 0.014814814814814815
1 0.6177083333333333 0.29814814814814816 0.004166666666666667 0.018518518518518517
9 0.6002604166666666 0.2759259259259259 0.0036458333333333334 0.014814814814814815
1 0.60078125 0.27361111111111114 0.0036458333333333334 0.01574074074074074
0 0.41901041666666666 0.2949074074074074 0.0036458333333333334 0.019444444444444445
3 0.46171875 0.41898148148148145 0.0203125 0.03611111111111111
3 0.4544270833333333 0.475462962962963 0.0234375 0.04351851851851852
3 0.49661458333333336 0.43472222222222223 0.0203125 0.03611111111111111
3 0.5278645833333333 0.39537037037037037 0.018229166666666668 0.02962962962962963
5 0.54140625 0.5032407407407408 0.04635416666666667 0.2064814814814815
3 0.43072916666666666 0.6166666666666667 0.034375 0.06481481481481481
3 0.3776041666666667 0.6203703703703703 0.03958333333333333 0.08148148148148149
3 0.45859375 0.6777777777777778 0.03697916666666667 0.08148148148148149
3 0.5450520833333333 0.7023148148148148 0.04010416666666667 0.09722222222222222
3 0.5122395833333333 0.7981481481481482 0.04739583333333333 0.1259259259259259
3 0.5783854166666667 0.8703703703703703 0.0484375 0.13148148148148148
3 0.315625 0.8342592592592593 0.05625 0.12407407407407407
3 0.38333333333333336 0.8726851851851852 0.05520833333333333 0.15648148148148147
2 0.27265625 0.7097222222222223 0.011979166666666667 0.04351851851851852
1 0.27265625 0.6939814814814815 0.011979166666666667 0.049074074074074076