0 0.1411764705882353 0.0392156862745098 0.011764705882352941 0.0392156862745098
1 0.1661764705882353 0.07254901960784314 0.010294117647058823 0.03529411764705882
9 0.16654411764705881 0.08169934640522876 0.028676470588235293 0.027450980392156862
1 0.18713235294117647 0.12418300653594772 0.011029411764705883 0.04183006535947712
2 0.18860294117647058 0.1326797385620915 0.028676470588235293 0.02483660130718954
1 0.2202205882352941 0.056862745098039215 0.006617647058823529 0.02483660130718954
1 0.21323529411764705 0.05163398692810457 0.007352941176470588 0.032679738562091505
9 0.2139705882352941 0.06143790849673202 0.025 0.023529411764705882
0 0.19816176470588234 0.8901960784313725 0.025735294117647058 0.08888888888888889
0 0.22169117647058822 0.8967320261437909 0.019852941176470587 0.07320261437908497
0 0.3886029411764706 0.5058823529411764 0.013970588235294118 0.06535947712418301
0 0.3834558823529412 0.469281045751634 0.013970588235294118 0.05228758169934641
1 0.26176470588235295 0.08235294117647059 0.007352941176470588 0.02875816993464052
1 0.2665441176470588 0.08235294117647059 0.008088235294117648 0.036601307189542485
9 0.26286764705882354 0.09215686274509804 0.025735294117647058 0.027450980392156862
4 0.3110294117647059 0.1261437908496732 0.07205882352941176 0.06143790849673202
1 0.38786764705882354 0.08235294117647059 0.008088235294117648 0.018300653594771243
1 0.3761029411764706 0.07581699346405228 0.009558823529411765 0.03137254901960784
1 0.36801470588235297 0.0869281045751634 0.008088235294117648 0.032679738562091505
7 0.375 0.09477124183006536 0.039705882352941174 0.030065359477124184
3 0.4400735294117647 0.15098039215686274 0.07426470588235294 0.05359477124183006
3 0.5474264705882353 0.13137254901960785 0.06838235294117648 0.05359477124183006
4 0.5540441176470589 0.19411764705882353 0.06102941176470588 0.06405228758169934
4 0.43014705882352944 0.20326797385620915 0.07794117647058824 0.06405228758169934
3 0.513235294117647 0.2627450980392157 0.08088235294117647 0.06797385620915032
3 0.6018382352941176 0.33986928104575165 0.09191176470588236 0.07320261437908497
0 0.5580882352941177 0.4843137254901961 0.010294117647058823 0.06405228758169934
0 0.6033088235294117 0.4444444444444444 0.009558823529411765 0.05228758169934641
2 0.5838235294117647 0.45359477124183006 0.03235294117647059 0.05228758169934641
0 0.6294117647058823 0.44313725490196076 0.008823529411764706 0.04967320261437908
7 0.6172794117647059 0.4241830065359477 0.07573529411764705 0.08235294117647059
0 0.45698529411764705 0.4522875816993464 0.013970588235294118 0.06274509803921569
1 0.4540441176470588 0.48366013071895425 0.011029411764705883 0.047058823529411764
9 0.44926470588235295 0.5 0.03529411764705882 0.03529411764705882
5 0.5121323529411764 0.4398692810457516 0.10220588235294117 0.10326797385620914
0 0.5003676470588235 0.5176470588235295 0.015441176470588236 0.054901960784313725
1 0.4632352941176471 0.5980392156862745 0.01764705882352941 0.048366013071895426
9 0.46397058823529413 0.611764705882353 0.033823529411764704 0.044444444444444446
0 0.51875 0.6287581699346405 0.011029411764705883 0.06274509803921569
7 0.4823529411764706 0.6516339869281046 0.07352941176470588 0.09542483660130718
0 0.5764705882352941 0.6 0.010294117647058823 0.06797385620915032
7 0.5816176470588236 0.5875816993464053 0.07205882352941176 0.07712418300653595
9 0.5136029411764705 0.8254901960784313 0.04779411764705882 0.05359477124183006
3 0.74375 0.6888888888888889 0.13014705882352942 0.10980392156862745
0 0.7507352941176471 0.6026143790849673 0.016176470588235296 0.06274509803921569
0 0.7588235294117647 0.5830065359477125 0.016176470588235296 0.054901960784313725
1 0.8224264705882353 0.5973856209150327 0.01838235294117647 0.036601307189542485
2 0.8227941176470588 0.6248366013071895 0.047058823529411764 0.04967320261437908
9 0.6952205882352941 0.07124183006535947 0.021323529411764706 0.027450980392156862
3 0.6488970588235294 0.1934640522875817 0.07573529411764705 0.04967320261437908
3 0.819485294117647 0.1450980392156863 0.06397058823529411 0.047058823529411764
0 0.6621323529411764 0.4013071895424837 0.011029411764705883 0.06274509803921569
7 0.6952205882352941 0.4130718954248366 0.06544117647058824 0.05751633986928104
0 0.7878676470588235 0.4372549019607843 0.015441176470588236 0.06143790849673202
0 0.7823529411764706 0.39738562091503266 0.011764705882352941 0.047058823529411764
1 0.8981617647058824 0.5313725490196078 0.016911764705882352 0.032679738562091505
0 0.9349264705882353 0.5411764705882353 0.0125 0.06274509803921569
7 0.9529411764705882 0.5725490196078431 0.07647058823529412 0.06274509803921569
0 0.8066176470588236 0.426797385620915 0.011764705882352941 0.05359477124183006
0 0.8161764705882353 0.4222222222222222 0.011764705882352941 0.06013071895424837
0 0.8352941176470589 0.4496732026143791 0.014705882352941176 0.06274509803921569
0 0.8444852941176471 0.45098039215686275 0.0125 0.05751633986928104
4 0.9316176470588236 0.40065359477124185 0.09558823529411764 0.07973856209150326
3 0.8588235294117647 0.24836601307189543 0.08088235294117647 0.06274509803921569
3 0.9856617647058824 0.4 0.028676470588235293 0.07581699346405228
3 0.8169117647058823 0.009150326797385621 0.058823529411764705 0.018300653594771243
3 0.5676470588235294 0.016339869281045753 0.051470588235294115 0.032679738562091505