3 0.7121323529411765 0.8830065359477124 0.07426470588235294 0.17647058823529413
3 0.5459558823529411 0.5830065359477125 0.04632352941176471 0.10718954248366012
3 0.45588235294117646 0.7679738562091504 0.051470588235294115 0.16339869281045752
3 0.4261029411764706 0.545751633986928 0.04779411764705882 0.12941176470588237
3 0.5584558823529412 0.17908496732026144 0.025735294117647058 0.047058823529411764
3 0.5066176470588235 0.06797385620915032 0.023529411764705882 0.04183006535947712
4 0.7525735294117647 0.37973856209150325 0.04485294117647059 0.08758169934640522
0 0.7808823529411765 0.33790849673202616 0.010294117647058823 0.050980392156862744
0 0.6613970588235294 0.37058823529411766 0.009558823529411765 0.05359477124183006
0 0.5055147058823529 0.2627450980392157 0.008088235294117648 0.044444444444444446
5 0.5801470588235295 0.06405228758169934 0.025 0.054901960784313725
1 0.6 0.08823529411764706 0.007352941176470588 0.01699346405228758
0 0.6404411764705882 0.01764705882352941 0.007352941176470588 0.032679738562091505
3 0.70625 0.17712418300653596 0.04926470588235294 0.040522875816993466
5 0.6863970588235294 0.07908496732026143 0.04338235294117647 0.0718954248366013
0 0.9536764705882353 0.24836601307189543 0.011764705882352941 0.04183006535947712
0 0.9647058823529412 0.2542483660130719 0.014705882352941176 0.0457516339869281
0 0.8132352941176471 0.07450980392156863 0.0058823529411764705 0.03137254901960784
0 0.805514705882353 0.07320261437908497 0.006617647058823529 0.03398692810457516
0 0.8147058823529412 0.12810457516339868 0.008823529411764706 0.02875816993464052
0 0.7496323529411765 0.12156862745098039 0.005147058823529412 0.03398692810457516
1 0.7352941176470589 0.11568627450980393 0.0058823529411764705 0.02483660130718954
5 0.7709558823529412 0.10326797385620914 0.05661764705882353 0.05751633986928104
3 0.7985294117647059 0.257516339869281 0.058823529411764705 0.04967320261437908
4 0.7786764705882353 0.18758169934640523 0.05 0.0457516339869281
3 0.3915441176470588 0.15620915032679739 0.030147058823529412 0.0457516339869281
3 0.3316176470588235 0.02483660130718954 0.020588235294117647 0.0392156862745098
3 0.3911764705882353 0.22287581699346407 0.033823529411764704 0.07712418300653595
4 0.2511029411764706 0.016339869281045753 0.04044117647058824 0.032679738562091505
4 0.22095588235294117 0.05751633986928104 0.04632352941176471 0.0392156862745098
3 0.20772058823529413 0.08366013071895424 0.04338235294117647 0.036601307189542485
9 0.13272058823529412 0.07320261437908497 0.022794117647058822 0.026143790849673203
9 0.11580882352941177 0.07777777777777778 0.008088235294117648 0.030065359477124184
9 0.10441176470588236 0.09673202614379085 0.023529411764705882 0.026143790849673203
9 0.04742647058823529 0.12483660130718954 0.0125 0.027450980392156862
5 0.07941176470588235 0.1130718954248366 0.03529411764705882 0.03529411764705882
3 0.07647058823529412 0.14967320261437908 0.05588235294117647 0.05620915032679739
0 0.08566176470588235 0.16209150326797386 0.011029411764705883 0.044444444444444446
5 0.2349264705882353 0.2372549019607843 0.03455882352941177 0.07973856209150326
4 0.3099264705882353 0.23790849673202613 0.027205882352941177 0.06274509803921569
6 0.31580882352941175 0.3137254901960784 0.04926470588235294 0.044444444444444446
1 0.33051470588235293 0.30718954248366015 0.008088235294117648 0.03137254901960784
3 0.025735294117647058 0.25947712418300656 0.051470588235294115 0.06143790849673202
6 0.07022058823529412 0.38300653594771245 0.03897058823529412 0.05751633986928104
6 0.09595588235294118 0.39869281045751637 0.03602941176470588 0.06535947712418301
0 0.17573529411764705 0.3359477124183007 0.008823529411764706 0.04183006535947712
6 0.26838235294117646 0.3862745098039216 0.026470588235294117 0.06666666666666667
0 0.20588235294117646 0.4418300653594771 0.016176470588235296 0.06274509803921569
0 0.23345588235294118 0.4542483660130719 0.009558823529411765 0.048366013071895426
6 0.23823529411764705 0.47058823529411764 0.05588235294117647 0.06013071895424837
0 0.0974264705882353 0.5588235294117647 0.019852941176470587 0.06666666666666667
0 0.11029411764705882 0.5745098039215686 0.014705882352941176 0.06666666666666667
0 0.11838235294117647 0.5732026143790849 0.01764705882352941 0.06405228758169934
0 0.13602941176470587 0.5745098039215686 0.01764705882352941 0.06405228758169934
0 0.14411764705882352 0.5895424836601307 0.016176470588235296 0.07058823529411765
6 0.18529411764705883 0.569281045751634 0.075 0.06666666666666667
6 0.028308823529411765 0.965359477124183 0.05514705882352941 0.06928104575163399
6 0.16544117647058823 0.9058823529411765 0.061764705882352944 0.09934640522875816
1 0.2088235294117647 0.8849673202614379 0.020588235294117647 0.09673202614379085
1 0.22977941176470587 0.8496732026143791 0.01838235294117647 0.04967320261437908
6 0.18933823529411764 0.8137254901960784 0.09338235294117647 0.07973856209150326
6 0.24080882352941177 0.8947712418300654 0.08602941176470588 0.08235294117647059
6 0.3110294117647059 0.8352941176470589 0.051470588235294115 0.13856209150326798
1 0.3014705882352941 0.8307189542483661 0.023529411764705882 0.06143790849673202
9 0.36580882352941174 0.703921568627451 0.019852941176470587 0.08235294117647059
1 0.3650735294117647 0.7 0.016911764705882352 0.07450980392156863
6 0.41507352941176473 0.4366013071895425 0.021323529411764706 0.07581699346405228
1 0.4158088235294118 0.4326797385620915 0.013970588235294118 0.04967320261437908
6 0.3463235294117647 0.5594771241830065 0.027941176470588237 0.08888888888888889
1 0.34852941176470587 0.5424836601307189 0.013235294117647059 0.0392156862745098
9 0.24926470588235294 0.5627450980392157 0.026470588235294117 0.07450980392156863
0 0.27205882352941174 0.5882352941176471 0.011764705882352941 0.07058823529411765
0 0.29963235294117646 0.5699346405228758 0.0125 0.06535947712418301
0 0.32169117647058826 0.5169934640522876 0.019852941176470587 0.05620915032679739
5 0.30330882352941174 0.5084967320261438 0.06397058823529411 0.1437908496732026
6 0.3713235294117647 0.4503267973856209 0.025 0.07450980392156863
0 0.36176470588235293 0.4516339869281046 0.013235294117647059 0.058823529411764705
0 0.3360294117647059 0.4065359477124183 0.010294117647058823 0.054901960784313725
7 0.3202205882352941 0.41633986928104577 0.03897058823529412 0.09019607843137255