3 0.7099264705882353 0.024183006535947713 0.03602941176470588 0.040522875816993466
8 0.6661764705882353 0.052941176470588235 0.07941176470588235 0.09281045751633987
3 0.6966911764705882 0.09019607843137255 0.0375 0.044444444444444446
0 0.5900735294117647 0.045098039215686274 0.008088235294117648 0.032679738562091505
9 0.59375 0.09738562091503268 0.009558823529411765 0.027450980392156862
0 0.5816176470588236 0.11241830065359477 0.0058823529411764705 0.03398692810457516
3 0.555514705882353 0.09281045751633987 0.04338235294117647 0.036601307189542485
9 0.525 0.09411764705882353 0.010294117647058823 0.026143790849673203
9 0.5147058823529411 0.08235294117647059 0.004411764705882353 0.02875816993464052
9 0.5389705882352941 0.1 0.011764705882352941 0.027450980392156862
0 0.5669117647058823 0.12222222222222222 0.008823529411764706 0.03529411764705882
0 0.5577205882352941 0.1261437908496732 0.006617647058823529 0.032679738562091505
0 0.5496323529411765 0.13594771241830064 0.006617647058823529 0.03398692810457516
0 0.5014705882352941 0.1084967320261438 0.007352941176470588 0.036601307189542485
0 0.49522058823529413 0.11503267973856209 0.008088235294117648 0.036601307189542485
3 0.5680147058823529 0.18823529411764706 0.05220588235294118 0.05751633986928104
6 0.5371323529411764 0.17124183006535948 0.015441176470588236 0.03398692810457516
1 0.5363970588235294 0.16470588235294117 0.009558823529411765 0.03398692810457516
1 0.5419117647058823 0.1718954248366013 0.010294117647058823 0.01699346405228758
0 0.4551470588235294 0.19673202614379084 0.0058823529411764705 0.03790849673202614
0 0.7 0.2647058823529412 0.008823529411764706 0.043137254901960784
9 0.7088235294117647 0.296078431372549 0.008823529411764706 0.03529411764705882
9 0.6808823529411765 0.3104575163398693 0.020588235294117647 0.03529411764705882
3 0.6540441176470588 0.32222222222222224 0.08014705882352942 0.09281045751633987
0 0.69375 0.3673202614379085 0.0125 0.054901960784313725
3 0.6150735294117647 0.3738562091503268 0.07573529411764705 0.07320261437908497
9 0.5558823529411765 0.36797385620915035 0.01764705882352941 0.040522875816993466
0 0.538235294117647 0.40588235294117647 0.007352941176470588 0.048366013071895426
0 0.5356617647058823 0.42026143790849674 0.008088235294117648 0.02483660130718954
6 0.48198529411764707 0.42287581699346405 0.0375 0.06666666666666667
3 0.5073529411764706 0.4993464052287582 0.08823529411764706 0.07058823529411765
5 0.48161764705882354 0.5405228758169934 0.125 0.134640522875817
0 0.4308823529411765 0.5588235294117647 0.007352941176470588 0.0457516339869281
0 0.44448529411764703 0.4869281045751634 0.008088235294117648 0.0457516339869281
1 0.44816176470588237 0.47843137254901963 0.005147058823529412 0.023529411764705882
3 0.4411764705882353 0.6431372549019608 0.08970588235294118 0.10457516339869281
4 0.4077205882352941 0.30392156862745096 0.0625 0.08496732026143791
3 0.43933823529411764 0.14967320261437908 0.05073529411764706 0.06405228758169934
9 0.39448529411764705 0.18888888888888888 0.01838235294117647 0.030065359477124184
2 0.42058823529411765 0.18496732026143792 0.022058823529411766 0.02483660130718954
2 0.3985294117647059 0.16862745098039217 0.01764705882352941 0.02091503267973856
9 0.35551470588235295 0.2928104575163399 0.019852941176470587 0.03398692810457516
1 0.35625 0.2823529411764706 0.011029411764705883 0.036601307189542485
3 0.37463235294117647 0.7529411764705882 0.11838235294117647 0.11503267973856209
3 0.33198529411764705 0.8372549019607843 0.13014705882352942 0.10588235294117647
3 0.028676470588235293 0.42483660130718953 0.041176470588235294 0.07581699346405228
6 0.04154411764705882 0.3535947712418301 0.04779411764705882 0.050980392156862744
3 0.18566176470588236 0.31176470588235294 0.07426470588235294 0.06666666666666667
0 0.23676470588235293 0.2261437908496732 0.008823529411764706 0.0392156862745098
0 0.24816176470588236 0.2235294117647059 0.009558823529411765 0.0392156862745098
3 0.25330882352941175 0.27058823529411763 0.07279411764705883 0.05751633986928104
0 0.2735294117647059 0.3156862745098039 0.008823529411764706 0.03790849673202614
9 0.28088235294117647 0.38562091503267976 0.025 0.04183006535947712
1 0.28088235294117647 0.3764705882352941 0.013235294117647059 0.044444444444444446
9 0.18382352941176472 0.37973856209150325 0.025 0.03790849673202614
2 0.23897058823529413 0.3686274509803922 0.030882352941176472 0.03398692810457516
0 0.24816176470588236 0.3607843137254902 0.008088235294117648 0.04183006535947712
1 0.23823529411764705 0.3633986928104575 0.010294117647058823 0.04967320261437908