4 0.9761029411764706 0.8026143790849674 0.04779411764705882 0.08627450980392157
3 0.9363970588235294 0.8052287581699347 0.05514705882352941 0.07581699346405228
3 0.9147058823529411 0.822875816993464 0.047058823529411764 0.07712418300653595
3 0.8580882352941176 0.8352941176470589 0.057352941176470586 0.06535947712418301
3 0.8356617647058824 0.8477124183006536 0.05661764705882353 0.06405228758169934
4 0.8283088235294118 0.8797385620915033 0.06544117647058824 0.07058823529411765
3 0.9125 0.9705882352941176 0.0661764705882353 0.058823529411764705
7 0.8444852941176471 0.9300653594771242 0.05514705882352941 0.05359477124183006
3 0.6930147058823529 0.7745098039215687 0.05220588235294118 0.050980392156862744
3 0.7323529411764705 0.8633986928104576 0.045588235294117645 0.07712418300653595
3 0.7110294117647059 0.8862745098039215 0.047058823529411764 0.0784313725490196
3 0.6433823529411765 0.9202614379084967 0.05588235294117647 0.08627450980392157
3 0.6132352941176471 0.9398692810457516 0.051470588235294115 0.0915032679738562
4 0.5731617647058823 0.9529411764705882 0.05367647058823529 0.09411764705882353
3 0.44816176470588237 0.9758169934640523 0.03897058823529412 0.048366013071895426
7 0.51875 0.9771241830065359 0.019852941176470587 0.0457516339869281
3 0.5338235294117647 0.8686274509803922 0.05588235294117647 0.06405228758169934
3 0.5632352941176471 0.8196078431372549 0.057352941176470586 0.04967320261437908
3 0.4007352941176471 0.8483660130718954 0.039705882352941174 0.08104575163398693
0 0.7713235294117647 0.7908496732026143 0.008823529411764706 0.03398692810457516
1 0.9720588235294118 0.9209150326797385 0.013235294117647059 0.027450980392156862
9 0.9709558823529412 0.9261437908496732 0.021323529411764706 0.02483660130718954
0 0.8036764705882353 0.9483660130718954 0.011764705882352941 0.032679738562091505
0 0.3422794117647059 0.9869281045751634 0.008088235294117648 0.026143790849673203
0 0.4801470588235294 0.8562091503267973 0.008823529411764706 0.0392156862745098
0 0.48051470588235295 0.8176470588235294 0.006617647058823529 0.032679738562091505
0 0.6139705882352942 0.7581699346405228 0.007352941176470588 0.03137254901960784
9 0.6297794117647059 0.7830065359477124 0.013970588235294118 0.03137254901960784
9 0.5988970588235294 0.7679738562091504 0.011029411764705883 0.030065359477124184
9 0.5617647058823529 0.7816993464052288 0.013235294117647059 0.02875816993464052
9 0.5400735294117647 0.7915032679738562 0.011029411764705883 0.03529411764705882
9 0.5290441176470588 0.7947712418300653 0.0125 0.04183006535947712
9 0.49779411764705883 0.8019607843137255 0.008823529411764706 0.03529411764705882
9 0.4591911764705882 0.8176470588235294 0.008088235294117648 0.03790849673202614
9 0.4650735294117647 0.8156862745098039 0.008088235294117648 0.03137254901960784
9 0.47352941176470587 0.8137254901960784 0.010294117647058823 0.03790849673202614
2 0.3610294117647059 0.8320261437908497 0.007352941176470588 0.032679738562091505
9 0.3683823529411765 0.8287581699346406 0.008823529411764706 0.03398692810457516
3 0.033823529411764704 0.38300653594771245 0.03676470588235294 0.02875816993464052
3 0.01764705882352941 0.3790849673202614 0.03529411764705882 0.026143790849673203
4 0.048161764705882355 0.3588235294117647 0.03308823529411765 0.027450980392156862
3 0.021691176470588235 0.35947712418300654 0.03455882352941177 0.026143790849673203
4 0.020588235294117647 0.33790849673202616 0.039705882352941174 0.03790849673202614
4 0.058823529411764705 0.33725490196078434 0.029411764705882353 0.026143790849673203
3 0.03897058823529412 0.3058823529411765 0.016176470588235296 0.026143790849673203
3 0.054411764705882354 0.32679738562091504 0.030882352941176472 0.02091503267973856
3 0.05183823529411765 0.3176470588235294 0.03455882352941177 0.02091503267973856
3 0.06507352941176471 0.30392156862745096 0.03161764705882353 0.0196078431372549
3 0.06727941176470588 0.29150326797385623 0.030147058823529412 0.018300653594771243
3 0.07058823529411765 0.2830065359477124 0.029411764705882353 0.0196078431372549
3 0.07389705882352941 0.27058823529411763 0.030147058823529412 0.02091503267973856
3 0.07904411764705882 0.2477124183006536 0.030147058823529412 0.01699346405228758
3 0.12205882352941176 0.2542483660130719 0.029411764705882353 0.0196078431372549
3 0.12794117647058822 0.24313725490196078 0.027941176470588237 0.018300653594771243
3 0.08713235294117647 0.23660130718954248 0.019852941176470587 0.01568627450980392
3 0.08897058823529412 0.22287581699346407 0.026470588235294117 0.01699346405228758
3 0.09522058823529411 0.21437908496732025 0.028676470588235293 0.01568627450980392
3 0.12830882352941175 0.2222222222222222 0.027205882352941177 0.018300653594771243
3 0.12867647058823528 0.2084967320261438 0.025 0.01699346405228758
3 0.10110294117647059 0.20065359477124184 0.0125 0.0196078431372549
4 0.12536764705882353 0.2 0.021323529411764706 0.02091503267973856
4 0.1264705882352941 0.18627450980392157 0.01764705882352941 0.0196078431372549
4 0.12830882352941175 0.1758169934640523 0.016911764705882352 0.01437908496732026
3 0.034926470588235295 0.2019607843137255 0.013970588235294118 0.01699346405228758
3 0.06691176470588235 0.20980392156862746 0.011764705882352941 0.01699346405228758
3 0.06323529411764706 0.18366013071895426 0.013235294117647059 0.01699346405228758
3 0.06139705882352941 0.15490196078431373 0.0125 0.01437908496732026
3 0.019852941176470587 0.1522875816993464 0.014705882352941176 0.022222222222222223
3 0.03823529411764706 0.13202614379084968 0.013235294117647059 0.01568627450980392
3 0.08161764705882353 0.11960784313725491 0.011764705882352941 0.01437908496732026
5 0.08970588235294118 0.19150326797385622 0.020588235294117647 0.032679738562091505
8 0.016544117647058824 0.0718954248366013 0.027205882352941177 0.018300653594771243
8 0.025735294117647058 0.06601307189542484 0.029411764705882353 0.01699346405228758
3 0.017279411764705883 0.10392156862745099 0.0125 0.01437908496732026
3 0.030147058823529412 0.09019607843137255 0.010294117647058823 0.013071895424836602
3 0.06654411764705882 0.0784313725490196 0.011029411764705883 0.01568627450980392
3 0.08235294117647059 0.05555555555555555 0.008823529411764706 0.011764705882352941
3 0.10441176470588236 0.03725490196078431 0.008823529411764706 0.011764705882352941
3 0.07573529411764705 0.0869281045751634 0.008823529411764706 0.011764705882352941
3 0.10919117647058824 0.07973856209150326 0.009558823529411765 0.01045751633986928
3 0.11838235294117647 0.06928104575163399 0.008823529411764706 0.01045751633986928
5 0.125 0.046405228758169936 0.016176470588235296 0.032679738562091505