2 0.02977941176470588 0.8235294117647058 0.022794117647058822 0.06013071895424837
9 0.04485294117647059 0.8006535947712419 0.022058823529411766 0.06143790849673202
0 0.02536764705882353 0.6712418300653594 0.015441176470588236 0.06405228758169934
1 0.05036764705882353 0.6620915032679738 0.015441176470588236 0.050980392156862744
2 0.05110294117647059 0.6869281045751634 0.025735294117647058 0.048366013071895426
0 0.1400735294117647 0.592156862745098 0.013970588235294118 0.05751633986928104
0 0.1625 0.6339869281045751 0.007352941176470588 0.06013071895424837
0 0.15919117647058822 0.6274509803921569 0.009558823529411765 0.05751633986928104
0 0.09669117647058824 0.5045751633986928 0.011029411764705883 0.04967320261437908
0 0.07830882352941176 0.46601307189542485 0.009558823529411765 0.03790849673202614
0 0.09080882352941176 0.4594771241830065 0.011029411764705883 0.03790849673202614
0 0.14669117647058824 0.5 0.009558823529411765 0.043137254901960784
0 0.15404411764705883 0.4934640522875817 0.011029411764705883 0.0457516339869281
0 0.20588235294117646 0.4849673202614379 0.010294117647058823 0.047058823529411764
2 0.08529411764705883 0.734640522875817 0.04264705882352941 0.044444444444444446
2 0.08933823529411765 0.7163398692810458 0.04191176470588235 0.044444444444444446
2 0.06691176470588235 0.43071895424836604 0.016176470588235296 0.027450980392156862
2 0.11838235294117647 0.6836601307189543 0.025 0.03398692810457516
2 0.12426470588235294 0.677124183006536 0.030882352941176472 0.04183006535947712
2 0.13308823529411765 0.6679738562091503 0.03529411764705882 0.04183006535947712
2 0.17647058823529413 0.6091503267973856 0.014705882352941176 0.04183006535947712
2 0.19448529411764706 0.5797385620915033 0.025735294117647058 0.032679738562091505
2 0.20220588235294118 0.5640522875816993 0.022058823529411766 0.032679738562091505
2 0.2301470588235294 0.5300653594771242 0.016176470588235296 0.032679738562091505
0 0.13786764705882354 0.45359477124183006 0.009558823529411765 0.04183006535947712
1 0.16470588235294117 0.45555555555555555 0.008823529411764706 0.030065359477124184
9 0.16580882352941176 0.47058823529411764 0.013970588235294118 0.02091503267973856
0 0.13602941176470587 0.403921568627451 0.010294117647058823 0.03398692810457516
0 0.20441176470588235 0.3673202614379085 0.007352941176470588 0.02875816993464052
0 0.21066176470588235 0.3673202614379085 0.006617647058823529 0.03137254901960784
0 0.21544117647058825 0.369281045751634 0.0058823529411764705 0.027450980392156862
0 0.2823529411764706 0.4117647058823529 0.007352941176470588 0.0392156862745098
2 0.30808823529411766 0.4235294117647059 0.014705882352941176 0.018300653594771243
2 0.31691176470588234 0.41568627450980394 0.014705882352941176 0.018300653594771243
0 0.2636029411764706 0.43333333333333335 0.008088235294117648 0.03529411764705882
0 0.25698529411764703 0.4320261437908497 0.008088235294117648 0.03790849673202614
1 0.2275735294117647 0.4261437908496732 0.008088235294117648 0.023529411764705882
9 0.22720588235294117 0.43594771241830066 0.008823529411764706 0.02483660130718954
1 0.21360294117647058 0.4130718954248366 0.008088235294117648 0.023529411764705882
2 0.2139705882352941 0.42549019607843136 0.011764705882352941 0.022222222222222223
0 0.21948529411764706 0.39215686274509803 0.006617647058823529 0.03137254901960784
0 0.2301470588235294 0.4 0.008823529411764706 0.036601307189542485
1 0.24595588235294116 0.4111111111111111 0.006617647058823529 0.030065359477124184
2 0.24632352941176472 0.4241830065359477 0.008823529411764706 0.02483660130718954
1 0.2566176470588235 0.3980392156862745 0.008823529411764706 0.022222222222222223
2 0.25625 0.4084967320261438 0.008088235294117648 0.022222222222222223
1 0.29669117647058824 0.33986928104575165 0.005147058823529412 0.01568627450980392
2 0.2959558823529412 0.3503267973856209 0.005147058823529412 0.013071895424836602
0 0.3176470588235294 0.35555555555555557 0.0058823529411764705 0.02875816993464052
1 0.3073529411764706 0.35228758169934643 0.0058823529411764705 0.0196078431372549
2 0.30625 0.36209150326797385 0.009558823529411765 0.01568627450980392
1 0.30551470588235297 0.34509803921568627 0.006617647058823529 0.01568627450980392
0 0.3297794117647059 0.37516339869281046 0.003676470588235294 0.026143790849673203
0 0.3272058823529412 0.37254901960784315 0.004411764705882353 0.023529411764705882
0 0.3408088235294118 0.36993464052287583 0.003676470588235294 0.02875816993464052
0 0.3341911764705882 0.36013071895424836 0.005147058823529412 0.027450980392156862
0 0.3301470588235294 0.35751633986928105 0.0058823529411764705 0.02483660130718954
0 0.3463235294117647 0.34705882352941175 0.007352941176470588 0.027450980392156862
0 0.34044117647058825 0.3464052287581699 0.0058823529411764705 0.02875816993464052
0 0.3533088235294118 0.33398692810457514 0.003676470588235294 0.02483660130718954
0 0.35808823529411765 0.33398692810457514 0.004411764705882353 0.027450980392156862
0 0.36433823529411763 0.29673202614379085 0.008088235294117648 0.02875816993464052
0 0.3588235294117647 0.2954248366013072 0.0058823529411764705 0.02875816993464052
1 0.3176470588235294 0.3006535947712418 0.007352941176470588 0.013071895424836602
4 0.3323529411764706 0.29673202614379085 0.014705882352941176 0.026143790849673203
3 0.28051470588235294 0.9437908496732026 0.07720588235294118 0.11241830065359477
3 0.24889705882352942 0.8032679738562092 0.07573529411764705 0.134640522875817
3 0.12904411764705884 0.8372549019607843 0.09191176470588236 0.1477124183006536
3 0.41691176470588237 0.7065359477124183 0.052941176470588235 0.11895424836601307
3 0.3533088235294118 0.7143790849673203 0.05661764705882353 0.1111111111111111
3 0.23198529411764707 0.6594771241830065 0.0625 0.10326797385620914
3 0.4606617647058823 0.592156862745098 0.03455882352941177 0.07058823529411765
3 0.37977941176470587 0.6228758169934641 0.04338235294117647 0.08235294117647059
3 0.33088235294117646 0.5980392156862745 0.04264705882352941 0.07450980392156863
3 0.27058823529411763 0.5732026143790849 0.04411764705882353 0.06928104575163399
3 0.3977941176470588 0.5620915032679739 0.03676470588235294 0.06013071895424837
3 0.3669117647058823 0.5333333333333333 0.039705882352941174 0.05751633986928104
3 0.3275735294117647 0.5287581699346405 0.04338235294117647 0.06666666666666667
3 0.30183823529411763 0.5052287581699346 0.03897058823529412 0.050980392156862744
3 0.3360294117647059 0.4418300653594771 0.039705882352941174 0.04183006535947712
3 0.3558823529411765 0.4843137254901961 0.030882352941176472 0.043137254901960784
3 0.3875 0.4895424836601307 0.027941176470588237 0.0457516339869281
4 0.41102941176470587 0.5058823529411764 0.030882352941176472 0.07320261437908497
3 0.4621323529411765 0.49673202614379086 0.03161764705882353 0.05751633986928104
3 0.43051470588235297 0.4843137254901961 0.027205882352941177 0.0457516339869281
3 0.39080882352941176 0.44509803921568625 0.030147058823529412 0.048366013071895426
3 0.43970588235294117 0.4562091503267974 0.026470588235294117 0.0392156862745098
3 0.47095588235294117 0.43856209150326797 0.022794117647058822 0.043137254901960784
3 0.4724264705882353 0.40065359477124185 0.019852941176470587 0.032679738562091505
3 0.47757352941176473 0.37777777777777777 0.015441176470588236 0.026143790849673203
3 0.47904411764705884 0.3542483660130719 0.016911764705882352 0.02875816993464052
3 0.4860294117647059 0.3359477124183007 0.013235294117647059 0.026143790849673203
3 0.48566176470588235 0.3150326797385621 0.013970588235294118 0.02091503267973856
3 0.48823529411764705 0.3006535947712418 0.010294117647058823 0.02091503267973856
3 0.4849264705882353 0.2830065359477124 0.0125 0.01699346405228758
3 0.4360294117647059 0.4261437908496732 0.023529411764705882 0.03398692810457516
3 0.44227941176470587 0.4071895424836601 0.019852941176470587 0.03529411764705882
3 0.44485294117647056 0.38823529411764707 0.01911764705882353 0.023529411764705882
3 0.4514705882352941 0.369281045751634 0.01764705882352941 0.030065359477124184
4 0.4536764705882353 0.34967320261437906 0.014705882352941176 0.030065359477124184
3 0.4577205882352941 0.34248366013071896 0.0125 0.026143790849673203
3 0.4610294117647059 0.33398692810457514 0.013235294117647059 0.022222222222222223
3 0.4625 0.32222222222222224 0.013235294117647059 0.022222222222222223
3 0.46654411764705883 0.3137254901960784 0.013970588235294118 0.02091503267973856
4 0.4676470588235294 0.30196078431372547 0.011764705882352941 0.02091503267973856
3 0.46544117647058825 0.2954248366013072 0.008823529411764706 0.01568627450980392
3 0.4698529411764706 0.2901960784313726 0.010294117647058823 0.018300653594771243
3 0.4022058823529412 0.4222222222222222 0.023529411764705882 0.03398692810457516
3 0.41323529411764703 0.3954248366013072 0.01911764705882353 0.03529411764705882
3 0.4202205882352941 0.3790849673202614 0.016911764705882352 0.02875816993464052
3 0.4275735294117647 0.36405228758169933 0.016911764705882352 0.02483660130718954
3 0.43161764705882355 0.34967320261437906 0.016176470588235296 0.02483660130718954
3 0.4360294117647059 0.33790849673202616 0.014705882352941176 0.02483660130718954
3 0.4386029411764706 0.32745098039215687 0.0125 0.022222222222222223
3 0.44632352941176473 0.31699346405228757 0.014705882352941176 0.02483660130718954
3 0.4474264705882353 0.3084967320261438 0.011029411764705883 0.02091503267973856
3 0.4514705882352941 0.3026143790849673 0.010294117647058823 0.01699346405228758
3 0.4525735294117647 0.2954248366013072 0.009558823529411765 0.01568627450980392
3 0.4540441176470588 0.28888888888888886 0.0125 0.01568627450980392
3 0.37022058823529413 0.4189542483660131 0.025735294117647058 0.032679738562091505
3 0.3761029411764706 0.3908496732026144 0.022794117647058822 0.02875816993464052
3 0.39375 0.3764705882352941 0.019852941176470587 0.026143790849673203
3 0.40551470588235294 0.3588235294117647 0.019852941176470587 0.022222222222222223
3 0.3985294117647059 0.3411764705882353 0.01911764705882353 0.026143790849673203
8 0.4183823529411765 0.31633986928104574 0.022058823529411766 0.04967320261437908
3 0.43014705882352944 0.3104575163398693 0.011764705882352941 0.0196078431372549
3 0.4338235294117647 0.3 0.010294117647058823 0.01699346405228758
3 0.4345588235294118 0.29150326797385623 0.011764705882352941 0.01568627450980392
3 0.4400735294117647 0.2326797385620915 0.008088235294117648 0.01045751633986928
3 0.5198529411764706 0.2849673202614379 0.011764705882352941 0.01568627450980392
3 0.5375 0.28431372549019607 0.010294117647058823 0.01699346405228758
3 0.5698529411764706 0.29215686274509806 0.010294117647058823 0.01437908496732026
3 0.5761029411764705 0.3045751633986928 0.011029411764705883 0.018300653594771243
3 0.5768382352941176 0.3183006535947712 0.009558823529411765 0.01699346405228758
8 0.5595588235294118 0.3130718954248366 0.03235294117647059 0.05359477124183006
3 0.5308823529411765 0.32679738562091504 0.014705882352941176 0.02091503267973856
3 0.5172794117647059 0.36209150326797385 0.01838235294117647 0.026143790849673203
3 0.5261029411764706 0.45098039215686275 0.02426470588235294 0.04183006535947712
3 0.6147058823529412 0.4169934640522876 0.020588235294117647 0.03137254901960784
3 0.5900735294117647 0.46862745098039216 0.028676470588235293 0.03790849673202614
3 0.5573529411764706 0.4823529411764706 0.026470588235294117 0.04183006535947712
3 0.5220588235294118 0.538562091503268 0.030882352941176472 0.047058823529411764
3 0.35257352941176473 0.2281045751633987 0.009558823529411765 0.01437908496732026
3 0.5338235294117647 0.6758169934640523 0.04411764705882353 0.07581699346405228
3 0.5952205882352941 0.665359477124183 0.04632352941176471 0.08104575163398693
4 0.6650735294117647 0.5032679738562091 0.04044117647058824 0.054901960784313725
3 0.7275735294117647 0.6326797385620915 0.04338235294117647 0.06535947712418301
3 0.794485294117647 0.7725490196078432 0.07573529411764705 0.10196078431372549
3 0.8661764705882353 0.9261437908496732 0.1 0.1450980392156863
1 0.7551470588235294 0.8771241830065359 0.016176470588235296 0.047058823529411764
9 0.7511029411764706 0.9006535947712418 0.022794117647058822 0.07581699346405228
1 0.7169117647058824 0.7490196078431373 0.01764705882352941 0.05228758169934641
9 0.7132352941176471 0.773202614379085 0.016176470588235296 0.058823529411764705
1 0.6794117647058824 0.6882352941176471 0.01911764705882353 0.043137254901960784
9 0.6761029411764706 0.7058823529411765 0.01838235294117647 0.054901960784313725
1 0.6507352941176471 0.5908496732026144 0.011764705882352941 0.03398692810457516
9 0.6481617647058824 0.6071895424836601 0.013970588235294118 0.048366013071895426
4 0.7080882352941177 0.43137254901960786 0.04411764705882353 0.044444444444444446
3 0.7238970588235294 0.4588235294117647 0.05220588235294118 0.03398692810457516
0 0.6529411764705882 0.4398692810457516 0.010294117647058823 0.03529411764705882
0 0.6801470588235294 0.469281045751634 0.007352941176470588 0.03398692810457516
0 0.9897058823529412 0.7326797385620915 0.016176470588235296 0.06928104575163399
2 0.9713235294117647 0.8065359477124183 0.022058823529411766 0.06274509803921569
0 0.9143382352941176 0.903921568627451 0.016911764705882352 0.09019607843137255
0 0.9323529411764706 0.9274509803921569 0.016176470588235296 0.09019607843137255
0 0.9779411764705882 0.9248366013071896 0.01911764705882353 0.07450980392156863
1 0.9683823529411765 0.9581699346405229 0.025 0.06274509803921569
2 0.9643382352941177 0.9803921568627451 0.025735294117647058 0.0392156862745098
2 0.9514705882352941 0.8980392156862745 0.03676470588235294 0.047058823529411764
2 0.9591911764705883 0.8745098039215686 0.03455882352941177 0.044444444444444446
2 0.9334558823529412 0.85359477124183 0.027205882352941177 0.03398692810457516
2 0.9231617647058824 0.8281045751633986 0.04191176470588235 0.043137254901960784
2 0.9121323529411764 0.8163398692810457 0.03897058823529412 0.043137254901960784
2 0.9058823529411765 0.803921568627451 0.03529411764705882 0.047058823529411764