9 0.6959558823529411 0.9673202614379085 0.03161764705882353 0.06535947712418301
3 0.4889705882352941 0.9836601307189542 0.061764705882352944 0.032679738562091505
9 0.5665441176470588 0.9823529411764705 0.025735294117647058 0.03529411764705882
1 0.5709558823529411 0.9862745098039216 0.019852941176470587 0.027450980392156862
1 0.49522058823529413 0.8320261437908497 0.027205882352941177 0.058823529411764705
2 0.49558823529411766 0.85359477124183 0.045588235294117645 0.07581699346405228
0 0.8536764705882353 0.6947712418300653 0.023529411764705882 0.06928104575163399
1 0.8647058823529412 0.5124183006535947 0.01911764705882353 0.044444444444444446
6 0.8511029411764706 0.5313725490196078 0.06102941176470588 0.058823529411764705
3 0.9540441176470589 0.44575163398692813 0.09044117647058823 0.06797385620915032
1 0.7694852941176471 0.6091503267973856 0.01838235294117647 0.04183006535947712
9 0.7698529411764706 0.6385620915032679 0.041176470588235294 0.03790849673202614
1 0.8047794117647059 0.365359477124183 0.009558823529411765 0.032679738562091505
1 0.794485294117647 0.37516339869281046 0.008088235294117648 0.026143790849673203
9 0.8058823529411765 0.3915032679738562 0.03235294117647059 0.030065359477124184
1 0.6977941176470588 0.4895424836601307 0.01764705882352941 0.043137254901960784
9 0.6977941176470588 0.5104575163398692 0.04264705882352941 0.03790849673202614
0 0.18676470588235294 0.8954248366013072 0.025 0.09673202614379085
0 0.16066176470588237 0.8934640522875817 0.03602941176470588 0.09803921568627451
2 0.15698529411764706 0.9156862745098039 0.03308823529411765 0.07973856209150326
1 0.027941176470588237 0.6836601307189543 0.023529411764705882 0.04183006535947712
0 0.030147058823529412 0.592156862745098 0.013235294117647059 0.07320261437908497
0 0.07352941176470588 0.46797385620915033 0.01764705882352941 0.07320261437908497
1 0.5367647058823529 0.6228758169934641 0.016176470588235296 0.058823529411764705
2 0.5371323529411764 0.6398692810457516 0.04191176470588235 0.058823529411764705
3 0.28713235294117645 0.4647058823529412 0.10955882352941176 0.07712418300653595
4 0.5378676470588235 0.4764705882352941 0.08455882352941177 0.10326797385620914
1 0.5316176470588235 0.47581699346405226 0.011764705882352941 0.03137254901960784
3 0.6393382352941176 0.4235294117647059 0.09338235294117647 0.07320261437908497
1 0.6415441176470589 0.4150326797385621 0.008088235294117648 0.01699346405228758
9 0.7136029411764706 0.2875816993464052 0.015441176470588236 0.036601307189542485
9 0.7073529411764706 0.2803921568627451 0.016176470588235296 0.032679738562091505
9 0.6790441176470589 0.27712418300653596 0.01838235294117647 0.02875816993464052
9 0.6783088235294118 0.26601307189542484 0.013970588235294118 0.03790849673202614
0 0.6702205882352941 0.2568627450980392 0.008088235294117648 0.043137254901960784
1 0.5613970588235294 0.38235294117647056 0.015441176470588236 0.05359477124183006
2 0.5591911764705882 0.3895424836601307 0.03455882352941177 0.03398692810457516
1 0.5786764705882353 0.3300653594771242 0.010294117647058823 0.0457516339869281
9 0.5794117647058824 0.34248366013071896 0.029411764705882353 0.0392156862745098
9 0.6338235294117647 0.19934640522875818 0.01911764705882353 0.027450980392156862
9 0.6077205882352941 0.1954248366013072 0.021323529411764706 0.027450980392156862
3 0.5625 0.1522875816993464 0.023529411764705882 0.043137254901960784
3 0.5125 0.14052287581699346 0.020588235294117647 0.03529411764705882
3 0.5522058823529412 0.09542483660130718 0.01911764705882353 0.03398692810457516
0 0.5213235294117647 0.054901960784313725 0.004411764705882353 0.02875816993464052
0 0.5264705882352941 0.05555555555555555 0.004411764705882353 0.030065359477124184
1 0.5117647058823529 0.026143790849673203 0.0058823529411764705 0.01568627450980392
9 0.5113970588235294 0.036601307189542485 0.003676470588235294 0.013071895424836602
3 0.45588235294117646 0.15163398692810456 0.025 0.044444444444444446
3 0.4488970588235294 0.2529411764705882 0.030147058823529412 0.06143790849673202
3 0.39301470588235293 0.24248366013071895 0.03308823529411765 0.06666666666666667
4 0.40294117647058825 0.17973856209150327 0.03676470588235294 0.09803921568627451
3 0.3889705882352941 0.06928104575163399 0.020588235294117647 0.02875816993464052
3 0.39705882352941174 0.050980392156862744 0.01911764705882353 0.02875816993464052
3 0.40698529411764706 0.023529411764705882 0.016911764705882352 0.02875816993464052
3 0.4117647058823529 0.01437908496732026 0.016176470588235296 0.023529411764705882
3 0.4176470588235294 0.00718954248366013 0.013235294117647059 0.01437908496732026
1 0.43676470588235294 0.006535947712418301 0.004411764705882353 0.01045751633986928
9 0.43713235294117647 0.01699346405228758 0.005147058823529412 0.01568627450980392
1 0.4488970588235294 0.0032679738562091504 0.005147058823529412 0.006535947712418301
9 0.4488970588235294 0.009150326797385621 0.005147058823529412 0.013071895424836602
0 0.37426470588235294 0.03137254901960784 0.004411764705882353 0.02091503267973856
9 0.3694852941176471 0.03594771241830065 0.013970588235294118 0.011764705882352941
2 0.36580882352941174 0.058823529411764705 0.006617647058823529 0.018300653594771243
9 0.3551470588235294 0.07254901960784314 0.014705882352941176 0.01699346405228758
6 0.3452205882352941 0.09934640522875816 0.019852941176470587 0.023529411764705882
9 0.3360294117647059 0.11633986928104575 0.014705882352941176 0.018300653594771243
9 0.34044117647058825 0.11764705882352941 0.014705882352941176 0.01568627450980392
9 0.2823529411764706 0.10522875816993464 0.007352941176470588 0.03790849673202614
0 0.29044117647058826 0.16339869281045752 0.007352941176470588 0.036601307189542485
0 0.2838235294117647 0.16013071895424835 0.0058823529411764705 0.040522875816993466
2 0.2540441176470588 0.169281045751634 0.021323529411764706 0.02483660130718954
2 0.25330882352941175 0.16601307189542483 0.01838235294117647 0.02091503267973856
0 0.28088235294117647 0.24444444444444444 0.007352941176470588 0.0392156862745098
0 0.27426470588235297 0.24313725490196078 0.008823529411764706 0.044444444444444446
9 0.26029411764705884 0.23137254901960785 0.01764705882352941 0.026143790849673203
2 0.25919117647058826 0.22418300653594772 0.015441176470588236 0.032679738562091505
9 0.25919117647058826 0.21633986928104576 0.022794117647058822 0.032679738562091505
9 0.2036764705882353 0.2045751633986928 0.023529411764705882 0.032679738562091505
9 0.21911764705882353 0.2875816993464052 0.025 0.026143790849673203
2 0.2202205882352941 0.2803921568627451 0.021323529411764706 0.02483660130718954
9 0.2011029411764706 0.265359477124183 0.022794117647058822 0.03137254901960784
6 0.20661764705882352 0.3176470588235294 0.022058823529411766 0.054901960784313725
0 0.1577205882352941 0.2261437908496732 0.011029411764705883 0.047058823529411764
0 0.11875 0.23660130718954248 0.013970588235294118 0.04183006535947712
0 0.10919117647058824 0.24444444444444444 0.006617647058823529 0.02875816993464052
6 0.09522058823529411 0.23921568627450981 0.01838235294117647 0.036601307189542485
9 0.06691176470588235 0.22745098039215686 0.023529411764705882 0.026143790849673203
0 0.06066176470588235 0.32679738562091504 0.015441176470588236 0.05751633986928104
0 0.05330882352941176 0.3241830065359477 0.013970588235294118 0.04967320261437908
0 0.04007352941176471 0.3261437908496732 0.015441176470588236 0.05359477124183006
3 0.014338235294117646 0.3084967320261438 0.028676470588235293 0.06535947712418301
0 0.34852941176470587 0.3241830065359477 0.013235294117647059 0.047058823529411764
1 0.2889705882352941 0.37450980392156863 0.013235294117647059 0.043137254901960784
9 0.28823529411764703 0.39215686274509803 0.03235294117647059 0.0392156862745098