3 0.4636029411764706 0.27712418300653596 0.008088235294117648 0.018300653594771243
3 0.47316176470588234 0.27124183006535946 0.005147058823529412 0.01437908496732026
3 0.5727941176470588 0.18169934640522875 0.0058823529411764705 0.013071895424836602
3 0.600735294117647 0.26601307189542484 0.011764705882352941 0.022222222222222223
3 0.6169117647058824 0.28954248366013075 0.010294117647058823 0.022222222222222223
5 0.45955882352941174 0.24444444444444444 0.010294117647058823 0.036601307189542485
5 0.47573529411764703 0.4300653594771242 0.014705882352941176 0.0784313725490196
5 0.48970588235294116 0.4496732026143791 0.013235294117647059 0.036601307189542485
5 0.5058823529411764 0.40588235294117647 0.013235294117647059 0.058823529411764705
5 0.5147058823529411 0.4869281045751634 0.016176470588235296 0.05620915032679739
5 0.5198529411764706 0.5620915032679739 0.020588235294117647 0.10196078431372549
5 0.6481617647058824 0.4084967320261438 0.013970588235294118 0.03529411764705882
3 0.46433823529411766 0.3065359477124183 0.008088235294117648 0.0196078431372549
3 0.4742647058823529 0.29411764705882354 0.007352941176470588 0.02091503267973856
3 0.47058823529411764 0.32745098039215687 0.0058823529411764705 0.02483660130718954
3 0.4713235294117647 0.3607843137254902 0.007352941176470588 0.02091503267973856
3 0.4823529411764706 0.3130718954248366 0.007352941176470588 0.02483660130718954
3 0.4827205882352941 0.338562091503268 0.008088235294117648 0.018300653594771243
3 0.4900735294117647 0.369281045751634 0.008088235294117648 0.030065359477124184
3 0.4875 0.3954248366013072 0.008823529411764706 0.0196078431372549
3 0.4915441176470588 0.4235294117647059 0.006617647058823529 0.026143790849673203
3 0.48566176470588235 0.48366013071895425 0.005147058823529412 0.018300653594771243
3 0.4863970588235294 0.5091503267973856 0.009558823529411765 0.02483660130718954
3 0.4988970588235294 0.4947712418300654 0.008088235294117648 0.030065359477124184
3 0.4985294117647059 0.5261437908496732 0.008823529411764706 0.027450980392156862
3 0.5025735294117647 0.561437908496732 0.008088235294117648 0.032679738562091505
3 0.4915441176470588 0.5732026143790849 0.009558823529411765 0.032679738562091505
3 0.5018382352941176 0.5973856209150327 0.009558823529411765 0.03398692810457516
3 0.5014705882352941 0.64640522875817 0.013235294117647059 0.03529411764705882
3 0.5558823529411765 0.965359477124183 0.01911764705882353 0.0457516339869281
3 0.34705882352941175 0.9019607843137255 0.026470588235294117 0.04183006535947712
3 0.705514705882353 0.9627450980392157 0.016911764705882352 0.043137254901960784
3 0.7952205882352941 0.7673202614379085 0.01838235294117647 0.04183006535947712
3 0.774264705882353 0.6908496732026144 0.01764705882352941 0.032679738562091505
3 0.7386029411764706 0.6490196078431373 0.015441176470588236 0.040522875816993466
3 0.5352941176470588 0.28823529411764703 0.008823529411764706 0.0196078431372549
3 0.4827205882352941 0.234640522875817 0.008088235294117648 0.0196078431372549
3 0.5297794117647059 0.22549019607843138 0.008088235294117648 0.01699346405228758
3 0.5183823529411765 0.7202614379084967 0.010294117647058823 0.036601307189542485
3 0.5316176470588235 0.7091503267973857 0.014705882352941176 0.03529411764705882
3 0.5452205882352941 0.7366013071895425 0.013970588235294118 0.03790849673202614
0 0.5411764705882353 0.711764705882353 0.0058823529411764705 0.01437908496732026
8 0.5371323529411764 0.8098039215686275 0.04338235294117647 0.10065359477124183
3 0.5022058823529412 0.4470588235294118 0.008823529411764706 0.02875816993464052
3 0.4738970588235294 0.24640522875816995 0.011029411764705883 0.022222222222222223
3 0.46838235294117647 0.22875816993464052 0.010294117647058823 0.018300653594771243
3 0.4577205882352941 0.2196078431372549 0.008088235294117648 0.018300653594771243
3 0.4661764705882353 0.21045751633986928 0.008823529411764706 0.013071895424836602
3 0.46397058823529413 0.1934640522875817 0.008823529411764706 0.01568627450980392
3 0.45330882352941176 0.19934640522875818 0.008088235294117648 0.01699346405228758
3 0.46139705882352944 0.17254901960784313 0.008088235294117648 0.023529411764705882
3 0.46911764705882353 0.1542483660130719 0.010294117647058823 0.018300653594771243
3 0.44779411764705884 0.165359477124183 0.008823529411764706 0.01437908496732026
3 0.45073529411764707 0.14705882352941177 0.007352941176470588 0.01699346405228758
3 0.4577205882352941 0.12810457516339868 0.006617647058823529 0.013071895424836602
3 0.4430147058823529 0.134640522875817 0.008088235294117648 0.01568627450980392
3 0.4452205882352941 0.11699346405228758 0.006617647058823529 0.01437908496732026
3 0.45441176470588235 0.10980392156862745 0.007352941176470588 0.01568627450980392
3 0.4455882352941177 0.08758169934640522 0.0058823529411764705 0.013071895424836602
3 0.4441176470588235 0.10261437908496732 0.0058823529411764705 0.011764705882352941
3 0.43970588235294117 0.06601307189542484 0.007352941176470588 0.01699346405228758
3 0.44632352941176473 0.06143790849673202 0.007352941176470588 0.013071895424836602
3 0.4345588235294118 0.048366013071895426 0.0058823529411764705 0.013071895424836602
3 0.44375 0.046405228758169936 0.006617647058823529 0.01437908496732026
3 0.4786764705882353 0.016339869281045753 0.008823529411764706 0.011764705882352941
3 0.46286764705882355 0.1607843137254902 0.006617647058823529 0.013071895424836602
3 0.4319852941176471 0.03333333333333333 0.005147058823529412 0.011764705882352941
3 0.44080882352941175 0.032679738562091505 0.006617647058823529 0.013071895424836602
3 0.4485294117647059 0.01764705882352941 0.0058823529411764705 0.011764705882352941
3 0.44080882352941175 0.01437908496732026 0.006617647058823529 0.013071895424836602
3 0.43419117647058825 0.00522875816993464 0.006617647058823529 0.01045751633986928