1 0.02426470588235294 0.8261437908496732 0.023529411764705882 0.08104575163398693
1 0.006617647058823529 0.807843137254902 0.013235294117647059 0.05751633986928104
3 0.06544117647058824 0.8666666666666667 0.022058823529411766 0.08888888888888889
3 0.33088235294117646 0.8993464052287582 0.06470588235294118 0.20130718954248367
3 0.34191176470588236 0.7189542483660131 0.058823529411764705 0.1542483660130719
3 0.10808823529411765 0.6718954248366014 0.041176470588235294 0.05228758169934641
3 0.35955882352941176 0.5568627450980392 0.04411764705882353 0.10980392156862745
2 0.2349264705882353 0.7496732026143791 0.016911764705882352 0.06928104575163399
9 0.28713235294117645 0.6647058823529411 0.0375 0.0457516339869281
9 0.27426470588235297 0.5712418300653594 0.03235294117647059 0.036601307189542485
9 0.19595588235294117 0.42287581699346405 0.027205882352941177 0.03529411764705882
9 0.2088235294117647 0.4065359477124183 0.027941176470588237 0.036601307189542485
2 0.35441176470588237 0.4620915032679739 0.01764705882352941 0.0457516339869281
3 0.25882352941176473 0.3352941176470588 0.06323529411764706 0.06405228758169934
3 0.3518382352941177 0.4071895424836601 0.06985294117647059 0.07973856209150326
3 0.3860294117647059 0.35490196078431374 0.03235294117647059 0.06666666666666667
3 0.38786764705882354 0.28104575163398693 0.04779411764705882 0.05751633986928104
3 0.2948529411764706 0.25098039215686274 0.04852941176470588 0.05228758169934641
3 0.375 0.2411764705882353 0.03529411764705882 0.06143790849673202
3 0.3966911764705882 0.1954248366013072 0.022794117647058822 0.0457516339869281
2 0.3084558823529412 0.09934640522875816 0.008088235294117648 0.018300653594771243
0 0.35625 0.07712418300653595 0.005147058823529412 0.03137254901960784
1 0.9738970588235294 0.9764705882352941 0.030147058823529412 0.047058823529411764
3 0.7018382352941176 0.8379084967320262 0.07720588235294118 0.16993464052287582
3 0.55625 0.6712418300653594 0.05073529411764706 0.11372549019607843
3 0.46654411764705883 0.4895424836601307 0.04044117647058824 0.10326797385620914
0 0.6915441176470588 0.6372549019607843 0.0125 0.06143790849673202
9 0.7216911764705882 0.6620915032679738 0.04191176470588235 0.048366013071895426
9 0.7205882352941176 0.6490196078431373 0.03529411764705882 0.048366013071895426
2 0.7529411764705882 0.6202614379084967 0.01764705882352941 0.05620915032679739
9 0.7584558823529411 0.43071895424836604 0.028676470588235293 0.027450980392156862
1 0.7345588235294118 0.373202614379085 0.008823529411764706 0.03529411764705882
1 0.7360294117647059 0.3718954248366013 0.013235294117647059 0.043137254901960784
1 0.7404411764705883 0.37254901960784315 0.013235294117647059 0.04183006535947712
0 0.7194852941176471 0.2869281045751634 0.006617647058823529 0.040522875816993466
2 0.731985294117647 0.3137254901960784 0.0125 0.03398692810457516
9 0.7011029411764705 0.3209150326797386 0.0125 0.03529411764705882
9 0.6889705882352941 0.3196078431372549 0.010294117647058823 0.032679738562091505
0 0.6761029411764706 0.361437908496732 0.011029411764705883 0.048366013071895426
0 0.6389705882352941 0.3359477124183007 0.0058823529411764705 0.03137254901960784
0 0.6360294117647058 0.33202614379084966 0.008823529411764706 0.0392156862745098
1 0.555514705882353 0.361437908496732 0.011029411764705883 0.043137254901960784
9 0.5558823529411765 0.36797385620915035 0.014705882352941176 0.03790849673202614
3 0.5639705882352941 0.30196078431372547 0.030882352941176472 0.05228758169934641
0 0.5345588235294118 0.27647058823529413 0.007352941176470588 0.043137254901960784
3 0.3966911764705882 0.12091503267973856 0.01838235294117647 0.03529411764705882
3 0.38198529411764703 0.09673202614379085 0.04338235294117647 0.02875816993464052
4 0.4415441176470588 0.11699346405228758 0.019852941176470587 0.05620915032679739
4 0.3963235294117647 0.0738562091503268 0.016176470588235296 0.040522875816993466
3 0.40294117647058825 0.06535947712418301 0.014705882352941176 0.02875816993464052
3 0.4334558823529412 0.04379084967320261 0.013970588235294118 0.027450980392156862
3 0.39375 0.02483660130718954 0.022794117647058822 0.023529411764705882
4 0.4025735294117647 0.01437908496732026 0.0125 0.02875816993464052
1 0.42867647058823527 0.00522875816993464 0.004411764705882353 0.01045751633986928
9 0.42867647058823527 0.0058823529411764705 0.004411764705882353 0.011764705882352941
3 0.6121323529411765 0.26405228758169935 0.06397058823529411 0.044444444444444446
3 0.6058823529411764 0.2457516339869281 0.052941176470588235 0.04183006535947712
9 0.6044117647058823 0.21764705882352942 0.014705882352941176 0.02483660130718954
2 0.6036764705882353 0.19738562091503267 0.011764705882352941 0.018300653594771243
0 0.6334558823529411 0.21633986928104576 0.006617647058823529 0.030065359477124184
0 0.6448529411764706 0.2169934640522876 0.0058823529411764705 0.03398692810457516
1 0.6536764705882353 0.17973856209150327 0.004411764705882353 0.0196078431372549
9 0.6345588235294117 0.18104575163398692 0.016176470588235296 0.02483660130718954
2 0.6474264705882353 0.16013071895424835 0.006617647058823529 0.01437908496732026
9 0.6463235294117647 0.1522875816993464 0.007352941176470588 0.01437908496732026
3 0.5838235294117647 0.18235294117647058 0.05 0.032679738562091505
3 0.5426470588235294 0.20784313725490197 0.026470588235294117 0.04183006535947712
3 0.5823529411764706 0.13594771241830064 0.029411764705882353 0.0392156862745098
3 0.5727941176470588 0.1542483660130719 0.04852941176470588 0.0392156862745098
3 0.5301470588235294 0.16732026143790849 0.023529411764705882 0.0392156862745098
3 0.524264705882353 0.14444444444444443 0.020588235294117647 0.032679738562091505
1 0.4988970588235294 0.16862745098039217 0.008088235294117648 0.026143790849673203
9 0.49926470588235294 0.1758169934640523 0.007352941176470588 0.027450980392156862
3 0.46691176470588236 0.08366013071895424 0.01764705882352941 0.02875816993464052
3 0.45845588235294116 0.041176470588235294 0.015441176470588236 0.027450980392156862
3 0.45330882352941176 0.018300653594771243 0.013970588235294118 0.023529411764705882
1 0.46691176470588236 0.011111111111111112 0.004411764705882353 0.01437908496732026
9 0.46691176470588236 0.01699346405228758 0.004411764705882353 0.01568627450980392
3 0.5106617647058823 0.10065359477124183 0.019852941176470587 0.03398692810457516
3 0.506985294117647 0.08431372549019608 0.01838235294117647 0.027450980392156862
5 0.5628676470588235 0.10196078431372549 0.028676470588235293 0.0392156862745098
1 0.4852941176470588 0.05947712418300653 0.004411764705882353 0.0196078431372549
2 0.4852941176470588 0.06470588235294118 0.004411764705882353 0.0196078431372549
2 0.4823529411764706 0.03986928104575163 0.004411764705882353 0.0196078431372549
1 0.48198529411764707 0.03725490196078431 0.005147058823529412 0.022222222222222223
3 0.5 0.05555555555555555 0.016176470588235296 0.027450980392156862
3 0.49117647058823527 0.028104575163398694 0.013235294117647059 0.022222222222222223
3 0.47904411764705884 0.01045751633986928 0.013970588235294118 0.02091503267973856
3 0.48933823529411763 0.0058823529411764705 0.0125 0.011764705882352941
3 0.5091911764705882 0.006535947712418301 0.022794117647058822 0.013071895424836602
9 0.5209558823529412 0.03986928104575163 0.011029411764705883 0.01437908496732026
3 0.5158088235294118 0.028104575163398694 0.02426470588235294 0.02483660130718954