9 0.128125 0.5648148148148148 0.020833333333333332 0.025925925925925925
9 0.153125 0.5370370370370371 0.01875 0.014814814814814815
1 0.15520833333333334 0.5342592592592592 0.010416666666666666 0.024074074074074074
0 0.1578125 0.5990740740740741 0.009375 0.03148148148148148
0 0.16979166666666667 0.600925925925926 0.008333333333333333 0.03518518518518519
9 0.4041666666666667 0.712037037037037 0.014583333333333334 0.03148148148148148
3 0.5036458333333333 0.9546296296296296 0.046875 0.08703703703703704
9 0.4296875 0.6972222222222222 0.013541666666666667 0.03888888888888889
0 0.41458333333333336 0.7453703703703703 0.008333333333333333 0.03888888888888889
1 0.4296875 0.687962962962963 0.013541666666666667 0.03518518518518519
1 0.428125 0.6824074074074075 0.0125 0.03888888888888889
2 0.4390625 0.6157407407407407 0.005208333333333333 0.027777777777777776
1 0.4395833333333333 0.6074074074074074 0.00625 0.02962962962962963
3 0.49270833333333336 0.6546296296296297 0.029166666666666667 0.05
3 0.49583333333333335 0.7333333333333333 0.03125 0.06666666666666667
1 0.590625 0.9814814814814815 0.01875 0.03333333333333333
9 0.5572916666666666 0.8574074074074074 0.0125 0.044444444444444446
1 0.5567708333333333 0.8453703703703703 0.011458333333333333 0.046296296296296294
9 0.5802083333333333 0.7907407407407407 0.014583333333333334 0.040740740740740744
1 0.5796875 0.787962962962963 0.011458333333333333 0.03148148148148148
1 0.5817708333333333 0.7805555555555556 0.011458333333333333 0.03888888888888889
9 0.5447916666666667 0.6166666666666667 0.008333333333333333 0.025925925925925925
1 0.5453125 0.6101851851851852 0.007291666666666667 0.03148148148148148
3 0.5458333333333333 0.5888888888888889 0.03958333333333333 0.037037037037037035
4 0.48489583333333336 0.47685185185185186 0.015625 0.03148148148148148
2 0.4734375 0.5388888888888889 0.015625 0.018518518518518517
1 0.4734375 0.5296296296296297 0.009375 0.022222222222222223
9 0.5239583333333333 0.5296296296296297 0.00625 0.018518518518518517
1 0.5234375 0.5231481481481481 0.005208333333333333 0.020370370370370372
9 0.4947916666666667 0.6157407407407407 0.010416666666666666 0.027777777777777776
1 0.49322916666666666 0.6083333333333333 0.009375 0.027777777777777776
9 0.4479166666666667 0.524074074074074 0.00625 0.022222222222222223
1 0.4479166666666667 0.5157407407407407 0.008333333333333333 0.024074074074074074
1 0.5604166666666667 0.5074074074074074 0.00625 0.018518518518518517
1 0.565625 0.5092592592592593 0.00625 0.014814814814814815
0 0.5411458333333333 0.4962962962962963 0.005208333333333333 0.02962962962962963
3 0.5260416666666666 0.41944444444444445 0.029166666666666667 0.020370370370370372
6 0.5390625 0.5009259259259259 0.017708333333333333 0.016666666666666666
6 0.5104166666666666 0.48148148148148145 0.01875 0.014814814814814815
0 0.5052083333333334 0.47685185185185186 0.004166666666666667 0.020370370370370372
3 0.6635416666666667 0.49444444444444446 0.04375 0.02962962962962963
9 0.7088541666666667 0.5296296296296297 0.015625 0.018518518518518517
1 0.7088541666666667 0.524074074074074 0.007291666666666667 0.022222222222222223
9 0.7604166666666666 0.5444444444444444 0.016666666666666666 0.018518518518518517
1 0.7614583333333333 0.5351851851851852 0.008333333333333333 0.022222222222222223
1 0.7661458333333333 0.5398148148148149 0.007291666666666667 0.024074074074074074
9 0.38125 0.4777777777777778 0.010416666666666666 0.011111111111111112
1 0.3807291666666667 0.47314814814814815 0.003125 0.016666666666666666
4 0.39114583333333336 0.46111111111111114 0.019791666666666666 0.03333333333333333
1 0.3859375 0.549074074074074 0.007291666666666667 0.020370370370370372