3 0.49375 0.03137254901960784 0.016911764705882352 0.06274509803921569
0 0.40441176470588236 0.00718954248366013 0.0058823529411764705 0.01437908496732026
3 0.375 0.01699346405228758 0.03676470588235294 0.03398692810457516
3 0.46544117647058825 0.07712418300653595 0.016176470588235296 0.06013071895424837
3 0.46397058823529413 0.30980392156862746 0.014705882352941176 0.06274509803921569
3 0.4915441176470588 0.33398692810457514 0.021323529411764706 0.06666666666666667
3 0.4963235294117647 0.41045751633986927 0.03235294117647059 0.05751633986928104
3 0.43970588235294117 0.434640522875817 0.016176470588235296 0.06928104575163399
3 0.4400735294117647 0.545751633986928 0.016911764705882352 0.06143790849673202
3 0.5463235294117647 0.561437908496732 0.033823529411764704 0.03790849673202614
9 0.513235294117647 0.14901960784313725 0.014705882352941176 0.018300653594771243
0 0.4834558823529412 0.10392156862745099 0.003676470588235294 0.01699346405228758
0 0.4875 0.10588235294117647 0.0029411764705882353 0.013071895424836602
3 0.37426470588235294 0.07254901960784314 0.03529411764705882 0.032679738562091505
0 0.37573529411764706 0.08627450980392157 0.004411764705882353 0.013071895424836602
0 0.4091911764705882 0.15947712418300652 0.005147058823529412 0.013071895424836602
0 0.37720588235294117 0.1542483660130719 0.03529411764705882 0.023529411764705882
0 0.39595588235294116 0.17712418300653596 0.005147058823529412 0.01437908496732026
0 0.39558823529411763 0.1607843137254902 0.004411764705882353 0.013071895424836602
0 0.40183823529411766 0.22679738562091503 0.003676470588235294 0.009150326797385621
9 0.47904411764705884 0.16862745098039217 0.005147058823529412 0.02091503267973856
1 0.47941176470588237 0.16732026143790849 0.0058823529411764705 0.01568627450980392
9 0.47941176470588237 0.21895424836601307 0.004411764705882353 0.022222222222222223
1 0.4786764705882353 0.21830065359477124 0.004411764705882353 0.013071895424836602
9 0.4227941176470588 0.2411764705882353 0.007352941176470588 0.02483660130718954
1 0.4227941176470588 0.23921568627450981 0.0058823529411764705 0.018300653594771243
3 0.40551470588235294 0.34183006535947713 0.013970588235294118 0.06405228758169934
3 0.5415441176470588 0.4477124183006536 0.03602941176470588 0.03529411764705882
9 0.5665441176470588 0.45816993464052286 0.008088235294117648 0.0196078431372549
3 0.5393382352941176 0.5071895424836601 0.0375 0.044444444444444446
3 0.4430147058823529 0.6803921568627451 0.015441176470588236 0.06666666666666667
3 0.3790441176470588 0.5830065359477125 0.030147058823529412 0.03398692810457516
1 0.32316176470588237 0.28954248366013075 0.008088235294117648 0.009150326797385621
0 0.3426470588235294 0.28104575163398693 0.004411764705882353 0.013071895424836602
0 0.3466911764705882 0.2751633986928105 0.005147058823529412 0.011764705882352941
9 0.5672794117647059 0.3483660130718954 0.005147058823529412 0.022222222222222223
6 0.4213235294117647 0.6509803921568628 0.0058823529411764705 0.023529411764705882
1 0.42169117647058824 0.6522875816993464 0.005147058823529412 0.013071895424836602
3 0.4102941176470588 0.8032679738562092 0.01764705882352941 0.06666666666666667
3 0.4470588235294118 0.8601307189542484 0.016176470588235296 0.06535947712418301
0 0.5408088235294117 0.673202614379085 0.005147058823529412 0.013071895424836602
0 0.5514705882352942 0.6856209150326797 0.0058823529411764705 0.009150326797385621
9 0.5448529411764705 0.6222222222222222 0.013235294117647059 0.00784313725490196
9 0.5426470588235294 0.630718954248366 0.011764705882352941 0.009150326797385621
9 0.5441176470588235 0.6058823529411764 0.011764705882352941 0.009150326797385621
9 0.5466911764705882 0.5934640522875817 0.0125 0.00784313725490196
9 0.5338235294117647 0.7150326797385621 0.013235294117647059 0.013071895424836602
9 0.5360294117647059 0.7764705882352941 0.013235294117647059 0.01045751633986928
0 0.5176470588235295 0.7928104575163398 0.0058823529411764705 0.011764705882352941
3 0.6610294117647059 0.8222222222222222 0.03676470588235294 0.03137254901960784
0 0.6400735294117647 0.8522875816993464 0.006617647058823529 0.013071895424836602
6 0.7040441176470589 0.7934640522875817 0.008088235294117648 0.03398692810457516
3 0.7308823529411764 0.7797385620915033 0.023529411764705882 0.050980392156862744
3 0.7698529411764706 0.7928104575163398 0.03529411764705882 0.058823529411764705
3 0.7977941176470589 0.7862745098039216 0.03235294117647059 0.05620915032679739
3 0.8672794117647059 0.7738562091503268 0.016911764705882352 0.06535947712418301
4 0.9088235294117647 0.7843137254901961 0.022058823529411766 0.05751633986928104
3 0.9371323529411765 0.7888888888888889 0.022794117647058822 0.06143790849673202
3 0.9602941176470589 0.7823529411764706 0.026470588235294117 0.06405228758169934
3 0.7452205882352941 0.9267973856209151 0.03161764705882353 0.03137254901960784
3 0.6738970588235295 0.9339869281045752 0.04044117647058824 0.027450980392156862
3 0.8378676470588236 0.9254901960784314 0.03455882352941177 0.0392156862745098
3 0.8378676470588236 0.9633986928104575 0.030147058823529412 0.02875816993464052
3 0.9430147058823529 0.9228758169934641 0.0375 0.04183006535947712
3 0.9797794117647058 0.9267973856209151 0.02426470588235294 0.02875816993464052
0 0.95 0.9535947712418301 0.0058823529411764705 0.009150326797385621
9 0.9360294117647059 0.9725490196078431 0.004411764705882353 0.02091503267973856
6 0.8852941176470588 0.9379084967320261 0.020588235294117647 0.02483660130718954
9 0.899264705882353 0.930718954248366 0.010294117647058823 0.02091503267973856
9 0.8555147058823529 0.9450980392156862 0.013970588235294118 0.013071895424836602
9 0.8073529411764706 0.9215686274509803 0.011764705882352941 0.02091503267973856
0 0.8371323529411765 0.842483660130719 0.008088235294117648 0.009150326797385621
0 0.8132352941176471 0.8607843137254902 0.007352941176470588 0.011764705882352941
0 0.8022058823529412 0.8392156862745098 0.008823529411764706 0.00784313725490196
0 0.7941176470588235 0.8307189542483661 0.007352941176470588 0.009150326797385621
0 0.7904411764705882 0.838562091503268 0.007352941176470588 0.009150326797385621
0 0.7915441176470588 0.8450980392156863 0.008088235294117648 0.011764705882352941
9 0.5286764705882353 0.9019607843137255 0.013235294117647059 0.01045751633986928
1 0.5283088235294118 0.9013071895424837 0.005147058823529412 0.011764705882352941
0 0.5084558823529411 0.8372549019607843 0.005147058823529412 0.011764705882352941
0 0.50625 0.8457516339869281 0.005147058823529412 0.01045751633986928
3 0.5033088235294118 0.9627450980392157 0.013970588235294118 0.0718954248366013
0 0.3573529411764706 0.9823529411764705 0.0058823529411764705 0.01437908496732026
3 0.3047794117647059 0.9705882352941176 0.03455882352941177 0.058823529411764705
0 0.3088235294117647 0.9947712418300654 0.0058823529411764705 0.00784313725490196
3 0.21470588235294116 0.9137254901960784 0.03676470588235294 0.026143790849673203
3 0.23345588235294118 0.9751633986928104 0.03308823529411765 0.04967320261437908
3 0.20220588235294118 0.9790849673202614 0.03235294117647059 0.04183006535947712
3 0.17058823529411765 0.9830065359477124 0.03235294117647059 0.03398692810457516
4 0.15919117647058822 0.9575163398692811 0.05220588235294118 0.06143790849673202
9 0.14816176470588235 0.9921568627450981 0.006617647058823529 0.01568627450980392
3 0.11470588235294117 0.9777777777777777 0.020588235294117647 0.044444444444444446
9 0.09485294117647058 0.9856209150326798 0.011764705882352941 0.02875816993464052
9 0.020588235294117647 0.9797385620915032 0.007352941176470588 0.02483660130718954