1 0.059375 0.4212962962962963 0.008333333333333333 0.027777777777777776
0 0.03229166666666667 0.425 0.0125 0.03518518518518519
1 0.011458333333333333 0.4212962962962963 0.008333333333333333 0.027777777777777776
1 0.018229166666666668 0.4212962962962963 0.009375 0.027777777777777776
0 0.07552083333333333 0.48148148148148145 0.013541666666666667 0.025925925925925925
1 0.065625 0.4935185185185185 0.010416666666666666 0.027777777777777776
1 0.022916666666666665 0.7564814814814815 0.0125 0.03148148148148148
0 0.08958333333333333 0.5842592592592593 0.010416666666666666 0.03148148148148148
0 0.09166666666666666 0.6018518518518519 0.008333333333333333 0.03333333333333333
0 0.0078125 0.8537037037037037 0.015625 0.06296296296296296
1 0.016145833333333335 0.8546296296296296 0.013541666666666667 0.024074074074074074
0 0.057291666666666664 0.9842592592592593 0.010416666666666666 0.03148148148148148
0 0.08020833333333334 0.9611111111111111 0.014583333333333334 0.07777777777777778
0 0.1546875 0.737037037037037 0.011458333333333333 0.05925925925925926
0 0.178125 0.7046296296296296 0.0125 0.06111111111111111
1 0.1421875 0.6898148148148148 0.015625 0.04259259259259259
1 0.228125 0.6888888888888889 0.010416666666666666 0.025925925925925925
0 0.2046875 0.6444444444444445 0.009375 0.02962962962962963
0 0.125 0.5814814814814815 0.008333333333333333 0.03333333333333333
0 0.12447916666666667 0.5166666666666667 0.011458333333333333 0.037037037037037035
0 0.17708333333333334 0.5564814814814815 0.010416666666666666 0.03888888888888889
0 0.16614583333333333 0.5583333333333333 0.011458333333333333 0.04259259259259259
0 0.1609375 0.5231481481481481 0.009375 0.03888888888888889
0 0.2140625 0.5259259259259259 0.007291666666666667 0.044444444444444446
1 0.2046875 0.5277777777777778 0.009375 0.02962962962962963
0 0.1265625 0.4703703703703704 0.009375 0.037037037037037035
0 0.14479166666666668 0.4685185185185185 0.008333333333333333 0.03333333333333333
0 0.1171875 0.412962962962963 0.009375 0.03333333333333333
0 0.146875 0.4083333333333333 0.010416666666666666 0.03148148148148148
0 0.16145833333333334 0.40185185185185185 0.008333333333333333 0.02962962962962963
9 0.1546875 0.4148148148148148 0.009375 0.022222222222222223
0 0.2015625 0.4351851851851852 0.007291666666666667 0.03333333333333333
0 0.22395833333333334 0.45 0.010416666666666666 0.03333333333333333
0 0.2375 0.4462962962962963 0.010416666666666666 0.037037037037037035
0 0.24947916666666667 0.4537037037037037 0.005208333333333333 0.022222222222222223
0 0.2520833333333333 0.44814814814814813 0.00625 0.02962962962962963
0 0.23125 0.47962962962962963 0.010416666666666666 0.037037037037037035
3 0.25416666666666665 0.4888888888888889 0.025 0.03333333333333333
9 0.26666666666666666 0.4898148148148148 0.020833333333333332 0.027777777777777776
9 0.3385416666666667 0.5148148148148148 0.022916666666666665 0.037037037037037035
7 0.2833333333333333 0.49444444444444446 0.029166666666666667 0.03333333333333333
0 0.27239583333333334 0.4722222222222222 0.007291666666666667 0.02962962962962963
0 0.31979166666666664 0.47314814814814815 0.008333333333333333 0.03518518518518519
1 0.3015625 0.4527777777777778 0.009375 0.027777777777777776
1 0.30520833333333336 0.4462962962962963 0.00625 0.02962962962962963
1 0.3125 0.44537037037037036 0.008333333333333333 0.027777777777777776
1 0.3171875 0.44074074074074077 0.007291666666666667 0.02962962962962963
1 0.32447916666666665 0.4388888888888889 0.009375 0.02962962962962963
9 0.33697916666666666 0.4351851851851852 0.013541666666666667 0.022222222222222223
1 0.2942708333333333 0.5277777777777778 0.011458333333333333 0.022222222222222223
1 0.31614583333333335 0.5416666666666666 0.011458333333333333 0.027777777777777776
1 0.3125 0.5722222222222222 0.014583333333333334 0.02962962962962963
0 0.303125 0.5861111111111111 0.00625 0.03888888888888889
0 0.271875 0.5898148148148148 0.010416666666666666 0.03518518518518519
9 0.45729166666666665 0.3611111111111111 0.00625 0.022222222222222223
9 0.446875 0.3611111111111111 0.008333333333333333 0.022222222222222223
9 0.425 0.4148148148148148 0.0125 0.022222222222222223
1 0.4244791666666667 0.40370370370370373 0.009375 0.025925925925925925
1 0.4510416666666667 0.4148148148148148 0.008333333333333333 0.025925925925925925
9 0.4822916666666667 0.44166666666666665 0.014583333333333334 0.024074074074074074
7 0.3958333333333333 0.48055555555555557 0.014583333333333334 0.04259259259259259
7 0.41458333333333336 0.46574074074074073 0.0125 0.04259259259259259
4 0.446875 0.48518518518518516 0.04583333333333333 0.05925925925925926
0 0.4270833333333333 0.5370370370370371 0.010416666666666666 0.044444444444444446
0 0.4635416666666667 0.5351851851851852 0.008333333333333333 0.044444444444444446
2 0.4671875 0.5453703703703704 0.011458333333333333 0.03148148148148148
0 0.3619791666666667 0.6351851851851852 0.017708333333333333 0.04814814814814815
1 0.4083333333333333 0.6296296296296297 0.0125 0.03333333333333333
1 0.403125 0.6166666666666667 0.0125 0.037037037037037035
0 0.4270833333333333 0.6148148148148148 0.0125 0.044444444444444446
0 0.4401041666666667 0.6388888888888888 0.009375 0.05555555555555555
0 0.45677083333333335 0.5962962962962963 0.007291666666666667 0.037037037037037035
0 0.5104166666666666 0.6314814814814815 0.0125 0.04814814814814815
0 0.521875 0.6175925925925926 0.010416666666666666 0.05740740740740741
0 0.5328125 0.6148148148148148 0.013541666666666667 0.05555555555555555
7 0.478125 0.5083333333333333 0.03125 0.05740740740740741
7 0.5052083333333334 0.5305555555555556 0.035416666666666666 0.05740740740740741
3 0.546875 0.4861111111111111 0.06041666666666667 0.046296296296296294
6 0.6427083333333333 0.5888888888888889 0.035416666666666666 0.037037037037037035
0 0.6166666666666667 0.6055555555555555 0.00625 0.04814814814814815
1 0.6119791666666666 0.6212962962962963 0.005208333333333333 0.03148148148148148
1 0.6072916666666667 0.6175925925925926 0.008333333333333333 0.046296296296296294
9 0.6109375 0.6324074074074074 0.017708333333333333 0.03888888888888889
9 0.5822916666666667 0.6361111111111111 0.035416666666666666 0.04259259259259259
0 0.5729166666666666 0.6787037037037037 0.014583333333333334 0.05740740740740741
1 0.6119791666666666 0.9805555555555555 0.023958333333333335 0.03888888888888889
1 0.6916666666666667 0.6277777777777778 0.010416666666666666 0.05185185185185185
9 0.6901041666666666 0.6333333333333333 0.030208333333333334 0.03333333333333333
9 0.6192708333333333 0.674074074074074 0.034375 0.037037037037037035
9 0.6322916666666667 0.6935185185185185 0.035416666666666666 0.04259259259259259
9 0.6583333333333333 0.7333333333333333 0.04375 0.04814814814814815
9 0.7265625 0.8611111111111112 0.04479166666666667 0.04814814814814815
9 0.7328125 0.9009259259259259 0.053125 0.046296296296296294
9 0.7453125 0.9333333333333333 0.042708333333333334 0.044444444444444446