1 0.3911764705882353 0.930718954248366 0.020588235294117647 0.08104575163398693
9 0.3915441176470588 0.9522875816993464 0.021323529411764706 0.08235294117647059
1 0.18860294117647058 0.8529411764705882 0.022794117647058822 0.06405228758169934
6 0.18713235294117647 0.8647058823529412 0.022794117647058822 0.06666666666666667
6 0.18382352941176472 0.9006535947712418 0.030882352941176472 0.08104575163398693
0 0.23676470588235293 0.8150326797385621 0.01911764705882353 0.08496732026143791
0 0.09779411764705882 0.7215686274509804 0.030882352941176472 0.07581699346405228
3 0.14705882352941177 0.7300653594771241 0.07647058823529412 0.10588235294117647
3 0.10294117647058823 0.6052287581699346 0.12352941176470589 0.07058823529411765
3 0.12610294117647058 0.5575163398692811 0.11397058823529412 0.0718954248366013
3 0.15845588235294117 0.49607843137254903 0.10514705882352941 0.050980392156862744
3 0.18933823529411764 0.45555555555555555 0.09632352941176471 0.050980392156862744
0 0.34448529411764706 0.3915032679738562 0.006617647058823529 0.030065359477124184
1 0.33455882352941174 0.3718954248366013 0.007352941176470588 0.02483660130718954
7 0.33088235294117646 0.37450980392156863 0.016176470588235296 0.043137254901960784
1 0.4363970588235294 0.365359477124183 0.009558823529411765 0.03529411764705882
2 0.4363970588235294 0.373202614379085 0.021323529411764706 0.02483660130718954
0 0.3422794117647059 0.30392156862745096 0.006617647058823529 0.030065359477124184
8 0.33088235294117646 0.269281045751634 0.030882352941176472 0.06013071895424837
3 0.33308823529411763 0.22679738562091503 0.033823529411764704 0.02483660130718954
3 0.4139705882352941 0.23986928104575164 0.014705882352941176 0.02483660130718954
3 0.3628676470588235 0.2196078431372549 0.013970588235294118 0.023529411764705882
0 0.3790441176470588 0.23006535947712417 0.005147058823529412 0.018300653594771243
0 0.38382352941176473 0.22875816993464052 0.0029411764705882353 0.018300653594771243
0 0.3863970588235294 0.22941176470588234 0.003676470588235294 0.0196078431372549
3 0.3738970588235294 0.19477124183006536 0.013970588235294118 0.018300653594771243
3 0.36911764705882355 0.19019607843137254 0.027941176470588237 0.01699346405228758
3 0.3636029411764706 0.17320261437908496 0.02426470588235294 0.011764705882352941
3 0.37720588235294117 0.18627450980392157 0.010294117647058823 0.0196078431372549
0 0.3830882352941177 0.17058823529411765 0.0029411764705882353 0.01437908496732026
0 0.3952205882352941 0.16339869281045752 0.0022058823529411764 0.013071895424836602
1 0.9459558823529411 0.8137254901960784 0.02426470588235294 0.048366013071895426
2 0.944485294117647 0.838562091503268 0.02426470588235294 0.07450980392156863
3 0.9540441176470589 0.6228758169934641 0.09191176470588236 0.06666666666666667
4 0.9356617647058824 0.565359477124183 0.0875 0.07973856209150326
1 0.9294117647058824 0.4418300653594771 0.013235294117647059 0.02875816993464052
1 0.893014705882353 0.4326797385620915 0.0125 0.0392156862745098
2 0.8919117647058824 0.44248366013071894 0.010294117647058823 0.032679738562091505
3 0.8705882352941177 0.5032679738562091 0.08970588235294118 0.06013071895424837
5 0.85 0.5333333333333333 0.10735294117647058 0.07058823529411765
3 0.7599264705882353 0.48823529411764705 0.04632352941176471 0.058823529411764705
3 0.8253676470588235 0.45294117647058824 0.07426470588235294 0.05359477124183006
1 0.7669117647058824 0.5758169934640522 0.008823529411764706 0.027450980392156862
1 0.7647058823529411 0.5699346405228758 0.010294117647058823 0.03398692810457516
9 0.7636029411764705 0.5790849673202615 0.01838235294117647 0.04183006535947712
1 0.6264705882352941 0.46797385620915033 0.010294117647058823 0.036601307189542485
9 0.625 0.477124183006536 0.011764705882352941 0.04183006535947712
1 0.7191176470588235 0.4143790849673203 0.010294117647058823 0.0392156862745098
6 0.7235294117647059 0.42287581699346405 0.03529411764705882 0.03529411764705882
1 0.61875 0.35228758169934643 0.008088235294117648 0.027450980392156862
9 0.6183823529411765 0.36405228758169933 0.013235294117647059 0.03790849673202614
2 0.6794117647058824 0.3542483660130719 0.020588235294117647 0.026143790849673203
1 0.674264705882353 0.3464052287581699 0.007352941176470588 0.02875816993464052
1 0.6794117647058824 0.34705882352941175 0.010294117647058823 0.030065359477124184
0 0.7227941176470588 0.338562091503268 0.008823529411764706 0.03398692810457516
0 0.7202205882352941 0.33137254901960783 0.009558823529411765 0.03529411764705882
0 0.7091911764705883 0.31437908496732025 0.006617647058823529 0.030065359477124184
0 0.6886029411764706 0.2980392156862745 0.005147058823529412 0.023529411764705882
3 0.6503676470588236 0.3137254901960784 0.03455882352941177 0.03137254901960784
1 0.5224264705882353 0.2581699346405229 0.005147058823529412 0.0196078431372549
9 0.5224264705882353 0.26209150326797387 0.005147058823529412 0.0196078431372549
3 0.5272058823529412 0.24052287581699347 0.016176470588235296 0.023529411764705882
3 0.42426470588235293 0.1588235294117647 0.008823529411764706 0.01437908496732026
3 0.506985294117647 0.20261437908496732 0.0125 0.018300653594771243
3 0.5014705882352941 0.18888888888888888 0.011764705882352941 0.0196078431372549
3 0.4852941176470588 0.1869281045751634 0.011764705882352941 0.018300653594771243
3 0.47058823529411764 0.1980392156862745 0.011764705882352941 0.01699346405228758
3 0.425 0.1450980392156863 0.007352941176470588 0.013071895424836602
3 0.4290441176470588 0.1326797385620915 0.009558823529411765 0.011764705882352941
3 0.4294117647058823 0.12418300653594772 0.007352941176470588 0.01045751633986928
3 0.4389705882352941 0.11503267973856209 0.0058823529411764705 0.01045751633986928
4 0.4540441176470588 0.08300653594771241 0.003676470588235294 0.006535947712418301
0 0.4797794117647059 0.16797385620915034 0.0022058823529411764 0.01437908496732026
3 0.48970588235294116 0.15490196078431373 0.008823529411764706 0.01437908496732026
3 0.48125 0.13529411764705881 0.006617647058823529 0.011764705882352941
3 0.46838235294117647 0.11372549019607843 0.004411764705882353 0.00784313725490196
3 0.47095588235294117 0.10522875816993464 0.003676470588235294 0.006535947712418301
3 0.46838235294117647 0.14967320261437908 0.008823529411764706 0.01437908496732026
3 0.46911764705882353 0.1261437908496732 0.007352941176470588 0.009150326797385621
4 0.4625 0.14248366013071895 0.007352941176470588 0.013071895424836602
4 0.46654411764705883 0.13856209150326798 0.006617647058823529 0.013071895424836602
4 0.46286764705882355 0.13398692810457516 0.006617647058823529 0.011764705882352941
3 0.45955882352941174 0.12549019607843137 0.0058823529411764705 0.00784313725490196
3 0.625 0.29215686274509806 0.030882352941176472 0.032679738562091505
6 0.6132352941176471 0.2803921568627451 0.020588235294117647 0.022222222222222223
3 0.6029411764705882 0.26862745098039215 0.01764705882352941 0.02483660130718954
9 0.6095588235294118 0.24705882352941178 0.013235294117647059 0.01568627450980392
9 0.6036764705882353 0.238562091503268 0.013235294117647059 0.01437908496732026
0 0.5797794117647059 0.25163398692810457 0.005147058823529412 0.02483660130718954
3 0.5926470588235294 0.25555555555555554 0.01764705882352941 0.02483660130718954
3 0.5830882352941177 0.24313725490196078 0.01911764705882353 0.023529411764705882
4 0.5786764705882353 0.22679738562091503 0.016176470588235296 0.027450980392156862
4 0.5654411764705882 0.2150326797385621 0.011764705882352941 0.02483660130718954
4 0.5610294117647059 0.20326797385620915 0.010294117647058823 0.022222222222222223
3 0.5529411764705883 0.2 0.011764705882352941 0.018300653594771243
4 0.5466911764705882 0.19019607843137254 0.011029411764705883 0.022222222222222223
3 0.5305147058823529 0.14575163398692811 0.015441176470588236 0.011764705882352941
3 0.518014705882353 0.1477124183006536 0.009558823529411765 0.013071895424836602
0 0.5297794117647059 0.1738562091503268 0.003676470588235294 0.018300653594771243
3 0.5433823529411764 0.18169934640522875 0.023529411764705882 0.01568627450980392
3 0.5459558823529411 0.17647058823529413 0.021323529411764706 0.01568627450980392
3 0.5341911764705882 0.16993464052287582 0.009558823529411765 0.013071895424836602
3 0.5297794117647059 0.165359477124183 0.009558823529411765 0.01437908496732026
3 0.5283088235294118 0.1568627450980392 0.013970588235294118 0.01045751633986928