3 0.05588235294117647 0.9549019607843138 0.08529411764705883 0.09019607843137255
3 0.4213235294117647 0.7235294117647059 0.047058823529411764 0.12156862745098039
3 0.6279411764705882 0.626797385620915 0.041176470588235294 0.0718954248366013
3 0.6143382352941177 0.545751633986928 0.0375 0.06143790849673202
3 0.4724264705882353 0.3457516339869281 0.021323529411764706 0.040522875816993466
3 0.46433823529411766 0.25163398692810457 0.016911764705882352 0.030065359477124184
3 0.4834558823529412 0.23071895424836603 0.015441176470588236 0.027450980392156862
3 0.4863970588235294 0.19281045751633988 0.013970588235294118 0.02483660130718954
3 0.5091911764705882 0.11699346405228758 0.011029411764705883 0.01437908496732026
3 0.49375 0.11045751633986928 0.011029411764705883 0.01437908496732026
3 0.5272058823529412 0.14705882352941177 0.011764705882352941 0.01699346405228758
3 0.5121323529411764 0.26666666666666666 0.016911764705882352 0.03398692810457516
3 0.5959558823529412 0.42483660130718953 0.02426470588235294 0.04183006535947712
3 0.5481617647058824 0.2803921568627451 0.03897058823529412 0.032679738562091505
3 0.5786764705882353 0.3562091503267974 0.020588235294117647 0.040522875816993466
3 0.5753676470588235 0.330718954248366 0.021323529411764706 0.03137254901960784
3 0.569485294117647 0.30718954248366015 0.021323529411764706 0.03398692810457516
2 0.9308823529411765 0.9065359477124183 0.039705882352941174 0.0457516339869281
9 0.8952205882352942 0.8379084967320262 0.04044117647058824 0.04183006535947712
9 0.8904411764705882 0.8111111111111111 0.03823529411764706 0.03790849673202614
3 0.8047794117647059 0.7339869281045751 0.05514705882352941 0.09803921568627451
3 0.8419117647058824 0.6385620915032679 0.08235294117647059 0.06143790849673202
0 0.8911764705882353 0.6084967320261437 0.013235294117647059 0.050980392156862744
0 0.8761029411764706 0.5751633986928104 0.011029411764705883 0.044444444444444446
9 0.850735294117647 0.7320261437908496 0.026470588235294117 0.05228758169934641
1 0.6544117647058824 0.7856209150326797 0.016176470588235296 0.06013071895424837
2 0.6533088235294118 0.8 0.015441176470588236 0.054901960784313725
1 0.5533088235294118 0.3209150326797386 0.006617647058823529 0.02483660130718954
9 0.5544117647058824 0.3281045751633987 0.008823529411764706 0.023529411764705882
3 0.5595588235294118 0.24705882352941178 0.016176470588235296 0.026143790849673203
3 0.5566176470588236 0.22483660130718955 0.014705882352941176 0.023529411764705882
3 0.5529411764705883 0.20588235294117646 0.013235294117647059 0.0196078431372549
3 0.5455882352941176 0.19084967320261437 0.014705882352941176 0.023529411764705882
3 0.5470588235294118 0.1784313725490196 0.013235294117647059 0.0196078431372549
3 0.5466911764705882 0.16013071895424835 0.01838235294117647 0.01699346405228758
3 0.8191176470588235 0.5830065359477125 0.08529411764705883 0.06013071895424837
3 0.81875 0.5607843137254902 0.07573529411764705 0.05228758169934641
3 0.7165441176470588 0.5117647058823529 0.0375 0.050980392156862744
3 0.7 0.46143790849673205 0.030882352941176472 0.047058823529411764
4 0.6863970588235294 0.4196078431372549 0.03161764705882353 0.047058823529411764
3 0.6680147058823529 0.3862745098039216 0.02426470588235294 0.03790849673202614
3 0.6569852941176471 0.3562091503267974 0.021323529411764706 0.032679738562091505
3 0.649264705882353 0.3287581699346405 0.01911764705882353 0.030065359477124184
3 0.8533088235294117 0.5509803921568628 0.008088235294117648 0.048366013071895426
0 0.8647058823529412 0.5751633986928104 0.011764705882352941 0.044444444444444446
3 0.8621323529411765 0.5725490196078431 0.006617647058823529 0.03398692810457516
4 0.1213235294117647 0.8058823529411765 0.06911764705882353 0.13725490196078433
1 0.20772058823529413 0.6947712418300653 0.011029411764705883 0.040522875816993466
9 0.20955882352941177 0.7163398692810458 0.01764705882352941 0.036601307189542485
2 0.20183823529411765 0.4888888888888889 0.016911764705882352 0.03398692810457516
3 0.2452205882352941 0.5366013071895425 0.04191176470588235 0.0718954248366013
0 0.2650735294117647 0.534640522875817 0.0125 0.047058823529411764
0 0.2757352941176471 0.43790849673202614 0.010294117647058823 0.04183006535947712
3 0.3790441176470588 0.3359477124183007 0.025735294117647058 0.0392156862745098
6 0.2139705882352941 0.4745098039215686 0.03529411764705882 0.03398692810457516
9 0.18676470588235294 0.4496732026143791 0.020588235294117647 0.02875816993464052
9 0.1922794117647059 0.43790849673202614 0.021323529411764706 0.02875816993464052
9 0.20330882352941176 0.42287581699346405 0.019852941176470587 0.022222222222222223
9 0.1988970588235294 0.3980392156862745 0.01838235294117647 0.022222222222222223
0 0.21691176470588236 0.4222222222222222 0.007352941176470588 0.03137254901960784
0 0.2139705882352941 0.4196078431372549 0.0058823529411764705 0.02875816993464052
0 0.19558823529411765 0.3941176470588235 0.007352941176470588 0.027450980392156862
3 0.4389705882352941 0.23594771241830065 0.01764705882352941 0.030065359477124184
3 0.38823529411764707 0.30392156862745096 0.020588235294117647 0.032679738562091505
3 0.4125 0.1588235294117647 0.013235294117647059 0.022222222222222223
0 0.40808823529411764 0.14444444444444443 0.004411764705882353 0.0196078431372549
3 0.4209558823529412 0.1326797385620915 0.011029411764705883 0.0196078431372549
1 0.4764705882352941 0.11830065359477124 0.004411764705882353 0.009150326797385621
9 0.4764705882352941 0.12679738562091503 0.004411764705882353 0.00784313725490196
9 0.4698529411764706 0.1450980392156863 0.004411764705882353 0.01045751633986928
9 0.46801470588235294 0.1411764705882353 0.003676470588235294 0.01045751633986928
9 0.46139705882352944 0.13529411764705881 0.005147058823529412 0.009150326797385621
9 0.4716911764705882 0.1261437908496732 0.003676470588235294 0.009150326797385621
1 0.4621323529411765 0.12810457516339868 0.005147058823529412 0.01045751633986928
1 0.47205882352941175 0.11960784313725491 0.004411764705882353 0.009150326797385621
1 0.47058823529411764 0.13856209150326798 0.004411764705882353 0.00784313725490196
1 0.46838235294117647 0.13398692810457516 0.004411764705882353 0.009150326797385621
3 0.47904411764705884 0.1130718954248366 0.009558823529411765 0.01437908496732026
1 0.5235294117647059 0.1084967320261438 0.004411764705882353 0.01045751633986928
1 0.5268382352941177 0.11176470588235295 0.003676470588235294 0.009150326797385621
1 0.5316176470588235 0.1084967320261438 0.004411764705882353 0.00784313725490196
9 0.53125 0.11437908496732026 0.003676470588235294 0.009150326797385621
9 0.5268382352941177 0.11633986928104575 0.005147058823529412 0.00784313725490196
9 0.5227941176470589 0.11503267973856209 0.004411764705882353 0.01045751633986928
3 0.6628676470588235 0.3058823529411765 0.04338235294117647 0.026143790849673203
3 0.6588235294117647 0.29215686274509806 0.04852941176470588 0.027450980392156862
3 0.6591911764705882 0.2856209150326797 0.05808823529411765 0.027450980392156862
3 0.6591911764705882 0.27450980392156865 0.05514705882352941 0.026143790849673203
3 0.6613970588235294 0.26405228758169935 0.05220588235294118 0.026143790849673203
9 0.5779411764705882 0.25882352941176473 0.004411764705882353 0.018300653594771243
3 0.47904411764705884 0.0934640522875817 0.008088235294117648 0.011764705882352941
3 0.5080882352941176 0.0869281045751634 0.007352941176470588 0.011764705882352941
4 0.49375 0.07124183006535947 0.006617647058823529 0.01437908496732026
3 0.5095588235294117 0.07712418300653595 0.0058823529411764705 0.01045751633986928
3 0.5058823529411764 0.06601307189542484 0.007352941176470588 0.011764705882352941
3 0.5275735294117647 0.0784313725490196 0.008088235294117648 0.013071895424836602
3 0.5261029411764706 0.06862745098039216 0.006617647058823529 0.011764705882352941
9 0.35 0.27908496732026145 0.0058823529411764705 0.0196078431372549
0 0.26875 0.2784313725490196 0.006617647058823529 0.02875816993464052
1 0.2827205882352941 0.2869281045751634 0.006617647058823529 0.01699346405228758
1 0.2863970588235294 0.28366013071895424 0.005147058823529412 0.01568627450980392
1 0.28602941176470587 0.2758169934640523 0.004411764705882353 0.01045751633986928
4 0.3352941176470588 0.25163398692810457 0.045588235294117645 0.032679738562091505
3 0.36470588235294116 0.19738562091503267 0.03676470588235294 0.026143790849673203
3 0.39926470588235297 0.12156862745098039 0.025 0.018300653594771243
6 0.41213235294117645 0.10130718954248366 0.016911764705882352 0.01699346405228758
3 0.6106617647058824 0.24248366013071895 0.015441176470588236 0.02483660130718954
1 0.5911764705882353 0.23398692810457516 0.0058823529411764705 0.01568627450980392
9 0.5911764705882353 0.23986928104575164 0.0058823529411764705 0.011764705882352941
3 0.6099264705882353 0.2261437908496732 0.013970588235294118 0.018300653594771243
3 0.60625 0.21633986928104576 0.0125 0.0196078431372549
3 0.6003676470588235 0.20130718954248367 0.013970588235294118 0.02091503267973856
3 0.5933823529411765 0.16601307189542483 0.013235294117647059 0.02091503267973856
4 0.5974264705882353 0.18758169934640523 0.0125 0.0196078431372549
9 0.6227941176470588 0.24444444444444444 0.0058823529411764705 0.02091503267973856
9 0.6294117647058823 0.2411764705882353 0.0058823529411764705 0.0196078431372549
9 0.6352941176470588 0.23790849673202613 0.0058823529411764705 0.02091503267973856
9 0.6452205882352942 0.23660130718954248 0.013970588235294118 0.02091503267973856
1 0.26875 0.30718954248366015 0.006617647058823529 0.02091503267973856
1 0.2731617647058823 0.3058823529411765 0.003676470588235294 0.02091503267973856
3 0.5841911764705883 0.15294117647058825 0.011029411764705883 0.01568627450980392
9 0.9330882352941177 0.6764705882352942 0.030882352941176472 0.040522875816993466