0 0.6484375 0.8629629629629629 0.03854166666666667 0.18888888888888888
1 0.8916666666666667 0.42962962962962964 0.020833333333333332 0.05555555555555555
0 0.8572916666666667 0.9157407407407407 0.03958333333333333 0.1648148148148148
1 0.8489583333333334 0.8712962962962963 0.020833333333333332 0.05740740740740741
0 0.86875 0.8925925925925926 0.027083333333333334 0.18888888888888888
0 0.8 0.8796296296296297 0.03333333333333333 0.15555555555555556
0 0.7651041666666667 0.8648148148148148 0.03229166666666667 0.17777777777777778
0 0.8171875 0.8453703703703703 0.03854166666666667 0.17222222222222222
9 0.7895833333333333 0.75 0.10208333333333333 0.08148148148148149
9 0.7875 0.7064814814814815 0.07291666666666667 0.06481481481481481
7 0.34010416666666665 0.6796296296296296 0.14479166666666668 0.17777777777777778
1 0.36041666666666666 0.6759259259259259 0.05 0.1037037037037037
1 0.5182291666666666 0.4703703703703704 0.019791666666666666 0.08518518518518518
9 0.5197916666666667 0.49907407407407406 0.020833333333333332 0.06851851851851852
0 0.671875 0.5120370370370371 0.022916666666666665 0.10555555555555556
1 0.671875 0.487962962962963 0.01875 0.03148148148148148
0 0.7223958333333333 0.5018518518518519 0.028125 0.11851851851851852
0 0.7354166666666667 0.4888888888888889 0.0125 0.1111111111111111
1 0.6901041666666666 0.4962962962962963 0.019791666666666666 0.06296296296296296
2 0.678125 0.43425925925925923 0.03958333333333333 0.05740740740740741
9 0.6630208333333333 0.4101851851851852 0.036458333333333336 0.05740740740740741
1 0.7869791666666667 0.3824074074074074 0.015625 0.05
0 0.790625 0.35462962962962963 0.010416666666666666 0.046296296296296294
1 0.7958333333333333 0.3638888888888889 0.008333333333333333 0.027777777777777776
9 0.7015625 0.32314814814814813 0.030208333333333334 0.046296296296296294
1 0.5328125 0.3962962962962963 0.011458333333333333 0.037037037037037035
1 0.5317708333333333 0.387037037037037 0.015625 0.06666666666666667
9 0.5302083333333333 0.4 0.0125 0.06296296296296296
9 0.53125 0.3962962962962963 0.025 0.040740740740740744
1 0.5421875 0.3398148148148148 0.015625 0.05740740740740741
9 0.5427083333333333 0.35185185185185186 0.010416666666666666 0.05185185185185185
1 0.4984375 0.32314814814814813 0.005208333333333333 0.03518518518518519
1 0.5 0.32314814814814813 0.0125 0.06111111111111111
1 0.5020833333333333 0.3194444444444444 0.00625 0.03888888888888889
9 0.5 0.33425925925925926 0.0125 0.046296296296296294
1 0.5411458333333333 0.30092592592592593 0.009375 0.03888888888888889
1 0.5369791666666667 0.29907407407407405 0.013541666666666667 0.046296296296296294
9 0.5369791666666667 0.3148148148148148 0.009375 0.044444444444444446
1 0.5416666666666666 0.262037037037037 0.008333333333333333 0.03148148148148148
1 0.5427083333333333 0.25555555555555554 0.010416666666666666 0.03333333333333333
9 0.5416666666666666 0.2722222222222222 0.010416666666666666 0.02962962962962963
0 0.5510416666666667 0.25 0.010416666666666666 0.05185185185185185
0 0.5973958333333333 0.24259259259259258 0.007291666666666667 0.02962962962962963
0 0.5947916666666667 0.23055555555555557 0.008333333333333333 0.03518518518518519
0 0.584375 0.23425925925925925 0.00625 0.027777777777777776
0 0.521875 0.22870370370370371 0.00625 0.03518518518518519
9 0.5291666666666667 0.21851851851851853 0.00625 0.018518518518518517
1 0.5302083333333333 0.21481481481481482 0.00625 0.02962962962962963
0 0.5552083333333333 0.22777777777777777 0.00625 0.04814814814814815
0 0.5609375 0.22592592592592592 0.007291666666666667 0.044444444444444446
0 0.5447916666666667 0.22777777777777777 0.00625 0.03333333333333333
0 0.5411458333333333 0.21666666666666667 0.005208333333333333 0.040740740740740744
0 0.5473958333333333 0.21944444444444444 0.005208333333333333 0.03148148148148148
0 0.5572916666666666 0.20833333333333334 0.00625 0.027777777777777776
0 0.5484375 0.20925925925925926 0.007291666666666667 0.02962962962962963
0 0.5619791666666667 0.17962962962962964 0.007291666666666667 0.037037037037037035
0 0.5682291666666667 0.16296296296296298 0.007291666666666667 0.03333333333333333
2 0.571875 0.17037037037037037 0.00625 0.022222222222222223
0 0.5703125 0.1537037037037037 0.005208333333333333 0.025925925925925925
0 0.5421875 0.18333333333333332 0.005208333333333333 0.025925925925925925
9 0.546875 0.18703703703703703 0.004166666666666667 0.014814814814814815