0 0.8801470588235294 0.9084967320261438 0.01764705882352941 0.05751633986928104
0 0.8470588235294118 0.8379084967320262 0.016176470588235296 0.05228758169934641
3 0.5797794117647059 0.8333333333333334 0.04338235294117647 0.15294117647058825
3 0.43823529411764706 0.8130718954248366 0.04411764705882353 0.14640522875816994
4 0.42867647058823527 0.9581699346405229 0.041176470588235294 0.08366013071895424
9 0.33308823529411763 0.7104575163398693 0.013235294117647059 0.050980392156862744
2 0.3628676470588235 0.773202614379085 0.027205882352941177 0.043137254901960784
9 0.3845588235294118 0.7503267973856209 0.033823529411764704 0.03137254901960784
9 0.38823529411764707 0.6862745098039216 0.03235294117647059 0.03398692810457516
0 0.35 0.5137254901960784 0.011764705882352941 0.026143790849673203
0 0.9595588235294118 0.5915032679738562 0.01764705882352941 0.050980392156862744
1 0.9764705882352941 0.6026143790849673 0.01764705882352941 0.0392156862745098
0 0.47904411764705884 0.6620915032679738 0.008088235294117648 0.0457516339869281
0 0.4985294117647059 0.6457516339869281 0.013235294117647059 0.04183006535947712
0 0.5102941176470588 0.6496732026143791 0.007352941176470588 0.047058823529411764
3 0.5007352941176471 0.7222222222222222 0.045588235294117645 0.12941176470588237
3 0.4963235294117647 0.5209150326797386 0.033823529411764704 0.10065359477124183
3 0.4547794117647059 0.5222222222222223 0.03308823529411765 0.09542483660130718
3 0.46544117647058825 0.4366013071895425 0.03529411764705882 0.0915032679738562
3 0.45955882352941174 0.35947712418300654 0.05 0.08104575163398693
9 0.40808823529411764 0.19869281045751633 0.007352941176470588 0.026143790849673203
1 0.4183823529411765 0.09869281045751634 0.007352941176470588 0.022222222222222223
3 0.4297794117647059 0.01895424836601307 0.04044117647058824 0.030065359477124184
3 0.43786764705882353 0.011111111111111112 0.03308823529411765 0.022222222222222223
3 0.46948529411764706 0.2803921568627451 0.02426470588235294 0.06666666666666667
4 0.4768382352941177 0.2235294117647059 0.02426470588235294 0.06797385620915032
3 0.4742647058823529 0.16666666666666666 0.023529411764705882 0.05620915032679739
3 0.4764705882352941 0.12026143790849673 0.020588235294117647 0.047058823529411764
3 0.48161764705882354 0.08627450980392157 0.01764705882352941 0.044444444444444446
3 0.48051470588235295 0.044444444444444446 0.019852941176470587 0.044444444444444446
4 0.5220588235294118 0.09215686274509804 0.01911764705882353 0.040522875816993466
9 0.5308823529411765 0.03986928104575163 0.004411764705882353 0.022222222222222223
1 0.5305147058823529 0.034640522875816995 0.005147058823529412 0.0196078431372549
9 0.8466911764705882 0.5464052287581699 0.030147058823529412 0.0392156862745098
9 0.8404411764705882 0.5052287581699346 0.030882352941176472 0.03790849673202614
9 0.836764705882353 0.48104575163398694 0.026470588235294117 0.036601307189542485
3 0.7275735294117647 0.44509803921568625 0.04191176470588235 0.07712418300653595
3 0.6915441176470588 0.29673202614379085 0.028676470588235293 0.054901960784313725
3 0.70625 0.35751633986928105 0.03308823529411765 0.06143790849673202
3 0.6349264705882353 0.13660130718954247 0.019852941176470587 0.040522875816993466
3 0.680514705882353 0.23921568627450981 0.025735294117647058 0.047058823529411764
3 0.6669117647058823 0.17973856209150327 0.023529411764705882 0.040522875816993466
0 0.6102941176470589 0.009150326797385621 0.007352941176470588 0.018300653594771243
3 0.6330882352941176 0.03790849673202614 0.020588235294117647 0.03137254901960784
3 0.6408088235294118 0.06339869281045751 0.016911764705882352 0.030065359477124184
3 0.6481617647058824 0.09869281045751634 0.016911764705882352 0.032679738562091505
3 0.9433823529411764 0.42483660130718953 0.05 0.036601307189542485
3 0.9246323529411765 0.3915032679738562 0.05514705882352941 0.0457516339869281
3 0.9077205882352941 0.3568627450980392 0.05367647058823529 0.05228758169934641
3 0.8805147058823529 0.3006535947712418 0.05367647058823529 0.047058823529411764
3 0.8577205882352941 0.24640522875816995 0.05955882352941176 0.048366013071895426
3 0.8330882352941177 0.19215686274509805 0.051470588235294115 0.0392156862745098
3 0.825735294117647 0.16666666666666666 0.05 0.03790849673202614
3 0.8106617647058824 0.14705882352941177 0.04338235294117647 0.03790849673202614
3 0.9772058823529411 0.18562091503267975 0.03676470588235294 0.05751633986928104
3 0.9764705882352941 0.0718954248366013 0.03235294117647059 0.04183006535947712
3 0.8875 0.0738562091503268 0.026470588235294117 0.040522875816993466
3 0.9158088235294117 0.06862745098039216 0.030147058823529412 0.040522875816993466
3 0.8672794117647059 0.07320261437908497 0.028676470588235293 0.036601307189542485