3 0.18676470588235294 0.9065359477124183 0.1676470588235294 0.09803921568627451
3 0.5231617647058824 0.9411764705882353 0.05661764705882353 0.11764705882352941
3 0.6433823529411765 0.9104575163398693 0.052941176470588235 0.14248366013071895
0 0.84375 0.9673202614379085 0.01838235294117647 0.06535947712418301
1 0.8341911764705883 0.9339869281045752 0.011029411764705883 0.030065359477124184
0 0.8360294117647059 0.9418300653594771 0.01911764705882353 0.06405228758169934
0 0.8128676470588235 0.903921568627451 0.019852941176470587 0.07973856209150326
9 0.7783088235294118 0.8810457516339869 0.04191176470588235 0.04183006535947712
9 0.7176470588235294 0.8705882352941177 0.041176470588235294 0.04967320261437908
2 0.7485294117647059 0.8470588235294118 0.016176470588235296 0.047058823529411764
9 0.7507352941176471 0.6941176470588235 0.022058823529411766 0.05751633986928104
9 0.6584558823529412 0.7712418300653595 0.0125 0.06535947712418301
0 0.6485294117647059 0.6895424836601307 0.013235294117647059 0.058823529411764705
3 0.7246323529411764 0.7915032679738562 0.09779411764705882 0.10326797385620914
3 0.6930147058823529 0.7084967320261438 0.09338235294117647 0.08104575163398693
4 0.44338235294117645 0.7045751633986929 0.04411764705882353 0.14640522875816994
1 0.6283088235294118 0.6065359477124183 0.009558823529411765 0.03398692810457516
9 0.6268382352941176 0.6150326797385621 0.013970588235294118 0.030065359477124184
0 0.5930147058823529 0.730718954248366 0.006617647058823529 0.044444444444444446
0 0.5852941176470589 0.730718954248366 0.011764705882352941 0.06013071895424837
3 0.5213235294117647 0.6483660130718955 0.039705882352941174 0.08627450980392157
4 0.6128676470588236 0.6385620915032679 0.04338235294117647 0.08758169934640522
0 0.7058823529411765 0.6084967320261437 0.010294117647058823 0.0457516339869281
0 0.6952205882352941 0.6098039215686275 0.008088235294117648 0.030065359477124184
3 0.66875 0.4777777777777778 0.05955882352941176 0.07712418300653595
9 0.7125 0.5431372549019607 0.030882352941176472 0.030065359477124184
1 0.6036764705882353 0.5633986928104575 0.011764705882352941 0.03398692810457516
9 0.6040441176470588 0.5718954248366013 0.013970588235294118 0.040522875816993466
1 0.5488970588235295 0.5424836601307189 0.006617647058823529 0.02875816993464052
1 0.5496323529411765 0.5359477124183006 0.011029411764705883 0.04183006535947712
9 0.5496323529411765 0.5444444444444444 0.011029411764705883 0.03529411764705882
1 0.5253676470588236 0.4947712418300654 0.009558823529411765 0.027450980392156862
6 0.5257352941176471 0.5091503267973856 0.020588235294117647 0.048366013071895426
3 0.4786764705882353 0.4745098039215686 0.03235294117647059 0.07581699346405228
0 0.40698529411764706 0.5333333333333333 0.008088235294117648 0.03398692810457516
0 0.4077205882352941 0.5287581699346405 0.009558823529411765 0.0457516339869281
0 0.3996323529411765 0.5 0.008088235294117648 0.03790849673202614
5 0.4099264705882353 0.42810457516339867 0.05367647058823529 0.11372549019607843
3 0.46911764705882353 0.40980392156862744 0.025 0.050980392156862744
3 0.4849264705882353 0.36470588235294116 0.02426470588235294 0.047058823529411764
3 0.38088235294117645 0.31241830065359477 0.054411764705882354 0.03398692810457516
3 0.3816176470588235 0.330718954248366 0.05588235294117647 0.03137254901960784
3 0.3654411764705882 0.36666666666666664 0.060294117647058824 0.03790849673202614
4 0.35294117647058826 0.38169934640522873 0.07647058823529412 0.05228758169934641
0 0.6047794117647058 0.4849673202614379 0.008088235294117648 0.0392156862745098
0 0.5863970588235294 0.4797385620915033 0.008088235294117648 0.04967320261437908
0 0.59375 0.48562091503267973 0.008088235294117648 0.03790849673202614
1 0.5488970588235295 0.3941176470588235 0.006617647058823529 0.032679738562091505
2 0.5485294117647059 0.40326797385620916 0.007352941176470588 0.032679738562091505
1 0.4632352941176471 0.3261437908496732 0.0058823529411764705 0.030065359477124184
9 0.46286764705882355 0.33137254901960783 0.006617647058823529 0.030065359477124184
3 0.47610294117647056 0.3 0.01838235294117647 0.03790849673202614
3 0.43125 0.3156862745098039 0.02426470588235294 0.048366013071895426
7 0.43786764705882353 0.28888888888888886 0.013970588235294118 0.026143790849673203
3 0.5433823529411764 0.2568627450980392 0.020588235294117647 0.03529411764705882
3 0.4889705882352941 0.24640522875816995 0.01764705882352941 0.030065359477124184
3 0.4658088235294118 0.22679738562091503 0.013970588235294118 0.027450980392156862
3 0.4933823529411765 0.2150326797385621 0.014705882352941176 0.027450980392156862
3 0.4724264705882353 0.20588235294117646 0.015441176470588236 0.02483660130718954
3 0.4742647058823529 0.1869281045751634 0.014705882352941176 0.02091503267973856
3 0.4922794117647059 0.169281045751634 0.0125 0.02483660130718954
3 0.49264705882352944 0.18888888888888888 0.014705882352941176 0.02483660130718954
3 0.45992647058823527 0.1784313725490196 0.015441176470588236 0.027450980392156862
1 0.4772058823529412 0.10784313725490197 0.0029411764705882353 0.01437908496732026
9 0.47794117647058826 0.11045751633986928 0.007352941176470588 0.009150326797385621
3 0.5213235294117647 0.09084967320261438 0.008823529411764706 0.01437908496732026
5 0.49669117647058825 0.09477124183006536 0.009558823529411765 0.0196078431372549
4 0.5040441176470588 0.0915032679738562 0.006617647058823529 0.013071895424836602
4 0.49816176470588236 0.08496732026143791 0.006617647058823529 0.01568627450980392
0 0.5018382352941176 0.07581699346405228 0.0022058823529411764 0.01045751633986928
9 0.5018382352941176 0.0784313725490196 0.003676470588235294 0.00784313725490196