3 0.2952205882352941 0.8143790849673203 0.07573529411764705 0.1803921568627451
4 0.34705882352941175 0.5986928104575163 0.060294117647058824 0.10718954248366012
3 0.6408088235294118 0.6411764705882353 0.05073529411764706 0.12679738562091503
3 0.7786764705882353 0.5542483660130719 0.052941176470588235 0.09411764705882353
3 0.5636029411764706 0.48169934640522877 0.04044117647058824 0.09281045751633987
7 0.5577205882352941 0.6477124183006536 0.03308823529411765 0.1111111111111111
4 0.6264705882352941 0.38496732026143793 0.033823529411764704 0.08758169934640522
3 0.6099264705882353 0.28627450980392155 0.030147058823529412 0.05751633986928104
3 0.3952205882352941 0.4084967320261438 0.04044117647058824 0.07973856209150326
3 0.4102941176470588 0.3483660130718954 0.03529411764705882 0.06405228758169934
3 0.3275735294117647 0.3503267973856209 0.05808823529411765 0.05228758169934641
3 0.33639705882352944 0.31895424836601305 0.07426470588235294 0.04967320261437908
3 0.27095588235294116 0.4222222222222222 0.09044117647058823 0.06535947712418301
3 0.2584558823529412 0.46078431372549017 0.07720588235294118 0.06666666666666667
0 0.0900735294117647 0.6568627450980392 0.016911764705882352 0.05359477124183006
0 0.08161764705882353 0.6516339869281046 0.016176470588235296 0.06928104575163399
3 0.1536764705882353 0.4477124183006536 0.060294117647058824 0.08235294117647059
4 0.14926470588235294 0.3581699346405229 0.07205882352941176 0.0915032679738562
9 0.05110294117647059 0.3888888888888889 0.022794117647058822 0.03529411764705882
0 0.20294117647058824 0.3516339869281046 0.010294117647058823 0.044444444444444446
0 0.21580882352941178 0.35228758169934643 0.009558823529411765 0.043137254901960784
0 0.24632352941176472 0.3712418300653595 0.011764705882352941 0.047058823529411764
0 0.23786764705882352 0.3686274509803922 0.0125 0.044444444444444446
9 0.18051470588235294 0.3235294117647059 0.016911764705882352 0.03529411764705882
1 0.17941176470588235 0.3130718954248366 0.011764705882352941 0.032679738562091505
0 0.26286764705882354 0.29477124183006537 0.006617647058823529 0.03790849673202614
5 0.32794117647058824 0.2529411764705882 0.07647058823529412 0.058823529411764705
9 0.538235294117647 0.3941176470588235 0.010294117647058823 0.03790849673202614
9 0.5371323529411764 0.33725490196078434 0.011029411764705883 0.036601307189542485
1 0.5386029411764706 0.3803921568627451 0.011029411764705883 0.036601307189542485
1 0.5363970588235294 0.3281045751633987 0.009558823529411765 0.03398692810457516
1 0.5371323529411764 0.3254901960784314 0.009558823529411765 0.03398692810457516
3 0.8974264705882353 0.40065359477124185 0.04926470588235294 0.06143790849673202
9 0.8746323529411765 0.47908496732026146 0.013970588235294118 0.043137254901960784
1 0.8772058823529412 0.46797385620915033 0.014705882352941176 0.0392156862745098
0 0.8944852941176471 0.43333333333333335 0.008088235294117648 0.032679738562091505
0 0.8772058823529412 0.42026143790849674 0.016176470588235296 0.048366013071895426
9 0.7819852941176471 0.22091503267973855 0.009558823529411765 0.02875816993464052
1 0.7823529411764706 0.22026143790849673 0.008823529411764706 0.02483660130718954
1 0.7827205882352941 0.21176470588235294 0.008088235294117648 0.023529411764705882
3 0.5966911764705882 0.12549019607843137 0.01838235294117647 0.03398692810457516
9 0.6018382352941176 0.10457516339869281 0.011029411764705883 0.01568627450980392
1 0.6029411764705882 0.09869281045751634 0.0058823529411764705 0.022222222222222223
3 0.26323529411764707 0.169281045751634 0.047058823529411764 0.03529411764705882
5 0.3477941176470588 0.16470588235294117 0.08529411764705883 0.054901960784313725
0 0.39889705882352944 0.15947712418300652 0.008088235294117648 0.03398692810457516
0 0.375 0.1758169934640523 0.0058823529411764705 0.032679738562091505
0 0.36433823529411763 0.18104575163398692 0.008088235294117648 0.032679738562091505
0 0.3683823529411765 0.17712418300653596 0.0058823529411764705 0.032679738562091505
4 0.45845588235294116 0.17254901960784313 0.04191176470588235 0.047058823529411764
3 0.4650735294117647 0.13398692810457516 0.021323529411764706 0.032679738562091505
3 0.4727941176470588 0.10915032679738562 0.01764705882352941 0.032679738562091505
0 0.48566176470588235 0.1130718954248366 0.006617647058823529 0.027450980392156862
3 0.4786764705882353 0.07058823529411765 0.014705882352941176 0.026143790849673203
3 0.48566176470588235 0.05816993464052288 0.015441176470588236 0.02483660130718954
3 0.49117647058823527 0.03986928104575163 0.014705882352941176 0.030065359477124184
0 0.4970588235294118 0.02483660130718954 0.004411764705882353 0.026143790849673203
3 0.4959558823529412 0.01437908496732026 0.0125 0.018300653594771243
6 0.5128676470588235 0.01895424836601307 0.006617647058823529 0.01699346405228758
1 0.513235294117647 0.01764705882352941 0.004411764705882353 0.01437908496732026
9 0.5419117647058823 0.07058823529411765 0.004411764705882353 0.018300653594771243
9 0.5591911764705882 0.04183006535947712 0.005147058823529412 0.01568627450980392
1 0.5426470588235294 0.06666666666666667 0.004411764705882353 0.02091503267973856
1 0.5595588235294118 0.03790849673202614 0.004411764705882353 0.018300653594771243
3 0.5408088235294117 0.009150326797385621 0.02426470588235294 0.018300653594771243