0 0.04448529411764706 0.6986928104575163 0.019852941176470587 0.06666666666666667
3 0.23419117647058824 0.7745098039215687 0.11102941176470588 0.12941176470588237
3 0.3165441176470588 0.949673202614379 0.1463235294117647 0.10065359477124183
3 0.5327205882352941 0.5019607843137255 0.0375 0.044444444444444446
3 0.59375 0.5084967320261438 0.0375 0.044444444444444446
3 0.6555147058823529 0.4980392156862745 0.0375 0.044444444444444446
3 0.6544117647058824 0.5751633986928104 0.04411764705882353 0.04967320261437908
3 0.5786764705882353 0.6150326797385621 0.05 0.05359477124183006
5 0.6128676470588236 0.6901960784313725 0.14338235294117646 0.23529411764705882
3 0.7275735294117647 0.4320261437908497 0.025735294117647058 0.032679738562091505
3 0.763235294117647 0.4444444444444444 0.025 0.02875816993464052
4 0.7198529411764706 0.5098039215686274 0.033823529411764704 0.054901960784313725
3 0.7327205882352941 0.4725490196078431 0.027205882352941177 0.03529411764705882
5 0.7154411764705882 0.3790849673202614 0.026470588235294117 0.047058823529411764
3 0.7606617647058823 0.40522875816993464 0.021323529411764706 0.023529411764705882
5 0.7761029411764706 0.42026143790849674 0.022794117647058822 0.03790849673202614
3 0.7481617647058824 0.36470588235294116 0.015441176470588236 0.02091503267973856
3 0.7503676470588235 0.38169934640522873 0.016911764705882352 0.02091503267973856
3 0.7783088235294118 0.3464052287581699 0.0125 0.01568627450980392
3 0.7974264705882353 0.3326797385620915 0.011029411764705883 0.01437908496732026
0 0.8018382352941177 0.3058823529411765 0.0022058823529411764 0.013071895424836602
9 0.7764705882352941 0.3758169934640523 0.007352941176470588 0.0196078431372549
1 0.7761029411764706 0.373202614379085 0.003676470588235294 0.01437908496732026
3 0.7966911764705882 0.4045751633986928 0.01838235294117647 0.022222222222222223
3 0.8073529411764706 0.3607843137254902 0.016176470588235296 0.02091503267973856
3 0.8033088235294118 0.3738562091503268 0.016911764705882352 0.02091503267973856
3 0.8180147058823529 0.3862745098039216 0.016911764705882352 0.0196078431372549
3 0.8283088235294118 0.36797385620915035 0.013970588235294118 0.0196078431372549
3 0.8231617647058823 0.3535947712418301 0.013970588235294118 0.01437908496732026
3 0.8169117647058823 0.3300653594771242 0.011764705882352941 0.011764705882352941
4 0.8125 0.3196078431372549 0.010294117647058823 0.01699346405228758
3 0.8286764705882353 0.32483660130718955 0.010294117647058823 0.011764705882352941
5 0.8397058823529412 0.35947712418300654 0.016176470588235296 0.02875816993464052
3 0.8477941176470588 0.34901960784313724 0.011764705882352941 0.01568627450980392
3 0.8352941176470589 0.3183006535947712 0.010294117647058823 0.011764705882352941
3 0.8492647058823529 0.3209150326797386 0.011764705882352941 0.01437908496732026
3 0.8647058823529412 0.3137254901960784 0.010294117647058823 0.01045751633986928
3 0.8639705882352942 0.33137254901960783 0.010294117647058823 0.01437908496732026
3 0.8665441176470589 0.3254901960784314 0.009558823529411765 0.01045751633986928
4 0.8727941176470588 0.3196078431372549 0.008823529411764706 0.01699346405228758
3 0.8805147058823529 0.3137254901960784 0.006617647058823529 0.01045751633986928