1 0.7731770833333333 0.7148148148148148 0.015104166666666667 0.05185185185185185
6 0.7638020833333333 0.7356481481481482 0.025520833333333333 0.04722222222222222
2 0.18255208333333334 0.7111111111111111 0.0328125 0.040740740740740744
2 0.06822916666666666 0.8763888888888889 0.028125 0.062037037037037036
2 0.19375 0.6717592592592593 0.009375 0.04351851851851852
2 0.22213541666666667 0.6388888888888888 0.028645833333333332 0.02962962962962963
0 0.21380208333333334 0.6625 0.011979166666666667 0.041666666666666664
0 0.2046875 0.6796296296296296 0.011458333333333333 0.046296296296296294
4 0.25026041666666665 0.6689814814814815 0.0734375 0.14166666666666666
3 0.34921875 0.5935185185185186 0.0421875 0.06851851851851852
3 0.40651041666666665 0.5328703703703703 0.03177083333333333 0.06018518518518518
3 0.40130208333333334 0.45555555555555555 0.0265625 0.046296296296296294
5 0.3346354166666667 0.23657407407407408 0.07239583333333334 0.05277777777777778
4 0.45026041666666666 0.42777777777777776 0.025520833333333333 0.06111111111111111
3 0.47994791666666664 0.4060185185185185 0.021354166666666667 0.03796296296296296
4 0.5815104166666667 0.5425925925925926 0.03177083333333333 0.06111111111111111
3 0.525 0.5712962962962963 0.03333333333333333 0.06111111111111111
3 0.5299479166666666 0.4689814814814815 0.0265625 0.03981481481481482
4 0.5942708333333333 0.44305555555555554 0.027083333333333334 0.06018518518518518
3 0.5390625 0.4 0.021875 0.037037037037037035
3 0.5671875 0.36435185185185187 0.01875 0.030555555555555555
3 0.48541666666666666 0.3300925925925926 0.017708333333333333 0.03425925925925926
3 0.4119791666666667 0.27037037037037037 0.019791666666666666 0.024074074074074074
3 0.415625 0.1935185185185185 0.009375 0.014814814814814815
3 0.40989583333333335 0.18101851851851852 0.008333333333333333 0.010185185185185186
3 0.4265625 0.18333333333333332 0.009375 0.011111111111111112
5 0.43385416666666665 0.17175925925925925 0.016666666666666666 0.025
4 0.4552083333333333 0.20046296296296295 0.008333333333333333 0.013888888888888888
4 0.46484375 0.19490740740740742 0.0109375 0.017592592592592594
6 0.4734375 0.19166666666666668 0.005208333333333333 0.009259259259259259
3 0.46197916666666666 0.2712962962962963 0.014583333333333334 0.022222222222222223
3 0.46953125 0.25324074074074077 0.0109375 0.017592592592592594
3 0.46640625 0.23657407407407408 0.011979166666666667 0.017592592592592594
3 0.49583333333333335 0.274537037037037 0.015625 0.021296296296296296
5 0.5096354166666667 0.262037037037037 0.018229166666666668 0.02962962962962963
3 0.5190104166666667 0.24027777777777778 0.011979166666666667 0.01574074074074074
3 0.4895833333333333 0.23842592592592593 0.011458333333333333 0.01574074074074074
3 0.49973958333333335 0.22870370370370371 0.0109375 0.016666666666666666
4 0.4744791666666667 0.22037037037037038 0.010416666666666666 0.016666666666666666
3 0.46901041666666665 0.21342592592592594 0.009895833333333333 0.013888888888888888
3 0.47213541666666664 0.2050925925925926 0.008854166666666666 0.012037037037037037
5 0.48541666666666666 0.20787037037037037 0.014583333333333334 0.021296296296296296
0 0.5140625 0.21342592592592594 0.003125 0.013888888888888888
0 0.5455729166666666 0.2351851851851852 0.0036458333333333334 0.016666666666666666
1 0.57734375 0.26342592592592595 0.0046875 0.013888888888888888
2 0.5770833333333333 0.27175925925925926 0.00625 0.008333333333333333
8 0.5502604166666667 0.2912037037037037 0.028645833333333332 0.06018518518518518
1 0.6067708333333334 0.2712962962962963 0.00625 0.014814814814814815
9 0.6052083333333333 0.2773148148148148 0.011458333333333333 0.013888888888888888
4 0.7572916666666667 0.2101851851851852 0.008333333333333333 0.014814814814814815
4 0.7270833333333333 0.19305555555555556 0.013541666666666667 0.013888888888888888
5 0.6973958333333333 0.2851851851851852 0.042708333333333334 0.03888888888888889
3 0.7125 0.30416666666666664 0.030208333333333334 0.019444444444444445
3 0.7333333333333333 0.30324074074074076 0.026041666666666668 0.019444444444444445
3 0.76484375 0.31203703703703706 0.030729166666666665 0.025925925925925925