0 0.33676470588235297 0.2777777777777778 0.020588235294117647 0.0718954248366013
0 0.3636029411764706 0.2784313725490196 0.025735294117647058 0.08104575163398693
0 0.41507352941176473 0.39477124183006534 0.016911764705882352 0.08888888888888889
0 0.42867647058823527 0.37450980392156863 0.020588235294117647 0.07712418300653595
3 0.35073529411764703 0.5379084967320261 0.07352941176470588 0.22091503267973855
0 0.2948529411764706 0.9633986928104575 0.023529411764705882 0.07320261437908497
0 0.36617647058823527 0.8307189542483661 0.026470588235294117 0.07450980392156863
0 0.3779411764705882 0.9392156862745098 0.03823529411764706 0.08496732026143791
0 0.4452205882352941 0.7705882352941177 0.027205882352941177 0.07712418300653595
0 0.47205882352941175 0.7738562091503268 0.022058823529411766 0.05228758169934641
0 0.4974264705882353 0.7686274509803922 0.025735294117647058 0.08366013071895424
0 0.43161764705882355 0.9287581699346406 0.026470588235294117 0.09542483660130718
0 0.5003676470588235 0.8888888888888888 0.030147058823529412 0.09411764705882353
0 0.5117647058823529 0.9679738562091503 0.023529411764705882 0.06143790849673202
0 0.5683823529411764 0.838562091503268 0.03529411764705882 0.09803921568627451
9 0.6584558823529412 0.7803921568627451 0.05955882352941176 0.06274509803921569
0 0.6661764705882353 0.8150326797385621 0.029411764705882353 0.07973856209150326
0 0.6816176470588236 0.8418300653594771 0.022058823529411766 0.054901960784313725
0 0.7011029411764705 0.9313725490196079 0.03161764705882353 0.08758169934640522
0 0.7297794117647058 0.8934640522875817 0.03308823529411765 0.08235294117647059
0 0.7253676470588235 0.9457516339869281 0.03161764705882353 0.08496732026143791
4 0.6588235294117647 0.43137254901960786 0.07205882352941176 0.2065359477124183
0 0.7411764705882353 0.3784313725490196 0.020588235294117647 0.07450980392156863
9 0.836764705882353 0.36013071895424836 0.023529411764705882 0.07973856209150326
9 0.8044117647058824 0.396078431372549 0.020588235294117647 0.06535947712418301
1 0.9455882352941176 0.9196078431372549 0.041176470588235294 0.09019607843137255
1 0.9856617647058824 0.973202614379085 0.027205882352941177 0.05359477124183006
0 0.12058823529411765 0.9640522875816994 0.027941176470588237 0.0718954248366013
2 0.7308823529411764 0.03071895424836601 0.030882352941176472 0.040522875816993466
9 0.7544117647058823 0.07647058823529412 0.03676470588235294 0.0457516339869281
9 0.7547794117647059 0.0915032679738562 0.03308823529411765 0.04183006535947712
2 0.6470588235294118 0.09803921568627451 0.04411764705882353 0.03398692810457516