3 0.6169270833333333 0.7402777777777778 0.04635416666666667 0.08055555555555556
3 0.6888020833333334 0.675 0.049479166666666664 0.06666666666666667
4 0.4953125 0.44351851851851853 0.019791666666666666 0.03333333333333333
4 0.5140625 0.4027777777777778 0.015625 0.02962962962962963
3 0.5674479166666667 0.4050925925925926 0.03697916666666667 0.025
3 0.4734375 0.31574074074074077 0.009375 0.014814814814814815
3 0.48671875 0.29907407407407405 0.0078125 0.014814814814814815
3 0.07265625 0.33564814814814814 0.0296875 0.017592592592592594
3 0.05364583333333333 0.35462962962962963 0.028125 0.018518518518518517
3 0.03828125 0.3726851851851852 0.04010416666666667 0.023148148148148147
5 0.1359375 0.32546296296296295 0.04375 0.028703703703703703
4 0.11458333333333333 0.31203703703703706 0.026041666666666668 0.027777777777777776
4 0.10078125 0.2884259259259259 0.024479166666666666 0.019444444444444445
5 0.07760416666666667 0.2898148148148148 0.017708333333333333 0.024074074074074074
3 0.05911458333333333 0.2949074074074074 0.015104166666666667 0.012037037037037037
3 0.04010416666666667 0.29212962962962963 0.013541666666666667 0.013888888888888888
3 0.028645833333333332 0.29583333333333334 0.014583333333333334 0.013888888888888888
4 0.020052083333333335 0.2902777777777778 0.009895833333333333 0.013888888888888888
4 0.027604166666666666 0.3138888888888889 0.021875 0.018518518518518517
3 0.021354166666666667 0.31805555555555554 0.019791666666666666 0.01574074074074074
3 0.01640625 0.3212962962962963 0.021354166666666667 0.016666666666666666
3 0.01171875 0.324537037037037 0.019270833333333334 0.019444444444444445
4 0.0078125 0.30694444444444446 0.015625 0.021296296296296296
0 0.2518229166666667 0.7833333333333333 0.011979166666666667 0.05925925925925926
0 0.30078125 0.6041666666666666 0.0067708333333333336 0.04537037037037037
0 0.32916666666666666 0.6652777777777777 0.008333333333333333 0.058333333333333334
0 0.5888020833333333 0.3768518518518518 0.0046875 0.025925925925925925
3 0.6265625 0.4050925925925926 0.036458333333333336 0.025
4 0.6713541666666667 0.39537037037037037 0.029166666666666667 0.022222222222222223
4 0.6283854166666667 0.38657407407407407 0.03177083333333333 0.026851851851851852
0 0.6450520833333333 0.5175925925925926 0.0067708333333333336 0.03333333333333333
0 0.6338541666666667 0.49675925925925923 0.00625 0.03425925925925926
0 0.6291666666666667 0.48935185185185187 0.00625 0.03611111111111111
3 0.46640625 0.27546296296296297 0.0078125 0.012037037037037037
3 0.49583333333333335 0.2828703703703704 0.008333333333333333 0.012037037037037037
3 0.4796875 0.26944444444444443 0.007291666666666667 0.011111111111111112
4 0.48802083333333335 0.262037037037037 0.00625 0.011111111111111112
3 0.4734375 0.25046296296296294 0.005208333333333333 0.008333333333333333
4 0.4588541666666667 0.24259259259259258 0.004166666666666667 0.009259259259259259
4 0.4484375 0.24351851851851852 0.005208333333333333 0.011111111111111112
3 0.44869791666666664 0.2351851851851852 0.0046875 0.007407407407407408
3 0.4393229166666667 0.22916666666666666 0.0046875 0.008333333333333333
3 0.45625 0.2351851851851852 0.004166666666666667 0.005555555555555556
3 0.45755208333333336 0.22592592592592592 0.0036458333333333334 0.005555555555555556
3 0.44635416666666666 0.2310185185185185 0.003125 0.004629629629629629
3 0.44557291666666665 0.2273148148148148 0.0036458333333333334 0.006481481481481481
3 0.4640625 0.23657407407407408 0.004166666666666667 0.006481481481481481
3 0.4875 0.2564814814814815 0.004166666666666667 0.009259259259259259
3 0.48359375 0.2513888888888889 0.0046875 0.008333333333333333
5 0.4825520833333333 0.24212962962962964 0.0067708333333333336 0.012037037037037037
3 0.47942708333333334 0.24212962962962964 0.0046875 0.008333333333333333
3 0.4765625 0.23796296296296296 0.004166666666666667 0.007407407407407408
5 0.46953125 0.23981481481481481 0.0046875 0.011111111111111112
3 0.47239583333333335 0.24444444444444444 0.004166666666666667 0.007407407407407408
9 0.5645833333333333 0.3800925925925926 0.011458333333333333 0.012037037037037037
0 0.5640625 0.375 0.005208333333333333 0.016666666666666666
5 0.11614583333333334 0.28425925925925927 0.03229166666666667 0.025925925925925925