1 0.11139705882352942 0.14575163398692811 0.009558823529411765 0.030065359477124184
0 0.1463235294117647 0.21568627450980393 0.010294117647058823 0.04183006535947712
0 0.1724264705882353 0.19281045751633988 0.008088235294117648 0.03529411764705882
0 0.20477941176470588 0.26666666666666666 0.0125 0.044444444444444446
0 0.21470588235294116 0.22941176470588234 0.008823529411764706 0.043137254901960784
9 0.21470588235294116 0.27124183006535946 0.013235294117647059 0.03790849673202614
2 0.2275735294117647 0.2673202614379085 0.022794117647058822 0.027450980392156862
6 0.23345588235294118 0.2542483660130719 0.01838235294117647 0.03529411764705882
0 0.4213235294117647 0.6026143790849673 0.010294117647058823 0.06013071895424837
0 0.4363970588235294 0.6143790849673203 0.006617647058823529 0.03137254901960784
0 0.5202205882352942 0.3915032679738562 0.006617647058823529 0.032679738562091505
1 0.5772058823529411 0.3934640522875817 0.008823529411764706 0.026143790849673203
0 0.5580882352941177 0.3712418300653595 0.010294117647058823 0.05228758169934641
0 0.5433823529411764 0.3503267973856209 0.013235294117647059 0.026143790849673203
0 0.5698529411764706 0.33137254901960783 0.007352941176470588 0.027450980392156862
0 0.5202205882352942 0.3176470588235294 0.008088235294117648 0.047058823529411764
0 0.7595588235294117 0.2647058823529412 0.008823529411764706 0.03790849673202614
1 0.6143382352941177 0.29869281045751633 0.011029411764705883 0.040522875816993466
0 0.5838235294117647 0.28954248366013075 0.007352941176470588 0.03529411764705882
1 0.611764705882353 0.2568627450980392 0.0058823529411764705 0.03529411764705882
1 0.4404411764705882 0.24052287581699347 0.007352941176470588 0.0392156862745098
1 0.4772058823529412 0.2601307189542484 0.008823529411764706 0.036601307189542485
0 0.46691176470588236 0.2150326797385621 0.010294117647058823 0.03790849673202614
1 0.49117647058823527 0.25620915032679736 0.013235294117647059 0.03398692810457516
1 0.49558823529411766 0.24836601307189543 0.011764705882352941 0.03398692810457516
1 0.5033088235294118 0.2437908496732026 0.011029411764705883 0.03529411764705882
1 0.5161764705882353 0.23398692810457516 0.011764705882352941 0.036601307189542485
1 0.5095588235294117 0.2196078431372549 0.011764705882352941 0.026143790849673203