5 0.346875 0.7166666666666667 0.19166666666666668 0.5666666666666667
3 0.44427083333333334 0.6824074074074075 0.046875 0.14629629629629629
3 0.5145833333333333 0.43703703703703706 0.0375 0.1037037037037037
7 0.47239583333333335 0.43425925925925923 0.030208333333333334 0.07592592592592592
5 0.4786458333333333 0.2898148148148148 0.042708333333333334 0.18333333333333332
3 0.4083333333333333 0.27870370370370373 0.058333333333333334 0.05740740740740741
4 0.3770833333333333 0.18703703703703703 0.027083333333333334 0.05185185185185185
5 0.5125 0.040740740740740744 0.025 0.05925925925925926
3 0.63125 0.08425925925925926 0.04583333333333333 0.04259259259259259
0 0.70625 0.37407407407407406 0.0125 0.040740740740740744
5 0.6046875 0.14166666666666666 0.057291666666666664 0.05740740740740741
5 0.6057291666666667 0.1685185185185185 0.06354166666666666 0.05555555555555555
6 0.32760416666666664 0.23796296296296296 0.021875 0.046296296296296294
3 0.35052083333333334 0.19444444444444445 0.023958333333333335 0.05185185185185185
6 0.4552083333333333 0.15092592592592594 0.010416666666666666 0.03518518518518519
1 0.453125 0.537962962962963 0.016666666666666666 0.04259259259259259
9 0.453125 0.5444444444444444 0.0125 0.06666666666666667
1 0.5046875 0.21388888888888888 0.007291666666666667 0.03148148148148148
9 0.5041666666666667 0.2212962962962963 0.008333333333333333 0.03148148148148148
6 0.540625 0.08333333333333333 0.0125 0.040740740740740744