3 0.8775735294117647 0.2869281045751634 0.05661764705882353 0.048366013071895426
3 0.8268382352941176 0.2934640522875817 0.06838235294117648 0.050980392156862744
3 0.6797794117647059 0.32483660130718955 0.06691176470588235 0.048366013071895426
3 0.7654411764705882 0.33986928104575165 0.06470588235294118 0.047058823529411764
3 0.8492647058823529 0.34705882352941175 0.06323529411764706 0.048366013071895426
0 0.7606617647058823 0.36405228758169933 0.009558823529411765 0.0457516339869281
3 0.7625 0.3915032679738562 0.07352941176470588 0.06143790849673202
0 0.6588235294117647 0.38169934640522873 0.011764705882352941 0.047058823529411764
9 0.6779411764705883 0.3535947712418301 0.014705882352941176 0.032679738562091505
3 0.6772058823529412 0.4143790849673203 0.07205882352941176 0.06013071895424837
3 0.6375 0.6392156862745098 0.10147058823529412 0.09673202614379085
3 0.8503676470588235 0.4875816993464052 0.08014705882352942 0.06797385620915032
3 0.7952205882352941 0.5366013071895425 0.06985294117647059 0.11633986928104575
9 0.7830882352941176 0.5751633986928104 0.025 0.04967320261437908
3 0.70625 0.5418300653594771 0.08897058823529412 0.07450980392156863
9 0.6871323529411765 0.5254901960784314 0.027205882352941177 0.047058823529411764
4 0.5922794117647059 0.4300653594771242 0.06985294117647059 0.0784313725490196
0 0.5305147058823529 0.6209150326797386 0.011029411764705883 0.06797385620915032
3 0.46176470588235297 0.46601307189542485 0.09117647058823529 0.06928104575163399
8 0.4323529411764706 0.5359477124183006 0.17205882352941176 0.1542483660130719
2 0.7345588235294118 0.9633986928104575 0.01764705882352941 0.07058823529411765
0 0.6919117647058823 0.8601307189542484 0.026470588235294117 0.0784313725490196
6 0.7172794117647059 0.8718954248366013 0.06838235294117648 0.08888888888888889
6 0.4610294117647059 0.8823529411764706 0.047058823529411764 0.054901960784313725
2 0.4007352941176471 0.8679738562091504 0.04264705882352941 0.06274509803921569
9 0.3952205882352941 0.857516339869281 0.03897058823529412 0.07320261437908497
0 0.2878676470588235 0.8450980392156863 0.015441176470588236 0.0718954248366013
6 0.34852941176470587 0.7516339869281046 0.058823529411764705 0.10457516339869281
9 0.33088235294117646 0.6660130718954248 0.03823529411764706 0.048366013071895426
1 0.3290441176470588 0.6496732026143791 0.021323529411764706 0.04967320261437908
1 0.25735294117647056 0.41241830065359475 0.014705882352941176 0.02483660130718954
0 0.2757352941176471 0.4084967320261438 0.008823529411764706 0.0457516339869281
0 0.27904411764705883 0.40326797385620916 0.006617647058823529 0.0457516339869281
9 0.23602941176470588 0.534640522875817 0.030882352941176472 0.04183006535947712
1 0.23566176470588235 0.526797385620915 0.015441176470588236 0.05751633986928104
3 0.13713235294117648 0.5993464052287582 0.10955882352941176 0.08758169934640522
3 0.021323529411764706 0.5026143790849673 0.04264705882352941 0.08496732026143791
9 0.026470588235294117 0.44640522875816996 0.01764705882352941 0.043137254901960784
1 0.026470588235294117 0.43529411764705883 0.014705882352941176 0.04967320261437908
9 0.051470588235294115 0.6398692810457516 0.029411764705882353 0.0457516339869281
1 0.05110294117647059 0.6261437908496732 0.019852941176470587 0.054901960784313725
1 0.041176470588235294 0.626797385620915 0.014705882352941176 0.050980392156862744
9 0.2988970588235294 0.4980392156862745 0.03308823529411765 0.0392156862745098
1 0.29816176470588235 0.4915032679738562 0.015441176470588236 0.05228758169934641
9 0.2772058823529412 0.49019607843137253 0.03676470588235294 0.036601307189542485
1 0.28860294117647056 0.4738562091503268 0.009558823529411765 0.043137254901960784
1 0.28308823529411764 0.48104575163398694 0.007352941176470588 0.036601307189542485
1 0.2761029411764706 0.48366013071895425 0.013970588235294118 0.06013071895424837
0 0.08345588235294117 0.3104575163398693 0.015441176470588236 0.043137254901960784
0 0.09963235294117648 0.31241830065359477 0.011029411764705883 0.044444444444444446
9 0.12352941176470589 0.4411764705882353 0.027941176470588237 0.03529411764705882
1 0.12279411764705882 0.43790849673202614 0.013235294117647059 0.04967320261437908
9 0.06213235294117647 0.3712418300653595 0.013970588235294118 0.03398692810457516
1 0.059926470588235296 0.3660130718954248 0.011029411764705883 0.04183006535947712
0 0.18639705882352942 0.12483660130718954 0.006617647058823529 0.02483660130718954
0 0.2036764705882353 0.1568627450980392 0.007352941176470588 0.03137254901960784
0 0.20955882352941177 0.15359477124183007 0.0058823529411764705 0.03529411764705882
3 0.040808823529411765 0.29477124183006537 0.03308823529411765 0.05359477124183006
9 0.004044117647058824 0.32222222222222224 0.008088235294117648 0.032679738562091505
1 0.0029411764705882353 0.307843137254902 0.0058823529411764705 0.03529411764705882
3 0.07169117647058823 0.22941176470588234 0.028676470588235293 0.040522875816993466
3 0.011397058823529411 0.1895424836601307 0.022794117647058822 0.04183006535947712
0 0.09338235294117647 0.19934640522875818 0.007352941176470588 0.040522875816993466
0 0.10551470588235294 0.21045751633986928 0.006617647058823529 0.03398692810457516
0 0.11066176470588235 0.2130718954248366 0.005147058823529412 0.02875816993464052
0 0.1349264705882353 0.2065359477124183 0.006617647058823529 0.03398692810457516
6 0.12022058823529412 0.31241830065359477 0.016911764705882352 0.047058823529411764
1 0.11764705882352941 0.3065359477124183 0.010294117647058823 0.040522875816993466
0 0.16139705882352942 0.2150326797385621 0.008088235294117648 0.040522875816993466
0 0.16838235294117648 0.21372549019607842 0.008823529411764706 0.03790849673202614
9 0.004411764705882353 0.11830065359477124 0.008823529411764706 0.022222222222222223
1 0.004411764705882353 0.1130718954248366 0.007352941176470588 0.0196078431372549
3 0.021323529411764706 0.12156862745098039 0.023529411764705882 0.03398692810457516
3 0.030147058823529412 0.09542483660130718 0.020588235294117647 0.02875816993464052
4 0.03786764705882353 0.0673202614379085 0.019852941176470587 0.043137254901960784
9 0.18529411764705883 0.17516339869281045 0.01911764705882353 0.02091503267973856
9 0.18382352941176472 0.15947712418300652 0.014705882352941176 0.023529411764705882
0 0.18308823529411763 0.20784313725490197 0.004411764705882353 0.03137254901960784
3 0.05073529411764706 0.036601307189542485 0.016176470588235296 0.023529411764705882
3 0.07352941176470588 0.1477124183006536 0.023529411764705882 0.036601307189542485
3 0.10330882352941176 0.14313725490196078 0.01838235294117647 0.032679738562091505
3 0.09227941176470589 0.11895424836601307 0.02426470588235294 0.026143790849673203
3 0.06911764705882353 0.09084967320261438 0.020588235294117647 0.02483660130718954
3 0.07205882352941176 0.07254901960784314 0.01764705882352941 0.02483660130718954
3 0.07205882352941176 0.058823529411764705 0.01764705882352941 0.023529411764705882
3 0.06838235294117648 0.11045751633986928 0.022058823529411766 0.03529411764705882
4 0.09852941176470588 0.06209150326797386 0.014705882352941176 0.030065359477124184
8 0.08529411764705883 0.032679738562091505 0.027941176470588237 0.047058823529411764
0 0.11213235294117647 0.050980392156862744 0.003676470588235294 0.02091503267973856
0 0.11397058823529412 0.052941176470588235 0.004411764705882353 0.01699346405228758
3 0.12169117647058823 0.041176470588235294 0.015441176470588236 0.02483660130718954
0 0.11801470588235294 0.03071895424836601 0.005147058823529412 0.02483660130718954
3 0.15735294117647058 0.14967320261437908 0.03823529411764706 0.032679738562091505