3 0.6613970588235294 0.9575163398692811 0.08455882352941177 0.06405228758169934
3 0.6455882352941177 0.9104575163398693 0.075 0.058823529411764705
4 0.6389705882352941 0.8673202614379085 0.08235294117647059 0.06666666666666667
4 0.6455882352941177 0.8169934640522876 0.058823529411764705 0.06013071895424837
3 0.6264705882352941 0.7934640522875817 0.0661764705882353 0.05228758169934641
3 0.6106617647058824 0.7705882352941177 0.06102941176470588 0.048366013071895426
3 0.6025735294117647 0.75359477124183 0.05661764705882353 0.0457516339869281
3 0.5503676470588236 0.8222222222222222 0.030147058823529412 0.06274509803921569
3 0.5650735294117647 0.9437908496732026 0.03897058823529412 0.0784313725490196
4 0.7360294117647059 0.777124183006536 0.06470588235294118 0.05620915032679739
0 0.7091911764705883 0.8202614379084967 0.009558823529411765 0.0457516339869281
0 0.7169117647058824 0.818954248366013 0.007352941176470588 0.0457516339869281
0 0.7290441176470588 0.818954248366013 0.011029411764705883 0.0457516339869281
1 0.6830882352941177 0.7947712418300653 0.010294117647058823 0.0392156862745098
2 0.6830882352941177 0.8065359477124183 0.013235294117647059 0.03398692810457516
0 0.7761029411764706 0.9098039215686274 0.009558823529411765 0.047058823529411764
1 0.736764705882353 0.9032679738562092 0.011764705882352941 0.047058823529411764
2 0.736764705882353 0.9150326797385621 0.011764705882352941 0.044444444444444446
3 0.8363970588235294 0.9549019607843138 0.08602941176470588 0.06405228758169934
9 0.850735294117647 0.9267973856209151 0.016176470588235296 0.0392156862745098
3 0.4716911764705882 0.8738562091503268 0.03161764705882353 0.06666666666666667
5 0.47205882352941175 0.6986928104575163 0.03823529411764706 0.15816993464052287
4 0.5683823529411764 0.6941176470588235 0.047058823529411764 0.044444444444444446
0 0.5731617647058823 0.665359477124183 0.005147058823529412 0.03137254901960784
0 0.6246323529411765 0.6248366013071895 0.008088235294117648 0.02875816993464052
0 0.6113970588235295 0.5941176470588235 0.006617647058823529 0.022222222222222223
3 0.6433823529411765 0.6065359477124183 0.03235294117647059 0.026143790849673203
3 0.6213235294117647 0.5666666666666667 0.033823529411764704 0.02483660130718954
3 0.6128676470588236 0.5490196078431373 0.03161764705882353 0.023529411764705882
3 0.5617647058823529 0.5934640522875817 0.03676470588235294 0.026143790849673203
4 0.5518382352941177 0.6071895424836601 0.03161764705882353 0.030065359477124184
3 0.5507352941176471 0.5562091503267974 0.03235294117647059 0.022222222222222223
3 0.5430147058823529 0.5366013071895425 0.028676470588235293 0.0196078431372549
3 0.5463235294117647 0.5202614379084968 0.026470588235294117 0.018300653594771243
3 0.5459558823529411 0.5104575163398692 0.02426470588235294 0.01699346405228758
3 0.5988970588235294 0.5052287581699346 0.027205882352941177 0.01699346405228758
3 0.5963235294117647 0.49673202614379086 0.025 0.018300653594771243
3 0.5606617647058824 0.47843137254901963 0.021323529411764706 0.018300653594771243
3 0.5330882352941176 0.4647058823529412 0.020588235294117647 0.01699346405228758
3 0.5705882352941176 0.5130718954248366 0.013235294117647059 0.01699346405228758
0 0.5632352941176471 0.5326797385620915 0.004411764705882353 0.0196078431372549
0 0.5683823529411764 0.5326797385620915 0.0058823529411764705 0.0196078431372549
4 0.3139705882352941 0.7091503267973857 0.057352941176470586 0.050980392156862744
4 0.3191176470588235 0.692156862745098 0.057352941176470586 0.043137254901960784
7 0.11323529411764706 0.6882352941176471 0.04852941176470588 0.058823529411764705
5 0.21948529411764706 0.4915032679738562 0.030147058823529412 0.036601307189542485
3 0.13455882352941176 0.5176470588235295 0.030882352941176472 0.018300653594771243
4 0.0625 0.5065359477124183 0.026470588235294117 0.02483660130718954
3 0.054411764705882354 0.5124183006535947 0.023529411764705882 0.02091503267973856
4 0.045588235294117645 0.5189542483660131 0.026470588235294117 0.02091503267973856
5 0.10147058823529412 0.4830065359477124 0.01911764705882353 0.040522875816993466
5 0.39742647058823527 0.4130718954248366 0.03308823529411765 0.04967320261437908
5 0.4033088235294118 0.4215686274509804 0.016911764705882352 0.030065359477124184
5 0.3963235294117647 0.44640522875816996 0.01764705882352941 0.03529411764705882
5 0.4323529411764706 0.4372549019607843 0.033823529411764704 0.027450980392156862
3 0.44926470588235295 0.5071895424836601 0.011764705882352941 0.02091503267973856
3 0.475 0.5065359477124183 0.011764705882352941 0.0196078431372549
1 0.49926470588235294 0.538562091503268 0.0058823529411764705 0.01568627450980392
9 0.49926470588235294 0.5424836601307189 0.004411764705882353 0.01568627450980392
3 0.48676470588235293 0.48627450980392156 0.010294117647058823 0.02091503267973856
3 0.4566176470588235 0.4803921568627451 0.010294117647058823 0.01699346405228758
3 0.5040441176470588 0.4777777777777778 0.009558823529411765 0.0196078431372549
3 0.4900735294117647 0.4627450980392157 0.009558823529411765 0.01568627450980392
3 0.4610294117647059 0.4477124183006536 0.008823529411764706 0.01437908496732026
3 0.48970588235294116 0.4477124183006536 0.008823529411764706 0.01437908496732026
3 0.49963235294117647 0.4294117647058823 0.006617647058823529 0.011764705882352941
3 0.4783088235294118 0.4372549019607843 0.008088235294117648 0.009150326797385621
3 0.4621323529411765 0.4339869281045752 0.006617647058823529 0.01045751633986928
3 0.46544117647058825 0.4235294117647059 0.007352941176470588 0.01045751633986928
3 0.4753676470588235 0.42810457516339867 0.008088235294117648 0.011764705882352941
3 0.4900735294117647 0.42483660130718953 0.008088235294117648 0.01045751633986928
5 0.44926470588235295 0.42549019607843136 0.011764705882352941 0.01699346405228758
9 0.5941176470588235 0.5235294117647059 0.0058823529411764705 0.01699346405228758
9 0.6154411764705883 0.5241830065359477 0.004411764705882353 0.01568627450980392
9 0.6202205882352941 0.5254901960784314 0.005147058823529412 0.01568627450980392
9 0.6044117647058823 0.5235294117647059 0.0058823529411764705 0.01437908496732026
9 0.5834558823529412 0.5241830065359477 0.005147058823529412 0.01568627450980392