3 0.4566176470588235 0.7777777777777778 0.058823529411764705 0.18823529411764706
4 0.5514705882352942 0.6143790849673203 0.054411764705882354 0.13333333333333333
4 0.5856617647058824 0.4071895424836601 0.04338235294117647 0.09281045751633987
3 0.4415441176470588 0.25947712418300656 0.03308823529411765 0.07450980392156863
3 0.3327205882352941 0.22875816993464052 0.03161764705882353 0.07320261437908497
3 0.1889705882352941 0.31699346405228757 0.047058823529411764 0.09019607843137255
3 0.03308823529411765 0.5745098039215686 0.0661764705882353 0.08758169934640522
0 0.10808823529411765 0.5444444444444444 0.016176470588235296 0.06928104575163399
0 0.17279411764705882 0.6183006535947713 0.01764705882352941 0.06274509803921569
0 0.20183823529411765 0.6006535947712418 0.015441176470588236 0.058823529411764705
0 0.20919117647058824 0.5640522875816993 0.013970588235294118 0.06143790849673202
3 0.03566176470588235 0.33986928104575165 0.0713235294117647 0.10718954248366012
3 0.15551470588235294 0.21372549019607842 0.07426470588235294 0.050980392156862744
3 0.43051470588235297 0.09477124183006536 0.027205882352941177 0.06143790849673202
3 0.47610294117647056 0.05163398692810457 0.022794117647058822 0.040522875816993466
3 0.5029411764705882 0.03071895424836601 0.020588235294117647 0.03529411764705882
3 0.42720588235294116 0.02875816993464052 0.022058823529411766 0.0392156862745098
3 0.9639705882352941 0.7686274509803922 0.07205882352941176 0.19084967320261437
0 0.899264705882353 0.31633986928104574 0.013235294117647059 0.047058823529411764
3 0.8915441176470589 0.1784313725490196 0.05955882352941176 0.06405228758169934
0 0.9272058823529412 0.18823529411764706 0.010294117647058823 0.044444444444444446
9 0.7040441176470589 0.3686274509803922 0.015441176470588236 0.0392156862745098
0 0.7047794117647059 0.34705882352941175 0.0125 0.043137254901960784
0 0.6286764705882353 0.0457516339869281 0.007352941176470588 0.036601307189542485
0 0.7838235294117647 0.042483660130718956 0.007352941176470588 0.030065359477124184
4 0.16948529411764707 0.1758169934640523 0.06102941176470588 0.05620915032679739
3 0.09558823529411764 0.18823529411764706 0.07794117647058824 0.054901960784313725
3 0.11544117647058824 0.16209150326797386 0.06764705882352941 0.047058823529411764
3 0.13088235294117648 0.14052287581699346 0.06764705882352941 0.05359477124183006
3 0.14558823529411766 0.11372549019607843 0.05588235294117647 0.036601307189542485
3 0.1676470588235294 0.06143790849673202 0.057352941176470586 0.03398692810457516
3 0.15992647058823528 0.09215686274509804 0.06838235294117648 0.03790849673202614
0 0.08308823529411764 0.14183006535947712 0.011764705882352941 0.0457516339869281
0 0.052573529411764706 0.16013071895424835 0.013970588235294118 0.048366013071895426
2 0.09191176470588236 0.036601307189542485 0.020588235294117647 0.02091503267973856
9 0.04411764705882353 0.11372549019607843 0.023529411764705882 0.02091503267973856
2 0.04963235294117647 0.10588235294117647 0.019852941176470587 0.018300653594771243
9 0.21213235294117647 0.026143790849673203 0.02426470588235294 0.02091503267973856
3 0.25036764705882353 0.049019607843137254 0.04926470588235294 0.032679738562091505
3 0.26176470588235295 0.08366013071895424 0.026470588235294117 0.047058823529411764
3 0.25588235294117645 0.11960784313725491 0.023529411764705882 0.040522875816993466
4 0.24301470588235294 0.14901960784313725 0.03602941176470588 0.054901960784313725
3 0.2411764705882353 0.20326797385620915 0.04411764705882353 0.050980392156862744