3 0.21953125 0.600462962962963 0.16510416666666666 0.125
3 0.019270833333333334 0.4699074074074074 0.03854166666666667 0.06944444444444445
0 0.021354166666666667 0.38564814814814813 0.013541666666666667 0.05277777777777778
3 0.33515625 0.4023148148148148 0.09322916666666667 0.062037037037037036
1 0.005729166666666666 0.40185185185185185 0.011458333333333333 0.02962962962962963
0 0.38984375 0.3425925925925926 0.008854166666666666 0.04814814814814815
0 0.40234375 0.3388888888888889 0.009895833333333333 0.044444444444444446
0 0.41875 0.3337962962962963 0.010416666666666666 0.04537037037037037
6 0.46588541666666666 0.32685185185185184 0.0328125 0.046296296296296294
1 0.49166666666666664 0.3236111111111111 0.010416666666666666 0.028703703703703703
1 0.4973958333333333 0.32037037037037036 0.007291666666666667 0.025925925925925925
2 0.5130208333333334 0.3023148148148148 0.013541666666666667 0.017592592592592594
2 0.5463541666666667 0.29768518518518516 0.01875 0.019444444444444445
5 0.5885416666666666 0.2662037037037037 0.03958333333333333 0.041666666666666664
5 0.6674479166666667 0.28194444444444444 0.06822916666666666 0.05092592592592592
3 0.734375 0.3587962962962963 0.05416666666666667 0.05462962962962963
3 0.7578125 0.3337962962962963 0.042708333333333334 0.03796296296296296
3 0.7885416666666667 0.31342592592592594 0.040625 0.03611111111111111
3 0.7971354166666667 0.2898148148148148 0.06197916666666667 0.03148148148148148