3 0.4025735294117647 0.5803921568627451 0.06397058823529411 0.13071895424836602
3 0.5724264705882353 0.6503267973856209 0.03602941176470588 0.13986928104575164
3 0.638235294117647 0.19411764705882353 0.047058823529411764 0.11895424836601307
3 0.5882352941176471 0.10130718954248366 0.05 0.12941176470588237
3 0.5216911764705883 0.14705882352941177 0.04926470588235294 0.13202614379084968
3 0.7779411764705882 0.23137254901960785 0.07352941176470588 0.08104575163398693
3 0.8047794117647059 0.15163398692810456 0.0713235294117647 0.07320261437908497
3 0.805514705882353 0.07777777777777778 0.08014705882352942 0.06666666666666667
3 0.830514705882353 0.8562091503267973 0.07426470588235294 0.09411764705882353
4 0.9330882352941177 0.9366013071895425 0.08823529411764706 0.09281045751633987
4 0.24889705882352942 0.3633986928104575 0.04338235294117647 0.10718954248366012
3 0.1213235294117647 0.08169934640522876 0.06911764705882353 0.08496732026143791
5 0.42830882352941174 0.807843137254902 0.0625 0.16993464052287582
5 0.5158088235294118 0.41633986928104577 0.03897058823529412 0.1084967320261438
6 0.46654411764705883 0.40065359477124185 0.028676470588235293 0.09281045751633987
6 0.5422794117647058 0.26209150326797387 0.022794117647058822 0.0718954248366013
1 0.4621323529411765 0.4196078431372549 0.011029411764705883 0.04183006535947712
1 0.4823529411764706 0.5490196078431373 0.008823529411764706 0.01568627450980392
1 0.4308823529411765 0.434640522875817 0.011764705882352941 0.022222222222222223
2 0.48125 0.5509803921568628 0.011029411764705883 0.050980392156862744
9 0.4308823529411765 0.43529411764705883 0.010294117647058823 0.04183006535947712
9 0.22426470588235295 0.25555555555555554 0.026470588235294117 0.048366013071895426
9 0.24191176470588235 0.2784313725490196 0.011764705882352941 0.0392156862745098
9 0.12536764705882353 0.3 0.016911764705882352 0.050980392156862744
0 0.9261029411764706 0.8607843137254902 0.022794117647058822 0.0196078431372549
1 0.27904411764705883 0.7379084967320262 0.016911764705882352 0.03529411764705882
1 0.45845588235294116 0.3006535947712418 0.013970588235294118 0.02875816993464052
1 0.5202205882352942 0.0392156862745098 0.015441176470588236 0.02875816993464052
0 0.3636029411764706 0.12287581699346405 0.02426470588235294 0.047058823529411764
9 0.3503676470588235 0.22483660130718955 0.015441176470588236 0.04967320261437908
9 0.38419117647058826 0.23398692810457516 0.016911764705882352 0.03137254901960784
7 0.4139705882352941 0.14313725490196078 0.05588235294117647 0.09281045751633987
2 0.3577205882352941 0.1503267973856209 0.021323529411764706 0.023529411764705882
2 0.3790441176470588 0.18627450980392157 0.021323529411764706 0.022222222222222223
2 0.41948529411764707 0.22091503267973855 0.016911764705882352 0.036601307189542485
2 0.18051470588235294 0.06797385620915032 0.02426470588235294 0.01568627450980392
0 0.23161764705882354 0.054901960784313725 0.010294117647058823 0.04183006535947712
0 0.2566176470588235 0.08758169934640522 0.008823529411764706 0.02875816993464052
0 0.3029411764705882 0.7803921568627451 0.010294117647058823 0.02091503267973856
0 0.3272058823529412 0.7725490196078432 0.007352941176470588 0.018300653594771243
2 0.3518382352941177 0.8542483660130719 0.011029411764705883 0.032679738562091505
2 0.34375 0.788235294117647 0.015441176470588236 0.04183006535947712