0 0.3816176470588235 0.46405228758169936 0.008823529411764706 0.036601307189542485
0 0.3977941176470588 0.42091503267973857 0.007352941176470588 0.026143790849673203
9 0.39742647058823527 0.4339869281045752 0.008088235294117648 0.02091503267973856
3 0.3738970588235294 0.4444444444444444 0.030147058823529412 0.04967320261437908
3 0.44669117647058826 0.4241830065359477 0.02426470588235294 0.0457516339869281
3 0.39889705882352944 0.35751633986928105 0.022794117647058822 0.043137254901960784
3 0.4139705882352941 0.3130718954248366 0.020588235294117647 0.030065359477124184
3 0.39705882352941174 0.33464052287581697 0.027941176470588237 0.03137254901960784
4 0.3577205882352941 0.3235294117647059 0.04338235294117647 0.03529411764705882
0 0.32941176470588235 0.361437908496732 0.007352941176470588 0.027450980392156862
2 0.3154411764705882 0.3895424836601307 0.010294117647058823 0.023529411764705882
2 0.3264705882352941 0.37712418300653594 0.014705882352941176 0.01699346405228758
2 0.3220588235294118 0.369281045751634 0.013235294117647059 0.0196078431372549
0 0.6088235294117647 0.5071895424836601 0.007352941176470588 0.044444444444444446
0 0.6176470588235294 0.5084967320261438 0.008823529411764706 0.04183006535947712
1 0.5672794117647059 0.39673202614379083 0.006617647058823529 0.030065359477124184
2 0.5665441176470588 0.40326797385620916 0.006617647058823529 0.02483660130718954
0 0.48713235294117646 0.2784313725490196 0.006617647058823529 0.023529411764705882
0 0.49558823529411766 0.27647058823529413 0.004411764705882353 0.02483660130718954
0 0.44375 0.21895424836601307 0.003676470588235294 0.01699346405228758
0 0.3503676470588235 0.2777777777777778 0.006617647058823529 0.02483660130718954
1 0.4183823529411765 0.27058823529411763 0.004411764705882353 0.02091503267973856
2 0.41801470588235295 0.27320261437908494 0.003676470588235294 0.01568627450980392
1 0.5198529411764706 0.28823529411764703 0.0058823529411764705 0.0196078431372549
9 0.5202205882352942 0.2928104575163399 0.006617647058823529 0.01568627450980392
1 0.6073529411764705 0.3503267973856209 0.0058823529411764705 0.02091503267973856
1 0.5919117647058824 0.3032679738562091 0.008823529411764706 0.02091503267973856
1 0.5463235294117647 0.2607843137254902 0.0029411764705882353 0.01699346405228758
9 0.5470588235294118 0.26666666666666666 0.011764705882352941 0.013071895424836602
4 0.5286764705882353 0.22091503267973855 0.025 0.02091503267973856
2 0.5036764705882353 0.2150326797385621 0.010294117647058823 0.011764705882352941
2 0.48970588235294116 0.22745098039215686 0.010294117647058823 0.013071895424836602
1 0.5047794117647059 0.2111111111111111 0.003676470588235294 0.01699346405228758
1 0.49080882352941174 0.2222222222222222 0.003676470588235294 0.01568627450980392
1 0.45551470588235293 0.20588235294117646 0.005147058823529412 0.009150326797385621
1 0.40625 0.22156862745098038 0.005147058823529412 0.01437908496732026
6 0.4088235294117647 0.22549019607843138 0.01764705882352941 0.01437908496732026
6 0.4551470588235294 0.20915032679738563 0.007352941176470588 0.013071895424836602
0 0.4147058823529412 0.2169934640522876 0.004411764705882353 0.013071895424836602
0 0.4033088235294118 0.2169934640522876 0.005147058823529412 0.01568627450980392
3 0.4650735294117647 0.19215686274509805 0.011029411764705883 0.018300653594771243
3 0.4621323529411765 0.18758169934640523 0.009558823529411765 0.01699346405228758
3 0.4573529411764706 0.17712418300653596 0.008823529411764706 0.01437908496732026
3 0.45551470588235293 0.17124183006535948 0.008088235294117648 0.013071895424836602
3 0.45625 0.16666666666666666 0.006617647058823529 0.011764705882352941
3 0.4488970588235294 0.13790849673202615 0.006617647058823529 0.01437908496732026
3 0.44448529411764703 0.1300653594771242 0.005147058823529412 0.011764705882352941