0 0.031985294117647056 0.49673202614379086 0.013970588235294118 0.047058823529411764
9 0.033823529411764704 0.5281045751633987 0.023529411764705882 0.054901960784313725
3 0.12941176470588237 0.5849673202614379 0.047058823529411764 0.10065359477124183
3 0.30551470588235297 0.5607843137254902 0.05220588235294118 0.0784313725490196
3 0.15073529411764705 0.3934640522875817 0.033823529411764704 0.05751633986928104
1 0.10882352941176471 0.46143790849673205 0.016176470588235296 0.0392156862745098
1 0.19117647058823528 0.5294117647058824 0.01911764705882353 0.04967320261437908
1 0.20073529411764707 0.4150326797385621 0.014705882352941176 0.03529411764705882
1 0.26066176470588237 0.3457516339869281 0.013970588235294118 0.022222222222222223
1 0.1463235294117647 0.43856209150326797 0.010294117647058823 0.022222222222222223
9 0.11029411764705882 0.477124183006536 0.016176470588235296 0.0392156862745098
9 0.14669117647058824 0.4594771241830065 0.015441176470588236 0.032679738562091505
9 0.19044117647058822 0.5437908496732026 0.01764705882352941 0.0392156862745098
9 0.20183823529411765 0.42810457516339867 0.016911764705882352 0.03529411764705882
6 0.10220588235294117 0.2803921568627451 0.01911764705882353 0.03790849673202614
4 0.07463235294117647 0.37254901960784315 0.0375 0.08627450980392157
3 0.22647058823529412 0.1980392156862745 0.020588235294117647 0.03529411764705882
3 0.26029411764705884 0.1784313725490196 0.01764705882352941 0.030065359477124184
3 0.2172794117647059 0.14575163398692811 0.016911764705882352 0.030065359477124184
3 0.24448529411764705 0.15163398692810456 0.01838235294117647 0.026143790849673203
3 0.2933823529411765 0.1784313725490196 0.041176470588235294 0.030065359477124184
6 0.2977941176470588 0.3980392156862745 0.014705882352941176 0.040522875816993466
9 0.3352941176470588 0.3431372549019608 0.013235294117647059 0.032679738562091505
9 0.34044117647058825 0.26209150326797387 0.020588235294117647 0.02483660130718954
9 0.3356617647058823 0.2411764705882353 0.019852941176470587 0.02483660130718954
3 0.15919117647058822 0.34248366013071896 0.03455882352941177 0.05751633986928104
3 0.1676470588235294 0.2934640522875817 0.029411764705882353 0.050980392156862744
3 0.17463235294117646 0.26143790849673204 0.02426470588235294 0.03398692810457516
1 0.13051470588235295 0.27908496732026145 0.009558823529411765 0.022222222222222223
1 0.12941176470588237 0.3006535947712418 0.008823529411764706 0.03137254901960784
9 0.13051470588235295 0.3130718954248366 0.011029411764705883 0.030065359477124184
9 0.13125 0.28823529411764703 0.009558823529411765 0.02483660130718954
3 0.17095588235294118 0.23137254901960785 0.02426470588235294 0.03398692810457516
3 0.1738970588235294 0.20522875816993463 0.021323529411764706 0.02875816993464052
3 0.17720588235294119 0.1869281045751634 0.020588235294117647 0.03137254901960784
3 0.18088235294117647 0.16732026143790849 0.01911764705882353 0.02875816993464052
3 0.1860294117647059 0.14640522875816994 0.016176470588235296 0.03137254901960784
3 0.19411764705882353 0.12941176470588237 0.016176470588235296 0.026143790849673203
3 0.19705882352941176 0.11764705882352941 0.016176470588235296 0.026143790849673203
3 0.12610294117647058 0.22418300653594772 0.022794117647058822 0.0457516339869281
4 0.1375 0.18627450980392157 0.027941176470588237 0.048366013071895426
3 0.10551470588235294 0.049019607843137254 0.025735294117647058 0.022222222222222223
0 0.15661764705882353 0.19084967320261437 0.0058823529411764705 0.03137254901960784
1 0.1448529411764706 0.13137254901960785 0.0058823529411764705 0.0196078431372549
2 0.1448529411764706 0.1411764705882353 0.0058823529411764705 0.018300653594771243
9 0.14963235294117647 0.11568627450980393 0.006617647058823529 0.01699346405228758
3 0.12352941176470589 0.11764705882352941 0.027941176470588237 0.02091503267973856
3 0.12941176470588237 0.1084967320261438 0.027941176470588237 0.02091503267973856
3 0.13345588235294117 0.09019607843137255 0.027205882352941177 0.02091503267973856
3 0.14154411764705882 0.07581699346405228 0.027205882352941177 0.02091503267973856
8 0.16691176470588234 0.11764705882352941 0.025 0.06013071895424837
8 0.2386029411764706 0.1065359477124183 0.02426470588235294 0.050980392156862744
3 0.24227941176470588 0.06143790849673202 0.011029411764705883 0.018300653594771243
3 0.22463235294117648 0.09215686274509804 0.011029411764705883 0.0196078431372549
3 0.22242647058823528 0.08366013071895424 0.011029411764705883 0.02091503267973856
3 0.22242647058823528 0.0718954248366013 0.011029411764705883 0.02091503267973856
3 0.22279411764705884 0.06470588235294118 0.013235294117647059 0.0196078431372549
1 0.24963235294117647 0.08169934640522876 0.005147058823529412 0.011764705882352941
9 0.24963235294117647 0.08954248366013072 0.005147058823529412 0.009150326797385621
1 0.26176470588235295 0.12745098039215685 0.0058823529411764705 0.01437908496732026
9 0.26176470588235295 0.13594771241830064 0.0058823529411764705 0.01568627450980392
3 0.26029411764705884 0.10196078431372549 0.014705882352941176 0.023529411764705882
0 0.26544117647058824 0.07581699346405228 0.004411764705882353 0.018300653594771243
0 0.2525735294117647 0.06405228758169934 0.005147058823529412 0.018300653594771243
3 0.2650735294117647 0.05947712418300653 0.008088235294117648 0.01437908496732026
0 0.09375 0.10718954248366012 0.006617647058823529 0.018300653594771243
0 0.0875 0.10261437908496732 0.004411764705882353 0.0196078431372549
0 0.0838235294117647 0.10065359477124183 0.004411764705882353 0.018300653594771243
2 0.10404411764705883 0.08758169934640522 0.0125 0.013071895424836602
3 0.07941176470588235 0.05163398692810457 0.011764705882352941 0.01699346405228758
3 0.09632352941176471 0.024183006535947713 0.014705882352941176 0.01699346405228758
1 0.12904411764705884 0.048366013071895426 0.006617647058823529 0.01045751633986928
2 0.12904411764705884 0.05620915032679739 0.011029411764705883 0.013071895424836602
1 0.10845588235294118 0.030065359477124184 0.005147058823529412 0.01045751633986928
2 0.10882352941176471 0.034640522875816995 0.008823529411764706 0.011764705882352941
9 0.13419117647058823 0.023529411764705882 0.013970588235294118 0.01568627450980392
6 0.26029411764705884 0.3633986928104575 0.01764705882352941 0.03398692810457516
1 0.35441176470588237 0.6882352941176471 0.016176470588235296 0.05620915032679739
1 0.35110294117647056 0.6699346405228758 0.016911764705882352 0.05620915032679739
1 0.35110294117647056 0.9235294117647059 0.02426470588235294 0.058823529411764705
9 0.35110294117647056 0.6856209150326797 0.025735294117647058 0.058823529411764705
9 0.3492647058823529 0.938562091503268 0.026470588235294117 0.0784313725490196
1 0.45036764705882354 0.5562091503267974 0.0125 0.027450980392156862
0 0.4724264705882353 0.5555555555555556 0.011029411764705883 0.05228758169934641
0 0.6 0.4993464052287582 0.01764705882352941 0.047058823529411764
0 0.6650735294117647 0.5477124183006536 0.019852941176470587 0.044444444444444446
0 0.6617647058823529 0.5424836601307189 0.01911764705882353 0.044444444444444446
1 0.5823529411764706 0.8777777777777778 0.014705882352941176 0.0718954248366013
2 0.5823529411764706 0.8967320261437909 0.03823529411764706 0.06274509803921569
3 0.9216911764705882 0.9248366013071896 0.14779411764705883 0.1450980392156863
2 0.7503676470588235 0.5248366013071896 0.028676470588235293 0.032679738562091505
0 0.7345588235294118 0.4888888888888889 0.008823529411764706 0.05228758169934641
0 0.8397058823529412 0.46601307189542485 0.011764705882352941 0.048366013071895426
0 0.8047794117647059 0.46601307189542485 0.0125 0.048366013071895426
3 0.8948529411764706 0.4875816993464052 0.07941176470588235 0.06797385620915032
3 0.9647058823529412 0.7869281045751634 0.07058823529411765 0.0915032679738562
9 0.9511029411764705 0.7549019607843137 0.030147058823529412 0.048366013071895426