3 0.24779411764705883 0.8045751633986928 0.12352941176470589 0.17124183006535948
3 0.3352941176470588 0.6183006535947713 0.054411764705882354 0.11503267973856209
3 0.22683823529411765 0.6470588235294118 0.08602941176470588 0.12549019607843137
3 0.4102941176470588 0.2738562091503268 0.029411764705882353 0.0457516339869281
3 0.49926470588235294 0.257516339869281 0.026470588235294117 0.05228758169934641
3 0.4985294117647059 0.19869281045751633 0.020588235294117647 0.04183006535947712
3 0.5584558823529412 0.10130718954248366 0.013970588235294118 0.02483660130718954
4 0.5238970588235294 0.12483660130718954 0.013970588235294118 0.032679738562091505
3 0.5544117647058824 0.04771241830065359 0.010294117647058823 0.022222222222222223
3 0.5713235294117647 0.027450980392156862 0.010294117647058823 0.018300653594771243
6 0.5496323529411765 0.00849673202614379 0.009558823529411765 0.01699346405228758
3 0.6845588235294118 0.07581699346405228 0.01764705882352941 0.02091503267973856
3 0.6558823529411765 0.0457516339869281 0.014705882352941176 0.02091503267973856
3 0.6363970588235294 0.041176470588235294 0.0125 0.01437908496732026
3 0.6202205882352941 0.018300653594771243 0.011029411764705883 0.018300653594771243
3 0.9694852941176471 0.5901960784313726 0.05808823529411765 0.06928104575163399
9 0.48676470588235293 0.16470588235294117 0.0058823529411764705 0.02091503267973856
0 0.48713235294117646 0.15555555555555556 0.003676470588235294 0.023529411764705882
0 0.4900735294117647 0.1542483660130719 0.003676470588235294 0.018300653594771243
0 0.5286764705882353 0.042483660130718956 0.0029411764705882353 0.022222222222222223
3 0.6536764705882353 0.00784313725490196 0.013235294117647059 0.01568627450980392
0 0.6569852941176471 0.026143790849673203 0.003676470588235294 0.013071895424836602
9 0.6577205882352941 0.029411764705882353 0.005147058823529412 0.011764705882352941
3 0.7389705882352942 0.049019607843137254 0.013235294117647059 0.01699346405228758
3 0.7110294117647059 0.029411764705882353 0.01764705882352941 0.01699346405228758
5 0.9698529411764706 0.11960784313725491 0.041176470588235294 0.040522875816993466