3 0.4536764705882353 0.6130718954248366 0.07058823529411765 0.11241830065359477
6 0.7209558823529412 0.730718954248366 0.08308823529411764 0.09934640522875816
9 0.649264705882353 0.7202614379084967 0.025 0.06797385620915032
1 0.6455882352941177 0.726797385620915 0.016176470588235296 0.04183006535947712
1 0.6511029411764706 0.707843137254902 0.016911764705882352 0.058823529411764705
0 0.6727941176470589 0.5705882352941176 0.01764705882352941 0.06143790849673202
0 0.8959558823529412 0.7176470588235294 0.022794117647058822 0.07581699346405228
0 0.9349264705882353 0.7326797385620915 0.02426470588235294 0.06143790849673202
3 0.8047794117647059 0.5215686274509804 0.10661764705882353 0.07581699346405228
3 0.9610294117647059 0.5254901960784314 0.07794117647058824 0.06797385620915032
3 0.9007352941176471 0.45098039215686275 0.10147058823529412 0.06797385620915032
6 0.7158088235294118 0.4549019607843137 0.06102941176470588 0.05751633986928104
9 0.8095588235294118 0.4111111111111111 0.014705882352941176 0.0457516339869281
9 0.8165441176470588 0.41045751633986927 0.015441176470588236 0.047058823529411764
9 0.775 0.41045751633986927 0.011764705882352941 0.04183006535947712
9 0.76875 0.41045751633986927 0.011029411764705883 0.044444444444444446
9 0.7613970588235294 0.40980392156862744 0.011029411764705883 0.0457516339869281
9 0.7727941176470589 0.44901960784313727 0.007352941176470588 0.040522875816993466
9 0.7797794117647059 0.44901960784313727 0.009558823529411765 0.043137254901960784
9 0.788235294117647 0.45098039215686275 0.010294117647058823 0.04183006535947712
9 0.7959558823529411 0.4522875816993464 0.0125 0.04183006535947712
9 0.8036764705882353 0.4542483660130719 0.011764705882352941 0.043137254901960784
9 0.8110294117647059 0.4542483660130719 0.013235294117647059 0.040522875816993466
0 0.66875 0.3862745098039216 0.01838235294117647 0.043137254901960784
0 0.5055147058823529 0.4045751633986928 0.009558823529411765 0.05359477124183006
9 0.3235294117647059 0.4418300653594771 0.022058823529411766 0.05228758169934641
1 0.32426470588235295 0.43137254901960786 0.014705882352941176 0.04183006535947712
3 0.37022058823529413 0.34705882352941175 0.04338235294117647 0.06143790849673202
3 0.40183823529411766 0.30130718954248364 0.0375 0.05620915032679739
3 0.43529411764705883 0.29411764705882354 0.03676470588235294 0.04967320261437908
9 0.46911764705882353 0.28431372549019607 0.008823529411764706 0.03529411764705882
9 0.44485294117647056 0.24705882352941178 0.020588235294117647 0.023529411764705882
9 0.4139705882352941 0.23594771241830065 0.01764705882352941 0.027450980392156862
6 0.4047794117647059 0.22287581699346407 0.025735294117647058 0.03529411764705882
2 0.43970588235294117 0.2281045751633987 0.016176470588235296 0.0196078431372549
2 0.4426470588235294 0.22418300653594772 0.016176470588235296 0.022222222222222223
0 0.4849264705882353 0.28431372549019607 0.008088235294117648 0.03790849673202614
0 0.49117647058823527 0.27908496732026145 0.007352941176470588 0.040522875816993466
0 0.49411764705882355 0.2725490196078431 0.0058823529411764705 0.03790849673202614
0 0.5051470588235294 0.26666666666666666 0.0058823529411764705 0.036601307189542485
0 0.5058823529411764 0.2549019607843137 0.0058823529411764705 0.03137254901960784
3 0.3845588235294118 0.20392156862745098 0.033823529411764704 0.036601307189542485
0 0.4459558823529412 0.1954248366013072 0.008088235294117648 0.043137254901960784
1 0.4474264705882353 0.18562091503267975 0.005147058823529412 0.02091503267973856
0 0.45073529411764707 0.18235294117647058 0.0058823529411764705 0.030065359477124184
2 0.46875 0.16601307189542483 0.006617647058823529 0.02091503267973856
4 0.4198529411764706 0.17777777777777778 0.04852941176470588 0.04967320261437908
3 0.40955882352941175 0.16862745098039217 0.047058823529411764 0.0392156862745098
9 0.38529411764705884 0.15294117647058825 0.014705882352941176 0.02091503267973856
6 0.17205882352941176 0.2777777777777778 0.05588235294117647 0.0457516339869281
3 0.09301470588235294 0.27124183006535946 0.03455882352941177 0.050980392156862744
3 0.17720588235294119 0.24248366013071895 0.04264705882352941 0.05620915032679739
3 0.19080882352941175 0.2084967320261438 0.05514705882352941 0.03790849673202614
4 0.1948529411764706 0.1869281045751634 0.05 0.04183006535947712
3 0.2977941176470588 0.22745098039215686 0.026470588235294117 0.047058823529411764
3 0.24558823529411763 0.18366013071895426 0.025 0.040522875816993466
0 0.26286764705882354 0.1627450980392157 0.008088235294117648 0.03529411764705882
1 0.22058823529411764 0.15816993464052287 0.007352941176470588 0.018300653594771243
2 0.24926470588235294 0.13790849673202615 0.016176470588235296 0.01699346405228758
9 0.25036764705882353 0.13202614379084968 0.016911764705882352 0.023529411764705882
9 0.19154411764705884 0.14640522875816994 0.011029411764705883 0.023529411764705882
3 0.2974264705882353 0.12352941176470589 0.022794117647058822 0.048366013071895426
4 0.3588235294117647 0.12091503267973856 0.01911764705882353 0.03529411764705882
3 0.38419117647058826 0.13725490196078433 0.022794117647058822 0.03398692810457516
3 0.37941176470588234 0.11503267973856209 0.016176470588235296 0.023529411764705882
6 0.32573529411764707 0.10457516339869281 0.011764705882352941 0.026143790849673203
1 0.325 0.09803921568627451 0.007352941176470588 0.023529411764705882
1 0.3264705882352941 0.09477124183006536 0.0058823529411764705 0.01699346405228758
0 0.40845588235294117 0.12026143790849673 0.005147058823529412 0.03137254901960784
0 0.4022058823529412 0.11960784313725491 0.0058823529411764705 0.030065359477124184
3 0.3801470588235294 0.10326797385620914 0.033823529411764704 0.026143790849673203
7 0.20073529411764707 0.08758169934640522 0.027941176470588237 0.02875816993464052
7 0.24044117647058824 0.0869281045751634 0.020588235294117647 0.027450980392156862
4 0.2580882352941177 0.09542483660130718 0.016176470588235296 0.036601307189542485
3 0.3044117647058823 0.06339869281045751 0.016176470588235296 0.027450980392156862
3 0.3492647058823529 0.06601307189542484 0.022058823529411766 0.027450980392156862
3 0.2746323529411765 0.054901960784313725 0.015441176470588236 0.026143790849673203
4 0.38419117647058826 0.08888888888888889 0.021323529411764706 0.02875816993464052
3 0.3698529411764706 0.08496732026143791 0.014705882352941176 0.026143790849673203
3 0.3764705882352941 0.05228758169934641 0.027941176470588237 0.023529411764705882
3 0.37279411764705883 0.044444444444444446 0.025 0.018300653594771243
9 0.29007352941176473 0.034640522875816995 0.005147058823529412 0.01699346405228758
9 0.33676470588235297 0.026143790849673203 0.004411764705882353 0.01568627450980392
1 0.2908088235294118 0.029411764705882353 0.005147058823529412 0.01699346405228758
1 0.33639705882352944 0.02287581699346405 0.003676470588235294 0.01699346405228758
0 0.21066176470588235 0.07516339869281045 0.005147058823529412 0.027450980392156862
6 0.26580882352941176 0.08496732026143791 0.01838235294117647 0.023529411764705882
3 0.30772058823529413 0.011111111111111112 0.013970588235294118 0.022222222222222223
3 0.275 0.03529411764705882 0.016176470588235296 0.02091503267973856
4 0.2735294117647059 0.0196078431372549 0.011764705882352941 0.026143790849673203
0 0.3536764705882353 0.02875816993464052 0.0058823529411764705 0.018300653594771243
0 0.3488970588235294 0.029411764705882353 0.005147058823529412 0.022222222222222223
3 0.3551470588235294 0.01895424836601307 0.011764705882352941 0.0196078431372549
0 0.34448529411764706 0.01437908496732026 0.003676470588235294 0.018300653594771243
9 0.29411764705882354 0.023529411764705882 0.004411764705882353 0.013071895424836602
1 0.2926470588235294 0.016339869281045753 0.0029411764705882353 0.011764705882352941
1 0.29448529411764707 0.01764705882352941 0.003676470588235294 0.01437908496732026