3 0.2716911764705882 0.14640522875816994 0.011029411764705883 0.01568627450980392
3 0.28345588235294117 0.18366013071895426 0.015441176470588236 0.01699346405228758
3 0.1636029411764706 0.2111111111111111 0.03602941176470588 0.0196078431372549
6 0.9908088235294118 0.31241830065359477 0.01838235294117647 0.03137254901960784
9 0.913235294117647 0.7294117647058823 0.03676470588235294 0.054901960784313725
1 0.9154411764705882 0.7183006535947712 0.022058823529411766 0.050980392156862744
3 0.711764705882353 0.6477124183006536 0.08529411764705883 0.07450980392156863
6 0.5849264705882353 0.37058823529411766 0.027205882352941177 0.0457516339869281
1 0.5775735294117647 0.3686274509803922 0.009558823529411765 0.026143790849673203
3 0.3720588235294118 0.10522875816993464 0.0058823529411764705 0.009150326797385621
5 0.3834558823529412 0.10980392156862745 0.009558823529411765 0.02875816993464052
7 0.3911764705882353 0.12418300653594772 0.004411764705882353 0.013071895424836602
3 0.3738970588235294 0.1522875816993464 0.009558823529411765 0.01437908496732026
4 0.3966911764705882 0.14836601307189543 0.013970588235294118 0.02483660130718954
3 0.4022058823529412 0.17712418300653596 0.011764705882352941 0.01699346405228758
3 0.4591911764705882 0.2496732026143791 0.019852941176470587 0.02091503267973856
0 0.4772058823529412 0.22549019607843138 0.0058823529411764705 0.01437908496732026
5 0.4919117647058823 0.10588235294117647 0.029411764705882353 0.018300653594771243
3 0.7113970588235294 0.2542483660130719 0.02426470588235294 0.027450980392156862
4 0.5981617647058823 0.2758169934640523 0.030147058823529412 0.026143790849673203
5 0.5713235294117647 0.12679738562091503 0.03676470588235294 0.023529411764705882
5 0.5080882352941176 0.13660130718954247 0.03823529411764706 0.02483660130718954
6 0.6363970588235294 0.3026143790849673 0.030147058823529412 0.02483660130718954
6 0.6536764705882353 0.29934640522875816 0.027941176470588237 0.026143790849673203
6 0.6224264705882353 0.2875816993464052 0.022794117647058822 0.02091503267973856
6 0.6371323529411764 0.28431372549019607 0.021323529411764706 0.022222222222222223