3 0.49926470588235294 0.8490196078431372 0.04411764705882353 0.12418300653594772
3 0.5669117647058823 0.7483660130718954 0.03823529411764706 0.10326797385620914
3 0.5113970588235294 0.692156862745098 0.03455882352941177 0.09281045751633987
3 0.5558823529411765 0.5993464052287582 0.03529411764705882 0.07973856209150326
3 0.5477941176470589 0.5091503267973856 0.03235294117647059 0.0718954248366013
5 0.5051470588235294 0.5450980392156862 0.04852941176470588 0.16470588235294117
3 0.5452205882352941 0.4320261437908497 0.025735294117647058 0.050980392156862744
5 0.506985294117647 0.44313725490196076 0.03161764705882353 0.08104575163398693
3 0.5110294117647058 0.3934640522875817 0.023529411764705882 0.036601307189542485
4 0.5441176470588235 0.3581699346405229 0.023529411764705882 0.054901960784313725
3 0.5106617647058823 0.3254901960784314 0.021323529411764706 0.04183006535947712
3 0.5345588235294118 0.2908496732026144 0.01911764705882353 0.03790849673202614
4 0.5080882352941176 0.265359477124183 0.01911764705882353 0.04183006535947712
3 0.5301470588235294 0.2477124183006536 0.01911764705882353 0.03529411764705882
3 0.5011029411764706 0.2326797385620915 0.016911764705882352 0.02875816993464052
3 0.5305147058823529 0.20392156862745098 0.016911764705882352 0.02875816993464052
3 0.4724264705882353 0.19607843137254902 0.01838235294117647 0.036601307189542485
3 0.5040441176470588 0.17712418300653596 0.015441176470588236 0.032679738562091505
3 0.5264705882352941 0.14836601307189543 0.014705882352941176 0.02483660130718954
3 0.5055147058823529 0.15294117647058825 0.013970588235294118 0.023529411764705882
3 0.5485294117647059 0.11699346405228758 0.01911764705882353 0.022222222222222223
3 0.4650735294117647 0.10980392156862745 0.013970588235294118 0.026143790849673203
3 0.4636029411764706 0.09281045751633987 0.0125 0.02091503267973856
3 0.4823529411764706 0.08366013071895424 0.011764705882352941 0.02091503267973856
3 0.46911764705882353 0.06535947712418301 0.010294117647058823 0.02091503267973856
5 0.5022058823529412 0.08104575163398693 0.01764705882352941 0.06535947712418301
1 0.5988970588235294 0.9222222222222223 0.015441176470588236 0.040522875816993466
9 0.5974264705882353 0.9372549019607843 0.015441176470588236 0.06797385620915032
3 0.3452205882352941 0.7470588235294118 0.04338235294117647 0.10326797385620914
3 0.3669117647058823 0.5986928104575163 0.03823529411764706 0.0784313725490196
4 0.3327205882352941 0.5006535947712418 0.05073529411764706 0.06797385620915032
4 0.3165441176470588 0.3183006535947712 0.05955882352941176 0.0457516339869281
3 0.1349264705882353 0.8418300653594771 0.11102941176470588 0.0915032679738562
3 0.1636029411764706 0.7843137254901961 0.10073529411764706 0.07320261437908497
3 0.17904411764705883 0.7326797385620915 0.09338235294117647 0.06928104575163399
3 0.19558823529411765 0.6830065359477124 0.0838235294117647 0.06143790849673202
3 0.015808823529411764 0.5915032679738562 0.03161764705882353 0.09281045751633987
5 0.11213235294117647 0.3183006535947712 0.08161764705882353 0.05620915032679739
3 0.19852941176470587 0.3300653594771242 0.051470588235294115 0.040522875816993466
4 0.48713235294117646 0.05359477124183006 0.009558823529411765 0.023529411764705882
3 0.5544117647058824 0.056862745098039215 0.025 0.0196078431372549
3 0.5963235294117647 0.06405228758169934 0.022058823529411766 0.018300653594771243
3 0.8481617647058823 0.06339869281045751 0.022794117647058822 0.022222222222222223
3 0.9738970588235294 0.09281045751633987 0.02426470588235294 0.018300653594771243
3 0.9735294117647059 0.056862745098039215 0.020588235294117647 0.01699346405228758
3 0.9944852941176471 0.09019607843137255 0.011029411764705883 0.01568627450980392
3 0.11139705882352942 0.09934640522875816 0.03161764705882353 0.023529411764705882
3 0.13308823529411765 0.08888888888888889 0.029411764705882353 0.023529411764705882
3 0.15588235294117647 0.09738562091503268 0.030882352941176472 0.022222222222222223
3 0.17095588235294118 0.10522875816993464 0.03161764705882353 0.02483660130718954
3 0.17426470588235293 0.08823529411764706 0.030882352941176472 0.022222222222222223
4 0.20147058823529412 0.09411764705882353 0.026470588235294117 0.02875816993464052
3 0.21213235294117647 0.10522875816993464 0.03455882352941177 0.022222222222222223
3 0.21948529411764706 0.08954248366013072 0.027205882352941177 0.0196078431372549
3 0.24632352941176472 0.1111111111111111 0.033823529411764704 0.023529411764705882
3 0.26544117647058824 0.10261437908496732 0.033823529411764704 0.0196078431372549
3 0.24926470588235294 0.09477124183006536 0.030882352941176472 0.0196078431372549
3 0.2621323529411765 0.08888888888888889 0.03308823529411765 0.023529411764705882
3 0.3047794117647059 0.10784313725490197 0.027205882352941177 0.022222222222222223
3 0.3113970588235294 0.1 0.027205882352941177 0.0196078431372549
3 0.29963235294117646 0.0934640522875817 0.03161764705882353 0.02483660130718954
3 0.30183823529411763 0.08758169934640522 0.030147058823529412 0.02091503267973856
3 0.3488970588235294 0.10588235294117647 0.03308823529411765 0.026143790849673203
4 0.35073529411764703 0.09607843137254903 0.026470588235294117 0.02483660130718954
3 0.33933823529411766 0.09215686274509804 0.025735294117647058 0.0196078431372549
3 0.3360294117647059 0.08496732026143791 0.025 0.018300653594771243
1 0.36213235294117646 0.31176470588235294 0.006617647058823529 0.022222222222222223
0 0.3669117647058823 0.3150326797385621 0.0058823529411764705 0.03137254901960784
1 0.37830882352941175 0.3156862745098039 0.006617647058823529 0.0196078431372549
1 0.3735294117647059 0.3084967320261438 0.0058823529411764705 0.02091503267973856
1 0.3849264705882353 0.3045751633986928 0.006617647058823529 0.02091503267973856
0 0.38786764705882354 0.3 0.006617647058823529 0.032679738562091505
4 0.47205882352941175 0.032679738562091505 0.013235294117647059 0.036601307189542485
3 0.48823529411764705 0.03137254901960784 0.010294117647058823 0.01568627450980392
3 0.48455882352941176 0.021568627450980392 0.008823529411764706 0.01699346405228758
3 0.5183823529411765 0.02875816993464052 0.010294117647058823 0.01568627450980392
3 0.5036764705882353 0.01699346405228758 0.008823529411764706 0.01568627450980392
3 0.5077205882352941 0.006535947712418301 0.008088235294117648 0.013071895424836602
3 0.4900735294117647 0.01045751633986928 0.009558823529411765 0.01568627450980392
3 0.47463235294117645 0.00718954248366013 0.008088235294117648 0.01437908496732026
0 0.5165441176470589 0.01568627450980392 0.003676470588235294 0.018300653594771243
0 0.4588235294117647 0.034640522875816995 0.004411764705882353 0.01699346405228758