0 0.9731617647058823 0.013725490196078431 0.008088235294117648 0.027450980392156862
6 0.9551470588235295 0.01568627450980392 0.023529411764705882 0.03137254901960784
0 0.9580882352941177 0.06013071895424837 0.007352941176470588 0.026143790849673203
0 0.9533088235294118 0.0542483660130719 0.011029411764705883 0.032679738562091505
1 0.9257352941176471 0.12026143790849673 0.004411764705882353 0.02091503267973856
1 0.9246323529411765 0.11699346405228758 0.009558823529411765 0.027450980392156862
0 0.7713235294117647 0.025490196078431372 0.007352941176470588 0.027450980392156862
1 0.7672794117647059 0.023529411764705882 0.006617647058823529 0.018300653594771243
1 0.7595588235294117 0.032679738562091505 0.008823529411764706 0.02091503267973856
2 0.763235294117647 0.0457516339869281 0.01911764705882353 0.02091503267973856
1 0.7496323529411765 0.041176470588235294 0.008088235294117648 0.022222222222222223
1 0.7397058823529412 0.0542483660130719 0.008823529411764706 0.02483660130718954
1 0.7301470588235294 0.0718954248366013 0.007352941176470588 0.026143790849673203
1 0.7235294117647059 0.08758169934640522 0.007352941176470588 0.02091503267973856
1 0.7209558823529412 0.0915032679738562 0.008088235294117648 0.026143790849673203
1 0.7143382352941177 0.11503267973856209 0.008088235294117648 0.013071895424836602
1 0.7136029411764706 0.1261437908496732 0.0125 0.027450980392156862
1 0.7106617647058824 0.15163398692810456 0.008088235294117648 0.026143790849673203
1 0.7091911764705883 0.16143790849673204 0.008088235294117648 0.030065359477124184
0 0.7786764705882353 0.12418300653594772 0.007352941176470588 0.036601307189542485
0 0.7713235294117647 0.1287581699346405 0.007352941176470588 0.03529411764705882
0 0.7529411764705882 0.18562091503267975 0.007352941176470588 0.0392156862745098
0 0.7466911764705882 0.1830065359477124 0.008088235294117648 0.036601307189542485
6 0.6889705882352941 0.18562091503267975 0.039705882352941174 0.02875816993464052
0 0.9389705882352941 0.00784313725490196 0.004411764705882353 0.01568627450980392
0 0.9176470588235294 0.011111111111111112 0.0058823529411764705 0.022222222222222223
2 0.8492647058823529 0.00522875816993464 0.010294117647058823 0.01045751633986928
0 0.8441176470588235 0.5098039215686274 0.023529411764705882 0.04967320261437908
0 0.81875 0.49673202614379086 0.021323529411764706 0.04967320261437908
0 0.7875 0.4823529411764706 0.016176470588235296 0.044444444444444446
0 0.6882352941176471 0.2875816993464052 0.011764705882352941 0.04183006535947712
0 0.6202205882352941 0.21633986928104576 0.008088235294117648 0.040522875816993466
0 0.6573529411764706 0.16405228758169935 0.008823529411764706 0.03790849673202614
0 0.59375 0.269281045751634 0.0125 0.04183006535947712
0 0.5830882352941177 0.29869281045751633 0.010294117647058823 0.0457516339869281
0 0.5691176470588235 0.2901960784313726 0.008823529411764706 0.0392156862745098
0 0.5459558823529411 0.22679738562091503 0.006617647058823529 0.040522875816993466
0 0.5117647058823529 0.19281045751633988 0.008823529411764706 0.03790849673202614
0 0.5117647058823529 0.17973856209150327 0.007352941176470588 0.03529411764705882
0 0.5073529411764706 0.4222222222222222 0.013235294117647059 0.044444444444444446
0 0.5055147058823529 0.515686274509804 0.008088235294117648 0.043137254901960784
0 0.6091911764705882 0.4869281045751634 0.009558823529411765 0.03790849673202614
1 0.5819852941176471 0.4947712418300654 0.011029411764705883 0.02483660130718954
1 0.600735294117647 0.5058823529411764 0.010294117647058823 0.026143790849673203
1 0.5985294117647059 0.5215686274509804 0.008823529411764706 0.02875816993464052
1 0.6121323529411765 0.5372549019607843 0.011029411764705883 0.026143790849673203
9 0.6073529411764705 0.5549019607843138 0.027941176470588237 0.030065359477124184
9 0.6014705882352941 0.5352941176470588 0.03676470588235294 0.032679738562091505
9 0.5911764705882353 0.5176470588235295 0.03529411764705882 0.03398692810457516
9 0.5808823529411765 0.5065359477124183 0.025 0.040522875816993466
0 0.5345588235294118 0.01045751633986928 0.0058823529411764705 0.02091503267973856
0 0.5194852941176471 0.011764705882352941 0.008088235294117648 0.023529411764705882
0 0.48713235294117646 0.013725490196078431 0.005147058823529412 0.027450980392156862
1 0.4536764705882353 0.00784313725490196 0.007352941176470588 0.01568627450980392
1 0.4426470588235294 0.00784313725490196 0.0058823529411764705 0.01568627450980392
1 0.4011029411764706 0.00718954248366013 0.006617647058823529 0.01437908496732026
0 0.37720588235294117 0.01045751633986928 0.007352941176470588 0.02091503267973856
0 0.38676470588235295 0.06470588235294118 0.008823529411764706 0.03529411764705882
1 0.3775735294117647 0.06666666666666667 0.006617647058823529 0.023529411764705882
2 0.3790441176470588 0.07516339869281045 0.009558823529411765 0.0196078431372549
0 0.37022058823529413 0.06405228758169934 0.006617647058823529 0.03398692810457516
0 0.45588235294117646 0.29150326797385623 0.007352941176470588 0.0392156862745098
0 0.3875 0.29477124183006537 0.011764705882352941 0.043137254901960784
0 0.3786764705882353 0.29150326797385623 0.008823529411764706 0.044444444444444446
0 0.3886029411764706 0.3941176470588235 0.011029411764705883 0.0457516339869281
0 0.38933823529411765 0.3836601307189543 0.008088235294117648 0.03790849673202614
0 0.4297794117647059 0.6431372549019608 0.0125 0.05228758169934641
0 0.4334558823529412 0.8562091503267973 0.009558823529411765 0.03137254901960784
0 0.4290441176470588 0.8895424836601307 0.01838235294117647 0.058823529411764705
0 0.4139705882352941 0.888235294117647 0.013235294117647059 0.06143790849673202
0 0.39375 0.9176470588235294 0.013970588235294118 0.054901960784313725
0 0.38823529411764707 0.711764705882353 0.014705882352941176 0.05620915032679739
0 0.3764705882352941 0.7098039215686275 0.014705882352941176 0.05228758169934641
1 0.32169117647058826 0.8503267973856209 0.016911764705882352 0.06666666666666667
0 0.3014705882352941 0.8333333333333334 0.01911764705882353 0.06143790849673202
0 0.27794117647058825 0.7699346405228759 0.020588235294117647 0.05228758169934641
9 0.3397058823529412 0.8300653594771242 0.033823529411764704 0.04183006535947712
9 0.34338235294117647 0.7790849673202614 0.03823529411764706 0.047058823529411764
1 0.3113970588235294 0.6823529411764706 0.013970588235294118 0.023529411764705882
1 0.30808823529411766 0.6352941176470588 0.01911764705882353 0.03137254901960784
0 0.2841911764705882 0.5888888888888889 0.006617647058823529 0.03529411764705882
0 0.25698529411764703 0.6777777777777778 0.011029411764705883 0.050980392156862744
0 0.25330882352941175 0.6692810457516339 0.0125 0.05228758169934641
1 0.24816176470588236 0.6640522875816993 0.006617647058823529 0.023529411764705882
0 0.3 0.41830065359477125 0.008823529411764706 0.044444444444444446
0 0.27904411764705883 0.5281045751633987 0.011029411764705883 0.047058823529411764
0 0.2647058823529412 0.5588235294117647 0.013235294117647059 0.043137254901960784
0 0.25220588235294117 0.5424836601307189 0.010294117647058823 0.05228758169934641
1 0.26691176470588235 0.5379084967320261 0.013235294117647059 0.02483660130718954
1 0.2775735294117647 0.4830065359477124 0.013970588235294118 0.030065359477124184
1 0.2783088235294118 0.469281045751634 0.011029411764705883 0.026143790849673203
0 0.2636029411764706 0.4725490196078431 0.009558823529411765 0.040522875816993466
0 0.28198529411764706 0.42549019607843136 0.009558823529411765 0.027450980392156862
0 0.275 0.41830065359477125 0.010294117647058823 0.026143790849673203
0 0.31323529411764706 0.01699346405228758 0.007352941176470588 0.03398692810457516
0 0.30625 0.016339869281045753 0.008088235294117648 0.032679738562091505
0 0.2926470588235294 0.04771241830065359 0.007352941176470588 0.03790849673202614
0 0.2746323529411765 0.03594771241830065 0.006617647058823529 0.03529411764705882
0 0.3224264705882353 0.09803921568627451 0.006617647058823529 0.03398692810457516
0 0.32683823529411765 0.20980392156862746 0.009558823529411765 0.040522875816993466
0 0.3125 0.21830065359477124 0.008823529411764706 0.04183006535947712
0 0.2867647058823529 0.21372549019607842 0.010294117647058823 0.040522875816993466
0 0.3139705882352941 0.1588235294117647 0.007352941176470588 0.040522875816993466
0 0.3069852941176471 0.16797385620915034 0.006617647058823529 0.03790849673202614
0 0.3003676470588235 0.09281045751633987 0.005147058823529412 0.02091503267973856
0 0.2698529411764706 0.09477124183006536 0.0058823529411764705 0.022222222222222223
0 0.2823529411764706 0.09411764705882353 0.008823529411764706 0.02875816993464052
1 0.2926470588235294 0.1084967320261438 0.0058823529411764705 0.02091503267973856
1 0.29007352941176473 0.10130718954248366 0.006617647058823529 0.0196078431372549
1 0.2952205882352941 0.09215686274509804 0.005147058823529412 0.01699346405228758
1 0.29301470588235295 0.09084967320261438 0.006617647058823529 0.0196078431372549
1 0.29191176470588237 0.08366013071895424 0.0058823529411764705 0.02091503267973856
1 0.28823529411764703 0.0803921568627451 0.0058823529411764705 0.01699346405228758
1 0.2893382352941177 0.09803921568627451 0.006617647058823529 0.02091503267973856
9 0.1323529411764706 0.9797385620915032 0.047058823529411764 0.040522875816993466
2 0.17058823529411765 0.9411764705882353 0.04264705882352941 0.044444444444444446
9 0.1761029411764706 0.9071895424836601 0.04191176470588235 0.044444444444444446
9 0.2 0.8849673202614379 0.03235294117647059 0.04967320261437908
9 0.11102941176470588 0.9019607843137255 0.022058823529411766 0.06535947712418301
9 0.22095588235294117 0.8326797385620915 0.022794117647058822 0.047058823529411764
9 0.19595588235294117 0.8477124183006536 0.04191176470588235 0.040522875816993466
0 0.2011029411764706 0.8215686274509804 0.016911764705882352 0.0457516339869281
1 0.18051470588235294 0.8307189542483661 0.015441176470588236 0.030065359477124184
0 0.15735294117647058 0.8509803921568627 0.01911764705882353 0.05228758169934641
1 0.16176470588235295 0.8294117647058824 0.01764705882352941 0.05620915032679739
0 0.17794117647058824 0.8065359477124183 0.016176470588235296 0.05228758169934641
3 0.057352941176470586 0.9274509803921569 0.09117647058823529 0.14248366013071895
6 0.06397058823529411 0.7222222222222222 0.060294117647058824 0.07450980392156863
1 0.15257352941176472 0.7013071895424836 0.01838235294117647 0.03529411764705882
1 0.20661764705882352 0.6673202614379085 0.016176470588235296 0.030065359477124184
1 0.20477941176470588 0.6509803921568628 0.015441176470588236 0.02875816993464052
1 0.2172794117647059 0.6294117647058823 0.016911764705882352 0.027450980392156862
9 0.17720588235294119 0.5843137254901961 0.016176470588235296 0.04967320261437908
9 0.20551470588235293 0.5287581699346405 0.013970588235294118 0.05359477124183006
9 0.19963235294117648 0.4934640522875817 0.011029411764705883 0.043137254901960784
6 0.18345588235294116 0.5202614379084968 0.02426470588235294 0.05751633986928104
1 0.2426470588235294 0.38169934640522873 0.013235294117647059 0.026143790849673203
1 0.24044117647058824 0.36993464052287583 0.010294117647058823 0.02091503267973856
0 0.21433823529411763 0.35294117647058826 0.0125 0.04183006535947712
1 0.17573529411764705 0.38496732026143793 0.011764705882352941 0.0196078431372549
0 0.15992647058823528 0.38235294117647056 0.013970588235294118 0.043137254901960784
3 0.14154411764705882 0.4522875816993464 0.08308823529411764 0.08366013071895424
0 0.03235294117647059 0.5143790849673202 0.014705882352941176 0.0457516339869281
0 0.045588235294117645 0.49673202614379086 0.013235294117647059 0.047058823529411764
0 0.027573529411764705 0.4973856209150327 0.013970588235294118 0.050980392156862744
0 0.041176470588235294 0.48104575163398694 0.013235294117647059 0.044444444444444446
1 0.04154411764705882 0.465359477124183 0.006617647058823529 0.023529411764705882
4 0.07352941176470588 0.3954248366013072 0.07058823529411765 0.09281045751633987
9 0.12426470588235294 0.36797385620915035 0.020588235294117647 0.032679738562091505
7 0.1474264705882353 0.38496732026143793 0.022794117647058822 0.07450980392156863
1 0.18455882352941178 0.3176470588235294 0.013235294117647059 0.0392156862745098
0 0.10330882352941176 0.3202614379084967 0.009558823529411765 0.03137254901960784
3 0.14926470588235294 0.3241830065359477 0.07205882352941176 0.07058823529411765
7 0.12794117647058822 0.2875816993464052 0.045588235294117645 0.05228758169934641
3 0.16176470588235295 0.2568627450980392 0.0661764705882353 0.048366013071895426
1 0.19926470588235295 0.2581699346405229 0.008823529411764706 0.02483660130718954
1 0.20036764705882354 0.2503267973856209 0.008088235294117648 0.022222222222222223
1 0.22316176470588237 0.2934640522875817 0.013970588235294118 0.03529411764705882
4 0.09926470588235294 0.21568627450980393 0.047058823529411764 0.06013071895424837
0 0.2 0.21764705882352942 0.008823529411764706 0.032679738562091505
0 0.20036764705882354 0.2065359477124183 0.009558823529411765 0.036601307189542485
0 0.2375 0.19738562091503267 0.008823529411764706 0.03398692810457516
0 0.24227941176470588 0.1869281045751634 0.006617647058823529 0.036601307189542485
1 0.26323529411764707 0.17516339869281045 0.008823529411764706 0.02091503267973856
1 0.26323529411764707 0.16732026143790849 0.008823529411764706 0.02091503267973856
0 0.23529411764705882 0.134640522875817 0.007352941176470588 0.036601307189542485
1 0.2036764705882353 0.16797385620915034 0.010294117647058823 0.027450980392156862
6 0.17058823529411765 0.20784313725490197 0.01764705882352941 0.044444444444444446
9 0.15661764705882353 0.1758169934640523 0.01911764705882353 0.02483660130718954
7 0.18933823529411764 0.1627450980392157 0.019852941176470587 0.058823529411764705
0 0.20294117647058824 0.13398692810457516 0.007352941176470588 0.032679738562091505
0 0.2099264705882353 0.13790849673202615 0.006617647058823529 0.030065359477124184
0 0.21838235294117647 0.1287581699346405 0.007352941176470588 0.030065359477124184
1 0.2261029411764706 0.1326797385620915 0.009558823529411765 0.0196078431372549
1 0.2213235294117647 0.12026143790849673 0.007352941176470588 0.03398692810457516
1 0.22683823529411765 0.09934640522875816 0.011029411764705883 0.026143790849673203
0 0.24558823529411763 0.0803921568627451 0.008823529411764706 0.03790849673202614
0 0.25477941176470587 0.06862745098039216 0.009558823529411765 0.02483660130718954
0 0.2349264705882353 0.0718954248366013 0.006617647058823529 0.02875816993464052
0 0.24338235294117647 0.05947712418300653 0.007352941176470588 0.030065359477124184
0 0.24889705882352942 0.05620915032679739 0.006617647058823529 0.02875816993464052
4 0.18676470588235294 0.13137254901960785 0.054411764705882354 0.050980392156862744
3 0.17279411764705882 0.1130718954248366 0.051470588235294115 0.043137254901960784
3 0.19117647058823528 0.08169934640522876 0.058823529411764705 0.050980392156862744
6 0.2363970588235294 0.0392156862745098 0.013970588235294118 0.026143790849673203
4 0.18676470588235294 0.041176470588235294 0.060294117647058824 0.043137254901960784
6 0.22205882352941175 0.05555555555555555 0.010294117647058823 0.02483660130718954
2 0.15036764705882352 0.050980392156862744 0.0125 0.02091503267973856
1 0.16727941176470587 0.043137254901960784 0.008088235294117648 0.02875816993464052
3 0.16948529411764707 0.011111111111111112 0.05220588235294118 0.022222222222222223
9 0.2161764705882353 0.026143790849673203 0.011764705882352941 0.023529411764705882
9 0.2011029411764706 0.01437908496732026 0.005147058823529412 0.02091503267973856
2 0.20845588235294119 0.01568627450980392 0.008088235294117648 0.026143790849673203
3 0.08235294117647059 0.00849673202614379 0.023529411764705882 0.01699346405228758
3 0.05367647058823529 0.03529411764705882 0.025 0.04183006535947712
3 0.01213235294117647 0.013725490196078431 0.02426470588235294 0.027450980392156862
3 0.006985294117647059 0.03986928104575163 0.013970588235294118 0.043137254901960784
3 0.0055147058823529415 0.08627450980392157 0.011029411764705883 0.04183006535947712