3 0.8919117647058824 0.9392156862745098 0.08088235294117647 0.12156862745098039
0 0.9786764705882353 0.7254901960784313 0.025 0.04967320261437908
0 0.961764705882353 0.7098039215686275 0.022058823529411766 0.054901960784313725
1 0.96875 0.6901960784313725 0.011029411764705883 0.026143790849673203
9 0.9738970588235294 0.8366013071895425 0.030147058823529412 0.054901960784313725
9 0.9286764705882353 0.7594771241830065 0.03823529411764706 0.03398692810457516
9 0.9205882352941176 0.7359477124183007 0.03529411764705882 0.0392156862745098
0 0.7110294117647059 0.796078431372549 0.011764705882352941 0.06013071895424837
0 0.6886029411764706 0.7915032679738562 0.011029411764705883 0.058823529411764705
0 0.6977941176470588 0.7928104575163398 0.014705882352941176 0.05620915032679739
3 0.7823529411764706 0.5738562091503268 0.08676470588235294 0.07320261437908497
0 0.7522058823529412 0.4699346405228758 0.0838235294117647 0.06143790849673202
4 0.6110294117647059 0.4797385620915033 0.03529411764705882 0.09673202614379085
9 0.1738970588235294 0.47843137254901963 0.030147058823529412 0.03398692810457516
9 0.18933823529411764 0.561437908496732 0.022794117647058822 0.048366013071895426
9 0.16470588235294117 0.5823529411764706 0.03235294117647059 0.03790849673202614
9 0.16213235294117648 0.5660130718954248 0.03308823529411765 0.036601307189542485
9 0.17426470588235293 0.3196078431372549 0.011764705882352941 0.03529411764705882
3 0.22830882352941176 0.3607843137254902 0.04632352941176471 0.0784313725490196
3 0.27683823529411766 0.5562091503267974 0.04044117647058824 0.11372549019607843
9 0.25625 0.11503267973856209 0.0125 0.03137254901960784
3 0.2665441176470588 0.1588235294117647 0.04632352941176471 0.06143790849673202
7 0.2897058823529412 0.049019607843137254 0.041176470588235294 0.050980392156862744
9 0.4334558823529412 0.38758169934640524 0.0125 0.040522875816993466
1 0.4308823529411765 0.3718954248366013 0.011764705882352941 0.03529411764705882
1 0.43308823529411766 0.37516339869281046 0.008823529411764706 0.0392156862745098
0 0.544485294117647 0.296078431372549 0.009558823529411765 0.048366013071895426
0 0.6246323529411765 0.2699346405228758 0.011029411764705883 0.0457516339869281
9 0.4496323529411765 0.16601307189542483 0.008088235294117648 0.03398692810457516
1 0.4496323529411765 0.1542483660130719 0.008088235294117648 0.03137254901960784
3 0.525 0.18496732026143792 0.029411764705882353 0.05620915032679739
4 0.5022058823529412 0.04771241830065359 0.025 0.05359477124183006
3 0.6286764705882353 0.13529411764705881 0.05588235294117647 0.043137254901960784
3 0.6257352941176471 0.0934640522875817 0.058823529411764705 0.03790849673202614
9 0.5507352941176471 0.1 0.010294117647058823 0.030065359477124184
1 0.5507352941176471 0.10196078431372549 0.008823529411764706 0.02875816993464052
1 0.5507352941176471 0.09281045751633987 0.007352941176470588 0.02875816993464052
9 0.5286764705882353 0.026143790849673203 0.007352941176470588 0.02875816993464052
1 0.5286764705882353 0.023529411764705882 0.004411764705882353 0.018300653594771243
1 0.5286764705882353 0.02091503267973856 0.0058823529411764705 0.026143790849673203
6 0.5639705882352941 0.06535947712418301 0.01911764705882353 0.04967320261437908
9 0.5360294117647059 0.052941176470588235 0.008823529411764706 0.027450980392156862
1 0.5352941176470588 0.0542483660130719 0.0058823529411764705 0.0196078431372549
1 0.5356617647058823 0.049019607843137254 0.006617647058823529 0.030065359477124184