6 0.6327205882352941 0.7477124183006536 0.06102941176470588 0.13071895424836602
4 0.4602941176470588 0.5137254901960784 0.07205882352941176 0.10457516339869281
3 0.37683823529411764 0.5366013071895425 0.06838235294117648 0.12156862745098039
3 0.5772058823529411 0.3254901960784314 0.03529411764705882 0.06797385620915032
3 0.48823529411764705 0.27908496732026145 0.03529411764705882 0.06405228758169934
3 0.41875 0.22745098039215686 0.030147058823529412 0.07320261437908497
3 0.40294117647058825 0.3431372549019608 0.039705882352941174 0.09019607843137255
3 0.5172794117647059 0.1980392156862745 0.025735294117647058 0.048366013071895426
3 0.5091911764705882 0.13398692810457516 0.022794117647058822 0.040522875816993466
3 0.45845588235294116 0.1084967320261438 0.025735294117647058 0.044444444444444446
3 0.40661764705882353 0.13790849673202615 0.025 0.050980392156862744
3 0.3683823529411765 0.06209150326797386 0.023529411764705882 0.050980392156862744
3 0.36433823529411763 0.02679738562091503 0.019852941176470587 0.03790849673202614
3 0.12169117647058823 0.02679738562091503 0.0375 0.040522875816993466
3 0.09485294117647058 0.0869281045751634 0.054411764705882354 0.043137254901960784
3 0.07830882352941176 0.12549019607843137 0.06102941176470588 0.044444444444444446
4 0.7518382352941176 0.35294117647058826 0.06691176470588235 0.08104575163398693
5 0.2908088235294118 0.5915032679738562 0.0713235294117647 0.20522875816993463
4 0.2650735294117647 0.7705882352941177 0.06985294117647059 0.1895424836601307
5 0.05514705882352941 0.707843137254902 0.11029411764705882 0.22091503267973855
5 0.06066176470588235 0.5529411764705883 0.1213235294117647 0.09934640522875816
0 0.11580882352941177 0.5660130718954248 0.01838235294117647 0.07320261437908497
6 0.2566176470588235 0.07254901960784314 0.022058823529411766 0.050980392156862744
4 0.3110294117647059 0.0718954248366013 0.01911764705882353 0.04183006535947712
6 0.29375 0.14313725490196078 0.015441176470588236 0.043137254901960784
5 0.3272058823529412 0.19411764705882353 0.029411764705882353 0.07450980392156863
6 0.2823529411764706 0.1869281045751634 0.03235294117647059 0.03137254901960784
5 0.25735294117647056 0.2235294117647059 0.045588235294117645 0.036601307189542485
0 0.23933823529411766 0.3156862745098039 0.013970588235294118 0.05359477124183006
0 0.22830882352941176 0.32483660130718955 0.013970588235294118 0.05359477124183006
0 0.26544117647058824 0.15947712418300652 0.007352941176470588 0.0392156862745098
0 0.25919117647058826 0.1607843137254902 0.008088235294117648 0.036601307189542485
0 0.25 0.1843137254901961 0.008823529411764706 0.0392156862745098
0 0.075 0.23202614379084968 0.011764705882352941 0.040522875816993466
0 0.06654411764705882 0.23071895424836603 0.009558823529411765 0.040522875816993466
0 0.05330882352941176 0.23071895424836603 0.0125 0.040522875816993466
0 0.04154411764705882 0.23071895424836603 0.011029411764705883 0.040522875816993466
9 0.19301470588235295 0.42026143790849674 0.01838235294117647 0.050980392156862744
9 0.1338235294117647 0.44052287581699345 0.033823529411764704 0.0392156862745098
0 0.3113970588235294 0.2326797385620915 0.009558823529411765 0.044444444444444446
0 0.3003676470588235 0.3366013071895425 0.011029411764705883 0.048366013071895426
9 0.30919117647058825 0.4130718954248366 0.030147058823529412 0.054901960784313725
0 0.30808823529411766 0.40326797385620916 0.014705882352941176 0.0457516339869281
9 0.28161764705882353 0.40261437908496733 0.010294117647058823 0.04183006535947712
6 0.26066176470588237 0.3993464052287582 0.03308823529411765 0.07973856209150326
0 0.25 0.3862745098039216 0.008823529411764706 0.05359477124183006
0 0.27205882352941174 0.3895424836601307 0.010294117647058823 0.054901960784313725
0 0.27683823529411766 0.38169934640522873 0.008088235294117648 0.05228758169934641
6 0.3154411764705882 0.3366013071895425 0.04411764705882353 0.03790849673202614
6 0.2974264705882353 0.2235294117647059 0.01838235294117647 0.036601307189542485
6 0.31838235294117645 0.1111111111111111 0.030882352941176472 0.023529411764705882
5 0.06139705882352941 0.38300653594771245 0.12279411764705882 0.10980392156862745
0 0.05220588235294118 0.4568627450980392 0.022058823529411766 0.05620915032679739
0 0.08933823529411765 0.5830065359477125 0.013970588235294118 0.06274509803921569
0 0.18529411764705883 0.3660130718954248 0.008823529411764706 0.047058823529411764
0 0.17720588235294119 0.34248366013071896 0.011764705882352941 0.06013071895424837
0 0.3301470588235294 0.22026143790849673 0.007352941176470588 0.043137254901960784
3 0.35955882352941176 0.21764705882352942 0.01764705882352941 0.0457516339869281
6 0.3672794117647059 0.16797385620915034 0.015441176470588236 0.05359477124183006
0 0.3610294117647059 0.17124183006535948 0.008823529411764706 0.047058823529411764
0 0.375 0.10065359477124183 0.0058823529411764705 0.03137254901960784
6 0.38786764705882354 0.11568627450980393 0.015441176470588236 0.03529411764705882
0 0.3860294117647059 0.10915032679738562 0.007352941176470588 0.02483660130718954
3 0.4334558823529412 0.16732026143790849 0.022794117647058822 0.05228758169934641
6 0.4698529411764706 0.029411764705882353 0.01911764705882353 0.043137254901960784
6 0.3522058823529412 0.31895424836601305 0.022058823529411766 0.05751633986928104
1 0.34816176470588234 0.3111111111111111 0.0125 0.03137254901960784
1 0.3084558823529412 0.31699346405228757 0.011029411764705883 0.02483660130718954
6 0.28308823529411764 0.30915032679738563 0.051470588235294115 0.030065359477124184
6 0.2713235294117647 0.338562091503268 0.041176470588235294 0.036601307189542485
3 0.041176470588235294 0.14248366013071895 0.025 0.02875816993464052
0 0.026470588235294117 0.14967320261437908 0.010294117647058823 0.03529411764705882
0 0.07022058823529412 0.06928104575163399 0.008088235294117648 0.026143790849673203
6 0.04742647058823529 0.10784313725490197 0.02426470588235294 0.030065359477124184
0 0.6047794117647058 0.05228758169934641 0.006617647058823529 0.03398692810457516
0 0.6150735294117647 0.06862745098039216 0.003676470588235294 0.027450980392156862
0 0.6205882352941177 0.06928104575163399 0.0058823529411764705 0.02875816993464052
0 0.775 0.04967320261437908 0.0058823529411764705 0.036601307189542485
0 0.7591911764705882 0.058823529411764705 0.006617647058823529 0.03398692810457516
0 0.7536764705882353 0.060784313725490195 0.0058823529411764705 0.02483660130718954
9 0.8025735294117647 0.1130718954248366 0.011029411764705883 0.03790849673202614
0 0.8018382352941177 0.07450980392156863 0.008088235294117648 0.03137254901960784
0 0.7889705882352941 0.4261437908496732 0.011764705882352941 0.05228758169934641
0 0.8161764705882353 0.515686274509804 0.01911764705882353 0.06143790849673202
0 0.8893382352941176 0.34509803921568627 0.011029411764705883 0.054901960784313725
0 0.9360294117647059 0.7352941176470589 0.01764705882352941 0.06928104575163399
0 0.9191176470588235 0.726797385620915 0.016176470588235296 0.06797385620915032