3 0.6974264705882353 0.9222222222222223 0.06691176470588235 0.15555555555555556
3 0.6323529411764706 0.8444444444444444 0.057352941176470586 0.1437908496732026
3 0.7040441176470589 0.7856209150326797 0.10955882352941176 0.15163398692810456
3 0.6308823529411764 0.6189542483660131 0.075 0.1111111111111111
3 0.6261029411764706 0.5464052287581699 0.08602941176470588 0.06274509803921569
3 0.6367647058823529 0.5026143790849673 0.07941176470588235 0.06666666666666667
3 0.6540441176470588 0.4725490196078431 0.07867647058823529 0.06143790849673202
3 0.643014705882353 0.4091503267973856 0.06838235294117648 0.047058823529411764
3 0.65625 0.3908496732026144 0.05808823529411765 0.047058823529411764
3 0.6448529411764706 0.365359477124183 0.061764705882352944 0.0457516339869281
3 0.5794117647058824 0.3673202614379085 0.060294117647058824 0.05751633986928104
3 0.5856617647058824 0.3130718954248366 0.04632352941176471 0.05359477124183006
3 0.5746323529411764 0.2908496732026144 0.04485294117647059 0.048366013071895426
3 0.5588235294117647 0.26601307189542484 0.052941176470588235 0.058823529411764705
3 0.5772058823529411 0.2542483660130719 0.04264705882352941 0.043137254901960784
3 0.5948529411764706 0.24052287581699347 0.045588235294117645 0.03398692810457516
3 0.5919117647058824 0.22745098039215686 0.039705882352941174 0.036601307189542485
4 0.6113970588235295 0.20392156862745098 0.04485294117647059 0.0392156862745098
3 0.5996323529411764 0.19019607843137254 0.03308823529411765 0.032679738562091505
3 0.5698529411764706 0.18627450980392157 0.033823529411764704 0.030065359477124184
3 0.5580882352941177 0.1784313725490196 0.033823529411764704 0.0457516339869281
3 0.5569852941176471 0.14836601307189543 0.0375 0.030065359477124184
3 0.5558823529411765 0.13071895424836602 0.029411764705882353 0.03137254901960784
3 0.5632352941176471 0.1111111111111111 0.01764705882352941 0.03137254901960784
3 0.5547794117647059 0.09803921568627451 0.022794117647058822 0.02875816993464052
3 0.5481617647058824 0.08104575163398693 0.025735294117647058 0.02875816993464052
3 0.5625 0.07777777777777778 0.030882352941176472 0.027450980392156862
3 0.5636029411764706 0.07712418300653595 0.028676470588235293 0.03398692810457516
3 0.5194852941176471 0.11503267973856209 0.019852941176470587 0.03137254901960784
3 0.5018382352941176 0.07712418300653595 0.015441176470588236 0.03137254901960784
3 0.4988970588235294 0.05228758169934641 0.016911764705882352 0.026143790849673203
3 0.5183823529411765 0.048366013071895426 0.011764705882352941 0.02091503267973856
3 0.5367647058823529 0.045098039215686274 0.016176470588235296 0.0196078431372549
3 0.475 0.060784313725490195 0.01764705882352941 0.027450980392156862
3 0.49375 0.11241830065359477 0.01838235294117647 0.03398692810457516
3 0.46948529411764706 0.09803921568627451 0.01838235294117647 0.036601307189542485
4 0.4485294117647059 0.1287581699346405 0.03823529411764706 0.03529411764705882
5 0.2577205882352941 0.9535947712418301 0.15220588235294116 0.09281045751633987
3 0.32941176470588235 0.8372549019607843 0.11323529411764706 0.1607843137254902
3 0.33088235294117646 0.6954248366013072 0.054411764705882354 0.13594771241830064
3 0.2599264705882353 0.630718954248366 0.08161764705882353 0.07712418300653595
1 0.4511029411764706 0.8143790849673203 0.02426470588235294 0.047058823529411764
6 0.4514705882352941 0.8196078431372549 0.029411764705882353 0.10980392156862745
9 0.7952205882352941 0.8339869281045752 0.04485294117647059 0.05228758169934641
9 0.8419117647058824 0.9339869281045752 0.03676470588235294 0.07712418300653595
9 0.8349264705882353 0.9568627450980393 0.04191176470588235 0.0784313725490196
9 0.8216911764705882 0.9627450980392157 0.030147058823529412 0.07450980392156863
3 0.2691176470588235 0.503921568627451 0.08088235294117647 0.06405228758169934
3 0.3003676470588235 0.47058823529411764 0.07426470588235294 0.07320261437908497
3 0.37058823529411766 0.46339869281045754 0.0661764705882353 0.06666666666666667
3 0.3900735294117647 0.3915032679738562 0.03602941176470588 0.09803921568627451
3 0.34338235294117647 0.3333333333333333 0.057352941176470586 0.05751633986928104
0 0.5617647058823529 0.45098039215686275 0.013235294117647059 0.05228758169934641
0 0.7136029411764706 0.5130718954248366 0.028676470588235293 0.027450980392156862
0 0.7106617647058824 0.5013071895424837 0.030147058823529412 0.032679738562091505
0 0.6488970588235294 0.42091503267973857 0.009558823529411765 0.047058823529411764
0 0.6404411764705882 0.3137254901960784 0.008823529411764706 0.04183006535947712
9 0.6371323529411764 0.2607843137254902 0.021323529411764706 0.027450980392156862
9 0.6363970588235294 0.2601307189542484 0.019852941176470587 0.02091503267973856
9 0.6378676470588235 0.25359477124183005 0.016911764705882352 0.026143790849673203
9 0.6231617647058824 0.22483660130718955 0.016911764705882352 0.023529411764705882
9 0.6209558823529412 0.2222222222222222 0.016911764705882352 0.023529411764705882
1 0.600735294117647 0.16732026143790849 0.007352941176470588 0.01568627450980392
1 0.5900735294117647 0.16666666666666666 0.008088235294117648 0.022222222222222223
1 0.6139705882352942 0.14248366013071895 0.010294117647058823 0.018300653594771243
0 0.6125 0.14313725490196078 0.0029411764705882353 0.011764705882352941
9 0.6139705882352942 0.13594771241830064 0.007352941176470588 0.018300653594771243
1 0.5919117647058824 0.10457516339869281 0.007352941176470588 0.018300653594771243
1 0.6014705882352941 0.1 0.004411764705882353 0.011764705882352941
1 0.5970588235294118 0.10261437908496732 0.004411764705882353 0.01437908496732026
1 0.5977941176470588 0.1 0.0058823529411764705 0.01699346405228758
9 0.5900735294117647 0.07581699346405228 0.011029411764705883 0.013071895424836602
0 0.580514705882353 0.0718954248366013 0.006617647058823529 0.023529411764705882
4 0.5481617647058824 0.05751633986928104 0.015441176470588236 0.023529411764705882
3 0.5522058823529412 0.04967320261437908 0.016176470588235296 0.018300653594771243
3 0.5613970588235294 0.041176470588235294 0.027205882352941177 0.0196078431372549
3 0.549264705882353 0.03202614379084967 0.011764705882352941 0.022222222222222223
3 0.5536764705882353 0.025490196078431372 0.014705882352941176 0.01699346405228758
4 0.5768382352941176 0.02679738562091503 0.016911764705882352 0.027450980392156862
3 0.5926470588235294 0.024183006535947713 0.016176470588235296 0.022222222222222223
4 0.56875 0.01045751633986928 0.02426470588235294 0.02091503267973856
3 0.5533088235294118 0.00849673202614379 0.02426470588235294 0.01699346405228758
6 0.5165441176470589 0.00849673202614379 0.01838235294117647 0.01699346405228758
1 0.5136029411764705 0.006535947712418301 0.006617647058823529 0.013071895424836602
3 0.3952205882352941 0.01568627450980392 0.0125 0.02091503267973856
4 0.40036764705882355 0.0457516339869281 0.025735294117647058 0.03137254901960784
4 0.4455882352941177 0.025490196078431372 0.025 0.02483660130718954
3 0.4602941176470588 0.034640522875816995 0.014705882352941176 0.02483660130718954
3 0.44669117647058826 0.036601307189542485 0.028676470588235293 0.018300653594771243
3 0.44338235294117645 0.042483660130718956 0.030882352941176472 0.0196078431372549
3 0.43823529411764706 0.050980392156862744 0.027941176470588237 0.023529411764705882
3 0.4547794117647059 0.06601307189542484 0.02426470588235294 0.030065359477124184
3 0.45588235294117646 0.0803921568627451 0.03235294117647059 0.02483660130718954
3 0.44779411764705884 0.09477124183006536 0.01764705882352941 0.027450980392156862
3 0.45551470588235293 0.1084967320261438 0.027205882352941177 0.026143790849673203
3 0.4522058823529412 0.11437908496732026 0.03529411764705882 0.032679738562091505
3 0.425 0.06405228758169934 0.03235294117647059 0.02875816993464052
9 0.44448529411764703 0.13529411764705881 0.0125 0.0196078431372549
0 0.5224264705882353 0.06339869281045751 0.003676470588235294 0.022222222222222223
1 0.4602941176470588 0.16732026143790849 0.007352941176470588 0.026143790849673203
9 0.45955882352941174 0.16993464052287582 0.011764705882352941 0.013071895424836602
3 0.4426470588235294 0.16013071895424835 0.03823529411764706 0.027450980392156862
3 0.4360294117647059 0.17516339869281045 0.03676470588235294 0.036601307189542485
3 0.4511029411764706 0.19150326797385622 0.03897058823529412 0.03529411764705882
3 0.4386029411764706 0.21241830065359477 0.03602941176470588 0.043137254901960784
1 0.41066176470588234 0.18758169934640523 0.005147058823529412 0.022222222222222223
1 0.3985294117647059 0.18627450980392157 0.010294117647058823 0.0196078431372549
3 0.4338235294117647 0.25620915032679736 0.039705882352941174 0.044444444444444446
3 0.4117647058823529 0.28104575163398693 0.025 0.047058823529411764
3 0.4088235294117647 0.31633986928104574 0.03235294117647059 0.06013071895424837
3 0.4033088235294118 0.36013071895424836 0.05073529411764706 0.05620915032679739