4 0.9772058823529411 0.5928104575163399 0.045588235294117645 0.06666666666666667
3 0.9540441176470589 0.8418300653594771 0.09191176470588236 0.0915032679738562
3 0.85625 0.8816993464052287 0.09632352941176471 0.1738562091503268
0 0.6691176470588235 0.9019607843137255 0.013235294117647059 0.07581699346405228
0 0.6639705882352941 0.8830065359477124 0.014705882352941176 0.07450980392156863
3 0.6371323529411764 0.822875816993464 0.04926470588235294 0.11895424836601307
3 0.7805147058823529 0.7431372549019608 0.06691176470588235 0.09542483660130718
3 0.80625 0.6594771241830065 0.07720588235294118 0.07450980392156863
0 0.8794117647058823 0.6104575163398693 0.014705882352941176 0.054901960784313725
4 0.9128676470588235 0.6026143790849673 0.06838235294117648 0.06535947712418301
0 0.11654411764705883 0.8816993464052287 0.022794117647058822 0.08235294117647059
3 0.034926470588235295 0.8738562091503268 0.06985294117647059 0.16862745098039217
3 0.13713235294117648 0.5411764705882353 0.06397058823529411 0.06797385620915032
0 0.8154411764705882 0.5836601307189543 0.007352941176470588 0.050980392156862744
9 0.8272058823529411 0.5869281045751634 0.013235294117647059 0.0392156862745098
1 0.8272058823529411 0.5797385620915033 0.014705882352941176 0.050980392156862744
9 0.7849264705882353 0.5732026143790849 0.03161764705882353 0.027450980392156862
9 0.7926470588235294 0.4928104575163399 0.016176470588235296 0.02875816993464052
9 0.7683823529411765 0.6202614379084967 0.03235294117647059 0.032679738562091505
1 0.7702205882352942 0.6091503267973856 0.013970588235294118 0.04183006535947712
3 0.7113970588235294 0.5431372549019607 0.04044117647058824 0.05620915032679739
4 0.6588235294117647 0.5032679738562091 0.029411764705882353 0.06274509803921569
3 0.7106617647058824 0.49869281045751634 0.05514705882352941 0.050980392156862744
0 0.631985294117647 0.42549019607843136 0.006617647058823529 0.027450980392156862
1 0.6834558823529412 0.40784313725490196 0.008088235294117648 0.03137254901960784
9 0.6731617647058824 0.38235294117647056 0.021323529411764706 0.027450980392156862
3 0.6569852941176471 0.3712418300653595 0.03602941176470588 0.03398692810457516
3 0.631985294117647 0.3568627450980392 0.022794117647058822 0.03137254901960784
0 0.6172794117647059 0.330718954248366 0.005147058823529412 0.02875816993464052
3 0.6220588235294118 0.3202614379084967 0.025 0.03137254901960784
2 0.6871323529411765 0.32483660130718955 0.0125 0.0196078431372549
9 0.64375 0.3183006535947712 0.016911764705882352 0.0196078431372549
4 0.6169117647058824 0.29477124183006537 0.014705882352941176 0.032679738562091505
4 0.6169117647058824 0.28366013071895424 0.023529411764705882 0.02875816993464052
3 0.6066176470588235 0.2797385620915033 0.01911764705882353 0.023529411764705882
2 0.5801470588235295 0.25882352941176473 0.004411764705882353 0.01568627450980392
1 0.5801470588235295 0.2549019607843137 0.004411764705882353 0.01568627450980392
3 0.5761029411764705 0.2372549019607843 0.028676470588235293 0.01699346405228758
3 0.5470588235294118 0.238562091503268 0.027941176470588237 0.0196078431372549
3 0.5477941176470589 0.25882352941176473 0.014705882352941176 0.026143790849673203
3 0.5507352941176471 0.3026143790849673 0.01911764705882353 0.02483660130718954
3 0.5647058823529412 0.36666666666666664 0.01911764705882353 0.030065359477124184
3 0.48970588235294116 0.19084967320261437 0.010294117647058823 0.018300653594771243
3 0.5084558823529411 0.21241830065359477 0.011029411764705883 0.01699346405228758
0 0.5169117647058824 0.23333333333333334 0.004411764705882353 0.022222222222222223
3 0.5419117647058823 0.22745098039215686 0.011764705882352941 0.018300653594771243
3 0.5165441176470589 0.2777777777777778 0.015441176470588236 0.022222222222222223
3 0.5055147058823529 0.24248366013071895 0.013970588235294118 0.0196078431372549
3 0.5378676470588235 0.21437908496732025 0.009558823529411765 0.01568627450980392
4 0.5036764705882353 0.3209150326797386 0.01764705882352941 0.03790849673202614
4 0.5084558823529411 0.43529411764705883 0.022794117647058822 0.04967320261437908
2 0.5279411764705882 0.21372549019607842 0.004411764705882353 0.01437908496732026
1 0.5275735294117647 0.20980392156862746 0.003676470588235294 0.01437908496732026
1 0.5202205882352942 0.2150326797385621 0.003676470588235294 0.011764705882352941
9 0.5205882352941177 0.21830065359477124 0.0029411764705882353 0.013071895424836602
3 0.47941176470588237 0.22026143790849673 0.011764705882352941 0.022222222222222223
3 0.4738970588235294 0.23921568627450981 0.013970588235294118 0.02091503267973856
3 0.48125 0.25098039215686274 0.0125 0.02091503267973856
3 0.46801470588235294 0.20915032679738563 0.01838235294117647 0.01568627450980392
3 0.4738970588235294 0.16470588235294117 0.006617647058823529 0.01045751633986928
3 0.49117647058823527 0.15947712418300652 0.007352941176470588 0.01045751633986928
9 0.4672794117647059 0.1954248366013072 0.003676470588235294 0.009150326797385621
1 0.4672794117647059 0.19281045751633988 0.003676470588235294 0.009150326797385621
3 0.4172794117647059 0.19738562091503267 0.009558823529411765 0.018300653594771243
3 0.43051470588235297 0.1895424836601307 0.009558823529411765 0.01568627450980392
3 0.43051470588235297 0.1830065359477124 0.009558823529411765 0.013071895424836602
3 0.3948529411764706 0.24183006535947713 0.014705882352941176 0.02091503267973856
3 0.38198529411764703 0.23529411764705882 0.013970588235294118 0.02091503267973856
3 0.3724264705882353 0.27647058823529413 0.021323529411764706 0.032679738562091505
3 0.3547794117647059 0.2581699346405229 0.03308823529411765 0.022222222222222223
3 0.35625 0.3032679738562091 0.019852941176470587 0.026143790849673203
3 0.4452205882352941 0.2457516339869281 0.013970588235294118 0.02091503267973856
3 0.45036764705882354 0.23202614379084968 0.013970588235294118 0.027450980392156862
3 0.49117647058823527 0.14836601307189543 0.0058823529411764705 0.009150326797385621
3 0.46176470588235297 0.40261437908496733 0.023529411764705882 0.04183006535947712
3 0.5308823529411765 0.5437908496732026 0.029411764705882353 0.054901960784313725
3 0.41507352941176473 0.46078431372549017 0.03455882352941177 0.05620915032679739
4 0.46139705882352944 0.5091503267973856 0.03897058823529412 0.08496732026143791
9 0.4143382352941177 0.33202614379084966 0.005147058823529412 0.023529411764705882
0 0.4117647058823529 0.32745098039215687 0.007352941176470588 0.030065359477124184
9 0.39044117647058824 0.3908496732026144 0.007352941176470588 0.026143790849673203
1 0.38933823529411765 0.38562091503267976 0.008088235294117648 0.02875816993464052