0 0.9415441176470588 0.8915032679738563 0.0375 0.12549019607843137
0 0.37022058823529413 0.10784313725490197 0.009558823529411765 0.0457516339869281
1 0.5790441176470589 0.08954248366013072 0.011029411764705883 0.03790849673202614
1 0.5625 0.07581699346405228 0.011764705882352941 0.03137254901960784
1 0.5404411764705882 0.06862745098039216 0.010294117647058823 0.030065359477124184
1 0.5216911764705883 0.2856209150326797 0.011029411764705883 0.032679738562091505
1 0.5169117647058824 0.2738562091503268 0.01764705882352941 0.050980392156862744
1 0.3466911764705882 0.5797385620915033 0.025735294117647058 0.07712418300653595
1 0.16875 0.22875816993464052 0.0125 0.04183006535947712
1 0.16727941176470587 0.22549019607843138 0.013970588235294118 0.0457516339869281
1 0.9547794117647059 0.961437908496732 0.04632352941176471 0.07712418300653595
1 0.09191176470588236 0.08366013071895424 0.010294117647058823 0.036601307189542485
3 0.4077205882352941 0.2928104575163399 0.06691176470588235 0.0784313725490196
3 0.19963235294117648 0.1326797385620915 0.04191176470588235 0.058823529411764705
3 0.054411764705882354 0.2169934640522876 0.09411764705882353 0.07581699346405228
3 0.7963235294117647 0.4326797385620915 0.057352941176470586 0.11764705882352941
3 0.5511029411764706 0.41830065359477125 0.09044117647058823 0.10980392156862745
3 0.4073529411764706 0.10130718954248366 0.06470588235294118 0.050980392156862744
3 0.3779411764705882 0.06143790849673202 0.047058823529411764 0.044444444444444446
4 0.4647058823529412 0.08235294117647059 0.033823529411764704 0.06797385620915032
4 0.4227941176470588 0.041176470588235294 0.026470588235294117 0.0457516339869281
4 0.35294117647058826 0.042483660130718956 0.060294117647058824 0.048366013071895426
9 0.5889705882352941 0.10784313725490197 0.023529411764705882 0.032679738562091505
9 0.5753676470588235 0.08823529411764706 0.016911764705882352 0.030065359477124184
9 0.5235294117647059 0.07124183006535947 0.025 0.027450980392156862
9 0.4860294117647059 0.04379084967320261 0.01911764705882353 0.02483660130718954
6 0.47610294117647056 0.050980392156862744 0.022794117647058822 0.02875816993464052
2 0.538235294117647 0.08431372549019608 0.016176470588235296 0.02483660130718954
2 0.5628676470588235 0.0915032679738562 0.008088235294117648 0.02875816993464052
2 0.5430147058823529 0.07254901960784314 0.021323529411764706 0.022222222222222223
9 0.5165441176470589 0.2869281045751634 0.01838235294117647 0.0457516339869281
9 0.34338235294117647 0.5915032679738562 0.033823529411764704 0.08496732026143791
9 0.1698529411764706 0.234640522875817 0.016176470588235296 0.043137254901960784
7 0.2426470588235294 0.21176470588235294 0.04264705882352941 0.0784313725490196
6 0.18198529411764705 0.056862745098039215 0.027205882352941177 0.043137254901960784
1 0.1775735294117647 0.05032679738562092 0.0125 0.03529411764705882