3 0.3650735294117647 0.7098039215686275 0.0875 0.0915032679738562
3 0.29558823529411765 0.5797385620915033 0.0838235294117647 0.09281045751633987
3 0.1738970588235294 0.5124183006535947 0.08602941176470588 0.09411764705882353
3 0.027941176470588237 0.5215686274509804 0.05588235294117647 0.08104575163398693
3 0.059926470588235296 0.7418300653594772 0.0875 0.1084967320261438
3 0.07389705882352941 0.22679738562091503 0.06544117647058824 0.07450980392156863
3 0.19080882352941175 0.2130718954248366 0.03308823529411765 0.09411764705882353
3 0.24779411764705883 0.25359477124183005 0.04264705882352941 0.09673202614379085
3 0.37977941176470587 0.3 0.06102941176470588 0.06405228758169934
3 0.6209558823529412 0.6869281045751634 0.04191176470588235 0.08758169934640522
3 0.7158088235294118 0.6836601307189543 0.08308823529411764 0.09411764705882353
3 0.8599264705882353 0.6843137254901961 0.08308823529411764 0.08758169934640522
3 0.899264705882353 0.7928104575163398 0.09852941176470588 0.10588235294117647
3 0.6882352941176471 0.16797385620915034 0.03529411764705882 0.07973856209150326
3 0.7301470588235294 0.0196078431372549 0.033823529411764704 0.036601307189542485
3 0.1988970588235294 0.6183006535947713 0.08308823529411764 0.08888888888888889
1 0.24669117647058825 0.4189542483660131 0.011029411764705883 0.03790849673202614
1 0.25441176470588234 0.42745098039215684 0.010294117647058823 0.023529411764705882
9 0.24816176470588236 0.4235294117647059 0.022794117647058822 0.03398692810457516
1 0.4698529411764706 0.43137254901960786 0.013235294117647059 0.02875816993464052
9 0.46911764705882353 0.4366013071895425 0.026470588235294117 0.03137254901960784
0 0.5169117647058824 0.3477124183006536 0.007352941176470588 0.036601307189542485
0 0.5224264705882353 0.34248366013071896 0.006617647058823529 0.03398692810457516
0 0.5533088235294118 0.3058823529411765 0.009558823529411765 0.03398692810457516
1 0.5525735294117647 0.32287581699346407 0.006617647058823529 0.023529411764705882
1 0.5625 0.3581699346405229 0.007352941176470588 0.02875816993464052
1 0.5636029411764706 0.3457516339869281 0.011029411764705883 0.030065359477124184
1 0.5665441176470588 0.338562091503268 0.009558823529411765 0.03137254901960784
9 0.5643382352941176 0.3509803921568627 0.011029411764705883 0.0457516339869281
1 0.5948529411764706 0.5 0.010294117647058823 0.03790849673202614
2 0.5915441176470588 0.5078431372549019 0.030147058823529412 0.032679738562091505
0 0.5422794117647058 0.9620915032679739 0.019852941176470587 0.03398692810457516
1 0.39044117647058824 0.8751633986928105 0.016176470588235296 0.03529411764705882
2 0.3926470588235294 0.8836601307189542 0.03235294117647059 0.036601307189542485
1 0.33676470588235297 0.7784313725490196 0.014705882352941176 0.03790849673202614
1 0.325 0.773202614379085 0.013235294117647059 0.030065359477124184
1 0.3209558823529412 0.734640522875817 0.0125 0.036601307189542485
9 0.3371323529411765 0.7816993464052288 0.030147058823529412 0.04183006535947712
9 0.32169117647058826 0.7405228758169935 0.03897058823529412 0.032679738562091505
9 0.5209558823529412 0.6823529411764706 0.019852941176470587 0.04967320261437908
9 0.7110294117647059 0.4143790849673203 0.010294117647058823 0.04183006535947712
1 0.524264705882353 0.6692810457516339 0.016176470588235296 0.036601307189542485
1 0.7125 0.4091503267973856 0.011764705882352941 0.0392156862745098
1 0.5738970588235294 0.15359477124183007 0.009558823529411765 0.030065359477124184
1 0.575735294117647 0.14575163398692811 0.010294117647058823 0.030065359477124184
9 0.5727941176470588 0.16143790849673204 0.013235294117647059 0.043137254901960784
3 0.7290441176470588 0.9823529411764705 0.10808823529411765 0.03529411764705882