0 0.4922794117647059 0.36993464052287583 0.03455882352941177 0.10980392156862745
0 0.4900735294117647 0.3209150326797386 0.04779411764705882 0.12156862745098039
0 0.5522058823529412 0.24444444444444444 0.03676470588235294 0.11503267973856209
0 0.5154411764705882 0.17908496732026144 0.026470588235294117 0.11764705882352941
0 0.5338235294117647 0.1758169934640523 0.020588235294117647 0.08235294117647059
0 0.2261029411764706 0.3588235294117647 0.03897058823529412 0.1084967320261438
0 0.22573529411764706 0.31895424836601305 0.04264705882352941 0.11241830065359477
0 0.26286764705882354 0.20522875816993463 0.03455882352941177 0.1411764705882353
0 0.28051470588235294 0.16666666666666666 0.03602941176470588 0.11633986928104575
1 0.5352941176470588 0.4875816993464052 0.03235294117647059 0.0784313725490196
0 0.5974264705882353 0.8444444444444444 0.04926470588235294 0.10718954248366012
0 0.6066176470588235 0.8908496732026144 0.05 0.09803921568627451
6 0.5955882352941176 0.38300653594771245 0.06911764705882353 0.06013071895424837
9 0.6073529411764705 0.19281045751633988 0.07205882352941176 0.10588235294117647
0 0.3176470588235294 0.13137254901960785 0.027941176470588237 0.11633986928104575
0 0.37720588235294117 0.15294117647058825 0.029411764705882353 0.12026143790849673
0 0.4238970588235294 0.1287581699346405 0.03602941176470588 0.1084967320261438
0 0.31029411764705883 0.08104575163398693 0.023529411764705882 0.09934640522875816
0 0.3275735294117647 0.07647058823529412 0.019852941176470587 0.07973856209150326
0 0.3503676470588235 0.08496732026143791 0.025735294117647058 0.08888888888888889
0 0.3466911764705882 0.14248366013071895 0.028676470588235293 0.12026143790849673
1 0.3371323529411765 0.11895424836601307 0.022794117647058822 0.07581699346405228
0 0.3610294117647059 0.13333333333333333 0.029411764705882353 0.10980392156862745
0 0.40183823529411766 0.06405228758169934 0.025735294117647058 0.11764705882352941
0 0.45808823529411763 0.048366013071895426 0.023529411764705882 0.09673202614379085
0 0.4143382352941177 0.041176470588235294 0.02426470588235294 0.08235294117647059
0 0.4944852941176471 0.09803921568627451 0.025735294117647058 0.12287581699346405
0 0.5591911764705882 0.0673202614379085 0.027205882352941177 0.12156862745098039
0 0.6786764705882353 0.08888888888888889 0.029411764705882353 0.13071895424836602
1 0.6856617647058824 0.07516339869281045 0.028676470588235293 0.06928104575163399
9 0.7867647058823529 0.08888888888888889 0.030882352941176472 0.09673202614379085
0 0.7264705882352941 0.034640522875816995 0.029411764705882353 0.06928104575163399
0 0.6066176470588235 0.03790849673202614 0.029411764705882353 0.07581699346405228