3 0.7308823529411764 0.9411764705882353 0.08970588235294118 0.11764705882352941
3 0.731985294117647 0.6431372549019608 0.08014705882352942 0.0915032679738562
3 0.6647058823529411 0.6803921568627451 0.08088235294117647 0.10065359477124183
3 0.8363970588235294 0.5352941176470588 0.0713235294117647 0.08496732026143791
3 0.5404411764705882 0.4503267973856209 0.0661764705882353 0.06405228758169934
3 0.6216911764705882 0.41568627450980394 0.06544117647058824 0.05751633986928104
3 0.6121323529411765 0.37712418300653594 0.06544117647058824 0.05359477124183006
5 0.7113970588235294 0.3718954248366013 0.07279411764705883 0.06666666666666667
3 0.6966911764705882 0.3411764705882353 0.05661764705882353 0.054901960784313725
3 0.7801470588235294 0.3516339869281046 0.057352941176470586 0.04967320261437908
3 0.8375 0.23594771241830065 0.041176470588235294 0.03790849673202614
3 0.7805147058823529 0.23202614379084968 0.04632352941176471 0.03529411764705882
4 0.79375 0.22091503267973855 0.03602941176470588 0.047058823529411764
3 0.8095588235294118 0.2150326797385621 0.03823529411764706 0.040522875816993466
3 0.8400735294117647 0.2045751633986928 0.03455882352941177 0.030065359477124184
3 0.8705882352941177 0.19607843137254902 0.033823529411764704 0.03398692810457516
3 0.8922794117647059 0.19150326797385622 0.03161764705882353 0.030065359477124184
3 0.9025735294117647 0.2150326797385621 0.030147058823529412 0.02483660130718954
0 0.8356617647058824 0.16732026143790849 0.006617647058823529 0.02875816993464052
0 0.8150735294117647 0.169281045751634 0.006617647058823529 0.027450980392156862
4 0.7253676470588235 0.238562091503268 0.03897058823529412 0.040522875816993466
4 0.6198529411764706 0.26209150326797387 0.039705882352941174 0.0457516339869281
0 0.6698529411764705 0.2803921568627451 0.008823529411764706 0.03529411764705882
0 0.6533088235294118 0.269281045751634 0.006617647058823529 0.036601307189542485
0 0.6316176470588235 0.2758169934640523 0.0058823529411764705 0.02875816993464052
0 0.6341911764705882 0.28366013071895424 0.006617647058823529 0.023529411764705882
0 0.6132352941176471 0.2784313725490196 0.0058823529411764705 0.023529411764705882
3 0.6110294117647059 0.30196078431372547 0.051470588235294115 0.04183006535947712
4 0.5871323529411765 0.34705882352941175 0.05073529411764706 0.06143790849673202
3 0.5551470588235294 0.28823529411764703 0.04852941176470588 0.040522875816993466
3 0.5183823529411765 0.28954248366013075 0.03823529411764706 0.0457516339869281
9 0.47205882352941175 0.28888888888888886 0.010294117647058823 0.026143790849673203
0 0.5522058823529412 0.33464052287581697 0.011764705882352941 0.04183006535947712
1 0.5345588235294118 0.31241830065359477 0.010294117647058823 0.02091503267973856
6 0.5356617647058823 0.3235294117647059 0.03161764705882353 0.03790849673202614
6 0.5143382352941176 0.3333333333333333 0.03161764705882353 0.04183006535947712
0 0.5040441176470588 0.33790849673202616 0.008088235294117648 0.032679738562091505
4 0.4827205882352941 0.38300653594771245 0.05955882352941176 0.06797385620915032
0 0.39595588235294116 0.2718954248366013 0.008088235294117648 0.03398692810457516
2 0.4386029411764706 0.3281045751633987 0.019852941176470587 0.023529411764705882
9 0.425 0.3215686274509804 0.01764705882352941 0.02875816993464052
9 0.4051470588235294 0.31437908496732025 0.01764705882352941 0.027450980392156862
9 0.4147058823529412 0.30196078431372547 0.01911764705882353 0.023529411764705882
9 0.3889705882352941 0.33790849673202616 0.007352941176470588 0.027450980392156862
6 0.4227941176470588 0.3660130718954248 0.030882352941176472 0.044444444444444446
1 0.4128676470588235 0.3738562091503268 0.009558823529411765 0.03137254901960784
0 0.3963235294117647 0.3764705882352941 0.011764705882352941 0.04183006535947712
0 0.3863970588235294 0.38496732026143793 0.009558823529411765 0.0457516339869281
0 0.3816176470588235 0.37973856209150325 0.007352941176470588 0.03790849673202614
6 0.39301470588235293 0.37516339869281046 0.027205882352941177 0.0392156862745098
6 0.35955882352941176 0.34444444444444444 0.027941176470588237 0.027450980392156862
1 0.3694852941176471 0.28169934640522876 0.009558823529411765 0.027450980392156862
1 0.37536764705882353 0.28104575163398693 0.008088235294117648 0.026143790849673203
6 0.36176470588235293 0.38235294117647056 0.030882352941176472 0.040522875816993466
0 0.3573529411764706 0.39477124183006534 0.008823529411764706 0.04183006535947712
0 0.34558823529411764 0.403921568627451 0.008823529411764706 0.044444444444444446
0 0.3371323529411765 0.403921568627451 0.009558823529411765 0.04183006535947712
0 0.31323529411764706 0.39477124183006534 0.010294117647058823 0.0392156862745098
9 0.29705882352941176 0.4176470588235294 0.020588235294117647 0.0457516339869281
6 0.29154411764705884 0.3869281045751634 0.025735294117647058 0.04183006535947712
0 0.2985294117647059 0.3810457516339869 0.007352941176470588 0.027450980392156862
0 0.27683823529411766 0.3026143790849673 0.008088235294117648 0.03790849673202614
1 0.2893382352941177 0.2954248366013072 0.008088235294117648 0.026143790849673203
3 0.3779411764705882 0.6941176470588235 0.10735294117647058 0.09673202614379085
1 0.2349264705882353 0.5183006535947713 0.015441176470588236 0.043137254901960784
9 0.23602941176470588 0.5320261437908497 0.039705882352941174 0.044444444444444446
0 0.763235294117647 0.8607843137254902 0.016176470588235296 0.07712418300653595
1 0.7911764705882353 0.8359477124183007 0.030882352941176472 0.050980392156862744
7 0.12205882352941176 0.5392156862745098 0.0838235294117647 0.0718954248366013
6 0.10514705882352941 0.5281045751633987 0.07647058823529412 0.06535947712418301
3 0.09264705882352942 0.43333333333333335 0.06470588235294118 0.06928104575163399
4 0.009558823529411765 0.3509803921568627 0.01911764705882353 0.06666666666666667
0 0.1036764705882353 0.3137254901960784 0.010294117647058823 0.036601307189542485
0 0.11691176470588235 0.29150326797385623 0.008823529411764706 0.0392156862745098
1 0.23823529411764705 0.39673202614379083 0.011764705882352941 0.03790849673202614
0 0.21507352941176472 0.4320261437908497 0.0125 0.043137254901960784
0 0.21176470588235294 0.41241830065359475 0.008823529411764706 0.040522875816993466
0 0.2 0.4326797385620915 0.013235294117647059 0.044444444444444446
6 0.1974264705882353 0.4189542483660131 0.022794117647058822 0.0457516339869281
6 0.17169117647058824 0.4137254901960784 0.03161764705882353 0.050980392156862744
0 0.15992647058823528 0.4235294117647059 0.011029411764705883 0.047058823529411764
1 0.13713235294117648 0.39869281045751637 0.009558823529411765 0.023529411764705882
0 0.14227941176470588 0.41568627450980394 0.011029411764705883 0.044444444444444446
0 0.15073529411764705 0.41568627450980394 0.011764705882352941 0.04967320261437908
6 0.14338235294117646 0.40522875816993464 0.023529411764705882 0.06274509803921569
1 0.14669117647058824 0.369281045751634 0.013970588235294118 0.03790849673202614
1 0.15845588235294117 0.3516339869281046 0.008088235294117648 0.02091503267973856
0 0.15 0.35947712418300654 0.010294117647058823 0.026143790849673203
6 0.15698529411764706 0.36797385620915035 0.05073529411764706 0.0457516339869281
4 0.20183823529411765 0.307843137254902 0.05514705882352941 0.05359477124183006
3 0.17463235294117646 0.29869281045751633 0.04338235294117647 0.043137254901960784
3 0.14669117647058824 0.28627450980392155 0.03897058823529412 0.047058823529411764
3 0.13713235294117648 0.20980392156862746 0.04926470588235294 0.030065359477124184
5 0.15661764705882353 0.22287581699346407 0.039705882352941174 0.03790849673202614
4 0.1375 0.19281045751633988 0.03676470588235294 0.03529411764705882
8 0.09448529411764706 0.15816993464052287 0.04632352941176471 0.0784313725490196
3 0.060294117647058824 0.17450980392156862 0.03235294117647059 0.027450980392156862
3 0.07169117647058823 0.12810457516339868 0.028676470588235293 0.02091503267973856
5 0.05808823529411765 0.09738562091503268 0.07941176470588235 0.05359477124183006
4 0.027941176470588237 0.05751633986928104 0.026470588235294117 0.023529411764705882
4 0.017279411764705883 0.038562091503267976 0.028676470588235293 0.0196078431372549
9 0.23419117647058824 0.3176470588235294 0.028676470588235293 0.0392156862745098
9 0.24411764705882352 0.3241830065359477 0.026470588235294117 0.03398692810457516
0 0.9257352941176471 0.9633986928104575 0.01764705882352941 0.07320261437908497
1 0.7077205882352942 0.28169934640522876 0.008088235294117648 0.02483660130718954
9 0.7073529411764706 0.28823529411764703 0.014705882352941176 0.022222222222222223
9 0.5819852941176471 0.22549019607843138 0.013970588235294118 0.02483660130718954
9 0.6073529411764705 0.22026143790849673 0.011764705882352941 0.022222222222222223
0 0.008088235294117648 0.08562091503267974 0.0058823529411764705 0.0196078431372549
0 0.0033088235294117647 0.11895424836601307 0.006617647058823529 0.023529411764705882
1 0.04632352941176471 0.15294117647058825 0.007352941176470588 0.018300653594771243
0 0.028308823529411765 0.13333333333333333 0.005147058823529412 0.023529411764705882
0 0.03272058823529412 0.13660130718954247 0.005147058823529412 0.027450980392156862
1 0.01948529411764706 0.12156862745098039 0.008088235294117648 0.01568627450980392
0 0.004779411764705883 0.0673202614379085 0.006617647058823529 0.0196078431372549
0 0.03676470588235294 0.03986928104575163 0.004411764705882353 0.01699346405228758
0 0.042279411764705885 0.038562091503267976 0.005147058823529412 0.01699346405228758
1 0.15441176470588236 0.2607843137254902 0.013235294117647059 0.02483660130718954
1 0.1661764705882353 0.2549019607843137 0.010294117647058823 0.02091503267973856
9 0.19448529411764706 0.2542483660130719 0.011029411764705883 0.02483660130718954