0 0.48933823529411763 0.6784313725490196 0.03602941176470588 0.11503267973856209
0 0.5393382352941176 0.569281045751634 0.028676470588235293 0.09542483660130718
0 0.2529411764705882 0.6679738562091503 0.030882352941176472 0.12810457516339868
0 0.1875 0.6039215686274509 0.026470588235294117 0.07581699346405228
1 0.2202205882352941 0.6098039215686275 0.030147058823529412 0.06928104575163399
0 0.2841911764705882 0.4392156862745098 0.030147058823529412 0.10718954248366012
0 0.1922794117647059 0.8869281045751634 0.03455882352941177 0.12941176470588237
0 0.45698529411764705 0.5575163398692811 0.027205882352941177 0.09542483660130718
0 0.39889705882352944 0.6189542483660131 0.025735294117647058 0.1111111111111111
0 0.44338235294117645 0.8006535947712419 0.029411764705882353 0.12418300653594772
0 0.31985294117647056 0.8803921568627451 0.041176470588235294 0.13986928104575164
0 0.549264705882353 0.7790849673202614 0.022058823529411766 0.10980392156862745
0 0.4091911764705882 0.8215686274509804 0.027205882352941177 0.07973856209150326
0 0.6691176470588235 0.818954248366013 0.025 0.134640522875817
0 0.3996323529411765 0.9411764705882353 0.028676470588235293 0.11764705882352941
0 0.5830882352941177 0.8490196078431372 0.04411764705882353 0.11633986928104575
1 0.5904411764705882 0.7673202614379085 0.03676470588235294 0.08366013071895424
0 0.6345588235294117 0.7555555555555555 0.014705882352941176 0.07581699346405228
1 0.6503676470588236 0.7496732026143791 0.019852941176470587 0.12156862745098039
0 0.5683823529411764 0.49869281045751634 0.022058823529411766 0.09542483660130718
0 0.4485294117647059 0.5248366013071896 0.022058823529411766 0.09803921568627451
0 0.4426470588235294 0.4738562091503268 0.023529411764705882 0.09803921568627451
0 0.4319852941176471 0.43856209150326797 0.021323529411764706 0.09019607843137255
0 0.5136029411764705 0.5241830065359477 0.028676470588235293 0.10196078431372549
0 0.5022058823529412 0.47516339869281043 0.030882352941176472 0.09542483660130718
0 0.48308823529411765 0.4300653594771242 0.026470588235294117 0.08888888888888889
0 0.47794117647058826 0.3941176470588235 0.022058823529411766 0.08235294117647059
0 0.42169117647058824 0.39869281045751637 0.019852941176470587 0.08627450980392157
0 0.40588235294117647 0.36797385620915035 0.020588235294117647 0.09019607843137255
0 0.4610294117647059 0.36405228758169933 0.020588235294117647 0.08758169934640522
0 0.4 0.32679738562091504 0.016176470588235296 0.08104575163398693
0 0.4474264705882353 0.33202614379084966 0.015441176470588236 0.08104575163398693
0 0.555514705882353 0.4568627450980392 0.019852941176470587 0.09542483660130718
0 0.5345588235294118 0.4294117647058823 0.01911764705882353 0.09019607843137255
0 0.5136029411764705 0.3908496732026144 0.01838235294117647 0.0784313725490196
0 0.5893382352941177 0.42483660130718953 0.019852941176470587 0.08888888888888889
0 0.4963235294117647 0.35947712418300654 0.01764705882352941 0.0784313725490196
0 0.4886029411764706 0.338562091503268 0.013970588235294118 0.07581699346405228
0 0.5573529411764706 0.38758169934640524 0.014705882352941176 0.07712418300653595
0 0.6147058823529412 0.38562091503267976 0.01911764705882353 0.08366013071895424
0 0.5415441176470588 0.34901960784313724 0.013970588235294118 0.0784313725490196
0 0.5323529411764706 0.338562091503268 0.013235294117647059 0.07058823529411765
0 0.5860294117647059 0.3784313725490196 0.014705882352941176 0.06666666666666667
0 0.5878676470588236 0.33790849673202616 0.015441176470588236 0.06666666666666667
0 0.5797794117647059 0.330718954248366 0.015441176470588236 0.08104575163398693
0 0.59375 0.3137254901960784 0.016911764705882352 0.0784313725490196
0 0.5522058823529412 0.28431372549019607 0.013235294117647059 0.07450980392156863
0 0.5654411764705882 0.2607843137254902 0.014705882352941176 0.06928104575163399
1 0.47058823529411764 0.09738562091503268 0.008823529411764706 0.03529411764705882
1 0.4525735294117647 0.09084967320261438 0.0125 0.048366013071895426
3 0.6261029411764706 0.22483660130718955 0.10073529411764706 0.07581699346405228
0 0.8397058823529412 0.4071895424836601 0.01911764705882353 0.07712418300653595
0 0.81875 0.40326797385620916 0.022794117647058822 0.09803921568627451
0 0.7878676470588235 0.477124183006536 0.022794117647058822 0.08366013071895424
0 0.7386029411764706 0.3673202614379085 0.013970588235294118 0.07581699346405228
1 0.6474264705882353 0.37777777777777777 0.013970588235294118 0.08104575163398693
0 0.6738970588235295 0.3843137254901961 0.015441176470588236 0.054901960784313725
0 0.7047794117647059 0.39215686274509803 0.013970588235294118 0.07058823529411765
0 0.7176470588235294 0.39281045751633986 0.013235294117647059 0.06928104575163399
0 0.7448529411764706 0.4287581699346405 0.014705882352941176 0.08627450980392157
0 0.7279411764705882 0.42287581699346405 0.014705882352941176 0.09019607843137255
0 0.7764705882352941 0.38169934640522873 0.020588235294117647 0.0915032679738562
0 0.7213235294117647 0.32287581699346407 0.014705882352941176 0.0784313725490196
0 0.7238970588235294 0.29477124183006537 0.01838235294117647 0.0718954248366013
0 0.7069852941176471 0.28104575163398693 0.013970588235294118 0.08888888888888889
0 0.6400735294117647 0.5562091503267974 0.022794117647058822 0.10326797385620914
0 0.6408088235294118 0.49869281045751634 0.01838235294117647 0.09019607843137255
0 0.7235294117647059 0.5535947712418301 0.022058823529411766 0.10065359477124183
0 0.7294117647058823 0.5169934640522876 0.023529411764705882 0.07712418300653595
0 0.7588235294117647 0.5392156862745098 0.029411764705882353 0.10065359477124183
0 0.7507352941176471 0.5143790849673202 0.027941176470588237 0.08496732026143791
0 0.7647058823529411 0.49607843137254903 0.020588235294117647 0.10065359477124183
0 0.6720588235294118 0.5875816993464053 0.023529411764705882 0.09542483660130718
0 0.6709558823529411 0.6496732026143791 0.030147058823529412 0.11241830065359477
0 0.65625 0.6320261437908496 0.028676470588235293 0.1111111111111111
9 0.8132352941176471 0.5712418300653594 0.04852941176470588 0.07320261437908497
0 0.7577205882352941 0.7091503267973857 0.021323529411764706 0.1111111111111111
0 0.7705882352941177 0.7058823529411765 0.01911764705882353 0.11503267973856209
6 0.7959558823529411 0.7143790849673203 0.08602941176470588 0.16601307189542483
0 0.1400735294117647 0.9418300653594771 0.03161764705882353 0.10588235294117647
1 0.8955882352941177 0.4235294117647059 0.025 0.0915032679738562
2 0.8988970588235294 0.4503267973856209 0.05808823529411765 0.07712418300653595
3 0.8735294117647059 0.2084967320261438 0.07941176470588235 0.08496732026143791
3 0.9180147058823529 0.16732026143790849 0.07573529411764705 0.07058823529411765
3 0.9801470588235294 0.2477124183006536 0.039705882352941174 0.06405228758169934
0 0.18308823529411763 0.9725490196078431 0.03676470588235294 0.054901960784313725
2 0.34558823529411764 0.2784313725490196 0.04264705882352941 0.06797385620915032
0 0.33639705882352944 0.14836601307189543 0.0125 0.05359477124183006
0 0.31985294117647056 0.14836601307189543 0.014705882352941176 0.05620915032679739
1 0.3290441176470588 0.16862745098039217 0.019852941176470587 0.03398692810457516
6 0.3694852941176471 0.8013071895424837 0.04044117647058824 0.1437908496732026