3 0.10625 0.44248366013071894 0.0875 0.11372549019607843
3 0.3547794117647059 0.6130718954248366 0.12426470588235294 0.11503267973856209
3 0.8753676470588235 0.15490196078431373 0.05367647058823529 0.06666666666666667
2 0.20147058823529412 0.2784313725490196 0.01764705882352941 0.044444444444444446
1 0.19963235294117648 0.27058823529411763 0.013970588235294118 0.04967320261437908
3 0.21875 0.9372549019607843 0.10661764705882353 0.12549019607843137
3 0.7647058823529411 0.5496732026143791 0.09264705882352942 0.1111111111111111
3 0.8801470588235294 0.22483660130718955 0.06323529411764706 0.06535947712418301
3 0.9077205882352941 0.3215686274509804 0.06691176470588235 0.0784313725490196
3 0.8363970588235294 0.01045751633986928 0.04191176470588235 0.02091503267973856
3 0.9143382352941176 0.018300653594771243 0.0375 0.036601307189542485
3 0.6279411764705882 0.1503267973856209 0.057352941176470586 0.0784313725490196
3 0.7580882352941176 0.046405228758169936 0.047058823529411764 0.043137254901960784
3 0.7838235294117647 0.08431372549019608 0.04852941176470588 0.048366013071895426
3 0.7363970588235295 0.10261437908496732 0.05220588235294118 0.06143790849673202
3 0.6919117647058823 0.35947712418300654 0.07205882352941176 0.08104575163398693
3 0.6290441176470588 0.3352941176470588 0.07720588235294118 0.08496732026143791
3 0.5823529411764706 0.4503267973856209 0.09117647058823529 0.10065359477124183
6 0.5341911764705882 0.4084967320261438 0.07426470588235294 0.09281045751633987
9 0.9514705882352941 0.09084967320261438 0.013235294117647059 0.027450980392156862
1 0.9533088235294118 0.08235294117647059 0.011029411764705883 0.03137254901960784
1 0.9558823529411765 0.08366013071895424 0.010294117647058823 0.02875816993464052
2 0.40698529411764706 0.35751633986928105 0.02426470588235294 0.0457516339869281
1 0.4088235294117647 0.34705882352941175 0.014705882352941176 0.05620915032679739
9 0.3669117647058823 0.31699346405228757 0.033823529411764704 0.0457516339869281
1 0.3724264705882353 0.3032679738562091 0.0125 0.05228758169934641
1 0.36580882352941174 0.3111111111111111 0.015441176470588236 0.06013071895424837