8 0.6327205882352941 0.6313725490196078 0.2036764705882353 0.2169934640522876
3 0.4753676470588235 0.6640522875816993 0.10514705882352941 0.10980392156862745
3 0.27904411764705883 0.6287581699346405 0.10661764705882353 0.11241830065359477
3 0.19301470588235295 0.5202614379084968 0.08897058823529412 0.07581699346405228
3 0.07904411764705882 0.5620915032679739 0.09485294117647058 0.09673202614379085
8 0.16433823529411765 0.7150326797385621 0.21544117647058825 0.25359477124183005
3 0.4919117647058823 0.9300653594771242 0.1426470588235294 0.13986928104575164
3 0.9227941176470589 0.7803921568627451 0.10441176470588236 0.10718954248366012
0 0.9422794117647059 0.48562091503267973 0.016911764705882352 0.058823529411764705
0 0.9117647058823529 0.40326797385620916 0.014705882352941176 0.040522875816993466
3 0.9863970588235295 0.3477124183006536 0.027205882352941177 0.054901960784313725
4 0.9871323529411765 0.25359477124183005 0.025735294117647058 0.06274509803921569
3 0.9808823529411764 0.11503267973856209 0.03676470588235294 0.03137254901960784
4 0.9702205882352941 0.09084967320261438 0.01838235294117647 0.032679738562091505
3 0.9705882352941176 0.06797385620915032 0.016176470588235296 0.026143790849673203
3 0.8580882352941176 0.08823529411764706 0.016176470588235296 0.030065359477124184
3 0.8378676470588236 0.052941176470588235 0.016911764705882352 0.027450980392156862
3 0.8386029411764706 0.025490196078431372 0.013970588235294118 0.022222222222222223
3 0.8147058823529412 0.04967320261437908 0.016176470588235296 0.03137254901960784
3 0.7584558823529411 0.10522875816993464 0.019852941176470587 0.032679738562091505
3 0.6661764705882353 0.4522875816993464 0.06911764705882353 0.06797385620915032
3 0.6764705882352942 0.338562091503268 0.03823529411764706 0.06535947712418301
3 0.6926470588235294 0.19673202614379084 0.026470588235294117 0.043137254901960784
4 0.3488970588235294 0.2954248366013072 0.05661764705882353 0.06797385620915032
3 0.34044117647058825 0.2281045751633987 0.047058823529411764 0.043137254901960784
3 0.3625 0.21176470588235294 0.05 0.04183006535947712
4 0.3786764705882353 0.1503267973856209 0.033823529411764704 0.04967320261437908
0 0.7797794117647059 0.045098039215686274 0.005147058823529412 0.02483660130718954
1 0.7485294117647059 0.04379084967320261 0.004411764705882353 0.01699346405228758
1 0.7584558823529411 0.044444444444444446 0.005147058823529412 0.018300653594771243
9 0.7584558823529411 0.048366013071895426 0.005147058823529412 0.018300653594771243
9 0.7485294117647059 0.048366013071895426 0.004411764705882353 0.018300653594771243
3 0.600735294117647 0.06601307189542484 0.027941176470588237 0.030065359477124184
0 0.6154411764705883 0.12156862745098039 0.0058823529411764705 0.02875816993464052
0 0.9474264705882353 0.23006535947712417 0.011029411764705883 0.036601307189542485
0 0.9599264705882353 0.238562091503268 0.009558823529411765 0.032679738562091505
1 0.9323529411764706 0.21176470588235294 0.008823529411764706 0.023529411764705882
1 0.9334558823529412 0.20522875816993463 0.009558823529411765 0.023529411764705882
9 0.9319852941176471 0.21241830065359477 0.008088235294117648 0.027450980392156862
1 0.5047794117647059 0.7483660130718954 0.019852941176470587 0.0718954248366013
2 0.5066176470588235 0.7562091503267974 0.041176470588235294 0.048366013071895426
1 0.3966911764705882 0.27320261437908494 0.011029411764705883 0.0392156862745098
9 0.39742647058823527 0.2758169934640523 0.02426470588235294 0.03398692810457516
0 0.3588235294117647 0.17254901960784313 0.0058823529411764705 0.03398692810457516
0 0.1775735294117647 0.19738562091503267 0.016911764705882352 0.036601307189542485
0 0.18639705882352942 0.20261437908496732 0.009558823529411765 0.0392156862745098
0 0.09227941176470589 0.23529411764705882 0.009558823529411765 0.036601307189542485
0 0.09448529411764706 0.23594771241830065 0.008088235294117648 0.03790849673202614
1 0.12058823529411765 0.24640522875816995 0.007352941176470588 0.01699346405228758
1 0.13455882352941176 0.24509803921568626 0.008823529411764706 0.022222222222222223
1 0.12683823529411764 0.25620915032679736 0.009558823529411765 0.036601307189542485
0 0.07610294117647058 0.2496732026143791 0.013970588235294118 0.03398692810457516
9 0.27389705882352944 0.2437908496732026 0.011029411764705883 0.032679738562091505
9 0.26691176470588235 0.21830065359477124 0.011764705882352941 0.02875816993464052
0 0.2977941176470588 0.16601307189542483 0.0058823529411764705 0.023529411764705882
2 0.20441176470588235 0.2235294117647059 0.008823529411764706 0.03398692810457516
9 0.20036764705882354 0.2522875816993464 0.009558823529411765 0.03398692810457516
9 0.23051470588235295 0.2928104575163399 0.01838235294117647 0.03137254901960784
9 0.2213235294117647 0.2777777777777778 0.020588235294117647 0.030065359477124184
1 0.21691176470588236 0.28431372549019607 0.008823529411764706 0.02483660130718954