2 0.036397058823529414 0.6294117647058823 0.021323529411764706 0.043137254901960784
9 0.07536764705882353 0.6457516339869281 0.03308823529411765 0.044444444444444446
0 0.03676470588235294 0.8418300653594771 0.022058823529411766 0.06535947712418301
4 0.06727941176470588 0.9333333333333333 0.09779411764705882 0.13333333333333333
1 0.2797794117647059 0.9699346405228758 0.015441176470588236 0.05751633986928104
6 0.30220588235294116 0.9588235294117647 0.0838235294117647 0.08235294117647059
6 0.32794117647058824 0.9019607843137255 0.07058823529411765 0.0784313725490196
1 0.7209558823529412 0.8339869281045752 0.016911764705882352 0.044444444444444446
5 0.6363970588235294 0.5673202614379085 0.06838235294117648 0.17254901960784313
2 0.5900735294117647 0.47058823529411764 0.009558823529411765 0.03398692810457516
1 0.5900735294117647 0.46339869281045754 0.008088235294117648 0.03529411764705882
1 0.31875 0.4477124183006536 0.009558823529411765 0.040522875816993466
2 0.3139705882352941 0.44575163398692813 0.020588235294117647 0.02875816993464052
1 0.29191176470588237 0.47908496732026146 0.007352941176470588 0.0196078431372549
3 0.39044117647058824 0.49607843137254903 0.030882352941176472 0.05620915032679739
3 0.38419117647058826 0.4418300653594771 0.05808823529411765 0.05228758169934641
3 0.3786764705882353 0.3483660130718954 0.029411764705882353 0.048366013071895426
3 0.4198529411764706 0.39281045751633986 0.027941176470588237 0.048366013071895426
3 0.41948529411764707 0.36209150326797385 0.02426470588235294 0.044444444444444446
3 0.42683823529411763 0.33137254901960783 0.030147058823529412 0.040522875816993466
7 0.43419117647058825 0.3150326797385621 0.016911764705882352 0.03137254901960784
3 0.44338235294117645 0.29215686274509806 0.03823529411764706 0.043137254901960784
0 0.40698529411764706 0.32287581699346407 0.005147058823529412 0.03398692810457516
0 0.39375 0.307843137254902 0.006617647058823529 0.032679738562091505
9 0.40441176470588236 0.2980392156862745 0.014705882352941176 0.018300653594771243
3 0.44080882352941175 0.2758169934640523 0.022794117647058822 0.03137254901960784
3 0.44448529411764703 0.2542483660130719 0.030147058823529412 0.027450980392156862
3 0.44779411764705884 0.2437908496732026 0.029411764705882353 0.027450980392156862
3 0.4536764705882353 0.23398692810457516 0.029411764705882353 0.026143790849673203
3 0.4459558823529412 0.21764705882352942 0.015441176470588236 0.02483660130718954
3 0.4488970588235294 0.20522875816993463 0.013970588235294118 0.023529411764705882
3 0.4404411764705882 0.17058823529411765 0.014705882352941176 0.022222222222222223
3 0.43786764705882353 0.15098039215686274 0.021323529411764706 0.0196078431372549
5 0.6268382352941176 0.3431372549019608 0.06397058823529411 0.06143790849673202
1 0.631985294117647 0.3058823529411765 0.006617647058823529 0.023529411764705882
9 0.6246323529411765 0.3111111111111111 0.01838235294117647 0.018300653594771243
0 0.5661764705882353 0.32941176470588235 0.004411764705882353 0.03137254901960784
3 0.5786764705882353 0.3405228758169935 0.026470588235294117 0.032679738562091505
3 0.575735294117647 0.31437908496732025 0.020588235294117647 0.03529411764705882
9 0.6091911764705882 0.26666666666666666 0.013970588235294118 0.018300653594771243
9 0.6106617647058824 0.2738562091503268 0.013970588235294118 0.01699346405228758
1 0.5838235294117647 0.2751633986928105 0.004411764705882353 0.01437908496732026
2 0.6033088235294117 0.23660130718954248 0.009558823529411765 0.01045751633986928
2 0.6025735294117647 0.23333333333333334 0.009558823529411765 0.01437908496732026
3 0.5632352941176471 0.2908496732026144 0.027941176470588237 0.03529411764705882
3 0.5672794117647059 0.26601307189542484 0.025735294117647058 0.03529411764705882
3 0.5658088235294118 0.24836601307189543 0.015441176470588236 0.023529411764705882
3 0.5838235294117647 0.21437908496732025 0.022058823529411766 0.023529411764705882
2 0.5838235294117647 0.18104575163398692 0.010294117647058823 0.011764705882352941
3 0.5503676470588236 0.17516339869281045 0.0125 0.02091503267973856
3 0.5705882352941176 0.15947712418300652 0.013235294117647059 0.01568627450980392
4 0.5569852941176471 0.14444444444444443 0.025735294117647058 0.0196078431372549
0 0.5426470588235294 0.14052287581699346 0.0029411764705882353 0.01437908496732026
1 0.4823529411764706 0.17516339869281045 0.004411764705882353 0.01568627450980392
9 0.4823529411764706 0.1803921568627451 0.004411764705882353 0.01568627450980392
1 0.4922794117647059 0.19084967320261437 0.005147058823529412 0.018300653594771243
6 0.4900735294117647 0.19607843137254902 0.015441176470588236 0.01568627450980392
3 0.46176470588235297 0.16993464052287582 0.013235294117647059 0.02091503267973856
7 0.4602941176470588 0.15294117647058825 0.014705882352941176 0.018300653594771243
0 0.5558823529411765 0.09607843137254903 0.0029411764705882353 0.011764705882352941
0 0.5143382352941176 0.1130718954248366 0.0022058823529411764 0.01437908496732026
0 0.5198529411764706 0.11372549019607843 0.0029411764705882353 0.013071895424836602
3 0.5341911764705882 0.10392156862745099 0.008088235294117648 0.01437908496732026
3 0.46801470588235294 0.14052287581699346 0.02426470588235294 0.01699346405228758
3 0.45845588235294116 0.13529411764705881 0.019852941176470587 0.01437908496732026
4 0.4698529411764706 0.1326797385620915 0.01911764705882353 0.01699346405228758
3 0.47058823529411764 0.12483660130718954 0.020588235294117647 0.01437908496732026
4 0.48198529411764707 0.12026143790849673 0.009558823529411765 0.018300653594771243
4 0.47205882352941175 0.11503267973856209 0.01764705882352941 0.018300653594771243
8 0.47352941176470587 0.10718954248366012 0.029411764705882353 0.02875816993464052
0 0.5125 0.07973856209150326 0.0014705882352941176 0.01045751633986928
3 0.49779411764705883 0.10130718954248366 0.008823529411764706 0.01437908496732026
3 0.4963235294117647 0.08300653594771241 0.007352941176470588 0.011764705882352941
3 0.48419117647058824 0.09019607843137255 0.008088235294117648 0.013071895424836602
3 0.47316176470588234 0.09281045751633987 0.011029411764705883 0.01045751633986928
3 0.47573529411764703 0.0869281045751634 0.010294117647058823 0.011764705882352941
3 0.4783088235294118 0.08562091503267974 0.011029411764705883 0.011764705882352941
3 0.47610294117647056 0.0784313725490196 0.008088235294117648 0.013071895424836602
1 0.4970588235294118 0.05620915032679739 0.0014705882352941176 0.00784313725490196
9 0.4970588235294118 0.05816993464052288 0.0014705882352941176 0.006535947712418301
0 0.5139705882352941 0.05947712418300653 0.0014705882352941176 0.009150326797385621
0 0.5125 0.058823529411764705 0.0014705882352941176 0.01045751633986928
4 0.5113970588235294 0.0542483660130719 0.005147058823529412 0.011764705882352941
3 0.5286764705882353 0.08431372549019608 0.007352941176470588 0.009150326797385621
3 0.5294117647058824 0.08104575163398693 0.0058823529411764705 0.01045751633986928
3 0.5264705882352941 0.07581699346405228 0.0058823529411764705 0.01045751633986928
3 0.5257352941176471 0.07320261437908497 0.0058823529411764705 0.01045751633986928
3 0.5220588235294118 0.06928104575163399 0.008823529411764706 0.01045751633986928
3 0.5209558823529412 0.06666666666666667 0.009558823529411765 0.00784313725490196
0 0.5106617647058823 0.2908496732026144 0.003676470588235294 0.02483660130718954
0 0.5139705882352941 0.28954248366013075 0.004411764705882353 0.027450980392156862