3 0.6794117647058824 0.5444444444444444 0.11911764705882352 0.09281045751633987
3 0.8599264705882353 0.7895424836601307 0.15514705882352942 0.13333333333333333
3 0.4411764705882353 0.28366013071895424 0.04264705882352941 0.06535947712418301
3 0.23419117647058824 0.06862745098039216 0.019852941176470587 0.0457516339869281
3 0.30772058823529413 0.029411764705882353 0.019852941176470587 0.032679738562091505
4 0.2275735294117647 0.35947712418300654 0.03897058823529412 0.10718954248366012
4 0.2863970588235294 0.36013071895424836 0.0375 0.09019607843137255
4 0.2261029411764706 0.18758169934640523 0.030147058823529412 0.07712418300653595
3 0.22683823529411765 0.14052287581699346 0.025735294117647058 0.050980392156862744
3 0.2731617647058823 0.060784313725490195 0.021323529411764706 0.040522875816993466
3 0.26691176470588235 0.028104575163398694 0.01911764705882353 0.032679738562091505
3 0.3397058823529412 0.020261437908496733 0.020588235294117647 0.032679738562091505
3 0.4253676470588235 0.0915032679738562 0.05220588235294118 0.0392156862745098
3 0.4441176470588235 0.12222222222222222 0.057352941176470586 0.040522875816993466
3 0.4933823529411765 0.1542483660130719 0.0661764705882353 0.04183006535947712
3 0.4863970588235294 0.17516339869281045 0.06691176470588235 0.054901960784313725
4 0.48455882352941176 0.22941176470588234 0.04411764705882353 0.06143790849673202
3 0.8224264705882353 0.3888888888888889 0.09926470588235294 0.06928104575163399
4 0.9768382352941176 0.36405228758169933 0.04632352941176471 0.06666666666666667
3 0.15073529411764705 0.0784313725490196 0.061764705882352944 0.04183006535947712
3 0.16838235294117648 0.02091503267973856 0.052941176470588235 0.036601307189542485
3 0.4047794117647059 0.03071895424836601 0.030147058823529412 0.027450980392156862
3 0.3922794117647059 0.01764705882352941 0.03602941176470588 0.027450980392156862
1 0.17058823529411765 0.4326797385620915 0.016176470588235296 0.06535947712418301
1 0.01911764705882353 0.9607843137254902 0.026470588235294117 0.06013071895424837
1 0.03566176470588235 0.9771241830065359 0.022794117647058822 0.0457516339869281
9 0.17022058823529412 0.45098039215686275 0.022794117647058822 0.05751633986928104
0 0.13786764705882354 0.23006535947712417 0.013970588235294118 0.047058823529411764
0 0.18051470588235294 0.3111111111111111 0.016911764705882352 0.054901960784313725
0 0.19338235294117648 0.30718954248366015 0.014705882352941176 0.06535947712418301
0 0.4823529411764706 0.4130718954248366 0.014705882352941176 0.06535947712418301
0 0.5886029411764706 0.48169934640522877 0.015441176470588236 0.0718954248366013
0 0.6051470588235294 0.4647058823529412 0.013235294117647059 0.06405228758169934
0 0.74375 0.35555555555555557 0.011029411764705883 0.06274509803921569
0 0.4161764705882353 0.16862745098039217 0.007352941176470588 0.044444444444444446
0 0.4294117647058823 0.15751633986928104 0.008823529411764706 0.0457516339869281
3 0.27794117647058825 0.10130718954248366 0.030882352941176472 0.043137254901960784
3 0.2797794117647059 0.269281045751634 0.04485294117647059 0.08366013071895424
3 0.28088235294117647 0.19084967320261437 0.03235294117647059 0.05228758169934641
3 0.2786764705882353 0.13986928104575164 0.030882352941176472 0.04967320261437908
3 0.22794117647058823 0.2496732026143791 0.04264705882352941 0.06274509803921569