3 0.4047794117647059 0.842483660130719 0.06397058823529411 0.12418300653594772
3 0.5371323529411764 0.6830065359477124 0.05367647058823529 0.08496732026143791
3 0.4658088235294118 0.6228758169934641 0.0625 0.08235294117647059
3 0.3584558823529412 0.4117647058823529 0.028676470588235293 0.044444444444444446
3 0.21066176470588235 0.5967320261437908 0.04485294117647059 0.09281045751633987
4 0.23713235294117646 0.47581699346405226 0.03161764705882353 0.06797385620915032
3 0.22573529411764706 0.5333333333333333 0.03235294117647059 0.054901960784313725
3 0.6533088235294118 0.9633986928104575 0.07279411764705883 0.07320261437908497
1 0.49926470588235294 0.8516339869281045 0.020588235294117647 0.058823529411764705
2 0.5011029411764706 0.8790849673202614 0.021323529411764706 0.06928104575163399
4 0.1161764705882353 0.9169934640522875 0.12941176470588237 0.16601307189542483
1 0.12941176470588237 0.965359477124183 0.01764705882352941 0.06928104575163399
0 0.16139705882352942 0.9568627450980393 0.027205882352941177 0.08366013071895424
0 0.16286764705882353 0.9745098039215686 0.022794117647058822 0.050980392156862744
3 0.017279411764705883 0.6444444444444445 0.03455882352941177 0.047058823529411764
4 0.08014705882352942 0.5183006535947713 0.060294117647058824 0.07712418300653595
4 0.03455882352941177 0.4843137254901961 0.06911764705882353 0.06405228758169934
3 0.06691176470588235 0.4568627450980392 0.06911764705882353 0.043137254901960784
3 0.07316176470588236 0.43137254901960786 0.06102941176470588 0.03398692810457516
0 0.1349264705882353 0.4738562091503268 0.008088235294117648 0.03529411764705882
0 0.1514705882352941 0.46862745098039216 0.008823529411764706 0.03529411764705882
3 0.031985294117647056 0.40261437908496733 0.028676470588235293 0.0392156862745098
3 0.014338235294117646 0.35555555555555557 0.027205882352941177 0.02875816993464052
3 0.04779411764705882 0.3810457516339869 0.03529411764705882 0.027450980392156862
3 0.04595588235294118 0.3607843137254902 0.028676470588235293 0.026143790849673203
3 0.06727941176470588 0.3660130718954248 0.030147058823529412 0.023529411764705882
9 0.04264705882352941 0.33725490196078434 0.016176470588235296 0.018300653594771243
3 0.10036764705882353 0.34705882352941175 0.027205882352941177 0.02483660130718954
3 0.10441176470588236 0.33464052287581697 0.025 0.018300653594771243
3 0.12426470588235294 0.3183006535947712 0.025 0.02483660130718954
4 0.15 0.29411764705882354 0.01911764705882353 0.036601307189542485
4 0.13566176470588234 0.2699346405228758 0.015441176470588236 0.022222222222222223
3 0.2338235294117647 0.28627450980392155 0.01764705882352941 0.02091503267973856
6 0.20588235294117646 0.36470588235294116 0.026470588235294117 0.02875816993464052
0 0.18455882352941178 0.34901960784313724 0.0058823529411764705 0.026143790849673203
0 0.6783088235294118 0.7333333333333333 0.0125 0.07320261437908497
0 0.6051470588235294 0.7209150326797386 0.014705882352941176 0.07712418300653595
1 0.6455882352941177 0.7235294117647059 0.014705882352941176 0.06143790849673202
1 0.63125 0.6928104575163399 0.0125 0.047058823529411764
1 0.6602941176470588 0.6915032679738562 0.014705882352941176 0.02875816993464052
0 0.6882352941176471 0.7183006535947712 0.013235294117647059 0.07450980392156863
1 0.7014705882352941 0.6803921568627451 0.016176470588235296 0.043137254901960784
9 0.7 0.7065359477124183 0.01911764705882353 0.0457516339869281
0 0.8544117647058823 0.9666666666666667 0.016176470588235296 0.05620915032679739
0 0.8952205882352942 0.8450980392156863 0.016911764705882352 0.08235294117647059
0 0.9018382352941177 0.842483660130719 0.015441176470588236 0.0718954248366013
1 0.9474264705882353 0.8901960784313725 0.021323529411764706 0.0392156862745098
0 0.96875 0.707843137254902 0.021323529411764706 0.058823529411764705
3 0.31433823529411764 0.3261437908496732 0.021323529411764706 0.03529411764705882
3 0.3488970588235294 0.31633986928104574 0.015441176470588236 0.026143790849673203
3 0.42830882352941174 0.43137254901960786 0.03161764705882353 0.044444444444444446
3 0.41213235294117645 0.37712418300653594 0.021323529411764706 0.032679738562091505
3 0.40845588235294117 0.35947712418300654 0.022794117647058822 0.026143790849673203
3 0.4 0.33398692810457514 0.01911764705882353 0.02483660130718954
3 0.3849264705882353 0.3058823529411765 0.016911764705882352 0.02091503267973856
3 0.39044117647058824 0.3150326797385621 0.016176470588235296 0.02091503267973856
4 0.38198529411764703 0.28888888888888886 0.016911764705882352 0.018300653594771243
3 0.37720588235294117 0.27908496732026145 0.013235294117647059 0.01699346405228758
3 0.3694852941176471 0.26862745098039215 0.011029411764705883 0.01437908496732026
3 0.36911764705882355 0.25620915032679736 0.013235294117647059 0.013071895424836602
3 0.34448529411764706 0.29477124183006537 0.015441176470588236 0.02483660130718954
3 0.3426470588235294 0.28169934640522876 0.014705882352941176 0.02483660130718954
3 0.34558823529411764 0.26666666666666666 0.011764705882352941 0.018300653594771243
6 0.36066176470588235 0.3516339869281046 0.0125 0.02875816993464052
6 0.3724264705882353 0.31895424836601305 0.011029411764705883 0.023529411764705882
1 0.4007352941176471 0.4300653594771242 0.007352941176470588 0.02875816993464052
1 0.3922794117647059 0.39281045751633986 0.006617647058823529 0.0196078431372549
1 0.3915441176470588 0.3862745098039216 0.006617647058823529 0.0196078431372549
9 0.3926470588235294 0.39869281045751637 0.008823529411764706 0.023529411764705882
9 0.3996323529411765 0.4372549019607843 0.009558823529411765 0.02483660130718954
0 0.47095588235294117 0.5235294117647059 0.008088235294117648 0.02483660130718954
0 0.47463235294117645 0.5758169934640522 0.008088235294117648 0.03529411764705882
3 0.4904411764705882 0.5745098039215686 0.027941176470588237 0.05620915032679739
6 0.4702205882352941 0.5424836601307189 0.03455882352941177 0.044444444444444446
1 0.5992647058823529 0.6098039215686275 0.01764705882352941 0.048366013071895426
0 0.7238970588235294 0.6862745098039216 0.016911764705882352 0.05751633986928104
1 0.7580882352941176 0.7313725490196078 0.014705882352941176 0.058823529411764705
1 0.7716911764705883 0.7300653594771241 0.011029411764705883 0.05620915032679739
1 0.7544117647058823 0.7261437908496732 0.008823529411764706 0.03529411764705882
1 0.7838235294117647 0.6869281045751634 0.020588235294117647 0.03790849673202614
2 0.819485294117647 0.7137254901960784 0.027205882352941177 0.04967320261437908
9 0.9492647058823529 0.9294117647058824 0.061764705882352944 0.06013071895424837