4 0.90703125 0.39490740740740743 0.0359375 0.03425925925925926
3 0.9848958333333333 0.43796296296296294 0.01875 0.027777777777777776
3 0.97421875 0.4273148148148148 0.034895833333333334 0.032407407407407406
3 0.9544270833333334 0.4217592592592593 0.033854166666666664 0.030555555555555555
4 0.6919270833333333 0.8337962962962963 0.08697916666666666 0.10277777777777777
4 0.5552083333333333 0.8 0.053125 0.10185185185185185
3 0.43255208333333334 0.6129629629629629 0.034895833333333334 0.06111111111111111
9 0.50703125 0.42685185185185187 0.008854166666666666 0.024074074074074074
4 0.5018229166666667 0.30462962962962964 0.027604166666666666 0.022222222222222223
3 0.4552083333333333 0.30462962962962964 0.028125 0.018518518518518517
9 0.484375 0.4041666666666667 0.00625 0.019444444444444445
3 0.4479166666666667 0.3768518518518518 0.017708333333333333 0.025925925925925925
3 0.41119791666666666 0.37592592592592594 0.0171875 0.024074074074074074
3 0.4390625 0.4305555555555556 0.021875 0.037037037037037035
3 0.37994791666666666 0.3731481481481482 0.018229166666666668 0.027777777777777776
3 0.3145833333333333 0.3675925925925926 0.017708333333333333 0.027777777777777776
3 0.30625 0.42083333333333334 0.017708333333333333 0.03981481481481482
3 0.42265625 0.30462962962962964 0.013020833333333334 0.018518518518518517
8 0.3963541666666667 0.3087962962962963 0.025 0.05092592592592592
4 0.37994791666666666 0.2847222222222222 0.013020833333333334 0.021296296296296296
4 0.37161458333333336 0.262037037037037 0.009895833333333333 0.018518518518518517
4 0.35104166666666664 0.2689814814814815 0.010416666666666666 0.019444444444444445
3 0.31927083333333334 0.26064814814814813 0.009375 0.013888888888888888
3 0.30703125 0.2513888888888889 0.009895833333333333 0.01574074074074074
3 0.29791666666666666 0.2388888888888889 0.010416666666666666 0.014814814814814815
3 0.29244791666666664 0.2273148148148148 0.008854166666666666 0.010185185185185186
3 0.27838541666666666 0.2222222222222222 0.0078125 0.011111111111111112
3 0.2716145833333333 0.2111111111111111 0.008854166666666666 0.009259259259259259
3 0.28020833333333334 0.20046296296296295 0.008333333333333333 0.008333333333333333
3 0.28125 0.2101851851851852 0.008333333333333333 0.009259259259259259
3 0.2908854166666667 0.20185185185185187 0.0078125 0.007407407407407408
3 0.2908854166666667 0.2101851851851852 0.008854166666666666 0.009259259259259259
3 0.2921875 0.21805555555555556 0.008333333333333333 0.010185185185185186
3 0.3028645833333333 0.21064814814814814 0.008854166666666666 0.010185185185185186
3 0.31223958333333335 0.20833333333333334 0.008854166666666666 0.009259259259259259
4 0.3171875 0.21851851851851853 0.008333333333333333 0.014814814814814815
4 0.33619791666666665 0.23842592592592593 0.0109375 0.019444444444444445
4 0.34453125 0.22361111111111112 0.005729166666666666 0.012037037037037037
3 0.35052083333333334 0.23842592592592593 0.009375 0.012037037037037037
3 0.34869791666666666 0.2310185185185185 0.0078125 0.010185185185185186
4 0.7674479166666667 0.34074074074074073 0.027604166666666666 0.03148148148148148