3 0.4610294117647059 0.8156862745098039 0.058823529411764705 0.06013071895424837
3 0.4525735294117647 0.75359477124183 0.05220588235294118 0.048366013071895426
3 0.5481617647058824 0.8581699346405228 0.06544117647058824 0.06928104575163399
3 0.7029411764705882 0.8620915032679739 0.08088235294117647 0.06143790849673202
3 0.6768382352941177 0.9137254901960784 0.09485294117647058 0.08366013071895424
3 0.5996323529411764 0.9235294117647059 0.09044117647058823 0.07712418300653595
4 0.625 0.9647058823529412 0.10294117647058823 0.06797385620915032
3 0.7610294117647058 0.9777777777777777 0.09117647058823529 0.0392156862745098
3 0.8702205882352941 0.8679738562091504 0.09191176470588236 0.06535947712418301
3 0.6595588235294118 0.7647058823529411 0.057352941176470586 0.047058823529411764
9 0.8650735294117647 0.8339869281045752 0.027205882352941177 0.026143790849673203
1 0.8691176470588236 0.8248366013071895 0.010294117647058823 0.03398692810457516
9 0.7753676470588236 0.7431372549019608 0.008088235294117648 0.027450980392156862
9 0.7985294117647059 0.7437908496732026 0.010294117647058823 0.03137254901960784
9 0.8264705882352941 0.7405228758169935 0.014705882352941176 0.027450980392156862
9 0.8518382352941176 0.7431372549019608 0.0125 0.027450980392156862
9 0.8654411764705883 0.7411764705882353 0.011764705882352941 0.023529411764705882
9 0.8801470588235294 0.7411764705882353 0.013235294117647059 0.02875816993464052
0 0.8849264705882353 0.8006535947712419 0.009558823529411765 0.043137254901960784
0 0.8720588235294118 0.7980392156862746 0.008823529411764706 0.040522875816993466
0 0.8764705882352941 0.7718954248366013 0.0058823529411764705 0.030065359477124184
0 0.8867647058823529 0.773202614379085 0.008823529411764706 0.03529411764705882
4 0.9411764705882353 0.8084967320261438 0.08235294117647059 0.058823529411764705
9 0.9136029411764706 0.7673202614379085 0.0125 0.03137254901960784
4 0.38125 0.6326797385620915 0.030147058823529412 0.023529411764705882
4 0.37169117647058825 0.615686274509804 0.030147058823529412 0.026143790849673203
3 0.35551470588235295 0.6111111111111112 0.025735294117647058 0.022222222222222223
3 0.3411764705882353 0.6071895424836601 0.026470588235294117 0.022222222222222223