9 0.7401041666666667 0.9666666666666667 0.04479166666666667 0.06666666666666667
1 0.740625 0.9564814814814815 0.022916666666666665 0.06851851851851852
3 0.9109375 0.8398148148148148 0.165625 0.11666666666666667
3 0.8505208333333333 0.7601851851851852 0.14479166666666668 0.10555555555555556
3 0.6635416666666667 0.7074074074074074 0.075 0.08148148148148149
5 0.5223958333333333 0.7037037037037037 0.059375 0.11481481481481481
3 0.7791666666666667 0.6694444444444444 0.1125 0.07592592592592592
6 0.8895833333333333 0.687962962962963 0.058333333333333334 0.07962962962962963
1 0.9010416666666666 0.6768518518518518 0.022916666666666665 0.05740740740740741
3 0.9598958333333333 0.6638888888888889 0.08020833333333334 0.08333333333333333
0 0.1125 0.9601851851851851 0.025 0.07962962962962963
6 0.134375 0.9009259259259259 0.07083333333333333 0.10555555555555556
3 0.049479166666666664 0.7972222222222223 0.096875 0.13518518518518519
0 0.13645833333333332 0.7759259259259259 0.014583333333333334 0.05925925925925926
6 0.1578125 0.7722222222222223 0.036458333333333336 0.07777777777777778
9 0.16041666666666668 0.6990740740740741 0.022916666666666665 0.05740740740740741
9 0.14583333333333334 0.6842592592592592 0.01875 0.05
9 0.23802083333333332 0.674074074074074 0.021875 0.044444444444444446
9 0.38177083333333334 0.6712962962962963 0.034375 0.04259259259259259
9 0.478125 0.6453703703703704 0.0125 0.04259259259259259
9 0.4505208333333333 0.612037037037037 0.011458333333333333 0.03888888888888889
9 0.5364583333333334 0.6083333333333333 0.035416666666666666 0.046296296296296294
1 0.23645833333333333 0.6620370370370371 0.0125 0.053703703703703705
1 0.240625 0.6694444444444444 0.008333333333333333 0.03518518518518519
1 0.38125 0.6611111111111111 0.016666666666666666 0.06666666666666667
1 0.478125 0.6305555555555555 0.0125 0.04259259259259259
1 0.4505208333333333 0.5990740740740741 0.011458333333333333 0.04259259259259259
1 0.4088541666666667 0.5972222222222222 0.011458333333333333 0.03888888888888889
1 0.53125 0.5944444444444444 0.014583333333333334 0.037037037037037035
1 0.5354166666666667 0.6046296296296296 0.0125 0.05740740740740741
0 0.3359375 0.6611111111111111 0.013541666666666667 0.06296296296296296
0 0.33697916666666666 0.65 0.013541666666666667 0.05185185185185185
6 0.32135416666666666 0.6462962962962963 0.053125 0.06666666666666667
0 0.3625 0.6351851851851852 0.010416666666666666 0.04814814814814815
9 0.30416666666666664 0.6342592592592593 0.027083333333333334 0.03888888888888889
1 0.30625 0.6203703703703703 0.0125 0.05555555555555555
1 0.2526041666666667 0.6296296296296297 0.015625 0.03333333333333333
0 0.26510416666666664 0.6083333333333333 0.013541666666666667 0.053703703703703705
1 0.11145833333333334 0.6787037037037037 0.0125 0.03888888888888889
1 0.08072916666666667 0.6768518518518518 0.017708333333333333 0.046296296296296294
1 0.3651041666666667 0.600925925925926 0.021875 0.03518518518518519
6 0.41354166666666664 0.6101851851851852 0.025 0.053703703703703705
9 0.39427083333333335 0.5796296296296296 0.013541666666666667 0.040740740740740744
9 0.428125 0.575 0.0125 0.03148148148148148
9 0.5072916666666667 0.5601851851851852 0.01875 0.03518518518518519
9 0.3265625 0.5518518518518518 0.017708333333333333 0.02962962962962963
1 0.39427083333333335 0.5666666666666667 0.009375 0.037037037037037035
1 0.4296875 0.5666666666666667 0.013541666666666667 0.044444444444444446
1 0.3260416666666667 0.5453703703703704 0.0125 0.03518518518518519
6 0.359375 0.5814814814814815 0.052083333333333336 0.037037037037037035
6 0.3541666666666667 0.5657407407407408 0.04791666666666667 0.03518518518518519
0 0.3828125 0.5574074074074075 0.011458333333333333 0.04814814814814815
1 0.375 0.5592592592592592 0.008333333333333333 0.02962962962962963
0 0.3697916666666667 0.5481481481481482 0.010416666666666666 0.040740740740740744
0 0.44479166666666664 0.537962962962963 0.008333333333333333 0.046296296296296294
0 0.4317708333333333 0.5314814814814814 0.007291666666666667 0.044444444444444446
1 0.5067708333333333 0.5546296296296296 0.011458333333333333 0.04259259259259259
0 0.5567708333333333 0.575 0.013541666666666667 0.020370370370370372
9 0.5260416666666666 0.55 0.020833333333333332 0.025925925925925925
3 0.46041666666666664 0.5111111111111111 0.027083333333333334 0.044444444444444446
0 0.390625 0.5157407407407407 0.008333333333333333 0.04259259259259259
0 0.40572916666666664 0.5046296296296297 0.007291666666666667 0.03518518518518519
6 0.375 0.5185185185185185 0.04375 0.03333333333333333
6 0.3765625 0.48333333333333334 0.04895833333333333 0.040740740740740744
1 0.5427083333333333 0.5638888888888889 0.0125 0.020370370370370372
0 0.5765625 0.5675925925925925 0.007291666666666667 0.03518518518518519
0 0.4317708333333333 0.48518518518518516 0.007291666666666667 0.03333333333333333
0 0.42135416666666664 0.47685185185185186 0.007291666666666667 0.03518518518518519
0 0.4270833333333333 0.48055555555555557 0.00625 0.03518518518518519
0 0.4348958333333333 0.47685185185185186 0.005208333333333333 0.027777777777777776
0 0.40677083333333336 0.4777777777777778 0.005208333333333333 0.03333333333333333
9 0.48385416666666664 0.5 0.009375 0.025925925925925925
9 0.4583333333333333 0.48148148148148145 0.008333333333333333 0.022222222222222223
9 0.48489583333333336 0.4444444444444444 0.007291666666666667 0.022222222222222223
9 0.4453125 0.4564814814814815 0.007291666666666667 0.020370370370370372
9 0.4901041666666667 0.3888888888888889 0.005208333333333333 0.014814814814814815
9 0.5010416666666667 0.44814814814814813 0.016666666666666666 0.022222222222222223
1 0.484375 0.4898148148148148 0.008333333333333333 0.03148148148148148
1 0.48541666666666666 0.4888888888888889 0.00625 0.025925925925925925
1 0.4583333333333333 0.475 0.008333333333333333 0.03148148148148148
1 0.484375 0.4398148148148148 0.00625 0.024074074074074074
1 0.44479166666666664 0.45185185185185184 0.008333333333333333 0.02962962962962963
0 0.5010416666666667 0.4388888888888889 0.00625 0.025925925925925925
6 0.46770833333333334 0.4398148148148148 0.010416666666666666 0.024074074074074074
1 0.46822916666666664 0.4351851851851852 0.007291666666666667 0.022222222222222223
1 0.4666666666666667 0.43148148148148147 0.004166666666666667 0.022222222222222223
1 0.490625 0.3851851851851852 0.00625 0.014814814814814815
0 0.4479166666666667 0.39814814814814814 0.00625 0.022222222222222223
6 0.4703125 0.4046296296296296 0.007291666666666667 0.016666666666666666
1 0.4703125 0.39814814814814814 0.005208333333333333 0.018518518518518517
9 0.4875 0.4148148148148148 0.008333333333333333 0.022222222222222223
9 0.48333333333333334 0.425 0.00625 0.020370370370370372
1 0.48333333333333334 0.4203703703703704 0.00625 0.018518518518518517
1 0.4869791666666667 0.4111111111111111 0.007291666666666667 0.018518518518518517
3 0.7625 0.5416666666666666 0.041666666666666664 0.05
3 0.7203125 0.5444444444444444 0.040625 0.05185185185185185
9 0.875 0.5675925925925925 0.027083333333333334 0.046296296296296294
9 0.8666666666666667 0.562037037037037 0.027083333333333334 0.046296296296296294
9 0.84375 0.5712962962962963 0.022916666666666665 0.03888888888888889
0 0.6338541666666667 0.6555555555555556 0.011458333333333333 0.06296296296296296
0 0.6244791666666667 0.6546296296296297 0.011458333333333333 0.06111111111111111
0 0.603125 0.6314814814814815 0.0125 0.06296296296296296
1 0.6666666666666666 0.5907407407407408 0.010416666666666666 0.040740740740740744
9 0.6802083333333333 0.575925925925926 0.016666666666666666 0.040740740740740744
9 0.6213541666666667 0.4981481481481482 0.019791666666666666 0.022222222222222223
9 0.5598958333333334 0.49722222222222223 0.015625 0.016666666666666666
6 0.5526041666666667 0.4824074074074074 0.03854166666666667 0.027777777777777776
0 0.578125 0.46574074074074073 0.00625 0.027777777777777776
0 0.5458333333333333 0.45740740740740743 0.008333333333333333 0.03333333333333333
5 0.6052083333333333 0.42685185185185187 0.0625 0.06111111111111111
6 0.6239583333333333 0.45185185185185184 0.029166666666666667 0.03333333333333333