3 0.4308823529411765 0.8281045751633986 0.061764705882352944 0.18169934640522875
3 0.10404411764705883 0.2633986928104575 0.07720588235294118 0.048366013071895426
3 0.12169117647058823 0.2169934640522876 0.07426470588235294 0.054901960784313725
3 0.15257352941176472 0.1784313725490196 0.0625 0.043137254901960784
3 0.5036764705882353 0.24509803921568626 0.029411764705882353 0.0457516339869281
3 0.2213235294117647 0.07516339869281045 0.025 0.03529411764705882
3 0.9466911764705882 0.5398692810457516 0.09191176470588236 0.10457516339869281
3 0.7470588235294118 0.2169934640522876 0.03676470588235294 0.044444444444444446
3 0.6900735294117647 0.09869281045751634 0.028676470588235293 0.040522875816993466
3 0.6647058823529411 0.06209150326797386 0.03235294117647059 0.043137254901960784
0 0.06654411764705882 0.17254901960784313 0.011029411764705883 0.03398692810457516
4 0.2036764705882353 0.11372549019607843 0.033823529411764704 0.047058823529411764
2 0.017279411764705883 0.8111111111111111 0.03308823529411765 0.08235294117647059
2 0.8731617647058824 0.47320261437908495 0.013970588235294118 0.04183006535947712
9 0.04191176470588235 0.9052287581699346 0.04264705882352941 0.06143790849673202
9 0.8555147058823529 0.8490196078431372 0.04485294117647059 0.06928104575163399
2 0.6764705882352942 0.6973856209150326 0.013235294117647059 0.05620915032679739
6 0.28198529411764706 0.9 0.03602941176470588 0.1450980392156863
6 0.9202205882352941 0.6522875816993464 0.05514705882352941 0.0915032679738562
6 0.8150735294117647 0.39019607843137255 0.028676470588235293 0.0718954248366013
5 0.7643382352941176 0.29411764705882354 0.04191176470588235 0.08104575163398693
1 0.013602941176470588 0.7895424836601307 0.019852941176470587 0.07058823529411765
1 0.04154411764705882 0.8686274509803922 0.013970588235294118 0.050980392156862744
1 0.051470588235294115 0.8568627450980392 0.008823529411764706 0.05620915032679739
1 0.2775735294117647 0.9052287581699346 0.01838235294117647 0.06928104575163399
1 0.8628676470588236 0.8235294117647058 0.013970588235294118 0.06535947712418301
1 0.6779411764705883 0.6692810457516339 0.008823529411764706 0.06013071895424837
1 0.5397058823529411 0.09738562091503268 0.007352941176470588 0.03790849673202614
1 0.7330882352941176 0.3895424836601307 0.008823529411764706 0.0392156862745098
0 0.9 0.7294117647058823 0.01764705882352941 0.06013071895424837
0 0.8823529411764706 0.6431372549019608 0.013235294117647059 0.06535947712418301
0 0.9816176470588235 0.7633986928104575 0.01764705882352941 0.06797385620915032
0 0.9727941176470588 0.6516339869281046 0.016176470588235296 0.058823529411764705
0 0.9566176470588236 0.6169934640522876 0.011764705882352941 0.06797385620915032
0 0.7636029411764705 0.5490196078431373 0.0125 0.04967320261437908
0 0.768014705882353 0.5666666666666667 0.008088235294117648 0.0457516339869281
0 0.7205882352941176 0.26601307189542484 0.0058823529411764705 0.050980392156862744
0 0.6941176470588235 0.24444444444444444 0.004411764705882353 0.036601307189542485
0 0.6908088235294118 0.42091503267973857 0.009558823529411765 0.04967320261437908
0 0.7080882352941177 0.38562091503267976 0.008823529411764706 0.044444444444444446
0 0.8069852941176471 0.39477124183006534 0.011029411764705883 0.054901960784313725
0 0.9180147058823529 0.665359477124183 0.013970588235294118 0.06274509803921569
0 0.9459558823529411 0.681045751633987 0.011029411764705883 0.07058823529411765
0 0.9827205882352941 0.5725490196078431 0.015441176470588236 0.054901960784313725
0 0.9367647058823529 0.5431372549019607 0.013235294117647059 0.06143790849673202
0 0.8466911764705882 0.761437908496732 0.01838235294117647 0.09542483660130718
0 0.8253676470588235 0.7686274509803922 0.015441176470588236 0.06797385620915032
9 0.8897058823529411 0.7483660130718954 0.01911764705882353 0.07450980392156863
5 0.8121323529411765 0.6928104575163399 0.09044117647058823 0.17254901960784313
6 0.7507352941176471 0.5849673202614379 0.060294117647058824 0.09803921568627451
6 0.7205882352941176 0.503921568627451 0.039705882352941174 0.07973856209150326
9 0.18786764705882353 0.3607843137254902 0.01838235294117647 0.047058823529411764
1 0.3422794117647059 0.026143790849673203 0.005147058823529412 0.02875816993464052
0 0.31323529411764706 0.07320261437908497 0.0058823529411764705 0.026143790849673203