3 0.5856617647058824 0.7594771241830065 0.05367647058823529 0.13333333333333333
3 0.45551470588235293 0.6764705882352942 0.04485294117647059 0.15555555555555556
3 0.5106617647058823 0.35294117647058826 0.03602941176470588 0.0784313725490196
6 0.5621323529411765 0.25620915032679736 0.019852941176470587 0.06013071895424837
3 0.5183823529411765 0.21830065359477124 0.025 0.04967320261437908
3 0.5731617647058823 0.1065359477124183 0.022794117647058822 0.03790849673202614
3 0.4158088235294118 0.08104575163398693 0.022794117647058822 0.04183006535947712
4 0.2889705882352941 0.15098039215686274 0.026470588235294117 0.06405228758169934
3 0.14522058823529413 0.550326797385621 0.06985294117647059 0.11241830065359477
4 0.8397058823529412 0.1287581699346405 0.06323529411764706 0.048366013071895426
3 0.8345588235294118 0.35751633986928105 0.08235294117647059 0.058823529411764705
3 0.76875 0.234640522875817 0.06838235294117648 0.043137254901960784
3 0.7577205882352941 0.18888888888888888 0.06397058823529411 0.0457516339869281
3 0.14816176470588235 0.1607843137254902 0.05220588235294118 0.0392156862745098
3 0.17573529411764705 0.10718954248366012 0.05588235294117647 0.0392156862745098
3 0.2202205882352941 0.05751633986928104 0.027205882352941177 0.036601307189542485
3 0.18786764705882353 0.06013071895424837 0.025735294117647058 0.0392156862745098
4 0.21507352941176472 0.02875816993464052 0.022794117647058822 0.0392156862745098
3 0.1713235294117647 0.00980392156862745 0.025 0.0196078431372549
4 0.9823529411764705 0.32679738562091504 0.03529411764705882 0.05751633986928104
6 0.85 0.8542483660130719 0.057352941176470586 0.1450980392156863
0 0.8650735294117647 0.8640522875816994 0.021323529411764706 0.07058823529411765
3 0.5544117647058824 0.029411764705882353 0.016176470588235296 0.03529411764705882
0 0.1900735294117647 0.029411764705882353 0.008088235294117648 0.030065359477124184
0 0.17683823529411766 0.02875816993464052 0.008088235294117648 0.03398692810457516
0 0.15441176470588236 0.03986928104575163 0.004411764705882353 0.027450980392156862
9 0.11029411764705882 0.07450980392156863 0.01764705882352941 0.023529411764705882
9 0.08088235294117647 0.10718954248366012 0.008823529411764706 0.04183006535947712
9 0.017279411764705883 0.18104575163398692 0.0125 0.03529411764705882
3 0.1363970588235294 0.03725490196078431 0.009558823529411765 0.022222222222222223
2 0.30919117647058825 0.18562091503267975 0.009558823529411765 0.026143790849673203
0 0.30808823529411766 0.17516339869281045 0.008823529411764706 0.03398692810457516
9 0.4176470588235294 0.1738562091503268 0.008823529411764706 0.02875816993464052
0 0.4176470588235294 0.1607843137254902 0.008823529411764706 0.03137254901960784
0 0.4022058823529412 0.09281045751633987 0.0058823529411764705 0.03137254901960784
0 0.3948529411764706 0.09215686274509804 0.0058823529411764705 0.03529411764705882
0 0.35625 0.05620915032679739 0.006617647058823529 0.023529411764705882
0 0.6794117647058824 0.14183006535947712 0.0058823529411764705 0.032679738562091505
0 0.6503676470588236 0.06470588235294118 0.005147058823529412 0.032679738562091505
0 0.8466911764705882 0.20326797385620915 0.008088235294117648 0.03529411764705882
0 0.7852941176470588 0.10326797385620914 0.0058823529411764705 0.03137254901960784
0 0.7786764705882353 0.10326797385620914 0.007352941176470588 0.02875816993464052
3 0.7613970588235294 0.08235294117647059 0.03161764705882353 0.04183006535947712
0 0.7606617647058823 0.05032679738562092 0.006617647058823529 0.027450980392156862
0 0.7591911764705882 0.041176470588235294 0.005147058823529412 0.032679738562091505
6 0.7764705882352941 0.05163398692810457 0.033823529411764704 0.03529411764705882