0 0.48802083333333335 0.4898148148148148 0.017708333333333333 0.11296296296296296
0 0.515625 0.5055555555555555 0.01875 0.1037037037037037
0 0.5572916666666666 0.5092592592592593 0.016666666666666666 0.1
0 0.5203125 0.4824074074074074 0.019791666666666666 0.11666666666666667
1 0.5546875 0.48518518518518516 0.011458333333333333 0.044444444444444446
0 0.51875 0.23148148148148148 0.00625 0.037037037037037035
0 0.5239583333333333 0.23148148148148148 0.00625 0.03333333333333333
0 0.6067708333333334 0.21388888888888888 0.005208333333333333 0.03148148148148148
0 0.5317708333333333 0.18796296296296297 0.005208333333333333 0.027777777777777776
0 0.5927083333333333 0.2212962962962963 0.004166666666666667 0.027777777777777776
0 0.7385416666666667 0.20462962962962963 0.008333333333333333 0.03148148148148148
0 0.7348958333333333 0.20462962962962963 0.005208333333333333 0.03148148148148148
3 0.7567708333333333 0.1814814814814815 0.028125 0.022222222222222223
3 0.8088541666666667 0.1824074074074074 0.030208333333333334 0.020370370370370372
3 0.8328125 0.17962962962962964 0.028125 0.025925925925925925
3 0.8598958333333333 0.19444444444444445 0.03229166666666667 0.022222222222222223
3 0.8869791666666667 0.19537037037037036 0.034375 0.027777777777777776
3 0.909375 0.19537037037037036 0.029166666666666667 0.024074074074074074
3 0.9302083333333333 0.19537037037037036 0.035416666666666666 0.024074074074074074
3 0.9567708333333333 0.19537037037037036 0.03854166666666667 0.027777777777777776
3 0.9734375 0.19444444444444445 0.030208333333333334 0.022222222222222223
3 0.9885416666666667 0.19166666666666668 0.022916666666666665 0.024074074074074074
3 0.9880208333333333 0.17592592592592593 0.023958333333333335 0.022222222222222223
3 0.9729166666666667 0.17777777777777778 0.029166666666666667 0.018518518518518517
3 0.9359375 0.1675925925925926 0.026041666666666668 0.016666666666666666
3 0.9317708333333333 0.1787037037037037 0.028125 0.020370370370370372
3 0.909375 0.17777777777777778 0.027083333333333334 0.018518518518518517
3 0.8942708333333333 0.17592592592592593 0.021875 0.014814814814814815
3 0.8651041666666667 0.1814814814814815 0.03854166666666667 0.025925925925925925
3 0.8098958333333334 0.16944444444444445 0.028125 0.016666666666666666
3 0.7796875 0.17962962962962964 0.03229166666666667 0.025925925925925925
3 0.865625 0.1712962962962963 0.01875 0.016666666666666666