3 0.47904411764705884 0.9568627450980393 0.04632352941176471 0.08627450980392157
0 0.5856617647058824 0.8392156862745098 0.011029411764705883 0.054901960784313725
2 0.5860294117647059 0.8450980392156863 0.011764705882352941 0.05359477124183006
3 0.7058823529411765 0.8673202614379085 0.045588235294117645 0.10588235294117647
3 0.7356617647058824 0.7797385620915033 0.0625 0.10065359477124183
3 0.7849264705882353 0.7679738562091504 0.05808823529411765 0.08235294117647059
9 0.85 0.7411764705882353 0.027941176470588237 0.03398692810457516
3 0.9290441176470589 0.777124183006536 0.06544117647058824 0.09019607843137255
9 0.9643382352941177 0.6941176470588235 0.02426470588235294 0.03137254901960784
0 0.9345588235294118 0.6588235294117647 0.010294117647058823 0.047058823529411764
0 0.8904411764705882 0.6071895424836601 0.014705882352941176 0.030065359477124184
0 0.8558823529411764 0.5601307189542484 0.010294117647058823 0.040522875816993466
2 0.8827205882352941 0.5660130718954248 0.016911764705882352 0.023529411764705882
2 0.8474264705882353 0.5091503267973856 0.006617647058823529 0.030065359477124184
3 0.8297794117647059 0.561437908496732 0.04338235294117647 0.06143790849673202
3 0.8025735294117647 0.5718954248366013 0.04926470588235294 0.05620915032679739
3 0.7705882352941177 0.5725490196078431 0.052941176470588235 0.06013071895424837
3 0.7088235294117647 0.5366013071895425 0.03529411764705882 0.06143790849673202
0 0.5904411764705882 0.8169934640522876 0.010294117647058823 0.04967320261437908
7 0.6106617647058824 0.8254901960784313 0.04485294117647059 0.07973856209150326
3 0.3926470588235294 0.7830065359477124 0.041176470588235294 0.10980392156862745
9 0.44227941176470587 0.6535947712418301 0.011029411764705883 0.04183006535947712
1 0.4430147058823529 0.6437908496732027 0.011029411764705883 0.03529411764705882
1 0.44227941176470587 0.6392156862745098 0.0125 0.03398692810457516
2 0.12794117647058822 0.9300653594771242 0.026470588235294117 0.03529411764705882
9 0.13933823529411765 0.8679738562091504 0.028676470588235293 0.04183006535947712
3 0.22389705882352942 0.8300653594771242 0.09044117647058823 0.07320261437908497
3 0.37683823529411764 0.6633986928104575 0.03455882352941177 0.08235294117647059
3 0.4051470588235294 0.5993464052287582 0.030882352941176472 0.0718954248366013
3 0.3522058823529412 0.5849673202614379 0.052941176470588235 0.048366013071895426
0 0.24632352941176472 0.5366013071895425 0.007352941176470588 0.03790849673202614
0 0.25588235294117645 0.5392156862745098 0.007352941176470588 0.032679738562091505
9 0.28125 0.43333333333333335 0.022794117647058822 0.02483660130718954
3 0.33125 0.33790849673202616 0.04191176470588235 0.032679738562091505
0 0.5654411764705882 0.5248366013071896 0.011764705882352941 0.03529411764705882
6 0.5547794117647059 0.5222222222222223 0.019852941176470587 0.032679738562091505
2 0.5 0.4398692810457516 0.008823529411764706 0.027450980392156862
2 0.538235294117647 0.4398692810457516 0.008823529411764706 0.02483660130718954
1 0.49963235294117647 0.4326797385620915 0.008088235294117648 0.026143790849673203
1 0.538235294117647 0.4300653594771242 0.008823529411764706 0.026143790849673203
3 0.45036764705882354 0.4071895424836601 0.021323529411764706 0.040522875816993466
3 0.41875 0.36993464052287583 0.019852941176470587 0.044444444444444446
4 0.46544117647058825 0.3483660130718954 0.01911764705882353 0.0457516339869281
0 0.5316176470588235 0.33725490196078434 0.007352941176470588 0.02875816993464052
3 0.7639705882352941 0.2856209150326797 0.030882352941176472 0.027450980392156862
3 0.7426470588235294 0.20392156862745098 0.027941176470588237 0.02091503267973856
3 0.7069852941176471 0.18627450980392157 0.019852941176470587 0.01699346405228758
5 0.5908088235294118 0.37450980392156863 0.03455882352941177 0.08496732026143791
2 0.43713235294117647 0.3150326797385621 0.005147058823529412 0.018300653594771243
1 0.43676470588235294 0.30980392156862746 0.004411764705882353 0.02091503267973856
3 0.41948529411764707 0.2856209150326797 0.015441176470588236 0.030065359477124184
3 0.4511029411764706 0.2875816993464052 0.016911764705882352 0.03398692810457516
0 0.5088235294117647 0.2568627450980392 0.0058823529411764705 0.022222222222222223
4 0.4386029411764706 0.22941176470588234 0.013970588235294118 0.032679738562091505
6 0.47610294117647056 0.2601307189542484 0.011029411764705883 0.023529411764705882
4 0.4985294117647059 0.23594771241830065 0.014705882352941176 0.027450980392156862
3 0.49375 0.22026143790849673 0.015441176470588236 0.022222222222222223
3 0.4661764705882353 0.2372549019607843 0.014705882352941176 0.022222222222222223
3 0.4610294117647059 0.21895424836601307 0.014705882352941176 0.022222222222222223
4 0.4547794117647059 0.1980392156862745 0.013970588235294118 0.02483660130718954
3 0.47904411764705884 0.1980392156862745 0.015441176470588236 0.0196078431372549
0 0.4922794117647059 0.2019607843137255 0.003676470588235294 0.01699346405228758
3 0.46948529411764706 0.17647058823529413 0.0125 0.02091503267973856
3 0.4441176470588235 0.18496732026143792 0.011764705882352941 0.0196078431372549
3 0.42169117647058824 0.1738562091503268 0.0125 0.02091503267973856
3 0.40625 0.18169934640522875 0.015441176470588236 0.023529411764705882
3 0.40661764705882353 0.1980392156862745 0.014705882352941176 0.02483660130718954
1 0.31875 0.3130718954248366 0.008088235294117648 0.02483660130718954
1 0.3224264705882353 0.3130718954248366 0.008088235294117648 0.022222222222222223
9 0.31875 0.3150326797385621 0.015441176470588236 0.02091503267973856
0 0.3316176470588235 0.2830065359477124 0.004411764705882353 0.027450980392156862
3 0.3863970588235294 0.2045751633986928 0.03455882352941177 0.0196078431372549
1 0.45441176470588235 0.1627450980392157 0.004411764705882353 0.01437908496732026
2 0.4547794117647059 0.165359477124183 0.006617647058823529 0.011764705882352941
3 0.47352941176470587 0.15816993464052287 0.013235294117647059 0.018300653594771243
3 0.46544117647058825 0.1450980392156863 0.016176470588235296 0.018300653594771243
4 0.37720588235294117 0.1784313725490196 0.016176470588235296 0.027450980392156862
3 0.3830882352941177 0.13398692810457516 0.011764705882352941 0.01699346405228758
0 0.38529411764705884 0.11568627450980393 0.004411764705882353 0.01437908496732026
0 0.38529411764705884 0.1065359477124183 0.004411764705882353 0.01437908496732026
4 0.36617647058823527 0.09738562091503268 0.008823529411764706 0.01699346405228758