3 0.03308823529411765 0.6581699346405229 0.0661764705882353 0.1084967320261438
0 0.08161764705882353 0.6836601307189543 0.03676470588235294 0.07320261437908497
3 0.19963235294117648 0.5843137254901961 0.05808823529411765 0.15947712418300652
3 0.3136029411764706 0.49869281045751634 0.06691176470588235 0.13986928104575164
2 0.4275735294117647 0.38235294117647056 0.03455882352941177 0.0457516339869281
2 0.47573529411764703 0.4915032679738562 0.057352941176470586 0.10196078431372549
3 0.600735294117647 0.46013071895424834 0.1 0.12549019607843137
2 0.5246323529411765 0.3261437908496732 0.03308823529411765 0.043137254901960784
2 0.6584558823529412 0.40065359477124185 0.013970588235294118 0.06143790849673202
6 0.6959558823529411 0.3954248366013072 0.05367647058823529 0.07973856209150326
9 0.69375 0.3202614379084967 0.021323529411764706 0.054901960784313725
3 0.8639705882352942 0.35947712418300654 0.08676470588235294 0.11764705882352941
3 0.9485294117647058 0.3784313725490196 0.10294117647058823 0.11633986928104575
3 0.9430147058823529 0.3026143790849673 0.0875 0.09281045751633987
3 0.5125 0.7549019607843137 0.13823529411764707 0.12679738562091503
2 0.08088235294117647 0.8647058823529412 0.060294117647058824 0.06928104575163399
1 0.07904411764705882 0.8673202614379085 0.028676470588235293 0.06405228758169934