0 0.11433823529411764 0.7679738562091504 0.01838235294117647 0.06928104575163399
1 0.4294117647058823 0.6875816993464052 0.01764705882352941 0.044444444444444446
1 0.42683823529411763 0.5954248366013072 0.0125 0.03529411764705882
1 0.6305147058823529 0.949673202614379 0.016911764705882352 0.0457516339869281
1 0.28455882352941175 0.5862745098039216 0.014705882352941176 0.032679738562091505
1 0.425 0.3836601307189543 0.008823529411764706 0.022222222222222223
1 0.4404411764705882 0.38235294117647056 0.010294117647058823 0.022222222222222223
1 0.3264705882352941 0.4241830065359477 0.007352941176470588 0.02483660130718954
1 0.3316176470588235 0.4261437908496732 0.007352941176470588 0.02091503267973856
9 0.4290441176470588 0.7058823529411765 0.015441176470588236 0.0392156862745098
9 0.4275735294117647 0.6130718954248366 0.013970588235294118 0.02875816993464052
9 0.4238970588235294 0.3993464052287582 0.006617647058823529 0.027450980392156862
9 0.4400735294117647 0.3941176470588235 0.009558823529411765 0.02483660130718954
9 0.6290441176470588 0.9830065359477124 0.015441176470588236 0.03398692810457516
9 0.2841911764705882 0.6019607843137255 0.015441176470588236 0.040522875816993466
3 0.7073529411764706 0.8320261437908497 0.06323529411764706 0.12679738562091503
3 0.6647058823529411 0.6647058823529411 0.045588235294117645 0.08235294117647059
3 0.6411764705882353 0.5607843137254902 0.041176470588235294 0.06535947712418301
3 0.611764705882353 0.477124183006536 0.03823529411764706 0.05228758169934641
3 0.6084558823529411 0.42745098039215684 0.03455882352941177 0.0392156862745098
3 0.4875 0.39869281045751637 0.027941176470588237 0.047058823529411764
3 0.48198529411764707 0.33790849673202616 0.02426470588235294 0.040522875816993466
3 0.49080882352941174 0.29215686274509806 0.021323529411764706 0.043137254901960784
3 0.525 0.29934640522875816 0.020588235294117647 0.036601307189542485
3 0.5617647058823529 0.34509803921568627 0.04264705882352941 0.036601307189542485
3 0.6077205882352941 0.3477124183006536 0.04485294117647059 0.036601307189542485
3 0.19595588235294117 0.5673202614379085 0.09044117647058823 0.04967320261437908
3 0.3338235294117647 0.5437908496732026 0.051470588235294115 0.07320261437908497
3 0.3040441176470588 0.6503267973856209 0.05073529411764706 0.06928104575163399
9 0.0849264705882353 0.6562091503267974 0.04632352941176471 0.05228758169934641
3 0.3613970588235294 0.7823529411764706 0.04485294117647059 0.12156862745098039
9 0.7775735294117647 0.9137254901960784 0.021323529411764706 0.08366013071895424
9 0.8665441176470589 0.7901960784313725 0.021323529411764706 0.05620915032679739
3 0.8279411764705882 0.7607843137254902 0.04852941176470588 0.0915032679738562
3 0.8922794117647059 0.9026143790849673 0.0875 0.13725490196078433
9 0.88125 0.7633986928104575 0.019852941176470587 0.054901960784313725
9 0.8981617647058824 0.7666666666666667 0.01838235294117647 0.06405228758169934
1 0.9393382352941176 0.7901960784313725 0.015441176470588236 0.05620915032679739
1 0.9580882352941177 0.796078431372549 0.013235294117647059 0.05751633986928104
1 0.9547794117647059 0.7758169934640523 0.011029411764705883 0.0457516339869281
9 0.9900735294117647 0.673202614379085 0.019852941176470587 0.044444444444444446
2 0.8595588235294118 0.7124183006535948 0.03823529411764706 0.036601307189542485
2 0.86875 0.726797385620915 0.0375 0.03398692810457516
2 0.8066176470588236 0.6758169934640523 0.04852941176470588 0.0915032679738562
3 0.7705882352941177 0.5895424836601307 0.045588235294117645 0.07320261437908497
3 0.7408088235294118 0.5235294117647059 0.03897058823529412 0.06405228758169934
3 0.7180147058823529 0.46143790849673205 0.03161764705882353 0.05751633986928104
3 0.6849264705882353 0.3738562091503268 0.03308823529411765 0.04183006535947712
3 0.8011029411764706 0.5222222222222223 0.04191176470588235 0.050980392156862744
4 0.7378676470588236 0.40065359477124185 0.05367647058823529 0.050980392156862744
3 0.8025735294117647 0.4300653594771242 0.04485294117647059 0.0784313725490196
3 0.7069852941176471 0.3483660130718954 0.05220588235294118 0.032679738562091505
3 0.6606617647058823 0.3300653594771242 0.022794117647058822 0.032679738562091505
3 0.6202205882352941 0.3235294117647059 0.021323529411764706 0.027450980392156862
9 0.6941176470588235 0.3196078431372549 0.016176470588235296 0.022222222222222223
2 0.7161764705882353 0.27712418300653596 0.01911764705882353 0.023529411764705882
9 0.3272058823529412 0.4398692810457516 0.014705882352941176 0.027450980392156862
3 0.3382352941176471 0.3718954248366013 0.030882352941176472 0.040522875816993466
3 0.3323529411764706 0.2549019607843137 0.039705882352941174 0.026143790849673203
3 0.36617647058823527 0.2875816993464052 0.023529411764705882 0.044444444444444446
1 0.4290441176470588 0.3111111111111111 0.008088235294117648 0.018300653594771243
6 0.43014705882352944 0.32222222222222224 0.013235294117647059 0.01699346405228758
3 0.3356617647058823 0.23006535947712417 0.03602941176470588 0.02875816993464052
3 0.31948529411764703 0.21437908496732025 0.028676470588235293 0.023529411764705882
1 0.3886029411764706 0.22091503267973855 0.006617647058823529 0.018300653594771243
9 0.3897058823529412 0.22679738562091503 0.013235294117647059 0.01699346405228758
0 0.4827205882352941 0.19869281045751633 0.005147058823529412 0.023529411764705882
0 0.4875 0.1980392156862745 0.004411764705882353 0.022222222222222223
7 0.37058823529411766 0.19869281045751633 0.026470588235294117 0.03137254901960784
0 0.3474264705882353 0.2045751633986928 0.005147058823529412 0.01699346405228758
6 0.33897058823529413 0.2045751633986928 0.01764705882352941 0.01699346405228758
0 0.3422794117647059 0.19738562091503267 0.003676470588235294 0.01568627450980392
3 0.40808823529411764 0.16993464052287582 0.013235294117647059 0.018300653594771243
3 0.5066176470588235 0.12091503267973856 0.008823529411764706 0.01437908496732026
3 0.5003676470588235 0.08954248366013072 0.008088235294117648 0.01437908496732026
3 0.5058823529411764 0.08235294117647059 0.007352941176470588 0.01045751633986928
3 0.5014705882352941 0.06928104575163399 0.007352941176470588 0.01045751633986928
3 0.5386029411764706 0.13725490196078433 0.0125 0.023529411764705882
3 0.42463235294117646 0.12222222222222222 0.008088235294117648 0.01437908496732026
3 0.42683823529411763 0.11633986928104575 0.008088235294117648 0.01045751633986928
3 0.4338235294117647 0.1 0.008823529411764706 0.011764705882352941
3 0.5279411764705882 0.09607843137254903 0.008823529411764706 0.01437908496732026
3 0.5227941176470589 0.08235294117647059 0.007352941176470588 0.013071895424836602
3 0.5330882352941176 0.12287581699346405 0.011764705882352941 0.013071895424836602
3 0.5338235294117647 0.11241830065359477 0.010294117647058823 0.013071895424836602
3 0.6099264705882353 0.2281045751633987 0.0375 0.02483660130718954
0 0.5617647058823529 0.2045751633986928 0.0058823529411764705 0.022222222222222223
0 0.6213235294117647 0.21372549019607842 0.004411764705882353 0.022222222222222223
0 0.6058823529411764 0.21372549019607842 0.0029411764705882353 0.01699346405228758
0 0.60625 0.20718954248366014 0.003676470588235294 0.01699346405228758
1 0.5334558823529412 0.15751633986928104 0.003676470588235294 0.011764705882352941
1 0.5235294117647059 0.1437908496732026 0.004411764705882353 0.00784313725490196
9 0.5327205882352941 0.16339869281045752 0.003676470588235294 0.013071895424836602
9 0.524264705882353 0.14967320261437908 0.0058823529411764705 0.011764705882352941
1 0.5246323529411765 0.13725490196078433 0.003676470588235294 0.01045751633986928
9 0.5246323529411765 0.14183006535947712 0.006617647058823529 0.006535947712418301
1 0.5154411764705882 0.08562091503267974 0.0029411764705882353 0.006535947712418301
9 0.5158088235294118 0.09084967320261438 0.003676470588235294 0.009150326797385621
0 0.7198529411764706 0.3104575163398693 0.0058823529411764705 0.027450980392156862
0 0.7334558823529411 0.3209150326797386 0.005147058823529412 0.027450980392156862
0 0.725735294117647 0.31437908496732025 0.0058823529411764705 0.027450980392156862
1 0.8172794117647059 0.3784313725490196 0.011029411764705883 0.022222222222222223
1 0.7272058823529411 0.3084967320261438 0.0058823529411764705 0.01568627450980392
3 0.6360294117647058 0.28104575163398693 0.026470588235294117 0.03137254901960784