3 0.2540441176470588 0.9241830065359478 0.07867647058823529 0.15163398692810456
4 0.27794117647058825 0.6549019607843137 0.05 0.15163398692810456
0 0.25 0.6019607843137255 0.014705882352941176 0.07712418300653595
0 0.23088235294117648 0.5901960784313726 0.013235294117647059 0.06928104575163399
3 0.5125 0.9274509803921569 0.061764705882352944 0.1450980392156863
0 0.45036764705882354 0.7758169934640523 0.013970588235294118 0.06143790849673202
0 0.4547794117647059 0.7915032679738562 0.008088235294117648 0.043137254901960784
5 0.39889705882352944 0.803921568627451 0.07720588235294118 0.3058823529411765
5 0.39595588235294116 0.3627450980392157 0.04632352941176471 0.12679738562091503
3 0.5702205882352941 0.5431372549019607 0.04191176470588235 0.10326797385620914
3 0.5595588235294118 0.4150326797385621 0.03823529411764706 0.08235294117647059
0 0.2827205882352941 0.49084967320261436 0.011029411764705883 0.05620915032679739
0 0.2772058823529412 0.5248366013071896 0.011764705882352941 0.05620915032679739
0 0.28198529411764706 0.5169934640522876 0.006617647058823529 0.03790849673202614
0 0.27095588235294116 0.5444444444444444 0.0125 0.0457516339869281
3 0.9852941176470589 0.31437908496732025 0.029411764705882353 0.0718954248366013
2 0.6919117647058823 0.6084967320261437 0.016176470588235296 0.06666666666666667
6 0.8742647058823529 0.37712418300653594 0.020588235294117647 0.050980392156862744
1 0.8779411764705882 0.37058823529411766 0.010294117647058823 0.0457516339869281
4 0.8393382352941177 0.18823529411764706 0.04926470588235294 0.06013071895424837
3 0.9882352941176471 0.11437908496732026 0.023529411764705882 0.03790849673202614
3 0.9772058823529411 0.13333333333333333 0.045588235294117645 0.04967320261437908
3 0.9386029411764706 0.13398692810457516 0.04338235294117647 0.043137254901960784
3 0.9058823529411765 0.13333333333333333 0.033823529411764704 0.04183006535947712
3 0.8716911764705882 0.13137254901960785 0.04044117647058824 0.048366013071895426
9 0.8672794117647059 0.1588235294117647 0.009558823529411765 0.030065359477124184
0 0.2551470588235294 0.4830065359477124 0.013235294117647059 0.05620915032679739
0 0.08419117647058824 0.027450980392156862 0.009558823529411765 0.036601307189542485
2 0.6400735294117647 0.49411764705882355 0.03161764705882353 0.02875816993464052
2 0.6389705882352941 0.47908496732026146 0.023529411764705882 0.032679738562091505
0 0.6426470588235295 0.4934640522875817 0.010294117647058823 0.05359477124183006
0 0.6485294117647059 0.4235294117647059 0.011764705882352941 0.054901960784313725
0 0.6330882352941176 0.43790849673202614 0.010294117647058823 0.054901960784313725
0 0.6172794117647059 0.38823529411764707 0.0125 0.054901960784313725
0 0.6283088235294118 0.42549019607843136 0.009558823529411765 0.05359477124183006
0 0.6613970588235294 0.4673202614379085 0.015441176470588236 0.048366013071895426
3 0.5455882352941176 0.30980392156862746 0.033823529411764704 0.0784313725490196
3 0.4672794117647059 0.23006535947712417 0.028676470588235293 0.05751633986928104
3 0.41323529411764703 0.2019607843137255 0.029411764705882353 0.0718954248366013
3 0.36066176470588235 0.12091503267973856 0.03602941176470588 0.05359477124183006
3 0.4022058823529412 0.10392156862745099 0.023529411764705882 0.050980392156862744
3 0.4727941176470588 0.09019607843137255 0.022058823529411766 0.0392156862745098
3 0.4647058823529412 0.044444444444444446 0.022058823529411766 0.036601307189542485
3 0.5084558823529411 0.09084967320261438 0.02426470588235294 0.0457516339869281
3 0.5128676470588235 0.05032679738562092 0.021323529411764706 0.03529411764705882
9 0.44448529411764703 0.009150326797385621 0.006617647058823529 0.018300653594771243
1 0.44448529411764703 0.00522875816993464 0.006617647058823529 0.01045751633986928
3 0.4661764705882353 0.015032679738562092 0.020588235294117647 0.030065359477124184
4 0.4661764705882353 0.15816993464052287 0.025 0.06013071895424837
4 0.5014705882352941 0.20130718954248367 0.025 0.06797385620915032
7 0.4470588235294118 0.0915032679738562 0.01764705882352941 0.04183006535947712
3 0.5279411764705882 0.13071895424836602 0.025 0.047058823529411764
3 0.5330882352941176 0.2411764705882353 0.027941176470588237 0.058823529411764705
5 0.506985294117647 0.013725490196078431 0.027205882352941177 0.027450980392156862