3 0.40294117647058825 0.7712418300653595 0.07205882352941176 0.12549019607843137
3 0.3341911764705882 0.6444444444444445 0.0625 0.10196078431372549
0 0.4470588235294118 0.5882352941176471 0.011764705882352941 0.04967320261437908
3 0.25477941176470587 0.515032679738562 0.05367647058823529 0.0915032679738562
6 0.23676470588235293 0.6065359477124183 0.04264705882352941 0.07058823529411765
3 0.2125 0.43071895424836604 0.05 0.09281045751633987
3 0.1801470588235294 0.36470588235294116 0.04264705882352941 0.07320261437908497
3 0.10845588235294118 0.8137254901960784 0.05220588235294118 0.11895424836601307
3 0.05588235294117647 0.7352941176470589 0.054411764705882354 0.11372549019607843
0 0.008455882352941176 0.37058823529411766 0.015441176470588236 0.048366013071895426
3 0.04448529411764706 0.13071895424836602 0.03602941176470588 0.04967320261437908
9 0.11213235294117647 0.9581699346405229 0.022794117647058822 0.0784313725490196
4 0.9136029411764706 0.4718954248366013 0.05514705882352941 0.0784313725490196
4 0.9746323529411764 0.4444444444444444 0.04632352941176471 0.08888888888888889
4 0.9503676470588235 0.4019607843137255 0.05220588235294118 0.08758169934640522
0 0.9588235294117647 0.7797385620915033 0.01911764705882353 0.058823529411764705
9 0.8316176470588236 0.8607843137254902 0.020588235294117647 0.058823529411764705
1 0.8334558823529412 0.8450980392156863 0.01838235294117647 0.048366013071895426
9 0.8959558823529412 0.6202614379084967 0.022794117647058822 0.03529411764705882
1 0.8996323529411765 0.611764705882353 0.013970588235294118 0.0392156862745098
4 0.6977941176470588 0.5928104575163399 0.075 0.08758169934640522
3 0.43419117647058825 0.3006535947712418 0.04632352941176471 0.054901960784313725
3 0.5345588235294118 0.19019607843137254 0.04411764705882353 0.032679738562091505
3 0.6459558823529412 0.18235294117647058 0.03308823529411765 0.0457516339869281
3 0.6261029411764706 0.17124183006535948 0.03602941176470588 0.0392156862745098
3 0.6051470588235294 0.15555555555555556 0.047058823529411764 0.044444444444444446
3 0.5143382352941176 0.17124183006535948 0.04338235294117647 0.04183006535947712
3 0.5886029411764706 0.1411764705882353 0.0375 0.0392156862745098
3 0.5823529411764706 0.12352941176470589 0.03676470588235294 0.03790849673202614
3 0.5441176470588235 0.10784313725490197 0.03676470588235294 0.040522875816993466
3 0.38419117647058826 0.1588235294117647 0.04191176470588235 0.040522875816993466
0 0.35808823529411765 0.1627450980392157 0.011764705882352941 0.032679738562091505
5 0.35808823529411765 0.11699346405228758 0.047058823529411764 0.0457516339869281
3 0.4400735294117647 0.11764705882352941 0.04632352941176471 0.03398692810457516
3 0.4875 0.05947712418300653 0.03823529411764706 0.03529411764705882
3 0.4808823529411765 0.09411764705882353 0.03823529411764706 0.03137254901960784
3 0.5169117647058824 0.07973856209150326 0.03235294117647059 0.03398692810457516
0 0.3224264705882353 0.17777777777777778 0.011029411764705883 0.036601307189542485
0 0.31838235294117645 0.16143790849673204 0.008823529411764706 0.043137254901960784
0 0.3297794117647059 0.16339869281045752 0.0125 0.04967320261437908
6 0.2863970588235294 0.1130718954248366 0.022794117647058822 0.040522875816993466
0 0.2636029411764706 0.10915032679738562 0.011029411764705883 0.032679738562091505
3 0.38566176470588237 0.07647058823529412 0.03897058823529412 0.043137254901960784
5 0.33639705882352944 0.03790849673202614 0.04485294117647059 0.05228758169934641
3 0.4158088235294118 0.013725490196078431 0.028676470588235293 0.027450980392156862