3 0.9088235294117647 0.9633986928104575 0.15 0.07320261437908497
3 0.8720588235294118 0.8954248366013072 0.13970588235294118 0.09934640522875816
1 0.5632352941176471 0.7470588235294118 0.016176470588235296 0.0457516339869281
9 0.5617647058823529 0.765359477124183 0.01764705882352941 0.06666666666666667
3 0.3518382352941177 0.7601307189542483 0.07720588235294118 0.1450980392156863
7 0.3371323529411765 0.6673202614379085 0.05955882352941176 0.06143790849673202
7 0.3426470588235294 0.6359477124183006 0.0661764705882353 0.06666666666666667
9 0.1625 0.7993464052287582 0.060294117647058824 0.05620915032679739
3 0.3588235294117647 0.5856209150326798 0.09705882352941177 0.07320261437908497
9 0.2584558823529412 0.47516339869281043 0.03308823529411765 0.03790849673202614
4 0.3650735294117647 0.49673202614379086 0.07426470588235294 0.09411764705882353
0 0.2878676470588235 0.45359477124183006 0.013970588235294118 0.05228758169934641
0 0.3161764705882353 0.4437908496732026 0.013235294117647059 0.050980392156862744
9 0.2963235294117647 0.3869281045751634 0.029411764705882353 0.03398692810457516
3 0.36323529411764705 0.35294117647058826 0.07058823529411765 0.06535947712418301
3 0.3966911764705882 0.2973856209150327 0.025735294117647058 0.058823529411764705
9 0.7216911764705882 0.4934640522875817 0.0375 0.040522875816993466
9 0.7231617647058823 0.46797385620915033 0.01838235294117647 0.036601307189542485
0 0.6922794117647059 0.4326797385620915 0.006617647058823529 0.04183006535947712
0 0.6900735294117647 0.4169934640522876 0.009558823529411765 0.0392156862745098
9 0.6926470588235294 0.4235294117647059 0.020588235294117647 0.0392156862745098
6 0.6790441176470589 0.4418300653594771 0.028676470588235293 0.07581699346405228
0 0.6297794117647059 0.39215686274509803 0.011029411764705883 0.04967320261437908
0 0.6205882352941177 0.3908496732026144 0.010294117647058823 0.044444444444444446
0 0.5963235294117647 0.3405228758169935 0.008823529411764706 0.043137254901960784
9 0.6702205882352941 0.33202614379084966 0.02426470588235294 0.02875816993464052
0 0.6647058823529411 0.3209150326797386 0.008823529411764706 0.03790849673202614
0 0.6566176470588235 0.3215686274509804 0.007352941176470588 0.0392156862745098
9 0.6643382352941176 0.2908496732026144 0.021323529411764706 0.022222222222222223
9 0.6628676470588235 0.28104575163398693 0.019852941176470587 0.023529411764705882
9 0.6216911764705882 0.2 0.016911764705882352 0.023529411764705882
9 0.6128676470588236 0.14052287581699346 0.0125 0.022222222222222223
2 0.6194852941176471 0.1607843137254902 0.015441176470588236 0.018300653594771243
3 0.575 0.22418300653594772 0.027941176470588237 0.040522875816993466
3 0.5665441176470588 0.14836601307189543 0.021323529411764706 0.03790849673202614
3 0.36801470588235297 0.14183006535947712 0.016911764705882352 0.032679738562091505
3 0.3922794117647059 0.13856209150326798 0.01838235294117647 0.03398692810457516
0 0.39705882352941174 0.16732026143790849 0.0058823529411764705 0.03137254901960784
3 0.4158088235294118 0.14836601307189543 0.019852941176470587 0.032679738562091505
3 0.5463235294117647 0.1130718954248366 0.016176470588235296 0.032679738562091505
3 0.5496323529411765 0.09019607843137255 0.016911764705882352 0.03137254901960784
0 0.5305147058823529 0.10718954248366012 0.008088235294117648 0.02875816993464052
0 0.5819852941176471 0.07777777777777778 0.006617647058823529 0.02483660130718954
3 0.5669117647058823 0.040522875816993466 0.014705882352941176 0.023529411764705882
3 0.5547794117647059 0.0196078431372549 0.013970588235294118 0.02091503267973856
0 0.5566176470588236 0.006535947712418301 0.0029411764705882353 0.013071895424836602
0 0.5496323529411765 0.00849673202614379 0.003676470588235294 0.01699346405228758
3 0.5415441176470588 0.03333333333333333 0.0125 0.022222222222222223
3 0.5036764705882353 0.01699346405228758 0.013235294117647059 0.02091503267973856
3 0.43529411764705883 0.07973856209150326 0.03823529411764706 0.02875816993464052
3 0.3941176470588235 0.08954248366013072 0.03529411764705882 0.030065359477124184
2 0.37977941176470587 0.11045751633986928 0.008088235294117648 0.022222222222222223
7 0.37316176470588236 0.09477124183006536 0.011029411764705883 0.032679738562091505
4 0.4411764705882353 0.044444444444444446 0.025 0.02875816993464052
5 0.44227941176470587 0.01568627450980392 0.028676470588235293 0.026143790849673203
3 0.45 0.00849673202614379 0.023529411764705882 0.01699346405228758
0 0.46838235294117647 0.006535947712418301 0.004411764705882353 0.013071895424836602
1 0.4860294117647059 0.00718954248366013 0.004411764705882353 0.01437908496732026
2 0.4860294117647059 0.01437908496732026 0.0029411764705882353 0.013071895424836602