0 0.028308823529411765 0.08104575163398693 0.0125 0.04183006535947712
0 0.03676470588235294 0.07712418300653595 0.013235294117647059 0.04967320261437908
1 0.0661764705882353 0.06209150326797386 0.016176470588235296 0.040522875816993466
2 0.06507352941176471 0.0738562091503268 0.030147058823529412 0.030065359477124184
0 0.008088235294117648 0.48627450980392156 0.016176470588235296 0.06797385620915032
3 0.1463235294117647 0.39019607843137255 0.08235294117647059 0.11372549019607843
0 0.1349264705882353 0.027450980392156862 0.009558823529411765 0.03398692810457516
0 0.15036764705882352 0.03137254901960784 0.011029411764705883 0.0392156862745098
1 0.22683823529411765 0.018300653594771243 0.008088235294117648 0.02875816993464052
9 0.2275735294117647 0.027450980392156862 0.019852941176470587 0.02875816993464052
1 0.24191176470588235 0.013071895424836602 0.007352941176470588 0.023529411764705882
2 0.24191176470588235 0.020261437908496733 0.014705882352941176 0.0196078431372549
3 0.15514705882352942 0.10261437908496732 0.07058823529411765 0.050980392156862744
4 0.2088235294117647 0.06274509803921569 0.058823529411764705 0.06013071895424837
0 0.13198529411764706 0.14052287581699346 0.013970588235294118 0.05359477124183006
0 0.17352941176470588 0.17124183006535948 0.014705882352941176 0.04967320261437908
0 0.16176470588235295 0.165359477124183 0.010294117647058823 0.048366013071895426
0 0.15625 0.17450980392156862 0.008088235294117648 0.03790849673202614
0 0.15404411764705883 0.16862745098039217 0.008088235294117648 0.03398692810457516
0 0.18786764705882353 0.23398692810457516 0.011029411764705883 0.047058823529411764
0 0.19779411764705881 0.22875816993464052 0.013235294117647059 0.05751633986928104
0 0.2621323529411765 0.21241830065359477 0.015441176470588236 0.05620915032679739
0 0.25882352941176473 0.23006535947712417 0.007352941176470588 0.04183006535947712
2 0.22904411764705881 0.3333333333333333 0.01838235294117647 0.047058823529411764
0 0.23713235294117646 0.2954248366013072 0.0125 0.05228758169934641
0 0.24448529411764705 0.3111111111111111 0.013970588235294118 0.05228758169934641
0 0.2529411764705882 0.2869281045751634 0.011764705882352941 0.05620915032679739
0 0.26433823529411765 0.3137254901960784 0.0125 0.06013071895424837
0 0.2599264705882353 0.2679738562091503 0.011029411764705883 0.06013071895424837
9 0.25441176470588234 0.2673202614379085 0.026470588235294117 0.03790849673202614
0 0.27095588235294116 0.265359477124183 0.011029411764705883 0.04967320261437908
0 0.2731617647058823 0.2973856209150327 0.0125 0.058823529411764705
0 0.2801470588235294 0.29215686274509806 0.010294117647058823 0.05620915032679739
0 0.28051470588235294 0.2738562091503268 0.008088235294117648 0.048366013071895426
0 0.33455882352941174 0.19281045751633988 0.008823529411764706 0.050980392156862744
0 0.3360294117647059 0.2542483660130719 0.007352941176470588 0.040522875816993466
0 0.3466911764705882 0.27712418300653596 0.015441176470588236 0.06013071895424837
0 0.3488970588235294 0.25555555555555554 0.009558823529411765 0.0457516339869281
0 0.3448529411764706 0.2372549019607843 0.013235294117647059 0.050980392156862744
0 0.3492647058823529 0.20065359477124184 0.008823529411764706 0.0457516339869281
0 0.3533088235294118 0.18496732026143792 0.008088235294117648 0.043137254901960784
0 0.3577205882352941 0.2150326797385621 0.009558823529411765 0.050980392156862744
0 0.3610294117647059 0.1895424836601307 0.008823529411764706 0.04183006535947712
0 0.36433823529411763 0.2084967320261438 0.006617647058823529 0.043137254901960784
0 0.36580882352941174 0.1954248366013072 0.006617647058823529 0.03790849673202614
0 0.37058823529411766 0.1895424836601307 0.008823529411764706 0.04967320261437908
0 0.41102941176470587 0.18888888888888888 0.011764705882352941 0.05359477124183006
2 0.21985294117647058 0.3535947712418301 0.016176470588235296 0.05620915032679739
2 0.2088235294117647 0.40980392156862744 0.023529411764705882 0.058823529411764705
6 0.21544117647058825 0.477124183006536 0.061764705882352944 0.10980392156862745
1 0.24375 0.39215686274509803 0.015441176470588236 0.0392156862745098
0 0.3191176470588235 0.4241830065359477 0.01911764705882353 0.07450980392156863
0 0.3327205882352941 0.4222222222222222 0.015441176470588236 0.05751633986928104
1 0.29007352941176473 0.5241830065359477 0.01838235294117647 0.04967320261437908
1 0.3058823529411765 0.5071895424836601 0.010294117647058823 0.02875816993464052
1 0.3165441176470588 0.5111111111111111 0.019852941176470587 0.044444444444444446
0 0.3209558823529412 0.5261437908496732 0.0125 0.03790849673202614
9 0.3014705882352941 0.681045751633987 0.060294117647058824 0.06535947712418301
0 0.39191176470588235 0.6483660130718955 0.020588235294117647 0.08104575163398693
0 0.40404411764705883 0.6287581699346405 0.015441176470588236 0.07581699346405228
0 0.40955882352941175 0.6679738562091503 0.01764705882352941 0.07320261437908497
1 0.41102941176470587 0.6418300653594772 0.008823529411764706 0.03137254901960784
0 0.44191176470588234 0.2522875816993464 0.010294117647058823 0.054901960784313725
0 0.4525735294117647 0.2411764705882353 0.011029411764705883 0.058823529411764705
0 0.44926470588235295 0.2869281045751634 0.010294117647058823 0.06143790849673202
0 0.42720588235294116 0.29215686274509806 0.011764705882352941 0.05359477124183006
1 0.4308823529411765 0.2875816993464052 0.010294117647058823 0.03137254901960784
0 0.3577205882352941 0.4084967320261438 0.013970588235294118 0.06666666666666667
0 0.37169117647058825 0.403921568627451 0.015441176470588236 0.06274509803921569
0 0.4411764705882353 0.5274509803921569 0.014705882352941176 0.07973856209150326
0 0.44448529411764703 0.41045751633986927 0.015441176470588236 0.04967320261437908
0 0.43308823529411766 0.4215686274509804 0.010294117647058823 0.058823529411764705
0 0.43713235294117647 0.43856209150326797 0.0125 0.058823529411764705
0 0.4536764705882353 0.43856209150326797 0.013235294117647059 0.05359477124183006
0 0.46691176470588236 0.4973856209150327 0.011764705882352941 0.05620915032679739
0 0.48676470588235293 0.5666666666666667 0.013235294117647059 0.06143790849673202
0 0.48455882352941176 0.5176470588235295 0.014705882352941176 0.07058823529411765
1 0.40588235294117647 0.8372549019607843 0.027941176470588237 0.09019607843137255
2 0.4073529411764706 0.8490196078431372 0.04411764705882353 0.0718954248366013
0 0.5297794117647059 0.5006535947712418 0.01838235294117647 0.07320261437908497
0 0.5691176470588235 0.3235294117647059 0.011764705882352941 0.06143790849673202
0 0.5801470588235295 0.3254901960784314 0.013235294117647059 0.06013071895424837
6 0.575735294117647 0.31633986928104574 0.05 0.07320261437908497
0 0.5797794117647059 0.3633986928104575 0.0125 0.05751633986928104
0 0.5713235294117647 0.37516339869281046 0.008823529411764706 0.05228758169934641
0 0.5930147058823529 0.40784313725490196 0.016911764705882352 0.06274509803921569
0 0.6091911764705882 0.4928104575163399 0.011029411764705883 0.04183006535947712
0 0.6452205882352942 0.4764705882352941 0.013970588235294118 0.06405228758169934
0 0.6463235294117647 0.4915032679738562 0.013235294117647059 0.06797385620915032
0 0.6411764705882353 0.369281045751634 0.013235294117647059 0.048366013071895426
0 0.6511029411764706 0.3633986928104575 0.015441176470588236 0.06535947712418301
0 0.643014705882353 0.4117647058823529 0.013970588235294118 0.06797385620915032
0 0.6768382352941177 0.36013071895424836 0.0125 0.06143790849673202
0 0.6643382352941176 0.4084967320261438 0.0125 0.06666666666666667
0 0.669485294117647 0.4013071895424837 0.009558823529411765 0.0392156862745098
0 0.6786764705882353 0.39869281045751637 0.014705882352941176 0.06274509803921569
2 0.6665441176470588 0.42745098039215684 0.013970588235294118 0.044444444444444446
0 0.6871323529411765 0.5084967320261438 0.016911764705882352 0.08627450980392157
0 0.7224264705882353 0.3333333333333333 0.016911764705882352 0.06274509803921569
0 0.7147058823529412 0.46862745098039216 0.016176470588235296 0.0718954248366013
0 0.7253676470588235 0.45751633986928103 0.011029411764705883 0.03137254901960784
0 0.7275735294117647 0.4738562091503268 0.016911764705882352 0.06928104575163399
0 0.7338235294117647 0.46078431372549017 0.020588235294117647 0.06928104575163399
0 0.7481617647058824 0.4320261437908497 0.016911764705882352 0.03790849673202614
0 0.7544117647058823 0.45816993464052286 0.01764705882352941 0.07712418300653595
0 0.7705882352941177 0.44575163398692813 0.01764705882352941 0.07058823529411765
1 0.7757352941176471 0.42483660130718953 0.008823529411764706 0.03398692810457516
0 0.79375 0.4562091503267974 0.01838235294117647 0.047058823529411764
0 0.8113970588235294 0.45816993464052286 0.022794117647058822 0.06666666666666667
0 0.8220588235294117 0.46339869281045754 0.022058823529411766 0.06405228758169934
0 0.8128676470588235 0.5058823529411764 0.01838235294117647 0.06797385620915032
0 0.8319852941176471 0.49673202614379086 0.015441176470588236 0.036601307189542485
0 0.8602941176470589 0.5019607843137255 0.020588235294117647 0.07320261437908497
0 0.6992647058823529 0.8045751633986928 0.023529411764705882 0.08496732026143791
0 0.7165441176470588 0.7810457516339869 0.021323529411764706 0.08758169934640522
1 0.9511029411764705 0.615686274509804 0.027205882352941177 0.06797385620915032
4 0.5341911764705882 0.1287581699346405 0.05808823529411765 0.06405228758169934
3 0.5952205882352941 0.09738562091503268 0.05955882352941176 0.048366013071895426
3 0.6514705882352941 0.08235294117647059 0.041176470588235294 0.04967320261437908
3 0.6886029411764706 0.06797385620915032 0.03602941176470588 0.044444444444444446
3 0.7194852941176471 0.05228758169934641 0.04632352941176471 0.044444444444444446
3 0.7735294117647059 0.03398692810457516 0.04264705882352941 0.0392156862745098
3 0.34154411764705883 0.02091503267973856 0.05661764705882353 0.0392156862745098