1 0.9911764705882353 0.7320261437908496 0.016176470588235296 0.054901960784313725
6 0.9875 0.7372549019607844 0.023529411764705882 0.05751633986928104
3 0.7507352941176471 0.9555555555555556 0.07058823529411765 0.08888888888888889
1 0.6393382352941176 0.7052287581699347 0.016911764705882352 0.06143790849673202
9 0.6378676470588235 0.7235294117647059 0.016911764705882352 0.05359477124183006
3 0.5849264705882353 0.7947712418300653 0.07720588235294118 0.15947712418300652
1 0.5529411764705883 0.8450980392156863 0.01764705882352941 0.05620915032679739
9 0.5503676470588236 0.8503267973856209 0.022794117647058822 0.08758169934640522
0 0.22205882352941175 0.5542483660130719 0.010294117647058823 0.05228758169934641
0 0.26066176470588237 0.5640522875816993 0.011029411764705883 0.058823529411764705
0 0.2746323529411765 0.5516339869281046 0.015441176470588236 0.054901960784313725
0 0.2952205882352941 0.5555555555555556 0.011029411764705883 0.054901960784313725
1 0.3084558823529412 0.5235294117647059 0.0125 0.040522875816993466
0 0.3323529411764706 0.5673202614379085 0.008823529411764706 0.054901960784313725
2 0.37830882352941175 0.6104575163398693 0.016911764705882352 0.0392156862745098
1 0.011764705882352941 0.5117647058823529 0.013235294117647059 0.050980392156862744
0 0.0125 0.49869281045751634 0.010294117647058823 0.05359477124183006
9 0.013970588235294118 0.5202614379084968 0.023529411764705882 0.03398692810457516
2 0.11948529411764706 0.35555555555555557 0.01838235294117647 0.023529411764705882
2 0.17794117647058824 0.3581699346405229 0.022058823529411766 0.026143790849673203
2 0.4363970588235294 0.2549019607843137 0.006617647058823529 0.026143790849673203
2 0.2411764705882353 0.3535947712418301 0.022058823529411766 0.032679738562091505
2 0.2863970588235294 0.3202614379084967 0.009558823529411765 0.03137254901960784
2 0.3422794117647059 0.34509803921568627 0.013970588235294118 0.03137254901960784
2 0.27904411764705883 0.29869281045751633 0.0125 0.0196078431372549
0 0.46397058823529413 0.22483660130718955 0.0058823529411764705 0.02875816993464052
0 0.4786764705882353 0.234640522875817 0.007352941176470588 0.027450980392156862
9 0.4783088235294118 0.24052287581699347 0.006617647058823529 0.023529411764705882
0 0.44485294117647056 0.2326797385620915 0.007352941176470588 0.03137254901960784
3 0.7128676470588236 0.5104575163398692 0.05220588235294118 0.09281045751633987
3 0.5558823529411765 0.426797385620915 0.04411764705882353 0.08496732026143791
3 0.6073529411764705 0.4196078431372549 0.058823529411764705 0.05751633986928104
5 0.17647058823529413 0.48104575163398694 0.16029411764705884 0.13071895424836602
4 0.5955882352941176 0.13137254901960785 0.01764705882352941 0.030065359477124184
3 0.5389705882352941 0.11764705882352941 0.016176470588235296 0.02091503267973856
3 0.4753676470588235 0.10130718954248366 0.015441176470588236 0.022222222222222223
3 0.4636029411764706 0.06993464052287582 0.013970588235294118 0.0196078431372549
3 0.4768382352941177 0.056862745098039215 0.011029411764705883 0.0196078431372549
3 0.5095588235294117 0.047058823529411764 0.011764705882352941 0.01568627450980392
3 0.48051470588235295 0.0032679738562091504 0.009558823529411765 0.006535947712418301
3 0.45955882352941174 0.013071895424836602 0.010294117647058823 0.01568627450980392
5 0.4404411764705882 0.00784313725490196 0.010294117647058823 0.01568627450980392
0 0.43713235294117647 0.2130718954248366 0.005147058823529412 0.03398692810457516
3 0.5772058823529411 0.056862745098039215 0.025 0.01699346405228758
3 0.5511029411764706 0.06143790849673202 0.021323529411764706 0.018300653594771243
9 0.5463235294117647 0.09019607843137255 0.004411764705882353 0.013071895424836602
1 0.5459558823529411 0.08627450980392157 0.003676470588235294 0.01568627450980392
3 0.6617647058823529 0.021568627450980392 0.026470588235294117 0.01699346405228758
3 0.6823529411764706 0.023529411764705882 0.01911764705882353 0.01568627450980392
3 0.6819852941176471 0.018300653594771243 0.01838235294117647 0.01568627450980392
3 0.7268382352941176 0.00849673202614379 0.01838235294117647 0.01437908496732026
3 0.7371323529411765 0.013071895424836602 0.016911764705882352 0.01568627450980392
3 0.7463235294117647 0.01895424836601307 0.016176470588235296 0.01437908496732026
3 0.7511029411764706 0.022222222222222223 0.01838235294117647 0.013071895424836602
4 0.805514705882353 0.046405228758169936 0.02426470588235294 0.0196078431372549
4 0.819485294117647 0.016339869281045753 0.01838235294117647 0.01699346405228758
3 0.8213235294117647 0.02679738562091503 0.022058823529411766 0.01437908496732026
3 0.7981617647058824 0.06797385620915032 0.02426470588235294 0.018300653594771243
3 0.8165441176470588 0.07124183006535947 0.025735294117647058 0.0196078431372549
3 0.84375 0.038562091503267976 0.025735294117647058 0.01699346405228758
3 0.8621323529411765 0.04379084967320261 0.027205882352941177 0.01699346405228758
3 0.8463235294117647 0.06862745098039216 0.025 0.01699346405228758
4 0.8577205882352941 0.08888888888888889 0.02426470588235294 0.02091503267973856
3 0.8595588235294118 0.0784313725490196 0.023529411764705882 0.02091503267973856
3 0.8647058823529412 0.08104575163398693 0.026470588235294117 0.018300653594771243
3 0.8941176470588236 0.08758169934640522 0.027941176470588237 0.018300653594771243
3 0.8944852941176471 0.09477124183006536 0.030147058823529412 0.0196078431372549
3 0.9025735294117647 0.09934640522875816 0.025735294117647058 0.02091503267973856
3 0.9257352941176471 0.10915032679738562 0.026470588235294117 0.022222222222222223
4 0.9330882352941177 0.11372549019607843 0.027941176470588237 0.023529411764705882
4 0.9375 0.11503267973856209 0.022058823529411766 0.023529411764705882
3 0.9261029411764706 0.0718954248366013 0.022794117647058822 0.018300653594771243
3 0.9345588235294118 0.07450980392156863 0.026470588235294117 0.018300653594771243
4 0.930514705882353 0.08888888888888889 0.021323529411764706 0.026143790849673203
3 0.9426470588235294 0.08300653594771241 0.023529411764705882 0.0196078431372549
4 0.9647058823529412 0.08888888888888889 0.026470588235294117 0.02091503267973856
3 0.9878676470588236 0.09869281045751634 0.022794117647058822 0.022222222222222223
4 0.9919117647058824 0.10065359477124183 0.016176470588235296 0.023529411764705882
4 0.9786764705882353 0.13333333333333333 0.03235294117647059 0.023529411764705882
3 0.9551470588235295 0.14575163398692811 0.03676470588235294 0.02483660130718954
3 0.9676470588235294 0.12810457516339868 0.03235294117647059 0.023529411764705882
3 0.9536764705882353 0.1261437908496732 0.025 0.0196078431372549
4 0.9875 0.14052287581699346 0.025 0.02483660130718954
3 0.9845588235294118 0.1627450980392157 0.030882352941176472 0.02483660130718954