5 0.12426470588235294 0.526797385620915 0.039705882352941174 0.12810457516339868
4 0.4007352941176471 0.8803921568627451 0.047058823529411764 0.17124183006535948
6 0.4452205882352941 0.4339869281045752 0.015441176470588236 0.04967320261437908
1 0.44338235294117645 0.43071895424836604 0.010294117647058823 0.02483660130718954
3 0.5018382352941176 0.6352941176470588 0.030147058823529412 0.08104575163398693
8 0.6036764705882353 0.9019607843137255 0.08970588235294118 0.19607843137254902
1 0.5363970588235294 0.9516339869281045 0.013970588235294118 0.0392156862745098
9 0.5360294117647059 0.9588235294117647 0.01911764705882353 0.06143790849673202
8 0.5716911764705882 0.6895424836601307 0.06102941176470588 0.23921568627450981
3 0.5511029411764706 0.5660130718954248 0.05220588235294118 0.05228758169934641
4 0.5893382352941177 0.5339869281045752 0.025735294117647058 0.06143790849673202
3 0.5797794117647059 0.45294117647058824 0.025735294117647058 0.05620915032679739
3 0.506985294117647 0.503921568627451 0.027205882352941177 0.06143790849673202
3 0.506985294117647 0.38562091503267976 0.021323529411764706 0.044444444444444446
3 0.5595588235294118 0.31176470588235294 0.020588235294117647 0.043137254901960784
3 0.5503676470588236 0.25098039215686274 0.01838235294117647 0.036601307189542485
4 0.5176470588235295 0.26601307189542484 0.01764705882352941 0.043137254901960784
3 0.4716911764705882 0.34967320261437906 0.019852941176470587 0.048366013071895426
3 0.45 0.2980392156862745 0.022058823529411766 0.04967320261437908
4 0.3816176470588235 0.234640522875817 0.020588235294117647 0.03790849673202614
0 0.41875 0.1784313725490196 0.005147058823529412 0.032679738562091505
0 0.4253676470588235 0.17647058823529413 0.006617647058823529 0.03398692810457516
3 0.4404411764705882 0.20915032679738563 0.020588235294117647 0.0392156862745098
8 0.5488970588235295 0.1895424836601307 0.02426470588235294 0.08104575163398693
4 0.5106617647058823 0.1803921568627451 0.016911764705882352 0.04183006535947712
3 0.44779411764705884 0.1450980392156863 0.016176470588235296 0.03398692810457516
3 0.5125 0.13660130718954247 0.013235294117647059 0.027450980392156862
3 0.43933823529411764 0.05751633986928104 0.0125 0.02091503267973856
0 0.46286764705882355 0.07973856209150326 0.003676470588235294 0.018300653594771243
0 0.46433823529411766 0.07516339869281045 0.003676470588235294 0.01699346405228758
3 0.4786764705882353 0.08562091503267974 0.014705882352941176 0.027450980392156862
3 0.5143382352941176 0.0869281045751634 0.013970588235294118 0.027450980392156862
0 0.47205882352941175 0.025490196078431372 0.0029411764705882353 0.01699346405228758
3 0.49522058823529413 0.06209150326797386 0.013970588235294118 0.02483660130718954
8 0.48676470588235293 0.00849673202614379 0.01764705882352941 0.01699346405228758
3 0.4963235294117647 0.0392156862745098 0.013235294117647059 0.02091503267973856
4 0.5257352941176471 0.05032679738562092 0.011764705882352941 0.027450980392156862
3 0.5136029411764705 0.028104575163398694 0.011029411764705883 0.0196078431372549
3 0.5441176470588235 0.0058823529411764705 0.013235294117647059 0.011764705882352941
3 0.5522058823529412 0.016339869281045753 0.011764705882352941 0.0196078431372549
3 0.58125 0.00849673202614379 0.025735294117647058 0.01699346405228758
3 0.5790441176470589 0.02875816993464052 0.022794117647058822 0.01568627450980392
3 0.5797794117647059 0.040522875816993466 0.025735294117647058 0.01568627450980392
3 0.6481617647058824 0.08300653594771241 0.03308823529411765 0.022222222222222223
5 0.5691176470588235 0.06143790849673202 0.03823529411764706 0.036601307189542485
3 0.7165441176470588 0.045098039215686274 0.0125 0.0196078431372549
3 0.7297794117647058 0.04379084967320261 0.015441176470588236 0.0196078431372549
3 0.7433823529411765 0.043137254901960784 0.016176470588235296 0.023529411764705882
3 0.756985294117647 0.04183006535947712 0.016911764705882352 0.026143790849673203
4 0.7650735294117647 0.013725490196078431 0.013970588235294118 0.022222222222222223
3 0.7720588235294118 0.044444444444444446 0.014705882352941176 0.02091503267973856
3 0.7867647058823529 0.043137254901960784 0.01911764705882353 0.02875816993464052
3 0.8117647058823529 0.03986928104575163 0.01911764705882353 0.022222222222222223
3 0.8264705882352941 0.03986928104575163 0.016176470588235296 0.027450980392156862
3 0.8408088235294118 0.04183006535947712 0.015441176470588236 0.02091503267973856
3 0.8540441176470588 0.040522875816993466 0.016911764705882352 0.02091503267973856
3 0.8694852941176471 0.041176470588235294 0.016911764705882352 0.0196078431372549
3 0.8459558823529412 0.07712418300653595 0.027205882352941177 0.023529411764705882
3 0.725 0.06274509803921569 0.027941176470588237 0.02091503267973856
0 0.7132352941176471 0.09934640522875816 0.004411764705882353 0.02091503267973856
3 0.7275735294117647 0.12026143790849673 0.016911764705882352 0.02875816993464052
3 0.8294117647058824 0.1130718954248366 0.020588235294117647 0.027450980392156862
3 0.8150735294117647 0.11241830065359477 0.01838235294117647 0.02875816993464052
3 0.7827205882352941 0.11372549019607843 0.022794117647058822 0.026143790849673203
3 0.7643382352941176 0.17450980392156862 0.021323529411764706 0.030065359477124184
3 0.7702205882352942 0.23137254901960785 0.028676470588235293 0.04967320261437908
3 0.8014705882352942 0.15751633986928104 0.025 0.027450980392156862
3 0.8209558823529411 0.15490196078431373 0.022794117647058822 0.02483660130718954
3 0.8389705882352941 0.15620915032679739 0.027941176470588237 0.02483660130718954
3 0.8577205882352941 0.1568627450980392 0.025735294117647058 0.02875816993464052
3 0.875 0.15359477124183007 0.025 0.030065359477124184
3 0.8863970588235294 0.1869281045751634 0.028676470588235293 0.03398692810457516
3 0.86875 0.18888888888888888 0.027205882352941177 0.03529411764705882
3 0.825 0.1830065359477124 0.020588235294117647 0.026143790849673203
3 0.8073529411764706 0.1843137254901961 0.022058823529411766 0.03398692810457516
0 0.944485294117647 0.16862745098039217 0.006617647058823529 0.023529411764705882
9 0.9584558823529412 0.16862745098039217 0.013970588235294118 0.018300653594771243
2 0.9647058823529412 0.1738562091503268 0.013235294117647059 0.018300653594771243
6 0.9731617647058823 0.18104575163398692 0.01838235294117647 0.032679738562091505
1 0.9845588235294118 0.2196078431372549 0.007352941176470588 0.023529411764705882
4 0.9591911764705883 0.23006535947712417 0.03308823529411765 0.047058823529411764
3 0.8661764705882353 0.2496732026143791 0.01911764705882353 0.03137254901960784
3 0.8805147058823529 0.24444444444444444 0.02426470588235294 0.02875816993464052
3 0.89375 0.23790849673202613 0.03455882352941177 0.03398692810457516
3 0.9180147058823529 0.2372549019607843 0.03161764705882353 0.03529411764705882
3 0.9415441176470588 0.238562091503268 0.03161764705882353 0.032679738562091505
3 0.8691176470588236 0.2856209150326797 0.033823529411764704 0.0457516339869281
4 0.8908088235294118 0.27712418300653596 0.028676470588235293 0.04183006535947712
3 0.9102941176470588 0.2777777777777778 0.03529411764705882 0.048366013071895426
3 0.93125 0.2718954248366013 0.03455882352941177 0.04967320261437908
3 0.9525735294117647 0.26862745098039215 0.03161764705882353 0.048366013071895426
3 0.9731617647058823 0.2725490196078431 0.03308823529411765 0.03790849673202614
3 0.9878676470588236 0.26862745098039215 0.02426470588235294 0.040522875816993466
3 0.8588235294117647 0.32222222222222224 0.05588235294117647 0.0457516339869281
3 0.8613970588235295 0.36209150326797385 0.03602941176470588 0.047058823529411764
0 0.8452205882352941 0.4320261437908497 0.008088235294117648 0.03529411764705882
0 0.8485294117647059 0.44248366013071894 0.008823529411764706 0.030065359477124184
3 0.8705882352941177 0.44640522875816996 0.03676470588235294 0.06143790849673202
1 0.8757352941176471 0.3941176470588235 0.007352941176470588 0.01699346405228758
9 0.8753676470588235 0.4065359477124183 0.0125 0.02875816993464052
3 0.9176470588235294 0.45751633986928103 0.054411764705882354 0.06274509803921569
0 0.9529411764705882 0.48823529411764705 0.010294117647058823 0.03529411764705882
0 0.9599264705882353 0.4947712418300654 0.009558823529411765 0.040522875816993466
3 0.9110294117647059 0.369281045751634 0.03529411764705882 0.0457516339869281
3 0.9382352941176471 0.3712418300653595 0.030882352941176472 0.03398692810457516
3 0.9665441176470588 0.36797385620915035 0.03161764705882353 0.043137254901960784
3 0.9794117647058823 0.3503267973856209 0.039705882352941174 0.05228758169934641
3 0.9525735294117647 0.42287581699346405 0.04338235294117647 0.06143790849673202
3 0.9772058823529411 0.4130718954248366 0.04411764705882353 0.04967320261437908
4 0.9908088235294118 0.3941176470588235 0.01838235294117647 0.0457516339869281