3 0.4551470588235294 0.7032679738562092 0.05 0.09411764705882353
3 0.45036764705882354 0.44575163398692813 0.0625 0.05228758169934641
3 0.5051470588235294 0.3869281045751634 0.057352941176470586 0.0392156862745098
3 0.6404411764705882 0.4150326797385621 0.0661764705882353 0.0457516339869281
3 0.80625 0.4398692810457516 0.06985294117647059 0.048366013071895426
3 0.7272058823529411 0.4065359477124183 0.060294117647058824 0.044444444444444446
3 0.8529411764705882 0.3915032679738562 0.058823529411764705 0.03529411764705882
3 0.7845588235294118 0.31437908496732025 0.025 0.032679738562091505
3 0.7558823529411764 0.3084967320261438 0.027941176470588237 0.03137254901960784
3 0.7213235294117647 0.2980392156862745 0.033823529411764704 0.02875816993464052
3 0.6628676470588235 0.3869281045751634 0.05367647058823529 0.04183006535947712
3 0.11948529411764706 0.4189542483660131 0.07279411764705883 0.050980392156862744
3 0.16948529411764707 0.32483660130718955 0.028676470588235293 0.040522875816993466
3 0.2025735294117647 0.3202614379084967 0.022794117647058822 0.03398692810457516
3 0.2363970588235294 0.32222222222222224 0.022794117647058822 0.032679738562091505
3 0.26433823529411765 0.30980392156862746 0.03161764705882353 0.02875816993464052
3 0.2911764705882353 0.338562091503268 0.04852941176470588 0.0392156862745098
3 0.3014705882352941 0.3 0.026470588235294117 0.030065359477124184
3 0.3113970588235294 0.28888888888888886 0.021323529411764706 0.026143790849673203
3 0.3209558823529412 0.27320261437908494 0.021323529411764706 0.026143790849673203
3 0.32830882352941176 0.25882352941176473 0.021323529411764706 0.026143790849673203
3 0.3352941176470588 0.2522875816993464 0.022058823529411766 0.026143790849673203
3 0.3466911764705882 0.24313725490196078 0.021323529411764706 0.026143790849673203
3 0.43786764705882353 0.29477124183006537 0.021323529411764706 0.03790849673202614
1 0.19522058823529412 0.35947712418300654 0.009558823529411765 0.03137254901960784
1 0.24044117647058824 0.46862745098039216 0.013235294117647059 0.040522875816993466
1 0.35808823529411765 0.4725490196078431 0.013235294117647059 0.040522875816993466
9 0.1948529411764706 0.3686274509803922 0.023529411764705882 0.02091503267973856
9 0.24227941176470588 0.477124183006536 0.030147058823529412 0.02875816993464052
9 0.3584558823529412 0.48366013071895425 0.027205882352941177 0.026143790849673203
0 0.4742647058823529 0.5725490196078431 0.014705882352941176 0.054901960784313725
0 0.5007352941176471 0.5647058823529412 0.014705882352941176 0.06013071895424837
0 0.5533088235294118 0.6006535947712418 0.015441176470588236 0.05620915032679739
0 0.5503676470588236 0.5888888888888889 0.015441176470588236 0.05620915032679739
1 0.5345588235294118 0.6764705882352942 0.01911764705882353 0.06143790849673202
1 0.5330882352941176 0.6699346405228758 0.020588235294117647 0.058823529411764705
9 0.5345588235294118 0.681045751633987 0.022058823529411766 0.05751633986928104
1 0.53125 0.4725490196078431 0.011029411764705883 0.027450980392156862
1 0.538235294117647 0.47124183006535947 0.011764705882352941 0.03529411764705882
9 0.5393382352941176 0.48169934640522877 0.027205882352941177 0.032679738562091505
0 0.6022058823529411 0.39281045751633986 0.008823529411764706 0.043137254901960784
0 0.6205882352941177 0.39215686274509803 0.008823529411764706 0.04183006535947712
0 0.6367647058823529 0.39215686274509803 0.007352941176470588 0.03137254901960784
3 0.9099264705882353 0.9764705882352941 0.09338235294117647 0.047058823529411764
3 0.8676470588235294 0.7980392156862746 0.06764705882352941 0.12679738562091503
1 0.8007352941176471 0.6418300653594772 0.016176470588235296 0.044444444444444446
9 0.7933823529411764 0.6535947712418301 0.04411764705882353 0.044444444444444446
1 0.7658088235294118 0.5947712418300654 0.015441176470588236 0.04967320261437908
9 0.7628676470588235 0.6130718954248366 0.015441176470588236 0.04183006535947712
0 0.9371323529411765 0.7418300653594772 0.016911764705882352 0.07450980392156863
0 0.9533088235294118 0.7222222222222222 0.016911764705882352 0.07450980392156863
7 0.8963235294117647 0.6993464052287581 0.07941176470588235 0.10457516339869281
3 0.9558823529411765 0.7810457516339869 0.047058823529411764 0.05359477124183006
3 0.986764705882353 0.7790849673202614 0.026470588235294117 0.047058823529411764
0 0.9327205882352941 0.6967320261437908 0.011029411764705883 0.047058823529411764
3 0.9474264705882353 0.6300653594771242 0.10220588235294117 0.08627450980392157
3 0.9459558823529411 0.6013071895424836 0.10661764705882353 0.08104575163398693
3 0.9731617647058823 0.5640522875816993 0.05367647058823529 0.048366013071895426
3 0.9863970588235295 0.5431372549019607 0.027205882352941177 0.043137254901960784
3 0.9257352941176471 0.4071895424836601 0.061764705882352944 0.03529411764705882
3 0.9790441176470588 0.3954248366013072 0.04191176470588235 0.03790849673202614
0 0.8551470588235294 0.3483660130718954 0.011764705882352941 0.03529411764705882
5 0.2661764705882353 0.23986928104575164 0.022058823529411766 0.02483660130718954
3 0.33308823529411763 0.22549019607843138 0.014705882352941176 0.0196078431372549
3 0.3474264705882353 0.20718954248366014 0.025735294117647058 0.01699346405228758
3 0.3275735294117647 0.1980392156862745 0.02426470588235294 0.01437908496732026
3 0.33051470588235293 0.19411764705882353 0.02426470588235294 0.01437908496732026
3 0.3558823529411765 0.19150326797385622 0.013235294117647059 0.01437908496732026
0 0.35625 0.2784313725490196 0.006617647058823529 0.02875816993464052
1 0.40441176470588236 0.34967320261437906 0.008823529411764706 0.030065359477124184
9 0.40294117647058825 0.35555555555555557 0.01911764705882353 0.023529411764705882
1 0.45845588235294116 0.36470588235294116 0.005147058823529412 0.02875816993464052
1 0.4636029411764706 0.3660130718954248 0.006617647058823529 0.02875816993464052
9 0.45845588235294116 0.373202614379085 0.021323529411764706 0.02483660130718954
1 0.5761029411764705 0.33137254901960783 0.006617647058823529 0.02483660130718954
1 0.5669117647058823 0.31895424836601305 0.007352941176470588 0.023529411764705882
9 0.5753676470588235 0.3405228758169935 0.015441176470588236 0.022222222222222223
9 0.5672794117647059 0.3261437908496732 0.008088235294117648 0.0196078431372549
1 0.44816176470588237 0.17124183006535948 0.003676470588235294 0.00784313725490196
9 0.44779411764705884 0.17647058823529413 0.004411764705882353 0.00784313725490196
3 0.4474264705882353 0.21045751633986928 0.011029411764705883 0.02091503267973856
3 0.4294117647058823 0.18104575163398692 0.010294117647058823 0.01699346405228758
3 0.43272058823529413 0.1758169934640523 0.009558823529411765 0.011764705882352941
3 0.49816176470588236 0.17058823529411765 0.008088235294117648 0.01437908496732026
3 0.48455882352941176 0.13071895424836602 0.004411764705882353 0.01045751633986928
3 0.4658088235294118 0.1261437908496732 0.005147058823529412 0.009150326797385621
3 0.4588235294117647 0.12418300653594772 0.0058823529411764705 0.01045751633986928
3 0.47757352941176473 0.11960784313725491 0.005147058823529412 0.009150326797385621
0 0.6268382352941176 0.338562091503268 0.005147058823529412 0.03137254901960784
0 0.63125 0.33725490196078434 0.005147058823529412 0.03137254901960784
0 0.6386029411764705 0.3176470588235294 0.005147058823529412 0.03137254901960784
0 0.6323529411764706 0.3196078431372549 0.0058823529411764705 0.027450980392156862
1 0.6860294117647059 0.28431372549019607 0.0058823529411764705 0.0196078431372549
1 0.6761029411764706 0.31437908496732025 0.005147058823529412 0.0196078431372549
1 0.6882352941176471 0.31241830065359477 0.0058823529411764705 0.02091503267973856
1 0.6264705882352941 0.2856209150326797 0.0058823529411764705 0.0196078431372549
1 0.6058823529411764 0.28627450980392155 0.0058823529411764705 0.018300653594771243
1 0.600735294117647 0.28104575163398693 0.0058823529411764705 0.018300653594771243
1 0.5963235294117647 0.27712418300653596 0.0058823529411764705 0.018300653594771243
1 0.5985294117647059 0.2797385620915033 0.0058823529411764705 0.018300653594771243
0 0.5639705882352941 0.2699346405228758 0.007352941176470588 0.032679738562091505
3 0.5941176470588235 0.3104575163398693 0.020588235294117647 0.032679738562091505
3 0.5882352941176471 0.2934640522875817 0.020588235294117647 0.027450980392156862
3 0.5779411764705882 0.27058823529411763 0.01764705882352941 0.026143790849673203
3 0.5702205882352941 0.2529411764705882 0.016911764705882352 0.02483660130718954
3 0.5628676470588235 0.24509803921568626 0.016911764705882352 0.02483660130718954
4 0.5669117647058823 0.2169934640522876 0.027941176470588237 0.026143790849673203
1 0.5536764705882353 0.20718954248366014 0.004411764705882353 0.011764705882352941
9 0.5525735294117647 0.21372549019607842 0.005147058823529412 0.011764705882352941