3 0.3996323529411765 0.6758169934640523 0.06102941176470588 0.13856209150326798
3 0.2801470588235294 0.6450980392156863 0.05588235294117647 0.12679738562091503
3 0.27536764705882355 0.8084967320261438 0.05955882352941176 0.16862745098039217
3 0.8128676470588235 0.9379084967320261 0.11544117647058824 0.12418300653594772
3 0.30367647058823527 0.965359477124183 0.06911764705882353 0.06928104575163399
3 0.6882352941176471 0.6366013071895424 0.08823529411764706 0.13071895424836602
3 0.5463235294117647 0.503921568627451 0.05588235294117647 0.07973856209150326
3 0.4875 0.41045751633986927 0.05 0.06535947712418301
3 0.21875 0.32483660130718955 0.05661764705882353 0.058823529411764705
3 0.2933823529411765 0.14705882352941177 0.025 0.032679738562091505
3 0.3125 0.10065359477124183 0.023529411764705882 0.03137254901960784
3 0.5099264705882353 0.3235294117647059 0.04779411764705882 0.05620915032679739
3 0.4970588235294118 0.30392156862745096 0.052941176470588235 0.043137254901960784
0 0.8139705882352941 0.8418300653594771 0.01764705882352941 0.06535947712418301
1 0.5036764705882353 0.5803921568627451 0.016176470588235296 0.0392156862745098
9 0.5025735294117647 0.5941176470588235 0.02426470588235294 0.050980392156862744
1 0.06433823529411764 0.7869281045751634 0.019852941176470587 0.04967320261437908
9 0.11985294117647059 0.642483660130719 0.04264705882352941 0.0457516339869281
9 0.09926470588235294 0.6254901960784314 0.041176470588235294 0.048366013071895426
9 0.4176470588235294 0.1869281045751634 0.023529411764705882 0.026143790849673203
7 0.19705882352941176 0.2830065359477124 0.04411764705882353 0.048366013071895426
3 0.19669117647058823 0.2607843137254902 0.06397058823529411 0.043137254901960784
3 0.18713235294117647 0.22483660130718955 0.05220588235294118 0.054901960784313725
3 0.17095588235294118 0.13660130718954247 0.02426470588235294 0.040522875816993466
3 0.15551470588235294 0.16209150326797386 0.04338235294117647 0.0392156862745098
3 0.20919117647058824 0.0542483660130719 0.01838235294117647 0.03529411764705882
3 0.15404411764705883 0.04967320261437908 0.015441176470588236 0.02875816993464052
1 0.07573529411764705 0.39281045751633986 0.011764705882352941 0.030065359477124184
6 0.3886029411764706 0.17058823529411765 0.019852941176470587 0.03790849673202614
2 0.37683823529411764 0.12287581699346405 0.015441176470588236 0.02091503267973856
0 0.3628676470588235 0.12745098039215685 0.005147058823529412 0.030065359477124184
0 0.33308823529411763 0.08562091503267974 0.0058823529411764705 0.027450980392156862
0 0.3386029411764706 0.08235294117647059 0.005147058823529412 0.026143790849673203
0 0.28198529411764706 0.07516339869281045 0.005147058823529412 0.027450980392156862
0 0.2875 0.06339869281045751 0.004411764705882353 0.027450980392156862
3 0.28051470588235294 0.036601307189542485 0.019852941176470587 0.02875816993464052
3 0.2595588235294118 0.01568627450980392 0.014705882352941176 0.026143790849673203
6 0.10625 0.5411764705882353 0.06838235294117648 0.06013071895424837
2 0.3238970588235294 0.03986928104575163 0.0125 0.01437908496732026
2 0.3165441176470588 0.028104575163398694 0.009558823529411765 0.01699346405228758
2 0.32941176470588235 0.060784313725490195 0.013235294117647059 0.01699346405228758
2 0.3683823529411765 0.10261437908496732 0.016176470588235296 0.01699346405228758