3 0.9463235294117647 0.7522875816993464 0.10735294117647058 0.12156862745098039
4 0.24485294117647058 0.834640522875817 0.12205882352941176 0.12156862745098039
4 0.4323529411764706 0.7745098039215687 0.11764705882352941 0.13725490196078433
6 0.5639705882352941 0.7568627450980392 0.054411764705882354 0.054901960784313725
1 0.5621323529411765 0.7215686274509804 0.01838235294117647 0.044444444444444446
0 0.4209558823529412 0.6816993464052288 0.021323529411764706 0.06405228758169934
0 0.4290441176470588 0.6457516339869281 0.016911764705882352 0.06013071895424837
0 0.14816176470588235 0.8215686274509804 0.022794117647058822 0.08496732026143791
1 0.2275735294117647 0.7601307189542483 0.016911764705882352 0.050980392156862744
1 0.18125 0.7581699346405228 0.016911764705882352 0.06535947712418301
0 0.19154411764705884 0.7274509803921568 0.013970588235294118 0.058823529411764705
0 0.15441176470588236 0.696078431372549 0.016176470588235296 0.050980392156862744
0 0.26323529411764707 0.6941176470588235 0.014705882352941176 0.05228758169934641
0 0.30551470588235297 0.74640522875817 0.015441176470588236 0.07058823529411765
0 0.29926470588235293 0.6941176470588235 0.011764705882352941 0.03398692810457516
0 0.2863970588235294 0.6888888888888889 0.0125 0.04967320261437908
0 0.3040441176470588 0.6712418300653594 0.0125 0.05359477124183006
1 0.3397058823529412 0.6084967320261437 0.011764705882352941 0.03529411764705882
1 0.36213235294117646 0.6071895424836601 0.011029411764705883 0.027450980392156862
9 0.06801470588235294 0.6843137254901961 0.04044117647058824 0.048366013071895426
0 0.12536764705882353 0.5895424836601307 0.013970588235294118 0.06797385620915032
0 0.12867647058823528 0.5732026143790849 0.008823529411764706 0.03790849673202614
5 0.1849264705882353 0.569281045751634 0.07720588235294118 0.18169934640522875
1 0.4235294117647059 0.46405228758169936 0.01764705882352941 0.044444444444444446
7 0.4389705882352941 0.5359477124183006 0.09264705882352942 0.0915032679738562
0 0.4823529411764706 0.4627450980392157 0.010294117647058823 0.05751633986928104
0 0.4904411764705882 0.47516339869281043 0.007352941176470588 0.03529411764705882
7 0.6327205882352941 0.5281045751633987 0.05808823529411765 0.08366013071895424
1 0.6202205882352941 0.526797385620915 0.015441176470588236 0.03398692810457516
1 0.6698529411764705 0.6366013071895424 0.022058823529411766 0.0392156862745098
1 0.674264705882353 0.6562091503267974 0.029411764705882353 0.0392156862745098
7 0.6216911764705882 0.434640522875817 0.05808823529411765 0.08235294117647059
0 0.6286764705882353 0.46013071895424834 0.011764705882352941 0.04967320261437908
0 0.8783088235294118 0.5555555555555556 0.019852941176470587 0.06274509803921569
1 0.7735294117647059 0.6529411764705882 0.01911764705882353 0.048366013071895426
1 0.7669117647058824 0.6320261437908496 0.01764705882352941 0.03790849673202614
1 0.6867647058823529 0.4320261437908497 0.008823529411764706 0.02483660130718954
1 0.7183823529411765 0.47320261437908495 0.011764705882352941 0.02091503267973856
0 0.7386029411764706 0.47320261437908495 0.011029411764705883 0.06013071895424837
0 0.7900735294117647 0.5784313725490197 0.008088235294117648 0.03529411764705882
0 0.7948529411764705 0.5679738562091503 0.007352941176470588 0.05620915032679739
1 0.8775735294117647 0.6274509803921569 0.01838235294117647 0.04183006535947712
1 0.8838235294117647 0.6124183006535948 0.01911764705882353 0.032679738562091505
0 0.8150735294117647 0.43137254901960786 0.013970588235294118 0.05228758169934641
1 0.5591911764705882 0.2261437908496732 0.006617647058823529 0.018300653594771243
1 0.5636029411764706 0.23071895424836603 0.009558823529411765 0.02483660130718954
2 0.5731617647058823 0.23594771241830065 0.009558823529411765 0.032679738562091505
1 0.868014705882353 0.2901960784313726 0.009558823529411765 0.036601307189542485
9 0.8647058823529412 0.3 0.011764705882352941 0.03529411764705882
7 0.6985294117647058 0.006535947712418301 0.013235294117647059 0.013071895424836602
0 0.7172794117647059 0.13202614379084968 0.005147058823529412 0.02875816993464052
0 0.7308823529411764 0.12810457516339868 0.008823529411764706 0.03137254901960784
2 0.7389705882352942 0.13333333333333333 0.016176470588235296 0.02091503267973856
1 0.9452205882352941 0.11960784313725491 0.006617647058823529 0.01699346405228758
1 0.9430147058823529 0.1111111111111111 0.006617647058823529 0.026143790849673203
1 0.9363970588235294 0.11241830065359477 0.008088235294117648 0.01568627450980392
6 0.9382352941176471 0.12418300653594772 0.020588235294117647 0.02875816993464052
5 0.961764705882353 0.07450980392156863 0.075 0.10980392156862745
3 0.8102941176470588 0.11176470588235295 0.03529411764705882 0.048366013071895426