0 0.02463235294117647 0.27058823529411763 0.011029411764705883 0.04183006535947712
0 0.03308823529411765 0.29150326797385623 0.010294117647058823 0.044444444444444446
0 0.039705882352941174 0.2954248366013072 0.011764705882352941 0.04183006535947712
0 0.1025735294117647 0.2901960784313726 0.0125 0.044444444444444446
0 0.11286764705882353 0.28431372549019607 0.011029411764705883 0.043137254901960784
9 0.0838235294117647 0.32745098039215687 0.027941176470588237 0.027450980392156862
9 0.10147058823529412 0.2542483660130719 0.020588235294117647 0.02483660130718954
9 0.1386029411764706 0.24248366013071895 0.02426470588235294 0.022222222222222223
9 0.13566176470588234 0.21830065359477124 0.027205882352941177 0.023529411764705882
0 0.10955882352941176 0.18235294117647058 0.007352941176470588 0.03529411764705882
0 0.10220588235294117 0.17450980392156862 0.008823529411764706 0.03529411764705882
0 0.013602941176470588 0.4477124183006536 0.015441176470588236 0.050980392156862744
1 0.2125 0.6568627450980392 0.013235294117647059 0.05359477124183006
9 0.2125 0.6784313725490196 0.014705882352941176 0.047058823529411764
0 0.37316176470588236 0.9607843137254902 0.0125 0.06274509803921569
0 0.36580882352941174 0.9411764705882353 0.0125 0.05751633986928104
0 0.3654411764705882 0.9183006535947712 0.011764705882352941 0.058823529411764705
3 0.2841911764705882 0.6228758169934641 0.07573529411764705 0.1084967320261438
3 0.18308823529411763 0.09803921568627451 0.023529411764705882 0.03398692810457516
3 0.1900735294117647 0.049019607843137254 0.021323529411764706 0.03790849673202614
1 0.21286764705882352 0.06535947712418301 0.006617647058823529 0.026143790849673203
2 0.21433823529411763 0.0738562091503268 0.003676470588235294 0.02483660130718954
3 0.19301470588235295 0.01895424836601307 0.01838235294117647 0.030065359477124184
3 0.2731617647058823 0.06013071895424837 0.019852941176470587 0.03398692810457516
3 0.28198529411764706 0.12941176470588237 0.028676470588235293 0.047058823529411764
3 0.2863970588235294 0.22745098039215686 0.03161764705882353 0.04967320261437908
0 0.2827205882352941 0.29934640522875816 0.0125 0.044444444444444446
1 0.31948529411764703 0.2019607843137255 0.008088235294117648 0.032679738562091505
9 0.3209558823529412 0.21241830065359477 0.006617647058823529 0.027450980392156862
1 0.18933823529411764 0.21176470588235294 0.011029411764705883 0.02875816993464052
9 0.18823529411764706 0.22679738562091503 0.010294117647058823 0.032679738562091505
3 0.31838235294117645 0.016339869281045753 0.029411764705882353 0.022222222222222223
3 0.33455882352941174 0.028104575163398694 0.04411764705882353 0.027450980392156862
0 0.3709558823529412 0.06274509803921569 0.008088235294117648 0.03398692810457516
0 0.38125 0.05816993464052288 0.006617647058823529 0.03790849673202614
0 0.3926470588235294 0.044444444444444446 0.0058823529411764705 0.03398692810457516
0 0.39889705882352944 0.045098039215686274 0.006617647058823529 0.030065359477124184
0 0.3996323529411765 0.060784313725490195 0.005147058823529412 0.032679738562091505
0 0.4172794117647059 0.10326797385620914 0.006617647058823529 0.036601307189542485
3 0.3338235294117647 0.10326797385620914 0.023529411764705882 0.0392156862745098
3 0.3356617647058823 0.13986928104575164 0.025735294117647058 0.0392156862745098
0 0.3360294117647059 0.16797385620915034 0.007352941176470588 0.03790849673202614
0 0.3272058823529412 0.1503267973856209 0.008823529411764706 0.036601307189542485
0 0.3375 0.16013071895424835 0.0058823529411764705 0.032679738562091505
9 0.3805147058823529 0.17647058823529413 0.019852941176470587 0.023529411764705882
3 0.4099264705882353 0.1503267973856209 0.05514705882352941 0.0392156862745098
0 0.4202205882352941 0.17777777777777778 0.006617647058823529 0.03398692810457516
0 0.45073529411764707 0.18758169934640523 0.008823529411764706 0.03790849673202614
0 0.5202205882352942 0.20130718954248367 0.008088235294117648 0.036601307189542485
7 0.4253676470588235 0.2 0.03308823529411765 0.03398692810457516
3 0.35257352941176473 0.21830065359477124 0.030147058823529412 0.04967320261437908
1 0.3805147058823529 0.26405228758169935 0.009558823529411765 0.03398692810457516
7 0.3775735294117647 0.28104575163398693 0.01838235294117647 0.04183006535947712
9 0.44227941176470587 0.2601307189542484 0.022794117647058822 0.03137254901960784
2 0.4540441176470588 0.2908496732026144 0.009558823529411765 0.032679738562091505
0 0.4 0.29215686274509806 0.0058823529411764705 0.03529411764705882
0 0.40551470588235294 0.296078431372549 0.005147058823529412 0.032679738562091505
1 0.4036764705882353 0.3176470588235294 0.008823529411764706 0.03398692810457516
9 0.39889705882352944 0.32679738562091504 0.01838235294117647 0.02875816993464052
3 0.41875 0.3503267973856209 0.07279411764705883 0.054901960784313725
0 0.48308823529411765 0.33202614379084966 0.0058823529411764705 0.036601307189542485
9 0.48970588235294116 0.29673202614379085 0.008823529411764706 0.0392156862745098
0 0.5077205882352941 0.2856209150326797 0.008088235294117648 0.043137254901960784
2 0.5202205882352942 0.2901960784313726 0.009558823529411765 0.03398692810457516
2 0.5158088235294118 0.2607843137254902 0.0125 0.02483660130718954
1 0.45955882352941174 0.4084967320261438 0.011764705882352941 0.03790849673202614
0 0.5875 0.49084967320261436 0.008823529411764706 0.048366013071895426
0 0.5621323529411765 0.9359477124183007 0.0125 0.06013071895424837
1 0.5606617647058824 0.9084967320261438 0.015441176470588236 0.06274509803921569
2 0.5588235294117647 0.9261437908496732 0.025 0.07450980392156863
0 0.580514705882353 0.5437908496732026 0.0125 0.054901960784313725
2 0.5794117647058824 0.545751633986928 0.033823529411764704 0.040522875816993466
0 0.475 0.3954248366013072 0.008823529411764706 0.050980392156862744
2 0.47352941176470587 0.4019607843137255 0.022058823529411766 0.027450980392156862
9 0.5632352941176471 0.2130718954248366 0.0058823529411764705 0.03137254901960784
9 0.5735294117647058 0.21568627450980393 0.008823529411764706 0.026143790849673203
9 0.5514705882352942 0.2673202614379085 0.0058823529411764705 0.032679738562091505
9 0.5665441176470588 0.26209150326797387 0.009558823529411765 0.030065359477124184
0 0.611764705882353 0.24836601307189543 0.0058823529411764705 0.04183006535947712
0 0.6507352941176471 0.24444444444444444 0.0058823529411764705 0.036601307189542485
9 0.6172794117647059 0.269281045751634 0.008088235294117648 0.03398692810457516
2 0.6338235294117647 0.2045751633986928 0.016176470588235296 0.02483660130718954
0 0.6731617647058824 0.25098039215686274 0.005147058823529412 0.0392156862745098
3 0.6727941176470589 0.29150326797385623 0.06470588235294118 0.047058823529411764
1 0.5882352941176471 0.3130718954248366 0.0058823529411764705 0.03790849673202614
1 0.5808823529411765 0.31437908496732025 0.007352941176470588 0.03529411764705882
9 0.5790441176470589 0.3241830065359477 0.028676470588235293 0.026143790849673203
1 0.5775735294117647 0.33464052287581697 0.008088235294117648 0.03137254901960784
9 0.5738970588235294 0.3457516339869281 0.022794117647058822 0.032679738562091505
0 0.538235294117647 0.3607843137254902 0.007352941176470588 0.044444444444444446
9 0.5345588235294118 0.36666666666666664 0.023529411764705882 0.032679738562091505
1 0.5441176470588235 0.361437908496732 0.007352941176470588 0.02483660130718954
3 0.63125 0.3660130718954248 0.07279411764705883 0.054901960784313725
3 0.6128676470588236 0.4222222222222222 0.07573529411764705 0.054901960784313725
9 0.6963235294117647 0.25620915032679736 0.01911764705882353 0.036601307189542485
9 0.7507352941176471 0.2503267973856209 0.010294117647058823 0.027450980392156862
9 0.7654411764705882 0.24836601307189543 0.008823529411764706 0.02875816993464052
3 0.7783088235294118 0.3803921568627451 0.07426470588235294 0.06013071895424837
0 0.7919117647058823 0.2 0.0058823529411764705 0.036601307189542485
0 0.8051470588235294 0.2065359477124183 0.0058823529411764705 0.036601307189542485
3 0.8966911764705883 0.24248366013071895 0.0625 0.0457516339869281
0 0.9492647058823529 0.25359477124183005 0.008823529411764706 0.036601307189542485
3 0.8805147058823529 0.36013071895424836 0.07426470588235294 0.05359477124183006
4 0.7279411764705882 0.7294117647058823 0.1338235294117647 0.13856209150326798
9 0.45808823529411763 0.4215686274509804 0.026470588235294117 0.030065359477124184
1 0.4852941176470588 0.3281045751633987 0.004411764705882353 0.018300653594771243