0 0.05110294117647059 0.8287581699346406 0.04044117647058824 0.10457516339869281
0 0.23198529411764707 0.5679738562091503 0.027205882352941177 0.09019607843137255
0 0.8084558823529412 0.8104575163398693 0.03308823529411765 0.11764705882352941
0 0.23786764705882352 0.7 0.02426470588235294 0.10326797385620914
0 0.23125 0.7202614379084967 0.022794117647058822 0.07581699346405228
9 0.28713235294117645 0.5529411764705883 0.03897058823529412 0.09673202614379085
3 0.3069852941176471 0.41568627450980394 0.11691176470588235 0.13594771241830064
4 0.3650735294117647 0.25555555555555554 0.05367647058823529 0.12941176470588237
3 0.46691176470588236 0.3862745098039216 0.051470588235294115 0.12418300653594772
6 0.40404411764705883 0.10915032679738562 0.021323529411764706 0.058823529411764705
1 0.4455882352941177 0.16339869281045752 0.013235294117647059 0.04967320261437908
9 0.44632352941176473 0.17973856209150327 0.011764705882352941 0.0457516339869281
3 0.4827205882352941 0.238562091503268 0.04338235294117647 0.09019607843137255
3 0.49522058823529413 0.14967320261437908 0.03455882352941177 0.06666666666666667
3 0.4974264705882353 0.05947712418300653 0.030147058823529412 0.05359477124183006
3 0.5477941176470589 0.08758169934640522 0.030882352941176472 0.04967320261437908
3 0.5676470588235294 0.20130718954248367 0.03676470588235294 0.06535947712418301
3 0.5569852941176471 0.31699346405228757 0.04926470588235294 0.09542483660130718
4 0.5963235294117647 0.4797385620915033 0.06911764705882353 0.1411764705882353
1 0.6533088235294118 0.3352941176470588 0.015441176470588236 0.0457516339869281
9 0.6507352941176471 0.34901960784313724 0.022058823529411766 0.04967320261437908
1 0.6974264705882353 0.36013071895424836 0.0125 0.043137254901960784
1 0.7183823529411765 0.3627450980392157 0.01911764705882353 0.03790849673202614
6 0.7073529411764706 0.3758169934640523 0.047058823529411764 0.048366013071895426
9 0.7650735294117647 0.4111111111111111 0.04044117647058824 0.048366013071895426
9 0.7363970588235295 0.338562091503268 0.03308823529411765 0.047058823529411764
1 0.7665441176470589 0.33790849673202616 0.019852941176470587 0.05620915032679739
1 0.7209558823529412 0.2934640522875817 0.011029411764705883 0.05359477124183006
1 0.7136029411764706 0.28823529411764703 0.011029411764705883 0.05359477124183006
9 0.7180147058823529 0.3111111111111111 0.027205882352941177 0.04967320261437908
0 0.7507352941176471 0.27124183006535946 0.014705882352941176 0.06666666666666667
0 0.7386029411764706 0.22875816993464052 0.013970588235294118 0.05751633986928104
9 0.7702205882352942 0.20588235294117646 0.04044117647058824 0.048366013071895426
1 0.6084558823529411 0.1261437908496732 0.011029411764705883 0.03790849673202614
2 0.606985294117647 0.14052287581699346 0.0125 0.03529411764705882
0 0.5952205882352941 0.07647058823529412 0.0125 0.040522875816993466
0 0.6246323529411765 0.06405228758169934 0.011029411764705883 0.047058823529411764
1 0.6040441176470588 0.0542483660130719 0.009558823529411765 0.022222222222222223
1 0.6029411764705882 0.052941176470588235 0.010294117647058823 0.032679738562091505
9 0.6033088235294117 0.06928104575163399 0.008088235294117648 0.023529411764705882
3 0.6738970588235295 0.06797385620915032 0.05808823529411765 0.044444444444444446
0 0.60625 0.021568627450980392 0.011029411764705883 0.040522875816993466
0 0.6058823529411764 0.03071895424836601 0.010294117647058823 0.040522875816993466
3 0.6338235294117647 0.027450980392156862 0.047058823529411764 0.04183006535947712
9 0.6551470588235294 0.04183006535947712 0.026470588235294117 0.026143790849673203
3 0.4117647058823529 0.888235294117647 0.10441176470588236 0.2235294117647059
3 0.7095588235294118 0.9313725490196079 0.12205882352941176 0.13725490196078433
0 0.9033088235294118 0.834640522875817 0.03308823529411765 0.1111111111111111
0 0.9371323529411765 0.9150326797385621 0.0375 0.10980392156862745
0 0.9338235294117647 0.873202614379085 0.03823529411764706 0.10980392156862745