3 0.009926470588235294 0.09934640522875816 0.019852941176470587 0.03137254901960784
3 0.05330882352941176 0.07973856209150326 0.022794117647058822 0.026143790849673203
3 0.42573529411764705 0.9379084967320261 0.060294117647058824 0.09281045751633987
3 0.5319852941176471 0.9026143790849673 0.05808823529411765 0.15816993464052287
3 0.50625 0.7150326797385621 0.04191176470588235 0.11241830065359477
3 0.4426470588235294 0.6379084967320261 0.04264705882352941 0.10718954248366012
3 0.49963235294117647 0.569281045751634 0.03455882352941177 0.08235294117647059
3 0.4974264705882353 0.48366013071895425 0.03602941176470588 0.06797385620915032
3 0.4334558823529412 0.4803921568627451 0.03308823529411765 0.06405228758169934
3 0.49669117647058825 0.4130718954248366 0.030147058823529412 0.05751633986928104
3 0.4411764705882353 0.3790849673202614 0.029411764705882353 0.054901960784313725
3 0.4889705882352941 0.36405228758169933 0.027941176470588237 0.048366013071895426
3 0.43823529411764706 0.3281045751633987 0.025 0.047058823529411764
4 0.47794117647058826 0.30915032679738563 0.023529411764705882 0.050980392156862744
3 0.4474264705882353 0.2869281045751634 0.022794117647058822 0.040522875816993466
3 0.48823529411764705 0.2803921568627451 0.025 0.043137254901960784
3 0.4768382352941177 0.24901960784313726 0.022794117647058822 0.03790849673202614
3 0.4345588235294118 0.24640522875816995 0.020588235294117647 0.040522875816993466
5 0.47316176470588234 0.20588235294117646 0.022794117647058822 0.048366013071895426
3 0.4363970588235294 0.21633986928104576 0.021323529411764706 0.032679738562091505
3 0.4345588235294118 0.1934640522875817 0.01911764705882353 0.02875816993464052
3 0.46691176470588236 0.18627450980392157 0.01911764705882353 0.027450980392156862
3 0.46139705882352944 0.16601307189542483 0.015441176470588236 0.02875816993464052
3 0.4345588235294118 0.17058823529411765 0.016176470588235296 0.027450980392156862
3 0.4625 0.15098039215686274 0.016176470588235296 0.02483660130718954
3 0.43272058823529413 0.14901960784313725 0.016911764705882352 0.023529411764705882
3 0.46139705882352944 0.13398692810457516 0.015441176470588236 0.022222222222222223
3 0.43125 0.13398692810457516 0.015441176470588236 0.022222222222222223
3 0.4588235294117647 0.12026143790849673 0.016176470588235296 0.02091503267973856
3 0.4308823529411765 0.11895424836601307 0.014705882352941176 0.02091503267973856
3 0.4547794117647059 0.1065359477124183 0.015441176470588236 0.0196078431372549
3 0.43014705882352944 0.10392156862745099 0.013235294117647059 0.022222222222222223
4 0.45808823529411763 0.09215686274509804 0.014705882352941176 0.027450980392156862
3 0.43125 0.0915032679738562 0.013970588235294118 0.023529411764705882
3 0.43125 0.07712418300653595 0.0125 0.018300653594771243
3 0.4294117647058823 0.06666666666666667 0.010294117647058823 0.018300653594771243
3 0.43272058823529413 0.05751633986928104 0.011029411764705883 0.018300653594771243
3 0.43014705882352944 0.047058823529411764 0.010294117647058823 0.018300653594771243
4 0.42867647058823527 0.0392156862745098 0.010294117647058823 0.018300653594771243
3 0.42867647058823527 0.03137254901960784 0.010294117647058823 0.01568627450980392
3 0.4238970588235294 0.024183006535947713 0.009558823529411765 0.01699346405228758
8 0.42573529411764705 0.011764705882352941 0.014705882352941176 0.023529411764705882
5 0.4551470588235294 0.060784313725490195 0.016176470588235296 0.03529411764705882
5 0.4496323529411765 0.041176470588235294 0.013970588235294118 0.03529411764705882
4 0.44448529411764703 0.03202614379084967 0.009558823529411765 0.0196078431372549
5 0.4441176470588235 0.013071895424836602 0.014705882352941176 0.026143790849673203