3 0.4768382352941177 0.9405228758169935 0.05514705882352941 0.11633986928104575
4 0.5625 0.9098039215686274 0.052941176470588235 0.14901960784313725
3 0.4959558823529412 0.7869281045751634 0.04779411764705882 0.13333333333333333
3 0.575 0.7607843137254902 0.054411764705882354 0.13071895424836602
3 0.5481617647058824 0.6385620915032679 0.04338235294117647 0.10326797385620914
3 0.47095588235294117 0.6359477124183006 0.03897058823529412 0.09803921568627451
3 0.4742647058823529 0.5392156862745098 0.033823529411764704 0.07973856209150326
3 0.4724264705882353 0.4568627450980392 0.030147058823529412 0.06666666666666667
3 0.5238970588235294 0.44836601307189544 0.03161764705882353 0.06535947712418301
3 0.47205882352941175 0.4 0.027941176470588237 0.054901960784313725
3 0.5150735294117647 0.3516339869281046 0.02426470588235294 0.04183006535947712
3 0.5139705882352941 0.3915032679738562 0.027941176470588237 0.050980392156862744
3 0.47095588235294117 0.3516339869281046 0.025735294117647058 0.047058823529411764
3 0.46838235294117647 0.3137254901960784 0.020588235294117647 0.04183006535947712
3 0.4676470588235294 0.27647058823529413 0.022058823529411766 0.03790849673202614
3 0.5080882352941176 0.2803921568627451 0.022058823529411766 0.03790849673202614
3 0.5121323529411764 0.31241830065359477 0.02426470588235294 0.04183006535947712
3 0.4676470588235294 0.2437908496732026 0.01911764705882353 0.032679738562091505
3 0.5018382352941176 0.24901960784313726 0.019852941176470587 0.03529411764705882
3 0.46948529411764706 0.21437908496732025 0.016911764705882352 0.03137254901960784
3 0.47058823529411764 0.18888888888888888 0.01764705882352941 0.032679738562091505
3 0.46838235294117647 0.16601307189542483 0.016176470588235296 0.026143790849673203
3 0.4727941176470588 0.14967320261437908 0.016176470588235296 0.02483660130718954
3 0.46911764705882353 0.13071895424836602 0.014705882352941176 0.02875816993464052
3 0.4672794117647059 0.11568627450980393 0.013970588235294118 0.0196078431372549
3 0.46691176470588236 0.10065359477124183 0.013235294117647059 0.01568627450980392
3 0.46176470588235297 0.09019607843137255 0.013235294117647059 0.02091503267973856
3 0.4786764705882353 0.011111111111111112 0.008823529411764706 0.01699346405228758
3 0.4797794117647059 0.02287581699346405 0.009558823529411765 0.011764705882352941
3 0.5018382352941176 0.19607843137254902 0.013970588235294118 0.026143790849673203
3 0.4886029411764706 0.09215686274509804 0.0125 0.0196078431372549
3 0.04154411764705882 0.07908496732026143 0.027205882352941177 0.027450980392156862
3 0.05955882352941176 0.09215686274509804 0.027941176470588237 0.030065359477124184
3 0.15625 0.00784313725490196 0.016911764705882352 0.01568627450980392
3 0.13786764705882354 0.00784313725490196 0.016911764705882352 0.01568627450980392
5 0.5389705882352941 0.5169934640522876 0.039705882352941174 0.1084967320261438
5 0.5022058823529412 0.16209150326797386 0.022058823529411766 0.05228758169934641
5 0.4944852941176471 0.12418300653594772 0.01838235294117647 0.047058823529411764
4 0.48676470588235293 0.10457516339869281 0.011764705882352941 0.026143790849673203
5 0.48713235294117646 0.06274509803921569 0.019852941176470587 0.05751633986928104
5 0.48198529411764707 0.03986928104575163 0.013970588235294118 0.027450980392156862
8 0.46397058823529413 0.058823529411764705 0.01764705882352941 0.04967320261437908
8 0.4632352941176471 0.024183006535947713 0.013235294117647059 0.03529411764705882
4 0.5058823529411764 0.2196078431372549 0.020588235294117647 0.04183006535947712