3 0.8176470588235294 0.8307189542483661 0.0838235294117647 0.1503267973856209
6 0.8466911764705882 0.6405228758169934 0.05220588235294118 0.09673202614379085
3 0.7080882352941177 0.48169934640522877 0.03823529411764706 0.0718954248366013
6 0.8003676470588236 0.5013071895424837 0.0375 0.08496732026143791
3 0.524264705882353 0.45555555555555555 0.03676470588235294 0.07973856209150326
3 0.3672794117647059 0.4241830065359477 0.07279411764705883 0.07712418300653595
9 0.09338235294117647 0.6509803921568628 0.03676470588235294 0.04967320261437908
9 0.09852941176470588 0.4398692810457516 0.033823529411764704 0.040522875816993466
1 0.09044117647058823 0.6411764705882353 0.022058823529411766 0.048366013071895426
1 0.09669117647058824 0.43333333333333335 0.015441176470588236 0.050980392156862744
0 0.04485294117647059 0.5176470588235295 0.01764705882352941 0.05751633986928104
0 0.06801470588235294 0.5091503267973856 0.015441176470588236 0.058823529411764705
6 0.26176470588235295 0.3836601307189543 0.047058823529411764 0.03529411764705882
3 0.09889705882352941 0.4084967320261438 0.08161764705882353 0.05620915032679739
3 0.13198529411764706 0.34444444444444444 0.05514705882352941 0.05359477124183006
0 0.16470588235294117 0.37777777777777777 0.013235294117647059 0.044444444444444446
0 0.1974264705882353 0.36993464052287583 0.013970588235294118 0.044444444444444446
0 0.2731617647058823 0.3686274509803922 0.008088235294117648 0.04183006535947712
0 0.19264705882352942 0.3464052287581699 0.008823529411764706 0.044444444444444446
0 0.18088235294117647 0.36993464052287583 0.011764705882352941 0.0392156862745098
0 0.17683823529411766 0.36013071895424836 0.006617647058823529 0.043137254901960784
0 0.08566176470588235 0.37058823529411766 0.013970588235294118 0.043137254901960784
3 0.020955882352941175 0.39673202614379083 0.04191176470588235 0.05620915032679739
3 0.07904411764705882 0.3352941176470588 0.04044117647058824 0.06405228758169934
0 0.07720588235294118 0.28104575163398693 0.011764705882352941 0.04183006535947712
4 0.04044117647058824 0.32745098039215687 0.05 0.06143790849673202
9 0.19522058823529412 0.3287581699346405 0.021323529411764706 0.03790849673202614
3 0.23897058823529413 0.3281045751633987 0.04852941176470588 0.05228758169934641
4 0.2933823529411765 0.29477124183006537 0.04852941176470588 0.09019607843137255
4 0.32279411764705884 0.31176470588235294 0.039705882352941174 0.06143790849673202
6 0.34411764705882353 0.2908496732026144 0.025 0.030065359477124184
0 0.375 0.28823529411764703 0.007352941176470588 0.040522875816993466
3 0.4485294117647059 0.30130718954248364 0.03235294117647059 0.05359477124183006
1 0.43713235294117647 0.2954248366013072 0.009558823529411765 0.023529411764705882
3 0.49522058823529413 0.3104575163398693 0.030147058823529412 0.05359477124183006
3 0.5408088235294117 0.32679738562091504 0.028676470588235293 0.054901960784313725
3 0.5518382352941177 0.257516339869281 0.025735294117647058 0.044444444444444446
3 0.5169117647058824 0.22875816993464052 0.023529411764705882 0.0392156862745098
4 0.5970588235294118 0.28169934640522876 0.022058823529411766 0.058823529411764705
9 0.6132352941176471 0.26143790849673204 0.008823529411764706 0.03137254901960784
1 0.6139705882352942 0.25882352941176473 0.008823529411764706 0.036601307189542485
4 0.5621323529411765 0.20718954248366014 0.019852941176470587 0.048366013071895426
4 0.5713235294117647 0.18104575163398692 0.016176470588235296 0.0457516339869281
3 0.5272058823529412 0.18169934640522875 0.023529411764705882 0.036601307189542485
0 0.44227941176470587 0.20980392156862746 0.008088235294117648 0.032679738562091505
0 0.4360294117647059 0.20980392156862746 0.0058823529411764705 0.032679738562091505
6 0.47058823529411764 0.2045751633986928 0.016176470588235296 0.032679738562091505
9 0.4863970588235294 0.19019607843137254 0.005147058823529412 0.022222222222222223
1 0.4863970588235294 0.18562091503267975 0.005147058823529412 0.023529411764705882
9 0.4334558823529412 0.18496732026143792 0.0125 0.022222222222222223
9 0.4033088235294118 0.19673202614379084 0.013970588235294118 0.0196078431372549
9 0.4051470588235294 0.19215686274509805 0.013235294117647059 0.01568627450980392
3 0.5698529411764706 0.15098039215686274 0.01764705882352941 0.032679738562091505
0 0.5577205882352941 0.134640522875817 0.005147058823529412 0.026143790849673203
9 0.5632352941176471 0.13398692810457516 0.004411764705882353 0.0196078431372549
1 0.5632352941176471 0.12810457516339868 0.0058823529411764705 0.02091503267973856
3 0.4988970588235294 0.15098039215686274 0.022794117647058822 0.032679738562091505
0 0.5209558823529412 0.1477124183006536 0.005147058823529412 0.02875816993464052
8 0.5408088235294117 0.12352941176470589 0.03161764705882353 0.0718954248366013
3 0.5198529411764706 0.13202614379084968 0.014705882352941176 0.02875816993464052
4 0.5801470588235295 0.12745098039215685 0.01911764705882353 0.03790849673202614
3 0.5819852941176471 0.1111111111111111 0.015441176470588236 0.02091503267973856
3 0.5841911764705883 0.09607843137254903 0.015441176470588236 0.027450980392156862
3 0.5875 0.07973856209150326 0.014705882352941176 0.026143790849673203
3 0.5647058823529412 0.08954248366013072 0.01764705882352941 0.02483660130718954
3 0.5158088235294118 0.1130718954248366 0.013970588235294118 0.02483660130718954
3 0.5128676470588235 0.09934640522875816 0.030147058823529412 0.02875816993464052
3 0.4849264705882353 0.09542483660130718 0.03308823529411765 0.026143790849673203
3 0.5338235294117647 0.07581699346405228 0.014705882352941176 0.023529411764705882
3 0.55 0.0784313725490196 0.014705882352941176 0.023529411764705882
3 0.555514705882353 0.06797385620915032 0.011029411764705883 0.02091503267973856
0 0.5724264705882353 0.06470588235294118 0.005147058823529412 0.022222222222222223
0 0.49669117647058825 0.07254901960784314 0.005147058823529412 0.0196078431372549
3 0.513235294117647 0.07124183006535947 0.027941176470588237 0.0196078431372549
3 0.518014705882353 0.05163398692810457 0.028676470588235293 0.0196078431372549
3 0.5227941176470589 0.0457516339869281 0.027941176470588237 0.018300653594771243
3 0.5338235294117647 0.03790849673202614 0.025 0.018300653594771243
3 0.5540441176470589 0.040522875816993466 0.0125 0.018300653594771243
0 0.5654411764705882 0.038562091503267976 0.0029411764705882353 0.0196078431372549
0 0.5621323529411765 0.03986928104575163 0.0022058823529411764 0.01699346405228758
3 0.5540441176470589 0.027450980392156862 0.025735294117647058 0.018300653594771243
4 0.5992647058823529 0.032679738562091505 0.011764705882352941 0.026143790849673203
3 0.6095588235294118 0.043137254901960784 0.011764705882352941 0.02091503267973856
0 0.8544117647058823 0.33202614379084966 0.010294117647058823 0.044444444444444446
0 0.8386029411764706 0.2954248366013072 0.006617647058823529 0.04183006535947712
0 0.8352941176470589 0.2797385620915033 0.008823529411764706 0.04183006535947712
0 0.8176470588235294 0.2647058823529412 0.008823529411764706 0.03790849673202614
8 0.7922794117647058 0.2803921568627451 0.05514705882352941 0.11895424836601307
4 0.7448529411764706 0.2973856209150327 0.029411764705882353 0.05620915032679739
9 0.694485294117647 0.2725490196078431 0.008088235294117648 0.027450980392156862
1 0.6948529411764706 0.26666666666666666 0.008823529411764706 0.02875816993464052
4 0.8143382352941176 0.19934640522875818 0.0375 0.032679738562091505
4 0.7474264705882353 0.13660130718954247 0.015441176470588236 0.03529411764705882
4 0.7698529411764706 0.10980392156862745 0.016176470588235296 0.03137254901960784
0 0.774264705882353 0.1300653594771242 0.0058823529411764705 0.02483660130718954
3 0.7371323529411765 0.11241830065359477 0.021323529411764706 0.03137254901960784
2 0.794485294117647 0.1437908496732026 0.008088235294117648 0.02091503267973856
0 0.8227941176470588 0.15098039215686274 0.004411764705882353 0.02483660130718954
6 0.6852941176470588 0.09673202614379085 0.010294117647058823 0.026143790849673203
3 0.674264705882353 0.07124183006535947 0.013235294117647059 0.022222222222222223
3 0.7213235294117647 0.08104575163398693 0.014705882352941176 0.02091503267973856
9 0.7555147058823529 0.08431372549019608 0.0125 0.01437908496732026
5 0.7422794117647059 0.07254901960784314 0.025735294117647058 0.02483660130718954
6 0.7066176470588236 0.07058823529411765 0.010294117647058823 0.018300653594771243
3 0.7422794117647059 0.06274509803921569 0.02426470588235294 0.013071895424836602
3 0.7397058823529412 0.05359477124183006 0.027941176470588237 0.01568627450980392
4 0.7264705882352941 0.048366013071895426 0.022058823529411766 0.02091503267973856
4 0.7334558823529411 0.03071895424836601 0.02426470588235294 0.01699346405228758
4 0.5279411764705882 0.025490196078431372 0.01911764705882353 0.0196078431372549
4 0.5448529411764705 0.00980392156862745 0.01911764705882353 0.01699346405228758
3 0.5613970588235294 0.022222222222222223 0.008088235294117648 0.01568627450980392
6 0.7 0.03137254901960784 0.0058823529411764705 0.013071895424836602
3 0.6970588235294117 0.018300653594771243 0.011764705882352941 0.01568627450980392
4 0.7209558823529412 0.018300653594771243 0.021323529411764706 0.02091503267973856
3 0.7183823529411765 0.01568627450980392 0.022058823529411766 0.01568627450980392
4 0.7180147058823529 0.011111111111111112 0.025735294117647058 0.01699346405228758
9 0.6797794117647059 0.01764705882352941 0.003676470588235294 0.011764705882352941
1 0.6797794117647059 0.016339869281045753 0.003676470588235294 0.01437908496732026
0 0.56875 0.01045751633986928 0.003676470588235294 0.013071895424836602
0 0.5735294117647058 0.00849673202614379 0.004411764705882353 0.01699346405228758
0 0.5786764705882353 0.00784313725490196 0.0029411764705882353 0.01568627450980392
9 0.5871323529411765 0.00784313725490196 0.003676470588235294 0.013071895424836602
1 0.5875 0.0058823529411764705 0.0029411764705882353 0.011764705882352941