1 0.3165441176470588 0.6411764705882353 0.013970588235294118 0.03529411764705882
9 0.31838235294117645 0.6516339869281046 0.01911764705882353 0.03529411764705882
9 0.3558823529411765 0.826797385620915 0.022058823529411766 0.03790849673202614
0 0.4426470588235294 0.5084967320261438 0.010294117647058823 0.0392156862745098
1 0.5433823529411764 0.45816993464052286 0.007352941176470588 0.022222222222222223
9 0.5430147058823529 0.47058823529411764 0.008088235294117648 0.023529411764705882
3 0.4621323529411765 0.8980392156862745 0.04926470588235294 0.11764705882352941
4 0.35955882352941176 0.884313725490196 0.060294117647058824 0.12418300653594772
3 0.5014705882352941 0.5967320261437908 0.033823529411764704 0.07450980392156863
3 0.5264705882352941 0.5450980392156862 0.03235294117647059 0.06274509803921569
3 0.42720588235294116 0.4699346405228758 0.025 0.05359477124183006
3 0.3816176470588235 0.40784313725490196 0.05 0.036601307189542485
0 0.35551470588235295 0.3104575163398693 0.006617647058823529 0.027450980392156862
3 0.3577205882352941 0.23790849673202613 0.03161764705882353 0.026143790849673203
5 0.41507352941176473 0.3542483660130719 0.019852941176470587 0.06013071895424837
3 0.544485294117647 0.396078431372549 0.022794117647058822 0.0392156862745098
3 0.5308823529411765 0.3568627450980392 0.01911764705882353 0.03398692810457516
3 0.5183823529411765 0.330718954248366 0.01911764705882353 0.03398692810457516
4 0.5091911764705882 0.2751633986928105 0.013970588235294118 0.03790849673202614
3 0.45698529411764705 0.2372549019607843 0.013970588235294118 0.027450980392156862
3 0.4323529411764706 0.16601307189542483 0.011764705882352941 0.023529411764705882
3 0.41360294117647056 0.16209150326797386 0.015441176470588236 0.018300653594771243
1 0.4452205882352941 0.3588235294117647 0.006617647058823529 0.0196078431372549
1 0.5055147058823529 0.3686274509803922 0.006617647058823529 0.018300653594771243
1 0.4772058823529412 0.2830065359477124 0.0058823529411764705 0.01699346405228758
1 0.49264705882352944 0.2797385620915033 0.0058823529411764705 0.01568627450980392
9 0.5058823529411764 0.37712418300653594 0.007352941176470588 0.0196078431372549
9 0.4772058823529412 0.29215686274509806 0.007352941176470588 0.0196078431372549
9 0.49264705882352944 0.28823529411764703 0.007352941176470588 0.0196078431372549
2 0.4455882352941177 0.36797385620915035 0.007352941176470588 0.0196078431372549
4 0.4224264705882353 0.32222222222222224 0.015441176470588236 0.040522875816993466
4 0.4099264705882353 0.2934640522875817 0.015441176470588236 0.040522875816993466
3 0.6860294117647059 0.8490196078431372 0.051470588235294115 0.1111111111111111
1 0.6893382352941176 0.9150326797385621 0.009558823529411765 0.05228758169934641
9 0.6856617647058824 0.9176470588235294 0.03602941176470588 0.03137254901960784
9 0.6871323529411765 0.9660130718954248 0.022794117647058822 0.06274509803921569
9 0.7077205882352942 0.9810457516339869 0.015441176470588236 0.03790849673202614
3 0.6830882352941177 0.6777777777777778 0.054411764705882354 0.07712418300653595
3 0.65 0.5627450980392157 0.06470588235294118 0.06666666666666667
3 0.6415441176470589 0.5189542483660131 0.06544117647058824 0.054901960784313725
3 0.5878676470588236 0.42091503267973857 0.04926470588235294 0.036601307189542485
9 0.65 0.396078431372549 0.023529411764705882 0.023529411764705882
0 0.6547794117647059 0.3588235294117647 0.008088235294117648 0.03529411764705882
0 0.6518382352941177 0.3562091503267974 0.008088235294117648 0.03529411764705882
1 0.6650735294117647 0.39019607843137255 0.008088235294117648 0.01699346405228758
1 0.6628676470588235 0.38496732026143793 0.008088235294117648 0.01699346405228758
1 0.7702205882352942 0.6052287581699346 0.009558823529411765 0.03398692810457516
2 0.76875 0.6130718954248366 0.019852941176470587 0.03398692810457516
0 0.7841911764705882 0.6124183006535948 0.009558823529411765 0.02483660130718954
1 0.6867647058823529 0.4013071895424837 0.010294117647058823 0.023529411764705882
5 0.34595588235294117 0.48627450980392156 0.07573529411764705 0.05751633986928104
0 0.3779411764705882 0.2261437908496732 0.007352941176470588 0.018300653594771243
0 0.3790441176470588 0.22091503267973855 0.003676470588235294 0.018300653594771243
3 0.41102941176470587 0.2699346405228758 0.01911764705882353 0.032679738562091505
3 0.41360294117647056 0.25163398692810457 0.022794117647058822 0.030065359477124184
3 0.4125 0.238562091503268 0.023529411764705882 0.030065359477124184
4 0.39742647058823527 0.2111111111111111 0.028676470588235293 0.027450980392156862
3 0.3830882352941177 0.20130718954248367 0.029411764705882353 0.026143790849673203
6 0.46139705882352944 0.20130718954248367 0.011029411764705883 0.026143790849673203
3 0.5040441176470588 0.23137254901960785 0.030147058823529412 0.026143790849673203
3 0.48566176470588235 0.2196078431372549 0.013970588235294118 0.023529411764705882
3 0.4764705882352941 0.19019607843137254 0.011764705882352941 0.0196078431372549
0 0.46801470588235294 0.17908496732026144 0.003676470588235294 0.018300653594771243
5 0.4279411764705882 0.14640522875816994 0.011764705882352941 0.018300653594771243
3 0.40183823529411766 0.18758169934640523 0.013970588235294118 0.022222222222222223
3 0.3683823529411765 0.17973856209150327 0.029411764705882353 0.01699346405228758
3 0.34852941176470587 0.17254901960784313 0.029411764705882353 0.018300653594771243
3 0.36911764705882355 0.17124183006535948 0.027941176470588237 0.018300653594771243
3 0.3650735294117647 0.16339869281045752 0.027205882352941177 0.018300653594771243
3 0.35625 0.15816993464052287 0.027205882352941177 0.018300653594771243
3 0.3720588235294118 0.14901960784313725 0.025 0.023529411764705882
3 0.375 0.13790849673202615 0.022058823529411766 0.022222222222222223
3 0.39448529411764705 0.16797385620915034 0.022794117647058822 0.022222222222222223
4 0.4738970588235294 0.16405228758169935 0.016911764705882352 0.022222222222222223
3 0.46875 0.15751633986928104 0.022794117647058822 0.022222222222222223
3 0.46397058823529413 0.14313725490196078 0.022058823529411766 0.022222222222222223
3 0.40036764705882355 0.15098039215686274 0.013970588235294118 0.0196078431372549
4 0.39705882352941174 0.13790849673202615 0.014705882352941176 0.0196078431372549
3 0.43566176470588236 0.1300653594771242 0.011029411764705883 0.011764705882352941
1 0.9433823529411764 0.8947712418300654 0.011764705882352941 0.043137254901960784