6 0.008823529411764706 0.2457516339869281 0.01764705882352941 0.06274509803921569
3 0.05845588235294118 0.3111111111111111 0.0713235294117647 0.09673202614379085
3 0.04411764705882353 0.6202614379084967 0.08823529411764706 0.1477124183006536
6 0.07573529411764705 0.7431372549019608 0.08970588235294118 0.09019607843137255
1 0.08529411764705883 0.7411764705882353 0.03529411764705882 0.07581699346405228
3 0.6161764705882353 0.8718954248366013 0.08235294117647059 0.25620915032679736
6 0.7036764705882353 0.5013071895424837 0.03823529411764706 0.10588235294117647
1 0.7099264705882353 0.5006535947712418 0.021323529411764706 0.06274509803921569
3 0.6485294117647059 0.36013071895424836 0.052941176470588235 0.12418300653594772
3 0.6753676470588236 0.22679738562091503 0.04779411764705882 0.11895424836601307
1 0.6577205882352941 0.35490196078431374 0.01838235294117647 0.048366013071895426
9 0.5742647058823529 0.30915032679738563 0.023529411764705882 0.050980392156862744
1 0.5735294117647058 0.29477124183006537 0.01911764705882353 0.050980392156862744
9 0.5625 0.25098039215686274 0.01764705882352941 0.05228758169934641
1 0.5621323529411765 0.23921568627450981 0.016911764705882352 0.06013071895424837
3 0.5661764705882353 0.12941176470588237 0.030882352941176472 0.07581699346405228
3 0.45294117647058824 0.19477124183006536 0.07941176470588235 0.07320261437908497
3 0.4672794117647059 0.14901960784313725 0.05220588235294118 0.06797385620915032
5 0.4827205882352941 0.10196078431372549 0.10661764705882353 0.10980392156862745
9 0.48051470588235295 0.03725490196078431 0.011029411764705883 0.032679738562091505
3 0.5334558823529412 0.07581699346405228 0.07279411764705883 0.06274509803921569
3 0.5430147058823529 0.018300653594771243 0.07426470588235294 0.036601307189542485
3 0.6095588235294118 0.023529411764705882 0.030882352941176472 0.047058823529411764
0 0.830514705882353 0.09673202614379085 0.0125 0.05228758169934641
2 0.8172794117647059 0.23790849673202613 0.011029411764705883 0.04967320261437908
1 0.8169117647058823 0.2235294117647059 0.01764705882352941 0.054901960784313725
3 0.9367647058823529 0.13986928104575164 0.10147058823529412 0.06797385620915032
0 0.9426470588235294 0.1065359477124183 0.010294117647058823 0.043137254901960784
0 0.9591911764705883 0.12026143790849673 0.01838235294117647 0.04967320261437908
3 0.9650735294117647 0.2111111111111111 0.06985294117647059 0.07973856209150326
4 0.9742647058823529 0.24509803921568626 0.051470588235294115 0.08235294117647059
4 0.9827205882352941 0.28169934640522876 0.03455882352941177 0.09281045751633987
0 0.9253676470588236 0.3477124183006536 0.01838235294117647 0.06535947712418301
1 0.9268382352941177 0.33202614379084966 0.015441176470588236 0.047058823529411764
0 0.9341911764705882 0.33137254901960783 0.015441176470588236 0.058823529411764705
6 0.9790441176470588 0.40326797385620916 0.04191176470588235 0.08758169934640522
6 0.9886029411764706 0.10196078431372549 0.022794117647058822 0.04967320261437908
9 0.9808823529411764 0.06928104575163399 0.01764705882352941 0.036601307189542485
9 0.9628676470588236 0.045098039215686274 0.01838235294117647 0.027450980392156862
0 0.9838235294117647 0.5045751633986928 0.023529411764705882 0.07581699346405228