3 0.513235294117647 0.492156862745098 0.04411764705882353 0.10326797385620914
3 0.6095588235294118 0.5137254901960784 0.05 0.0915032679738562
3 0.6220588235294118 0.6189542483660131 0.06323529411764706 0.12679738562091503
3 0.5919117647058824 0.3535947712418301 0.041176470588235294 0.06405228758169934
3 0.5742647058823529 0.23790849673202613 0.029411764705882353 0.047058823529411764
3 0.6242647058823529 0.24444444444444444 0.051470588235294115 0.05751633986928104
3 0.2580882352941177 0.5967320261437908 0.13088235294117648 0.10588235294117647
3 0.25588235294117645 0.7856209150326797 0.08088235294117647 0.17516339869281045
4 0.33051470588235293 0.4542483660130719 0.05661764705882353 0.12156862745098039
3 0.3584558823529412 0.3993464052287582 0.04044117647058824 0.08496732026143791
7 0.45441176470588235 0.3993464052287582 0.03529411764705882 0.09019607843137255
3 0.4764705882352941 0.22875816993464052 0.026470588235294117 0.05751633986928104
3 0.4738970588235294 0.15294117647058825 0.02426470588235294 0.044444444444444446
9 0.7220588235294118 0.5875816993464053 0.04264705882352941 0.048366013071895426
9 0.7220588235294118 0.534640522875817 0.03529411764705882 0.0392156862745098
9 0.12573529411764706 0.469281045751634 0.027941176470588237 0.05228758169934641
9 0.08235294117647059 0.9751633986928104 0.058823529411764705 0.04967320261437908
9 0.05625 0.9705882352941176 0.03455882352941177 0.043137254901960784
2 0.06985294117647059 0.8921568627450981 0.03823529411764706 0.09803921568627451
2 0.05588235294117647 0.6045751633986928 0.03823529411764706 0.058823529411764705
2 0.7224264705882353 0.21895424836601307 0.01838235294117647 0.027450980392156862
0 0.8430147058823529 0.5464052287581699 0.016911764705882352 0.07058823529411765
0 0.8658088235294118 0.5339869281045752 0.016911764705882352 0.06405228758169934
0 0.6602941176470588 0.19281045751633988 0.007352941176470588 0.03529411764705882
1 0.5536764705882353 0.28104575163398693 0.013235294117647059 0.044444444444444446
9 0.5547794117647059 0.2908496732026144 0.011029411764705883 0.03790849673202614
3 0.5525735294117647 0.17973856209150327 0.027205882352941177 0.040522875816993466
7 0.4345588235294118 0.1934640522875817 0.01764705882352941 0.047058823529411764
3 0.3669117647058823 0.22679738562091503 0.06764705882352941 0.048366013071895426
4 0.4047794117647059 0.19281045751633988 0.022794117647058822 0.06405228758169934
3 0.38823529411764707 0.15947712418300652 0.04264705882352941 0.05228758169934641
3 0.7768382352941177 0.6673202614379085 0.0625 0.11633986928104575
3 0.5661764705882353 0.14901960784313725 0.03676470588235294 0.0392156862745098
3 0.6139705882352942 0.16013071895424835 0.05 0.03790849673202614
1 0.5290441176470588 0.13725490196078433 0.009558823529411765 0.026143790849673203
2 0.5283088235294118 0.1477124183006536 0.011029411764705883 0.02091503267973856
3 0.45183823529411765 0.05359477124183006 0.016911764705882352 0.02875816993464052
3 0.6599264705882353 0.10392156862745099 0.025735294117647058 0.032679738562091505
3 0.6830882352941177 0.08496732026143791 0.03529411764705882 0.03137254901960784
3 0.6647058823529411 0.06993464052287582 0.016176470588235296 0.030065359477124184
3 0.46948529411764706 0.0392156862745098 0.015441176470588236 0.026143790849673203
3 0.4511029411764706 0.02875816993464052 0.01838235294117647 0.02875816993464052
3 0.47095588235294117 0.023529411764705882 0.013970588235294118 0.02875816993464052
3 0.45698529411764705 0.013725490196078431 0.013970588235294118 0.027450980392156862
3 0.51875 0.02875816993464052 0.0125 0.023529411764705882
0 0.5481617647058824 0.0934640522875817 0.008088235294117648 0.032679738562091505
1 0.46911764705882353 0.07777777777777778 0.0058823529411764705 0.022222222222222223
2 0.46875 0.08496732026143791 0.008088235294117648 0.01568627450980392
1 0.5463235294117647 0.06013071895424837 0.004411764705882353 0.02091503267973856
1 0.5327205882352941 0.03790849673202614 0.005147058823529412 0.018300653594771243
1 0.5191176470588236 0.05032679738562092 0.0029411764705882353 0.01699346405228758
1 0.5150735294117647 0.05163398692810457 0.006617647058823529 0.01699346405228758
9 0.51875 0.05751633986928104 0.009558823529411765 0.01568627450980392
9 0.5330882352941176 0.0457516339869281 0.004411764705882353 0.01568627450980392
0 0.5643382352941176 0.0934640522875817 0.003676470588235294 0.0196078431372549
0 0.5643382352941176 0.08954248366013072 0.003676470588235294 0.022222222222222223
0 0.6481617647058824 0.1326797385620915 0.005147058823529412 0.02483660130718954
0 0.6584558823529412 0.14248366013071895 0.005147058823529412 0.023529411764705882
0 0.6591911764705882 0.15359477124183007 0.003676470588235294 0.0196078431372549
0 0.6514705882352941 0.14705882352941177 0.004411764705882353 0.022222222222222223
0 0.743014705882353 0.24313725490196078 0.011029411764705883 0.044444444444444446
9 0.6360294117647058 0.2823529411764706 0.023529411764705882 0.03398692810457516
3 0.9051470588235294 0.9464052287581699 0.11323529411764706 0.10718954248366012
9 0.6731617647058824 0.16666666666666666 0.015441176470588236 0.022222222222222223
4 0.54375 0.013725490196078431 0.013970588235294118 0.02483660130718954
9 0.5569852941176471 0.0915032679738562 0.006617647058823529 0.018300653594771243
0 0.6466911764705883 0.044444444444444446 0.003676470588235294 0.018300653594771243
0 0.6455882352941177 0.042483660130718956 0.004411764705882353 0.022222222222222223
0 0.18566176470588236 0.4084967320261438 0.016911764705882352 0.05620915032679739
0 0.2974264705882353 0.20392156862745098 0.008088235294117648 0.03398692810457516
9 0.69375 0.48627450980392156 0.03602941176470588 0.036601307189542485
9 0.6683823529411764 0.3908496732026144 0.039705882352941174 0.036601307189542485