3 0.02426470588235294 0.5888888888888889 0.047058823529411764 0.11633986928104575
6 0.08713235294117647 0.7483660130718954 0.08455882352941177 0.08235294117647059
3 0.21029411764705883 0.7509803921568627 0.13088235294117648 0.1111111111111111
1 0.4944852941176471 0.8084967320261438 0.019852941176470587 0.05620915032679739
9 0.4878676470588235 0.8196078431372549 0.05220588235294118 0.05751633986928104
0 0.4459558823529412 0.7130718954248366 0.019852941176470587 0.07973856209150326
4 0.5397058823529411 0.7215686274509804 0.10882352941176471 0.11241830065359477
1 0.5110294117647058 0.6555555555555556 0.022058823529411766 0.05359477124183006
1 0.4636029411764706 0.6496732026143791 0.011029411764705883 0.05228758169934641
1 0.4753676470588235 0.6398692810457516 0.015441176470588236 0.03790849673202614
3 0.70625 0.6666666666666666 0.11985294117647059 0.13071895424836602
0 0.6621323529411764 0.630718954248366 0.011029411764705883 0.043137254901960784
6 0.8220588235294117 0.6503267973856209 0.058823529411764705 0.05359477124183006
1 0.8143382352941176 0.615686274509804 0.016911764705882352 0.0392156862745098
0 0.6555147058823529 0.5725490196078431 0.01838235294117647 0.054901960784313725
0 0.5323529411764706 0.5934640522875817 0.014705882352941176 0.054901960784313725
0 0.5316176470588235 0.5745098039215686 0.010294117647058823 0.03790849673202614
0 0.5150735294117647 0.5575163398692811 0.015441176470588236 0.0457516339869281
0 0.5426470588235294 0.5607843137254902 0.013235294117647059 0.06535947712418301
0 0.5397058823529411 0.5352941176470588 0.008823529411764706 0.0457516339869281
1 0.5731617647058823 0.5 0.0125 0.03529411764705882
0 0.6724264705882353 0.5392156862745098 0.015441176470588236 0.06666666666666667
1 0.5941176470588235 0.5013071895424837 0.010294117647058823 0.030065359477124184
5 0.4261029411764706 0.465359477124183 0.05220588235294118 0.17516339869281045
0 0.4713235294117647 0.4189542483660131 0.013235294117647059 0.06405228758169934
7 0.6540441176470588 0.426797385620915 0.08897058823529412 0.10065359477124183
0 0.6797794117647059 0.3535947712418301 0.011029411764705883 0.05620915032679739
0 0.6871323529411765 0.37254901960784315 0.008088235294117648 0.03398692810457516
1 0.825735294117647 0.41830065359477125 0.01764705882352941 0.03137254901960784
9 0.85625 0.44052287581699345 0.03308823529411765 0.044444444444444446
1 0.9088235294117647 0.5509803921568628 0.026470588235294117 0.03790849673202614
1 0.8981617647058824 0.5326797385620915 0.027205882352941177 0.0457516339869281
1 0.9889705882352942 0.5222222222222223 0.016176470588235296 0.03790849673202614
1 0.9959558823529412 0.5424836601307189 0.008088235294117648 0.02875816993464052
1 0.9459558823529411 0.4954248366013072 0.011029411764705883 0.04183006535947712
0 0.8886029411764705 0.4065359477124183 0.016911764705882352 0.054901960784313725
0 0.8205882352941176 0.34901960784313724 0.013235294117647059 0.06013071895424837
7 0.8099264705882353 0.32745098039215687 0.06838235294117648 0.09019607843137255