3 0.4981732776617954 0.8042671614100185 0.02348643006263048 0.07977736549165121
3 0.49191022964509395 0.725417439703154 0.02348643006263048 0.07421150278293136
3 0.4660751565762004 0.7360853432282004 0.020876826722338204 0.07328385899814471
4 0.43502087682672236 0.7388682745825603 0.02348643006263048 0.07884972170686456
3 0.4081419624217119 0.7430426716141002 0.021920668058455117 0.07050092764378478
2 0.38778705636743216 0.7940630797773655 0.008350730688935281 0.029684601113172542
9 0.38126304801670147 0.7908163265306123 0.007828810020876827 0.036178107606679034
5 0.4791231732776618 0.5533395176252319 0.028183716075156576 0.09554730983302412
3 0.45328810020876825 0.5157699443413729 0.019311064718162838 0.04823747680890538
3 0.473643006263048 0.5 0.013048016701461378 0.03525046382189239
3 0.4681628392484342 0.462430426716141 0.022964509394572025 0.045454545454545456
3 0.45015657620041755 0.46614100185528756 0.016179540709812108 0.045454545454545456
4 0.44676409185803756 0.41929499072356213 0.015657620041753653 0.04823747680890538
5 0.46737995824634654 0.4104823747680891 0.02139874739039666 0.06029684601113173
4 0.4639874739039666 0.3673469387755102 0.013569937369519834 0.03710575139146568
3 0.45668058455114824 0.31910946196660483 0.014613778705636743 0.03525046382189239
3 0.4548538622129436 0.2690166975881262 0.014091858037578288 0.03339517625231911
3 0.6140396659707724 0.2680890538033395 0.01722338204592902 0.027829313543599257
3 0.6330897703549061 0.26484230055658625 0.017745302713987474 0.026901669758812616
3 0.6529227557411273 0.262987012987013 0.019832985386221295 0.036178107606679034
3 0.7466075156576201 0.4772727272727273 0.029749478079331943 0.045454545454545456
4 0.8483820459290188 0.26391465677179965 0.02244258872651357 0.030612244897959183
3 0.8355949895615866 0.2717996289424861 0.024008350730688934 0.03153988868274583
3 0.7886221294363257 0.2388682745825603 0.030271398747390398 0.026901669758812616
4 0.730427974947808 0.24443413729128013 0.0255741127348643 0.026901669758812616
5 0.7419102296450939 0.3205009276437848 0.038100208768267224 0.06771799628942486
5 0.7288622129436325 0.22170686456400743 0.05375782881002088 0.04452690166975881
4 0.7280793319415448 0.19666048237476808 0.026096033402922755 0.027829313543599257
4 0.7343423799582464 0.18552875695732837 0.021920668058455117 0.02040816326530612
4 0.7479123173277662 0.18089053803339517 0.021920668058455117 0.02411873840445269
4 0.7839248434237995 0.16743970315398887 0.021920668058455117 0.032467532467532464
3 0.7967118997912317 0.20315398886827457 0.027661795407098122 0.022263450834879406
5 0.8551670146137788 0.09554730983302412 0.04749478079331942 0.03153988868274583
5 0.8048016701461378 0.10111317254174397 0.04175365344467641 0.022263450834879406
5 0.7019832985386222 0.10714285714285714 0.031315240083507306 0.023191094619666047
0 0.6597077244258872 0.11688311688311688 0.005219206680584551 0.014842300556586271
4 0.6573590814196242 0.11038961038961038 0.019311064718162838 0.02040816326530612
5 0.6236951983298539 0.10899814471243043 0.029227557411273485 0.02504638218923933
3 0.5401878914405011 0.1150278293135436 0.022964509394572025 0.016697588126159554
5 0.5511482254697286 0.09415584415584416 0.028183716075156576 0.026901669758812616
5 0.5795929018789144 0.1038961038961039 0.029749478079331943 0.027829313543599257
1 0.44754697286012524 0.09322820037105752 0.0026096033402922755 0.012059369202226345
9 0.4470250521920668 0.09740259740259741 0.006784968684759917 0.011131725417439703
9 0.44154488517745305 0.23515769944341372 0.009394572025052192 0.01020408163265306
1 0.4418058455114823 0.2305194805194805 0.0036534446764091857 0.015769944341372914
0 0.3987473903966597 0.12987012987012986 0.0041753653444676405 0.016697588126159554
4 0.4420668058455115 0.07653061224489796 0.011482254697286013 0.0287569573283859
0 0.4553757828810021 0.03385899814471243 0.0036534446764091857 0.01020408163265306
0 0.42458246346555323 0.059369202226345084 0.0036534446764091857 0.012987012987012988
3 0.39744258872651356 0.08534322820037106 0.016179540709812108 0.01855287569573284
3 0.40501043841336115 0.07931354359925788 0.018789144050104383 0.017625231910946195
3 0.40944676409185804 0.0728200371057514 0.015135699373695199 0.013914656771799629
3 0.41414405010438415 0.06771799628942486 0.016179540709812108 0.014842300556586271
0 0.3883089770354906 0.14192949907235622 0.005219206680584551 0.016697588126159554
3 0.3703027139874739 0.1572356215213358 0.02244258872651357 0.01948051948051948
3 0.36247390396659707 0.1725417439703154 0.02139874739039666 0.01855287569573284
7 0.3609081419624217 0.2054730983302412 0.01826722338204593 0.023191094619666047
0 0.37656576200417535 0.30241187384044527 0.0036534446764091857 0.016697588126159554
5 0.4308455114822547 0.3205009276437848 0.015135699373695199 0.05102040816326531
3 0.3836116910229645 0.449443413729128 0.03653444676409186 0.026901669758812616
3 0.3828288100208768 0.4684601113172542 0.03496868475991649 0.02040816326530612
4 0.38674321503131526 0.4907235621521336 0.037578288100208766 0.03339517625231911
3 0.3838726513569937 0.5208719851576994 0.037056367432150315 0.026901669758812616
3 0.38648225469728603 0.5417439703153989 0.03914405010438413 0.02040816326530612
5 0.3862212943632568 0.5663265306122449 0.05636743215031315 0.05844155844155844
3 0.6022964509394572 0.008812615955473098 0.008350730688935281 0.013914656771799629