3 0.41785714285714287 0.4993654822335025 0.045714285714285714 0.04187817258883249
3 0.36892857142857144 0.4137055837563452 0.020714285714285713 0.07360406091370558
3 0.3385714285714286 0.41243654822335024 0.022857142857142857 0.09137055837563451
3 0.3125 0.4200507614213198 0.023571428571428573 0.09644670050761421
3 0.28035714285714286 0.4156091370558376 0.025 0.09263959390862944
3 0.24607142857142858 0.43083756345177665 0.02642857142857143 0.09517766497461928
3 0.20642857142857143 0.45685279187817257 0.04428571428571428 0.07868020304568528
3 0.17892857142857144 0.4860406091370558 0.047857142857142855 0.07614213197969544
3 0.13071428571428573 0.48223350253807107 0.045714285714285714 0.07360406091370558
3 0.08642857142857142 0.48413705583756345 0.041428571428571426 0.08248730964467005
3 0.04357142857142857 0.48286802030456855 0.04285714285714286 0.07741116751269035
3 0.01607142857142857 0.47652284263959394 0.03214285714285714 0.0850253807106599
3 0.42678571428571427 0.6763959390862944 0.02214285714285714 0.09390862944162437
3 0.40035714285714286 0.675761421319797 0.02214285714285714 0.0901015228426396
3 0.3717857142857143 0.6649746192893401 0.02214285714285714 0.09137055837563451
3 0.3442857142857143 0.6725888324873096 0.022857142857142857 0.09390862944162437
3 0.31892857142857145 0.6821065989847716 0.023571428571428573 0.09771573604060914
3 0.2882142857142857 0.675761421319797 0.02214285714285714 0.10279187817258884
3 0.26035714285714284 0.684010152284264 0.02214285714285714 0.08629441624365482
3 0.23285714285714285 0.6763959390862944 0.02142857142857143 0.07360406091370558
3 0.20607142857142857 0.6738578680203046 0.023571428571428573 0.09137055837563451
3 0.1792857142857143 0.6694162436548223 0.02142857142857143 0.09263959390862944
3 0.15107142857142858 0.666243654822335 0.023571428571428573 0.09137055837563451
3 0.12464285714285714 0.6751269035532995 0.023571428571428573 0.08883248730964467
3 0.09785714285714285 0.6719543147208121 0.025714285714285714 0.08248730964467005
3 0.07071428571428572 0.6700507614213198 0.022857142857142857 0.08375634517766498
3 0.04392857142857143 0.6700507614213198 0.025 0.09137055837563451
3 0.013571428571428571 0.6694162436548223 0.022857142857142857 0.07233502538071065
3 0.19071428571428573 0.7671319796954315 0.05142857142857143 0.03934010152284264
3 0.1175 0.7607868020304569 0.05928571428571429 0.04187817258883249
3 0.031071428571428573 0.7531725888324873 0.05928571428571429 0.04187817258883249
3 0.2825 0.7595177664974619 0.04928571428571429 0.03680203045685279
3 0.3475 0.7595177664974619 0.052142857142857144 0.03680203045685279
3 0.5410714285714285 0.7899746192893401 0.023571428571428573 0.08756345177664974
3 0.5710714285714286 0.7944162436548223 0.02214285714285714 0.09137055837563451
3 0.6053571428571428 0.7988578680203046 0.025 0.09771573604060914
3 0.6382142857142857 0.7848984771573604 0.025 0.08248730964467005
3 0.6714285714285714 0.7975888324873096 0.02142857142857143 0.06979695431472081
3 0.7017857142857142 0.799492385786802 0.030714285714285715 0.09137055837563451
3 0.7342857142857143 0.7925126903553299 0.03142857142857143 0.0850253807106599
3 0.7671428571428571 0.8001269035532995 0.03142857142857143 0.09517766497461928
3 0.8014285714285714 0.8071065989847716 0.03428571428571429 0.09390862944162437
3 0.7221428571428572 0.6535532994923858 0.05142857142857143 0.03807106598984772
3 0.6267857142857143 0.5697969543147208 0.05071428571428571 0.03807106598984772
3 0.6646428571428571 0.4847715736040609 0.05071428571428571 0.04314720812182741
3 0.5332142857142858 0.4029187817258883 0.020714285714285713 0.0799492385786802
3 0.7192857142857143 0.17893401015228427 0.04857142857142857 0.04060913705583756
3 0.5682142857142857 0.04949238578680203 0.023571428571428573 0.09898477157360407
3 0.5360714285714285 0.061548223350253804 0.023571428571428573 0.09517766497461928
3 0.6485714285714286 0.0399746192893401 0.022857142857142857 0.0799492385786802
3 0.48857142857142855 0.17766497461928935 0.04285714285714286 0.03807106598984772
4 0.5292857142857142 0.27347715736040606 0.025714285714285714 0.10786802030456853
3 0.9575 0.8191624365482234 0.027857142857142858 0.0901015228426396
3 0.9896428571428572 0.8147208121827412 0.020714285714285713 0.08883248730964467
3 0.8635714285714285 0.983502538071066 0.05 0.030456852791878174
4 0.42964285714285716 0.8280456852791879 0.05071428571428571 0.04187817258883249
3 0.2042857142857143 0.9612944162436549 0.05142857142857143 0.04949238578680203
3 0.14035714285714285 0.9803299492385786 0.056428571428571425 0.03680203045685279
3 0.07785714285714286 0.9803299492385786 0.05 0.03680203045685279
0 0.4807142857142857 0.8794416243654822 0.007142857142857143 0.015228426395939087
0 0.4857142857142857 0.8654822335025381 0.004285714285714286 0.017766497461928935
0 0.41964285714285715 0.4397208121827411 0.009285714285714286 0.013959390862944163
0 0.43357142857142855 0.4333756345177665 0.004285714285714286 0.013959390862944163
0 0.42857142857142855 0.42258883248730966 0.005714285714285714 0.015228426395939087
0 0.8521428571428571 0.07614213197969544 0.01 0.02030456852791878
0 0.83 0.09454314720812183 0.011428571428571429 0.01903553299492386
1 0.8382142857142857 0.09200507614213198 0.010714285714285714 0.021573604060913704