3 0.6671428571428571 0.9815989847715736 0.018571428571428572 0.03426395939086294
8 0.7110714285714286 0.9035532994923858 0.02214285714285714 0.0583756345177665
3 0.705 0.7741116751269036 0.024285714285714285 0.048223350253807105
3 0.7557142857142857 0.6681472081218274 0.02857142857142857 0.044416243654822336
3 0.7807142857142857 0.5812182741116751 0.02 0.05583756345177665
3 0.8132142857142857 0.5520304568527918 0.020714285714285713 0.050761421319796954
3 0.8235714285714286 0.4980964467005076 0.02 0.05710659898477157
3 0.8025 0.4866751269035533 0.017857142857142856 0.04949238578680203
3 0.7657142857142857 0.5126903553299492 0.018571428571428572 0.048223350253807105
5 0.7532142857142857 0.5881979695431472 0.03642857142857143 0.10786802030456853
3 0.8321428571428572 0.44416243654822335 0.014285714285714285 0.048223350253807105
3 0.8117857142857143 0.3965736040609137 0.019285714285714285 0.05203045685279188
3 0.8389285714285715 0.3870558375634518 0.016428571428571428 0.0532994923857868
3 0.8435714285714285 0.3362944162436548 0.015714285714285715 0.04568527918781726
3 0.8485714285714285 0.2887055837563452 0.015714285714285715 0.04949238578680203
4 0.8528571428571429 0.23413705583756345 0.017142857142857144 0.04949238578680203
3 0.81 0.2303299492385787 0.012857142857142857 0.04187817258883249
3 0.8092857142857143 0.17956852791878172 0.014285714285714285 0.046954314720812185
3 0.8564285714285714 0.18591370558375633 0.015714285714285715 0.046954314720812185
3 0.8721428571428571 0.022208121827411168 0.014285714285714285 0.044416243654822336
0 0.8857142857142857 0.16560913705583757 0.01 0.01649746192893401
3 0.925 0.13261421319796954 0.027142857142857142 0.0266497461928934
3 0.6707142857142857 0.6941624365482234 0.03 0.030456852791878174
3 0.6278571428571429 0.7112944162436549 0.02857142857142857 0.03426395939086294
3 0.56 0.6795685279187818 0.03142857142857143 0.031725888324873094
3 0.45321428571428574 0.6681472081218274 0.03214285714285714 0.031725888324873094
3 0.5135714285714286 0.616751269035533 0.02857142857142857 0.027918781725888325
8 0.3582142857142857 0.6161167512690355 0.039285714285714285 0.03934010152284264
5 0.26071428571428573 0.501269035532995 0.045714285714285714 0.04314720812182741
5 0.18607142857142858 0.4651015228426396 0.047857142857142855 0.046954314720812185
5 0.09642857142857143 0.41624365482233505 0.06857142857142857 0.0583756345177665
3 0.05142857142857143 0.5006345177664975 0.02857142857142857 0.02918781725888325