0 0.4278571428571429 0.7068527918781726 0.011428571428571429 0.025380710659898477
0 0.47714285714285715 0.6535532994923858 0.008571428571428572 0.030456852791878174
0 0.21535714285714286 0.6713197969543148 0.010714285714285714 0.027918781725888325
0 0.18142857142857144 0.6941624365482234 0.014285714285714285 0.03553299492385787
0 0.17 0.6986040609137056 0.012857142857142857 0.02918781725888325
0 0.20392857142857143 0.5818527918781726 0.012142857142857143 0.031725888324873094
0 0.18035714285714285 0.559010152284264 0.013571428571428571 0.03426395939086294
0 0.18785714285714286 0.5501269035532995 0.014285714285714285 0.02918781725888325
0 0.2789285714285714 0.6154822335025381 0.013571428571428571 0.030456852791878174
0 0.5239285714285714 0.758248730964467 0.007857142857142858 0.031725888324873094
0 0.5753571428571429 0.7239847715736041 0.012142857142857143 0.031725888324873094
0 0.5789285714285715 0.7614213197969543 0.010714285714285714 0.030456852791878174
0 0.5860714285714286 0.6890862944162437 0.013571428571428571 0.027918781725888325
0 0.6732142857142858 0.6370558375634517 0.012142857142857143 0.027918781725888325
0 0.8128571428571428 0.6294416243654822 0.014285714285714285 0.025380710659898477
0 0.8607142857142858 0.6269035532994924 0.012857142857142857 0.03299492385786802
0 0.9332142857142857 0.5856598984771574 0.017857142857142856 0.0266497461928934
3 0.025 0.6338832487309645 0.04 0.12055837563451777
3 0.04392857142857143 0.8711928934010152 0.04928571428571429 0.1484771573604061
3 0.07 0.690989847715736 0.04285714285714286 0.12055837563451777
4 0.07464285714285715 0.3686548223350254 0.039285714285714285 0.10279187817258884
0 0.1325 0.682741116751269 0.015 0.027918781725888325
0 0.1525 0.6706852791878173 0.015 0.02918781725888325
0 0.5267857142857143 0.7411167512690355 0.010714285714285714 0.025380710659898477
0 0.5853571428571429 0.7214467005076142 0.009285714285714286 0.0266497461928934
0 0.3985714285714286 0.7684010152284264 0.011428571428571429 0.02918781725888325
0 0.5907142857142857 0.7442893401015228 0.01 0.02918781725888325
0 0.6117857142857143 0.6986040609137056 0.009285714285714286 0.021573604060913704
0 0.6564285714285715 0.6776649746192893 0.011428571428571429 0.02284263959390863
0 0.6635714285714286 0.6916243654822335 0.01 0.025380710659898477
0 0.8671428571428571 0.6313451776649747 0.015714285714285715 0.031725888324873094
0 0.9685714285714285 0.5621827411167513 0.02 0.03299492385786802
0 0.9775 0.5634517766497462 0.012142857142857143 0.025380710659898477