4 0.17464285714285716 0.9549492385786802 0.075 0.08756345177664974
4 0.1982142857142857 0.8838832487309645 0.07214285714285715 0.07487309644670051
4 0.21107142857142858 0.8229695431472082 0.06785714285714285 0.05964467005076142
3 0.2517857142857143 0.6846446700507615 0.056428571428571425 0.06472081218274112
3 0.3107142857142857 0.46890862944162437 0.025714285714285714 0.05203045685279188
3 0.3007142857142857 0.39911167512690354 0.025714285714285714 0.04187817258883249
3 0.16 0.5329949238578681 0.032857142857142856 0.05583756345177665
4 0.22392857142857142 0.42449238578680204 0.030714285714285715 0.07741116751269035
4 0.3275 0.20748730964467005 0.035 0.03426395939086294
4 0.2546428571428571 0.20621827411167512 0.03357142857142857 0.031725888324873094
8 0.05607142857142857 0.1967005076142132 0.07928571428571428 0.06345177664974619
8 0.09142857142857143 0.15291878172588833 0.07714285714285714 0.06218274111675127
8 0.115 0.13959390862944163 0.07 0.05583756345177665
8 0.14107142857142857 0.1148477157360406 0.06928571428571428 0.05964467005076142
8 0.15821428571428572 0.10152284263959391 0.06357142857142857 0.048223350253807105
8 0.17785714285714285 0.09137055837563451 0.06285714285714286 0.048223350253807105
8 0.19 0.08058375634517767 0.06142857142857143 0.04187817258883249
8 0.20392857142857143 0.0717005076142132 0.05785714285714286 0.04949238578680203
8 0.21892857142857142 0.06281725888324872 0.05928571428571429 0.04949238578680203
8 0.23464285714285715 0.04251269035532995 0.056428571428571425 0.044416243654822336
8 0.25642857142857145 0.03362944162436548 0.05142857142857143 0.04187817258883249
8 0.22071428571428572 0.03426395939086294 0.054285714285714284 0.050761421319796954
8 0.02 0.125 0.04 0.06472081218274112
5 0.08964285714285715 0.08312182741116751 0.027857142857142858 0.03934010152284264
3 0.5160714285714286 0.22525380710659898 0.023571428571428573 0.044416243654822336
3 0.5642857142857143 0.2772842639593909 0.024285714285714285 0.044416243654822336
3 0.7303571428571428 0.37119289340101524 0.03785714285714286 0.0850253807106599
3 0.5185714285714286 0.056472081218274114 0.015714285714285715 0.031725888324873094
3 0.5614285714285714 0.07233502538071065 0.017142857142857144 0.027918781725888325
4 0.5803571428571429 0.17766497461928935 0.020714285714285713 0.04568527918781726