3 0.05271398747390397 0.49907235621521334 0.024008350730688934 0.02040816326530612
3 0.13883089770354906 0.511595547309833 0.025052192066805846 0.026901669758812616
3 0.21059498956158665 0.5185528756957328 0.03288100208768267 0.03153988868274583
3 0.24399791231732776 0.5241187384044527 0.029749478079331943 0.02040816326530612
3 0.27687891440501045 0.5301484230055659 0.03288100208768267 0.023191094619666047
9 0.29671189979123175 0.5190166975881262 0.010960334029227558 0.015769944341372914
1 0.1448329853862213 0.5802411873840445 0.009916492693110648 0.015769944341372914
1 0.14744258872651356 0.5760667903525046 0.006784968684759917 0.01855287569573284
1 0.16231732776617955 0.5830241187384044 0.008350730688935281 0.012059369202226345
1 0.17379958246346555 0.5732838589981447 0.005219206680584551 0.01855287569573284
1 0.1808455114822547 0.5728200371057514 0.005741127348643006 0.021335807050092765
1 0.18397703549060543 0.576530612244898 0.007828810020876827 0.01948051948051948
1 0.1912839248434238 0.5788497217068646 0.004697286012526096 0.012987012987012988
1 0.19754697286012526 0.576530612244898 0.004697286012526096 0.013914656771799629
1 0.1970250521920668 0.5718923933209648 0.007828810020876827 0.015769944341372914
1 0.2017223382045929 0.5695732838589982 0.007828810020876827 0.014842300556586271
0 0.2111169102296451 0.5630797773654916 0.008872651356993737 0.025974025974025976
1 0.2319937369519833 0.5718923933209648 0.008872651356993737 0.021335807050092765
9 0.2784446764091858 0.5528756957328386 0.013048016701461378 0.02040816326530612
9 0.3235908141962422 0.5589053803339518 0.012526096033402923 0.021335807050092765
0 0.34029227557411273 0.5500927643784786 0.005219206680584551 0.025974025974025976
0 0.34890396659707723 0.5500927643784786 0.007828810020876827 0.025974025974025976
0 0.3455114822546973 0.5398886827458256 0.003131524008350731 0.01855287569573284
6 0.31002087682672236 0.5463821892393321 0.018789144050104383 0.03525046382189239
9 0.29879958246346555 0.5398886827458256 0.013048016701461378 0.016697588126159554
7 0.3742171189979123 0.525974025974026 0.022964509394572025 0.025974025974025976
6 0.41701461377870563 0.5640074211502782 0.018789144050104383 0.03525046382189239
9 0.40631524008350733 0.5677179962894249 0.010960334029227558 0.025974025974025976
9 0.3930062630480167 0.5672541743970315 0.012526096033402923 0.01948051948051948
9 0.3870041753653445 0.5672541743970315 0.012004175365344467 0.01948051948051948
9 0.37656576200417535 0.564935064935065 0.010960334029227558 0.01855287569573284
6 0.37917536534446766 0.5565862708719852 0.02139874739039666 0.01855287569573284
3 0.43710855949895616 0.5681818181818182 0.03288100208768267 0.03432282003710575
3 0.4626826722338205 0.5705009276437848 0.029749478079331943 0.03525046382189239
7 0.4804279749478079 0.5723562152133581 0.02139874739039666 0.03896103896103896
0 0.479384133611691 0.5820964749536178 0.008872651356993737 0.03432282003710575
0 0.4846033402922756 0.5783858998144712 0.009916492693110648 0.032467532467532464
0 0.4890396659707724 0.577922077922078 0.007306889352818371 0.029684601113172542
0 0.49373695198329853 0.5793135435992579 0.006263048016701462 0.036178107606679034
0 0.49608559498956156 0.5797773654916512 0.005741127348643006 0.029684601113172542
0 0.5010438413361169 0.5797773654916512 0.007306889352818371 0.03153988868274583
0 0.5036534446764092 0.5797773654916512 0.006263048016701462 0.03525046382189239
3 0.532098121085595 0.5802411873840445 0.027661795407098122 0.038033395176252316
3 0.5542797494780793 0.5862708719851577 0.030271398747390398 0.03710575139146568
5 0.5626304801670147 0.5435992578849722 0.04592901878914405 0.04081632653061224
4 0.5824634655532359 0.5848794063079777 0.028183716075156576 0.045454545454545456
3 0.6075156576200418 0.5932282003710575 0.028183716075156576 0.038033395176252316
3 0.6359603340292276 0.5913729128014842 0.031837160751565764 0.038033395176252316
3 0.6745824634655533 0.6006493506493507 0.027661795407098122 0.039888682745825604
3 0.6299582463465553 0.550556586270872 0.028183716075156576 0.032467532467532464
4 0.6581419624217119 0.5538033395176253 0.026096033402922755 0.03525046382189239
3 0.6931106471816284 0.5616883116883117 0.022964509394572025 0.0287569573283859
3 0.7231210855949896 0.5644712430426716 0.02244258872651357 0.038033395176252316
1 0.7552192066805845 0.5760667903525046 0.007306889352818371 0.02411873840445269
0 0.7732254697286013 0.5714285714285714 0.009916492693110648 0.029684601113172542
3 0.7690501043841336 0.5663265306122449 0.016179540709812108 0.036178107606679034
0 0.7904488517745303 0.6164192949907236 0.012004175365344467 0.041743970315398886
4 0.8322025052192067 0.6210575139146568 0.0652400835073069 0.05658627087198516
9 0.880741127348643 0.635899814471243 0.014091858037578288 0.023191094619666047
9 0.8966597077244259 0.6368274582560297 0.021920668058455117 0.0287569573283859
9 0.9151878914405011 0.640074211502783 0.010960334029227558 0.029684601113172542
1 0.912839248434238 0.6233766233766234 0.010438413361169102 0.022263450834879406
6 0.8966597077244259 0.6219851576994434 0.020876826722338204 0.030612244897959183
6 0.7961899791231732 0.5797773654916512 0.03496868475991649 0.03339517625231911
6 0.8426409185803758 0.5853432282003711 0.031837160751565764 0.03153988868274583
0 0.8502087682672234 0.5816326530612245 0.007306889352818371 0.03153988868274583
6 0.8431628392484343 0.6117810760667903 0.02244258872651357 0.0287569573283859
9 0.9298016701461378 0.5909090909090909 0.014091858037578288 0.025974025974025976
0 0.9707724425887265 0.6280148423005566 0.015657620041753653 0.03896103896103896
6 0.9650313152400835 0.6233766233766234 0.05219206680584551 0.03710575139146568
0 0.9786012526096033 0.599721706864564 0.006263048016701462 0.03432282003710575
0 0.9725991649269311 0.5987940630797773 0.012004175365344467 0.036178107606679034
3 0.9663361169102297 0.5468460111317254 0.03392484342379958 0.036178107606679034
3 0.9436325678496869 0.5227272727272727 0.024008350730688934 0.02504638218923933
3 0.909446764091858 0.5338589981447124 0.024530271398747392 0.032467532467532464
3 0.8820459290187892 0.5222634508348795 0.024008350730688934 0.03153988868274583
3 0.9877348643006263 0.5366419294990723 0.02244258872651357 0.02504638218923933
7 0.9895615866388309 0.5802411873840445 0.019832985386221295 0.03432282003710575