3 0.11142857142857143 0.9029187817258884 0.03 0.03426395939086294
3 0.23964285714285713 0.8001269035532995 0.023571428571428573 0.05203045685279188
3 0.265 0.7944162436548223 0.027142857142857142 0.03807106598984772
3 0.2982142857142857 0.7709390862944162 0.027857142857142858 0.02918781725888325
3 0.31642857142857145 0.8756345177664975 0.022857142857142857 0.027918781725888325
3 0.39785714285714285 0.817258883248731 0.027142857142857142 0.025380710659898477
3 0.365 0.7373096446700508 0.027142857142857142 0.027918781725888325
3 0.3982142857142857 0.7233502538071066 0.027857142857142858 0.027918781725888325
3 0.43464285714285716 0.8109137055837563 0.030714285714285715 0.025380710659898477
3 0.47785714285714287 0.8052030456852792 0.03 0.024111675126903553
3 0.5160714285714286 0.800761421319797 0.027857142857142858 0.02284263959390863
3 0.5875 0.8217005076142132 0.029285714285714286 0.03426395939086294
3 0.6939285714285715 0.7753807106598984 0.029285714285714286 0.050761421319796954
3 0.6589285714285714 0.682741116751269 0.019285714285714285 0.0532994923857868
8 0.6375 0.7239847715736041 0.012142857142857143 0.05203045685279188
3 0.6282142857142857 0.6224619289340102 0.017857142857142856 0.04949238578680203
3 0.6267857142857143 0.5152284263959391 0.016428571428571428 0.0532994923857868
3 0.5832142857142857 0.5133248730964467 0.016428571428571428 0.05710659898477157
3 0.5975 0.4612944162436548 0.017857142857142856 0.04949238578680203
8 0.5632142857142857 0.3813451776649746 0.023571428571428573 0.07233502538071065
3 0.5735714285714286 0.33946700507614214 0.018571428571428572 0.05456852791878172
3 0.5917857142857142 0.3223350253807107 0.019285714285714285 0.050761421319796954
3 0.7560714285714286 0.8185279187817259 0.030714285714285715 0.030456852791878174
3 0.8189285714285715 0.7798223350253807 0.029285714285714286 0.02918781725888325
3 0.7996428571428571 0.7296954314720813 0.029285714285714286 0.025380710659898477
5 0.7532142857142857 0.748730964467005 0.06357142857142857 0.04314720812182741
4 0.8396428571428571 0.8134517766497462 0.035 0.03299492385786802
3 0.8732142857142857 0.800761421319797 0.029285714285714286 0.030456852791878174
3 0.9092857142857143 0.7842639593908629 0.032857142857142856 0.03553299492385787
3 0.9410714285714286 0.7684010152284264 0.027857142857142858 0.031725888324873094
3 0.8885714285714286 0.7468274111675127 0.032857142857142856 0.02918781725888325
3 0.9717857142857143 0.751269035532995 0.03214285714285714 0.03553299492385787
3 0.9860714285714286 0.6592639593908629 0.023571428571428573 0.03680203045685279