8 0.705 0.8572335025380711 0.04285714285714286 0.16116751269035534
8 0.20035714285714284 0.2633248730964467 0.09785714285714285 0.11802030456852793
8 0.09142857142857143 0.36548223350253806 0.11714285714285715 0.14213197969543148
8 0.5746428571428571 0.9352791878172588 0.04357142857142857 0.12690355329949238
8 0.4617857142857143 0.8769035532994924 0.06785714285714285 0.12944162436548223
8 0.4875 0.9206852791878173 0.062142857142857146 0.14086294416243655
8 0.4017857142857143 0.950507614213198 0.07357142857142857 0.09644670050761421
3 0.5864285714285714 0.8204314720812182 0.03142857142857143 0.046954314720812185
3 0.5760714285714286 0.758248730964467 0.04214285714285714 0.046954314720812185
3 0.5164285714285715 0.623730964467005 0.032857142857142856 0.05964467005076142
3 0.4425 0.5190355329949239 0.029285714285714286 0.05583756345177665
4 0.4164285714285714 0.49682741116751267 0.02857142857142857 0.05710659898477157
4 0.3871428571428571 0.4803299492385787 0.03428571428571429 0.07233502538071065
4 0.3221428571428571 0.4796954314720812 0.027142857142857142 0.07106598984771574
5 0.21214285714285713 0.5456852791878173 0.07285714285714286 0.0583756345177665
3 0.6225 0.45685279187817257 0.03214285714285714 0.06598984771573604
5 0.6203571428571428 0.23794416243654823 0.06357142857142857 0.08248730964467005
4 0.6071428571428571 0.39911167512690354 0.04 0.05456852791878172
4 0.5839285714285715 0.3743654822335025 0.03214285714285714 0.048223350253807105
3 0.5557142857142857 0.34454314720812185 0.022857142857142857 0.044416243654822336
3 0.5310714285714285 0.3356598984771574 0.02214285714285714 0.044416243654822336
3 0.5017857142857143 0.3248730964467005 0.017857142857142856 0.050761421319796954
4 0.4742857142857143 0.3102791878172589 0.02 0.046954314720812185
4 0.47285714285714286 0.3610406091370558 0.04285714285714286 0.05456852791878172
4 0.37142857142857144 0.3623096446700508 0.05142857142857143 0.04187817258883249