3 0.41928571428571426 0.4796954314720812 0.018571428571428572 0.048223350253807105
3 0.4 0.2906091370558376 0.014285714285714285 0.03299492385786802
5 0.49785714285714283 0.09961928934010152 0.015714285714285715 0.05203045685279188
3 0.49214285714285716 0.06725888324873096 0.008571428571428572 0.02284263959390863
3 0.49107142857142855 0.03553299492385787 0.009285714285714286 0.02284263959390863
3 0.38142857142857145 0.23604060913705585 0.024285714285714285 0.027918781725888325
3 0.6696428571428571 0.21446700507614214 0.029285714285714286 0.02030456852791878
3 0.6689285714285714 0.20304568527918782 0.027857142857142858 0.02284263959390863
3 0.7139285714285715 0.20050761421319796 0.027857142857142858 0.017766497461928935
0 0.3875 0.1751269035532995 0.005 0.02030456852791878
0 0.3817857142857143 0.17766497461928935 0.0035714285714285713 0.017766497461928935
0 0.37464285714285717 0.17385786802030456 0.0035714285714285713 0.015228426395939087
0 0.3703571428571429 0.16941624365482233 0.005 0.01649746192893401
0 0.35678571428571426 0.1802030456852792 0.005 0.017766497461928935
0 0.5625 0.10279187817258884 0.005 0.017766497461928935
0 0.5685714285714286 0.08565989847715735 0.002857142857142857 0.013959390862944163
0 0.5689285714285715 0.06789340101522842 0.0035714285714285713 0.013959390862944163
0 0.5625 0.08058375634517767 0.0035714285714285713 0.013959390862944163
0 0.5617857142857143 0.08439086294416244 0.005 0.01903553299492386
0 0.5617857142857143 0.06281725888324872 0.0035714285714285713 0.013959390862944163
0 0.5525 0.04949238578680203 0.0035714285714285713 0.015228426395939087
0 0.5635714285714286 0.04949238578680203 0.005714285714285714 0.015228426395939087
0 0.5557142857142857 0.06662436548223351 0.002857142857142857 0.01649746192893401
0 0.5525 0.07423857868020305 0.0035714285714285713 0.013959390862944163
0 0.68 0.274746192893401 0.004285714285714286 0.01903553299492386
0 0.6842857142857143 0.27284263959390864 0.005714285714285714 0.02030456852791878
0 0.7278571428571429 0.4720812182741117 0.008571428571428572 0.025380710659898477
0 0.7607142857142857 0.5920050761421319 0.007142857142857143 0.024111675126903553
0 0.7664285714285715 0.6345177664974619 0.007142857142857143 0.027918781725888325
0 0.7425 0.6097715736040609 0.0064285714285714285 0.0266497461928934
0 0.7464285714285714 0.6110406091370558 0.005714285714285714 0.024111675126903553
0 0.7378571428571429 0.47588832487309646 0.007142857142857143 0.02284263959390863
0 0.6978571428571428 0.3381979695431472 0.007142857142857143 0.024111675126903553
0 0.6892857142857143 0.30710659898477155 0.005714285714285714 0.017766497461928935
0 0.74 0.4251269035532995 0.005714285714285714 0.02284263959390863
0 0.34785714285714286 0.4282994923857868 0.007142857142857143 0.024111675126903553
0 0.3539285714285714 0.24746192893401014 0.005 0.02030456852791878
0 0.3610714285714286 0.2772842639593909 0.005 0.01649746192893401
0 0.3682142857142857 0.2880710659898477 0.005 0.02284263959390863
0 0.37107142857142855 0.2836294416243655 0.005 0.021573604060913704
0 0.3842857142857143 0.2956852791878173 0.005714285714285714 0.02030456852791878
0 0.3632142857142857 0.2430203045685279 0.005 0.01903553299492386
0 0.35892857142857143 0.23794416243654823 0.005 0.01649746192893401
0 0.3492857142857143 0.24111675126903553 0.005714285714285714 0.02030456852791878
0 0.3464285714285714 0.2366751269035533 0.005714285714285714 0.021573604060913704
0 0.3432142857142857 0.23604060913705585 0.005 0.02030456852791878
0 0.35892857142857143 0.2652284263959391 0.005 0.02030456852791878
0 0.36642857142857144 0.27284263959390864 0.004285714285714286 0.017766497461928935
0 0.36857142857142855 0.26078680203045684 0.004285714285714286 0.01903553299492386
0 0.37642857142857145 0.2766497461928934 0.005714285714285714 0.02030456852791878
0 0.37357142857142855 0.26903553299492383 0.005714285714285714 0.02284263959390863
0 0.3757142857142857 0.2614213197969543 0.002857142857142857 0.02030456852791878
0 0.3821428571428571 0.2633248730964467 0.004285714285714286 0.01649746192893401
0 0.38285714285714284 0.2779187817258883 0.005714285714285714 0.017766497461928935
0 0.5525 0.28426395939086296 0.005 0.02030456852791878
0 0.49357142857142855 0.274746192893401 0.004285714285714286 0.01903553299492386
0 0.4785714285714286 0.2868020304568528 0.002857142857142857 0.02030456852791878
0 0.6739285714285714 0.2366751269035533 0.005 0.01903553299492386