5 0.11035714285714286 0.733502538071066 0.125 0.09644670050761421
5 0.1332142857142857 0.5901015228426396 0.12357142857142857 0.09898477157360407
5 0.14142857142857143 0.5253807106598984 0.12571428571428572 0.08883248730964467
5 0.1425 0.4593908629441624 0.10642857142857143 0.08375634517766498
5 0.14785714285714285 0.41116751269035534 0.09714285714285714 0.08121827411167512
5 0.15892857142857142 0.35152284263959394 0.09071428571428572 0.07360406091370558
5 0.1792857142857143 0.3102791878172589 0.09285714285714286 0.09263959390862944
5 0.3603571428571429 0.4784263959390863 0.10928571428571429 0.08121827411167512
5 0.3385714285714286 0.7404822335025381 0.10571428571428572 0.09263959390862944
5 0.355 0.5425126903553299 0.10428571428571429 0.09517766497461928
5 0.3632142857142857 0.3737309644670051 0.105 0.0901015228426396
4 0.43714285714285717 0.8153553299492385 0.07857142857142857 0.07487309644670051
4 0.6535714285714286 0.8261421319796954 0.03428571428571429 0.1446700507614213
4 0.8096428571428571 0.37880710659898476 0.04214285714285714 0.0799492385786802
4 0.6025 0.475253807106599 0.03357142857142857 0.12309644670050761
4 0.44857142857142857 0.5298223350253807 0.07714285714285714 0.05964467005076142
3 0.4432142857142857 0.7531725888324873 0.07642857142857143 0.06725888324873096
3 0.45035714285714284 0.633248730964467 0.06642857142857143 0.06345177664974619
3 0.44821428571428573 0.5824873096446701 0.06642857142857143 0.0532994923857868
3 0.5760714285714286 0.8286802030456852 0.03642857142857143 0.1319796954314721
3 0.6110714285714286 0.8293147208121827 0.03357142857142857 0.12055837563451777
3 0.7242857142857143 0.8381979695431472 0.045714285714285714 0.1434010152284264
3 0.7664285714285715 0.8559644670050761 0.03857142857142857 0.13071065989847716
3 0.8753571428571428 0.8356598984771574 0.039285714285714285 0.13578680203045684
3 0.9210714285714285 0.8369289340101523 0.06357142857142857 0.14593908629441624
3 0.9432142857142857 0.7322335025380711 0.052142857142857144 0.13705583756345177
3 0.865 0.6725888324873096 0.04857142857142857 0.12436548223350254
3 0.8246428571428571 0.7106598984771574 0.03785714285714286 0.14213197969543148
3 0.7867857142857143 0.7017766497461929 0.04357142857142857 0.1319796954314721
3 0.7507142857142857 0.7036802030456852 0.04 0.1281725888324873
3 0.7135714285714285 0.7068527918781726 0.041428571428571426 0.12436548223350254
3 0.6442857142857142 0.6960659898477157 0.03857142857142857 0.1281725888324873
3 0.5671428571428572 0.4847715736040609 0.03428571428571429 0.1116751269035533
3 0.45357142857142857 0.4860406091370558 0.07142857142857142 0.0532994923857868
3 0.4546428571428571 0.3946700507614213 0.06928571428571428 0.06598984771573604
3 0.4610714285714286 0.3489847715736041 0.06785714285714285 0.050761421319796954
3 0.4607142857142857 0.2715736040609137 0.06142857142857143 0.06345177664974619
3 0.555 0.23857868020304568 0.03 0.10406091370558376
3 0.7789285714285714 0.2151015228426396 0.047857142857142855 0.07487309644670051
3 0.7939285714285714 0.27411167512690354 0.03785714285714286 0.08375634517766498
3 0.7992857142857143 0.3286802030456853 0.037142857142857144 0.06345177664974619
3 0.7835714285714286 0.5856598984771574 0.07 0.07233502538071065
3 0.7696428571428572 0.5253807106598984 0.07214285714285715 0.06852791878172589
3 0.7625 0.47588832487309646 0.07071428571428572 0.06598984771573604
3 0.8228571428571428 0.44416243654822335 0.045714285714285714 0.07868020304568528
3 0.7557142857142857 0.4200507614213198 0.06 0.0583756345177665
3 0.5892857142857143 0.22208121827411167 0.03 0.08629441624365482
3 0.4592857142857143 0.20304568527918782 0.04857142857142857 0.0583756345177665
3 0.7453571428571428 0.3769035532994924 0.05928571428571429 0.0583756345177665
3 0.7407142857142858 0.3223350253807107 0.054285714285714284 0.0583756345177665
3 0.7378571428571429 0.27918781725888325 0.054285714285714284 0.0532994923857868
3 0.7242857142857143 0.23794416243654823 0.055714285714285716 0.05203045685279188
3 0.7178571428571429 0.1998730964467005 0.054285714285714284 0.05710659898477157
5 0.9746428571428571 0.6706852791878173 0.05071428571428571 0.24238578680203046