3 0.4331941544885177 0.2755102040816326 0.05636743215031315 0.05009276437847866
3 0.42823590814196244 0.22727272727272727 0.05688935281837161 0.04823747680890538
3 0.42092901878914407 0.18460111317254174 0.055845511482254695 0.05194805194805195
4 0.41179540709812107 0.137291280148423 0.04801670146137787 0.04638218923933209
3 0.4136221294363257 0.10250463821892393 0.054801670146137786 0.039888682745825604
3 0.4057933194154488 0.0287569573283859 0.050626304801670144 0.03710575139146568
9 0.5075678496868476 0.023191094619666047 0.019311064718162838 0.02040816326530612
3 0.5033924843423799 0.11456400742115028 0.02661795407098121 0.07884972170686456
3 0.44650313152400833 0.31910946196660483 0.054801670146137786 0.05380333951762523
3 0.5276617954070981 0.2690166975881262 0.030271398747390398 0.08534322820037106
4 0.4525052192066806 0.4109461966604824 0.0511482254697286 0.05380333951762523
3 0.5819415448851775 0.25185528756957326 0.030271398747390398 0.09183673469387756
3 0.5545407098121086 0.436456400742115 0.03392484342379958 0.09925788497217068
3 0.46320459290187893 0.5320037105751392 0.06315240083507306 0.06215213358070501
3 0.47677453027139877 0.6020408163265306 0.06732776617954071 0.06493506493506493
3 0.48643006263048016 0.6623376623376623 0.06367432150313153 0.06679035250463822
3 0.5816805845511482 0.6261595547309833 0.03914405010438413 0.10946196660482375
4 0.4856471816283925 0.7546382189239332 0.05688935281837161 0.0640074211502783
3 0.5007828810020877 0.826530612244898 0.06002087682672234 0.06493506493506493
3 0.5060020876826722 0.8937847866419295 0.07985386221294363 0.06957328385899815
3 0.5143528183716075 0.9684601113172542 0.07881002087682672 0.061224489795918366
3 0.7006784968684759 0.8617810760667903 0.04645093945720251 0.13172541743970315
4 0.6260438413361169 0.8696660482374768 0.04018789144050104 0.11966604823747681
8 0.6623173277661796 0.62708719851577 0.10125260960334029 0.2857142857142857
3 0.6116910229645094 0.4202226345083488 0.03549060542797495 0.10204081632653061
5 0.5519311064718163 0.10111317254174397 0.03392484342379958 0.09833024118738404
9 0.7309498956158664 0.3269944341372913 0.010960334029227558 0.036178107606679034
0 0.7296450939457203 0.4805194805194805 0.011482254697286013 0.025974025974025976
0 0.7721816283924844 0.6094619666048238 0.009916492693110648 0.02411873840445269
0 0.7938413361169102 0.6192022263450835 0.011482254697286013 0.030612244897959183
9 0.962160751565762 0.3469387755102041 0.013048016701461378 0.03525046382189239
3 0.4133611691022965 0.06771799628942486 0.05219206680584551 0.04638218923933209