3 0.5671428571428572 0.809010152284264 0.05714285714285714 0.06725888324873096
3 0.5567857142857143 0.6503807106598984 0.06357142857142857 0.05456852791878172
3 0.55 0.5812182741116751 0.05 0.04060913705583756
3 0.5592857142857143 0.41941624365482233 0.06 0.05456852791878172
3 0.5542857142857143 0.29378172588832485 0.06714285714285714 0.05456852791878172
3 0.5553571428571429 0.21637055837563451 0.05928571428571429 0.046954314720812185
3 0.7407142857142858 0.41814720812182743 0.02857142857142857 0.11040609137055837
3 0.8567857142857143 0.8934010152284264 0.030714285714285715 0.11928934010152284
3 0.43714285714285717 0.3426395939086294 0.05857142857142857 0.048223350253807105
3 0.4592857142857143 0.2823604060913706 0.06 0.04187817258883249
3 0.40714285714285714 0.108502538071066 0.06 0.05203045685279188
3 0.4067857142857143 0.04251269035532995 0.060714285714285714 0.046954314720812185
3 0.5517857142857143 0.0532994923857868 0.06357142857142857 0.05583756345177665
3 0.41285714285714287 0.4854060913705584 0.06428571428571428 0.04949238578680203
3 0.41 0.541243654822335 0.06 0.044416243654822336
3 0.4125 0.5970812182741116 0.065 0.04949238578680203
3 0.41928571428571426 0.6560913705583756 0.06285714285714286 0.048223350253807105
3 0.415 0.7182741116751269 0.06285714285714286 0.05583756345177665
3 0.41892857142857143 0.8280456852791879 0.060714285714285714 0.05456852791878172
3 0.4942857142857143 0.9175126903553299 0.03857142857142857 0.116751269035533
3 0.41678571428571426 0.8895939086294417 0.06785714285714285 0.0532994923857868
3 0.4235714285714286 0.9847715736040609 0.06 0.027918781725888325
3 0.9260714285714285 0.8699238578680203 0.03214285714285714 0.11802030456852793
3 0.8507142857142858 0.35596446700507617 0.07142857142857142 0.05203045685279188
3 0.8525 0.28109137055837563 0.07642857142857143 0.05203045685279188
0 0.7982142857142858 0.36421319796954316 0.017857142857142856 0.027918781725888325
9 0.5467857142857143 0.46890862944162437 0.027857142857142858 0.02918781725888325
9 0.3921428571428571 0.27411167512690354 0.01 0.04060913705583756
9 0.32142857142857145 0.10786802030456853 0.008571428571428572 0.03553299492385787
0 0.3532142857142857 0.5057106598984772 0.010714285714285714 0.01649746192893401
0 0.3264285714285714 0.5374365482233503 0.014285714285714285 0.024111675126903553
0 0.345 0.6973350253807107 0.011428571428571429 0.021573604060913704
0 0.3732142857142857 0.6395939086294417 0.009285714285714286 0.015228426395939087
9 0.38 0.7880710659898477 0.022857142857142857 0.02284263959390863
9 0.54 0.7125634517766497 0.03 0.013959390862944163