9 0.2667857142857143 0.013959390862944163 0.010714285714285714 0.01015228426395939
1 0.26607142857142857 0.012055837563451776 0.005 0.011421319796954314
0 0.3439285714285714 0.06789340101522842 0.0035714285714285713 0.01649746192893401
3 0.4607142857142857 0.018401015228426396 0.011428571428571429 0.03680203045685279
3 0.4392857142857143 0.15038071065989847 0.011428571428571429 0.03934010152284264
3 0.5171428571428571 0.1935279187817259 0.014285714285714285 0.05203045685279188
3 0.5082142857142857 0.3267766497461929 0.013571428571428571 0.04949238578680203
8 0.45785714285714285 0.22081218274111675 0.014285714285714285 0.08629441624365482
4 0.5117857142857143 0.4517766497461929 0.013571428571428571 0.06598984771573604
3 0.43107142857142855 0.36421319796954316 0.013571428571428571 0.050761421319796954
3 0.4514285714285714 0.4581218274111675 0.014285714285714285 0.048223350253807105
3 0.445 0.7220812182741116 0.015714285714285715 0.06345177664974619
3 0.41535714285714287 0.9270304568527918 0.017857142857142856 0.07487309644670051
3 0.48035714285714287 0.942258883248731 0.019285714285714285 0.07741116751269035
3 0.5407142857142857 0.891497461928934 0.017142857142857144 0.07487309644670051
5 0.51 0.7480964467005076 0.02 0.11294416243654823
0 0.5521428571428572 0.8616751269035533 0.004285714285714286 0.01015228426395939
0 0.5510714285714285 0.9359137055837563 0.005 0.008883248730964468
0 0.5535714285714286 0.9739847715736041 0.004285714285714286 0.008883248730964468
0 0.5957142857142858 0.9137055837563451 0.005714285714285714 0.007614213197969543
0 0.6035714285714285 0.9111675126903553 0.005714285714285714 0.01015228426395939
0 0.6092857142857143 0.9543147208121827 0.004285714285714286 0.01015228426395939
0 0.6146428571428572 0.9498730964467005 0.007857142857142858 0.006345177664974619
0 0.6075 0.7043147208121827 0.0035714285714285713 0.017766497461928935
0 0.5782142857142857 0.24175126903553298 0.005 0.01903553299492386
0 0.595 0.41053299492385786 0.005714285714285714 0.01649746192893401
0 0.5975 0.3496192893401015 0.005 0.013959390862944163
0 0.5914285714285714 0.125 0.004285714285714286 0.01903553299492386
0 0.6542857142857142 0.06598984771573604 0.004285714285714286 0.012690355329949238
0 0.8485714285714285 0.0850253807106599 0.005714285714285714 0.012690355329949238
0 0.7864285714285715 0.08248730964467005 0.004285714285714286 0.01015228426395939
0 0.7807142857142857 0.09137055837563451 0.005714285714285714 0.015228426395939087
0 0.7025 0.04314720812182741 0.005 0.01015228426395939
1 0.7271428571428571 0.05012690355329949 0.002857142857142857 0.006345177664974619
1 0.7103571428571429 0.05266497461928934 0.0064285714285714285 0.011421319796954314
9 0.7092857142857143 0.05583756345177665 0.01 0.007614213197969543
9 0.7253571428571428 0.05456852791878172 0.007857142857142858 0.01015228426395939
0 0.9567857142857142 0.05456852791878172 0.0035714285714285713 0.01015228426395939