3 0.441 0.42233333333333334 0.023 0.03933333333333333
3 0.45375 0.36333333333333334 0.0215 0.037333333333333336
0 0.4715 0.288 0.005 0.017333333333333333
3 0.44175 0.24 0.0145 0.024
3 0.4075 0.30466666666666664 0.015 0.029333333333333333
3 0.40875 0.27566666666666667 0.0135 0.023333333333333334
3 0.40825 0.23633333333333334 0.0165 0.024666666666666667
3 0.5865 0.446 0.029 0.03866666666666667
3 0.651 0.4653333333333333 0.029 0.036
3 0.60925 0.35833333333333334 0.0275 0.03
3 0.56075 0.24233333333333335 0.0185 0.016666666666666666
3 0.54025 0.20966666666666667 0.0135 0.016666666666666666
3 0.542 0.197 0.011 0.012666666666666666
3 0.571 0.11933333333333333 0.02 0.012
3 0.55 0.11466666666666667 0.019 0.012
3 0.53025 0.11133333333333334 0.0185 0.009333333333333334
4 0.52975 0.12166666666666667 0.0175 0.011333333333333334
3 0.48475 0.106 0.0195 0.010666666666666666
3 0.40125 0.174 0.0275 0.013333333333333334
3 0.364 0.114 0.016 0.010666666666666666
3 0.37725 0.118 0.0175 0.012
3 0.38275 0.106 0.0125 0.013333333333333334
3 0.37575 0.098 0.0115 0.012
3 0.19125 0.358 0.0495 0.024
4 0.1965 0.068 0.012 0.010666666666666666
0 0.19775 0.07533333333333334 0.0035 0.009333333333333334
0 0.2 0.07566666666666666 0.003 0.01