4 0.3171428571428571 0.17195431472081218 0.01 0.02918781725888325
3 0.3271428571428571 0.21446700507614214 0.007142857142857143 0.030456852791878174
3 0.3675 0.42576142131979694 0.007857142857142858 0.0266497461928934
3 0.3825 0.29441624365482233 0.007857142857142858 0.030456852791878174
3 0.3625 0.274746192893401 0.0064285714285714285 0.02918781725888325
8 0.34785714285714286 0.16434010152284265 0.012857142857142857 0.06979695431472081
4 0.3607142857142857 0.11802030456852793 0.007142857142857143 0.027918781725888325
3 0.38142857142857145 0.1618020304568528 0.007142857142857143 0.0266497461928934
3 0.39785714285714285 0.20114213197969544 0.01 0.031725888324873094
3 0.3982142857142857 0.2760152284263959 0.007857142857142858 0.0266497461928934
5 0.3982142857142857 0.36548223350253806 0.012142857142857143 0.06598984771573604
4 0.32285714285714284 0.45748730964467005 0.012857142857142857 0.05710659898477157
3 0.4064285714285714 0.09137055837563451 0.004285714285714286 0.02030456852791878
4 0.4125 0.29441624365482233 0.007857142857142858 0.03807106598984772
4 0.010714285714285714 0.8616751269035533 0.02142857142857143 0.02284263959390863
3 0.3196428571428571 0.6078680203045685 0.009285714285714286 0.03553299492385787
8 0.36 0.6814720812182741 0.015714285714285715 0.09137055837563451
3 0.38321428571428573 0.8527918781725888 0.009285714285714286 0.03553299492385787
4 0.40214285714285714 0.7347715736040609 0.008571428571428572 0.03807106598984772
3 0.4082142857142857 0.8692893401015228 0.009285714285714286 0.027918781725888325
3 0.3767857142857143 0.6732233502538071 0.007857142857142858 0.0266497461928934
3 0.44107142857142856 0.7163705583756346 0.009285714285714286 0.03426395939086294
3 0.37107142857142855 0.5203045685279187 0.007857142857142858 0.03299492385786802
4 0.3939285714285714 0.5456852791878173 0.007857142857142858 0.03807106598984772
4 0.4735714285714286 0.1199238578680203 0.017142857142857144 0.01649746192893401
3 0.5575 0.21890862944162437 0.009285714285714286 0.031725888324873094
3 0.5475 0.21763959390862944 0.0064285714285714285 0.02918781725888325
3 0.53 0.2880710659898477 0.007142857142857143 0.03299492385786802
3 0.5335714285714286 0.3197969543147208 0.008571428571428572 0.030456852791878174
3 0.4610714285714286 0.18527918781725888 0.009285714285714286 0.025380710659898477
4 0.4975 0.30647208121827413 0.007857142857142858 0.02918781725888325
4 0.48928571428571427 0.3052030456852792 0.008571428571428572 0.03426395939086294
4 0.4807142857142857 0.30076142131979694 0.008571428571428572 0.027918781725888325
4 0.46785714285714286 0.2626903553299492 0.008571428571428572 0.025380710659898477
4 0.5146428571428572 0.3115482233502538 0.009285714285714286 0.031725888324873094
3 0.5239285714285714 0.3217005076142132 0.007857142857142858 0.02918781725888325
4 0.5382142857142858 0.2868020304568528 0.007857142857142858 0.025380710659898477
3 0.5214285714285715 0.282994923857868 0.007142857142857143 0.025380710659898477
3 0.5114285714285715 0.28045685279187815 0.01 0.02284263959390863
3 0.49392857142857144 0.27220812182741116 0.009285714285714286 0.0266497461928934
3 0.4853571428571429 0.26776649746192893 0.0064285714285714285 0.025380710659898477
4 0.4757142857142857 0.2652284263959391 0.01 0.025380710659898477
4 0.5032142857142857 0.2760152284263959 0.012142857142857143 0.02918781725888325
4 0.5314285714285715 0.2100253807106599 0.008571428571428572 0.0266497461928934
4 0.5132142857142857 0.2049492385786802 0.009285714285714286 0.02918781725888325
3 0.5221428571428571 0.20875634517766498 0.007142857142857143 0.02918781725888325
3 0.5264285714285715 0.17766497461928935 0.005714285714285714 0.02030456852791878
3 0.5178571428571429 0.17576142131979697 0.008571428571428572 0.0266497461928934
4 0.4882142857142857 0.19225888324873097 0.007857142857142858 0.0266497461928934
4 0.47714285714285715 0.1935279187817259 0.011428571428571429 0.0266497461928934
4 0.4692857142857143 0.1865482233502538 0.005714285714285714 0.027918781725888325
4 0.4675 0.15418781725888325 0.010714285714285714 0.0266497461928934
3 0.47535714285714287 0.157994923857868 0.007857142857142858 0.01903553299492386
4 0.4835714285714286 0.16370558375634517 0.01 0.025380710659898477
9 0.5632142857142857 0.20304568527918782 0.009285714285714286 0.012690355329949238
9 0.5653571428571429 0.19416243654822335 0.007857142857142858 0.007614213197969543
9 0.5657142857142857 0.18527918781725888 0.007142857142857143 0.012690355329949238
4 0.55 0.3946700507614213 0.008571428571428572 0.027918781725888325
3 0.5771428571428572 0.40926395939086296 0.011428571428571429 0.0266497461928934
4 0.7592857142857142 0.2036802030456853 0.01 0.03426395939086294
3 0.7360714285714286 0.2893401015228426 0.0064285714285714285 0.025380710659898477
3 0.7385714285714285 0.2512690355329949 0.008571428571428572 0.027918781725888325
3 0.7489285714285714 0.25888324873096447 0.0064285714285714285 0.025380710659898477
3 0.7592857142857142 0.2614213197969543 0.005714285714285714 0.027918781725888325
4 0.7567857142857143 0.2887055837563452 0.009285714285714286 0.031725888324873094
3 0.7660714285714286 0.2956852791878173 0.007857142857142858 0.027918781725888325
3 0.7303571428571428 0.35723350253807107 0.007857142857142858 0.031725888324873094
3 0.7407142857142858 0.3623096446700508 0.01 0.03426395939086294
3 0.7378571428571429 0.39593908629441626 0.008571428571428572 0.03553299492385787
3 0.7478571428571429 0.3953045685279188 0.008571428571428572 0.0266497461928934
3 0.6610714285714285 0.4403553299492386 0.009285714285714286 0.027918781725888325
3 0.6414285714285715 0.43147208121827413 0.008571428571428572 0.027918781725888325
3 0.6507142857142857 0.4365482233502538 0.007142857142857143 0.030456852791878174
3 0.5864285714285714 0.41751269035532995 0.008571428571428572 0.030456852791878174
3 0.5585714285714286 0.4016497461928934 0.008571428571428572 0.02918781725888325
4 0.5967857142857143 0.41751269035532995 0.010714285714285714 0.027918781725888325
3 0.6064285714285714 0.4206852791878173 0.008571428571428572 0.02918781725888325
4 0.6164285714285714 0.42385786802030456 0.008571428571428572 0.025380710659898477
3 0.6778571428571428 0.4854060913705584 0.017142857142857144 0.01649746192893401
3 0.6753571428571429 0.5126903553299492 0.019285714285714285 0.02030456852791878
3 0.6725 0.5456852791878173 0.019285714285714285 0.02030456852791878
3 0.6739285714285714 0.5285532994923858 0.019285714285714285 0.01903553299492386
3 0.6692857142857143 0.5805837563451777 0.02 0.01903553299492386
3 0.6703571428571429 0.5634517766497462 0.019285714285714285 0.02030456852791878
9 0.6703571428571429 0.44225888324873097 0.005 0.01903553299492386
9 0.6760714285714285 0.45050761421319796 0.005 0.015228426395939087
9 0.6721428571428572 0.4498730964467005 0.004285714285714286 0.01903553299492386
9 0.6803571428571429 0.45114213197969544 0.0035714285714285713 0.013959390862944163
9 0.6825 0.4676395939086294 0.009285714285714286 0.008883248730964468
9 0.6882142857142857 0.4536802030456853 0.005 0.01903553299492386
4 0.6664285714285715 0.5958121827411168 0.018571428571428572 0.01903553299492386
3 0.6646428571428571 0.6300761421319797 0.017857142857142856 0.021573604060913704
3 0.6653571428571429 0.6135786802030457 0.019285714285714285 0.021573604060913704
3 0.6628571428571428 0.6516497461928934 0.02 0.024111675126903553
3 0.7278571428571429 0.7366751269035533 0.007142857142857143 0.02918781725888325
3 0.7182142857142857 0.7271573604060914 0.007857142857142858 0.027918781725888325
3 0.7067857142857142 0.7290609137055838 0.010714285714285714 0.03426395939086294
3 0.6971428571428572 0.7239847715736041 0.007142857142857143 0.03934010152284264
3 0.8732142857142857 0.6224619289340102 0.019285714285714285 0.021573604060913704
4 0.8707142857142857 0.6345177664974619 0.024285714285714285 0.02030456852791878
4 0.8239285714285715 0.22715736040609136 0.007857142857142858 0.027918781725888325
3 0.7775 0.21129441624365483 0.010714285714285714 0.02918781725888325
3 0.7867857142857143 0.21065989847715735 0.009285714285714286 0.027918781725888325
4 0.7764285714285715 0.2684010152284264 0.007142857142857143 0.024111675126903553
4 0.7742857142857142 0.29758883248730966 0.01 0.031725888324873094
3 0.7853571428571429 0.2684010152284264 0.007857142857142858 0.0266497461928934
3 0.7946428571428571 0.27411167512690354 0.0064285714285714285 0.025380710659898477
3 0.8932142857142857 0.11611675126903553 0.020714285714285713 0.013959390862944163
3 0.8907142857142857 0.15736040609137056 0.022857142857142857 0.017766497461928935
3 0.8917857142857143 0.14276649746192893 0.020714285714285713 0.01903553299492386
3 0.8903571428571428 0.13071065989847716 0.023571428571428573 0.02284263959390863