3 0.26017745302713985 0.0074211502782931356 0.015135699373695199 0.014842300556586271
3 0.3011482254697286 0.026437847866419294 0.013569937369519834 0.02504638218923933
3 0.26252609603340293 0.036178107606679034 0.015657620041753653 0.027829313543599257
3 0.2883611691022965 0.07467532467532467 0.01722338204592902 0.0287569573283859
3 0.3092379958246347 0.06261595547309833 0.016179540709812108 0.02504638218923933
3 0.32306889352818374 0.08673469387755102 0.018789144050104383 0.030612244897959183
3 0.3431628392484342 0.1553803339517625 0.0255741127348643 0.038033395176252316
3 0.3332463465553236 0.25742115027829315 0.0255741127348643 0.041743970315398886
3 0.3718684759916493 0.24072356215213359 0.024530271398747392 0.045454545454545456
3 0.395615866388309 0.14053803339517626 0.022964509394572025 0.030612244897959183
0 0.29097077244258873 0.025974025974025976 0.0036534446764091857 0.014842300556586271
3 0.32306889352818374 0.01948051948051948 0.018789144050104383 0.016697588126159554
9 0.43032359081419624 0.13821892393320964 0.019311064718162838 0.01855287569573284
0 0.43058455114822547 0.12430426716141002 0.0041753653444676405 0.012987012987012988
0 0.4407620041753653 0.12940630797773656 0.0036534446764091857 0.013914656771799629
3 0.46555323590814196 0.31957328385899814 0.030271398747390398 0.04916512059369202
3 0.44467640918580376 0.2884972170686456 0.026096033402922755 0.03896103896103896
3 0.5683716075156576 0.5969387755102041 0.0407098121085595 0.07884972170686456
3 0.5970772442588727 0.6159554730983302 0.038622129436325675 0.07792207792207792
3 0.6333507306889353 0.6465677179962894 0.04123173277661795 0.07977736549165121
4 0.5065240083507306 0.5310760667903525 0.043319415448851775 0.07328385899814471
3 0.865866388308977 0.5756029684601113 0.05010438413361169 0.075139146567718
0 0.7760960334029228 0.550556586270872 0.005219206680584551 0.023191094619666047
9 0.7886221294363257 0.5445269016697588 0.007306889352818371 0.02411873840445269
3 0.9843423799582464 0.44434137291280146 0.030271398747390398 0.04638218923933209
3 0.9744258872651357 0.4670686456400742 0.04697286012526096 0.0640074211502783