3 0.23825678496868477 0.45269016697588127 0.037056367432150315 0.027829313543599257
3 0.26696242171189977 0.3362708719851577 0.0360125260960334 0.0287569573283859
3 0.32280793319415446 0.11131725417439703 0.029749478079331943 0.02411873840445269
3 0.3269832985386221 0.08348794063079777 0.027661795407098122 0.02040816326530612
3 0.342901878914405 0.026901669758812616 0.027139874739039668 0.022263450834879406
3 0.5190501043841336 0.20315398886827457 0.030793319415448852 0.027829313543599257
3 0.5913361169102297 0.07050092764378478 0.027139874739039668 0.02040816326530612
3 0.5576722338204593 0.1507421150278293 0.013048016701461378 0.038033395176252316
3 0.5897703549060542 0.18320964749536178 0.020876826722338204 0.038033395176252316
3 0.590553235908142 0.11224489795918367 0.02870563674321503 0.02411873840445269
3 0.5915970772442589 0.09230055658627087 0.02661795407098121 0.023191094619666047
3 0.592901878914405 0.05009276437847866 0.028183716075156576 0.022263450834879406
3 0.5788100208768268 0.2949907235621521 0.032359081419624215 0.027829313543599257
3 0.5733298538622129 0.32189239332096475 0.029749478079331943 0.02411873840445269
3 0.5738517745302714 0.38358070500927643 0.031837160751565764 0.026901669758812616
3 0.5735908141962421 0.41465677179962895 0.029227557411273485 0.03153988868274583
5 0.5696764091858038 0.4642857142857143 0.0360125260960334 0.030612244897959183
3 0.5657620041753654 0.5839517625231911 0.03444676409185804 0.026901669758812616
0 0.5735908141962421 0.5422077922077922 0.005219206680584551 0.015769944341372914
9 0.5495824634655533 0.5612244897959183 0.011482254697286013 0.014842300556586271
9 0.566544885177453 0.5593692022263451 0.013048016701461378 0.012987012987012988
3 0.5613256784968684 0.62291280148423 0.03288100208768267 0.04730983302411874
0 0.5292275574112735 0.7101113172541744 0.0041753653444676405 0.01020408163265306
0 0.5255741127348643 0.7314471243042672 0.0041753653444676405 0.008348794063079777
3 0.5498434237995825 0.8423005565862709 0.04123173277661795 0.03525046382189239
3 0.3763048016701461 0.9086270871985158 0.030271398747390398 0.075139146567718
3 0.35255741127348644 0.9257884972170687 0.030793319415448852 0.07235621521335807
9 0.43997912317327764 0.8668831168831169 0.019832985386221295 0.013914656771799629
9 0.33507306889352817 0.9564007421150278 0.031315240083507306 0.07977736549165121
9 0.5281837160751566 0.7546382189239332 0.006263048016701462 0.017625231910946195
9 0.6067327766179541 0.9582560296846011 0.01826722338204593 0.07977736549165121
9 0.6492693110647182 0.9670686456400742 0.019832985386221295 0.0640074211502783
9 0.8666492693110647 0.8668831168831169 0.006784968684759917 0.015769944341372914
9 0.8504697286012526 0.8594619666048238 0.007828810020876827 0.023191094619666047
9 0.8786534446764092 0.8478664192949907 0.010960334029227558 0.011131725417439703
4 0.855427974947808 0.6558441558441559 0.020876826722338204 0.06679035250463822
3 0.8455114822546973 0.4805194805194805 0.032359081419624215 0.027829313543599257
3 0.8522964509394572 0.4512987012987013 0.03444676409185804 0.0287569573283859
3 0.7708768267223383 0.4049165120593692 0.03653444676409186 0.041743970315398886
3 0.7706158663883089 0.37105751391465674 0.03392484342379958 0.02411873840445269
3 0.7661795407098121 0.32606679035250463 0.031315240083507306 0.0287569573283859
6 0.8616910229645094 0.29359925788497215 0.022964509394572025 0.0287569573283859
3 0.8515135699373695 0.34137291280148424 0.02661795407098121 0.04452690166975881
3 0.8191544885177453 0.2054730983302412 0.019311064718162838 0.045454545454545456
3 0.8139352818371608 0.09879406307977737 0.029749478079331943 0.026901669758812616
3 0.7319937369519833 0.3177179962894249 0.01722338204592902 0.045454545454545456
0 0.5694154488517745 0.23933209647495363 0.005219206680584551 0.01855287569573284