3 0.3364285714285714 0.883248730964467 0.022857142857142857 0.06598984771573604
8 0.3525 0.7277918781725888 0.03642857142857143 0.12563451776649745
0 0.16214285714285714 0.4796954314720812 0.011428571428571429 0.017766497461928935
8 0.10214285714285715 0.4010152284263959 0.07714285714285714 0.06091370558375635
5 0.017857142857142856 0.36548223350253806 0.03571428571428571 0.0583756345177665
0 0.2664285714285714 0.3115482233502538 0.007142857142857143 0.021573604060913704
0 0.3075 0.233502538071066 0.012142857142857143 0.017766497461928935
0 0.2225 0.13451776649746192 0.010714285714285714 0.02030456852791878
0 0.4275 0.014593908629441625 0.0064285714285714285 0.02918781725888325
0 0.6396428571428572 0.04885786802030457 0.007857142857142858 0.01903553299492386
3 0.6017857142857143 0.4333756345177665 0.04642857142857143 0.03934010152284264
3 0.5992857142857143 0.4854060913705584 0.047142857142857146 0.03934010152284264
3 0.6628571428571428 0.4993654822335025 0.04857142857142857 0.03934010152284264
3 0.7346428571428572 0.5158629441624365 0.047857142857142855 0.03934010152284264
3 0.8114285714285714 0.5266497461928934 0.04428571428571428 0.03807106598984772
8 0.9178571428571428 0.5184010152284264 0.13 0.06725888324873096
0 0.9446428571428571 0.6211928934010152 0.012142857142857143 0.011421319796954314
0 0.9935714285714285 0.6224619289340102 0.012857142857142857 0.013959390862944163
9 0.8017857142857143 0.25 0.016428571428571428 0.02030456852791878
1 0.8028571428571428 0.24746192893401014 0.007142857142857143 0.02030456852791878