0 0.6539665970772442 0.7031539888682746 0.009394572025052192 0.03153988868274583
7 0.644572025052192 0.6753246753246753 0.03653444676409186 0.04823747680890538
6 0.6691022964509394 0.7082560296846011 0.037578288100208766 0.041743970315398886
6 0.6474425887265136 0.5482374768089053 0.013048016701461378 0.025974025974025976
7 0.622651356993737 0.538961038961039 0.030271398747390398 0.03710575139146568
7 0.6109081419624217 0.5176252319109462 0.030793319415448852 0.04081632653061224
6 0.6385699373695198 0.5250463821892394 0.013048016701461378 0.02411873840445269
6 0.6466597077244259 0.5125231910946196 0.013569937369519834 0.03432282003710575
6 0.6336116910229646 0.5120593692022264 0.010438413361169102 0.02411873840445269
1 0.6247390396659708 0.4772727272727273 0.005219206680584551 0.013914656771799629
1 0.6265657620041754 0.48515769944341375 0.006784968684759917 0.014842300556586271
0 0.6518789144050104 0.47959183673469385 0.003131524008350731 0.016697588126159554
0 0.6563152400835073 0.487012987012987 0.008872651356993737 0.02411873840445269
9 0.6495302713987474 0.4893320964749536 0.005741127348643006 0.021335807050092765
9 0.6602296450939458 0.48562152133580705 0.008350730688935281 0.0287569573283859
9 0.6547494780793319 0.4675324675324675 0.007828810020876827 0.016697588126159554
6 0.6362212943632568 0.48283858998144713 0.012526096033402923 0.039888682745825604
6 0.6607515657620042 0.4517625231910946 0.014613778705636743 0.03525046382189239
6 0.6547494780793319 0.43460111317254174 0.012004175365344467 0.03432282003710575
7 0.6161273486430062 0.436456400742115 0.02348643006263048 0.032467532467532464
9 0.5944676409185804 0.4642857142857143 0.012526096033402923 0.01948051948051948
9 0.5942066805845512 0.31957328385899814 0.010960334029227558 0.013914656771799629
1 0.6448329853862212 0.3102968460111317 0.005741127348643006 0.013914656771799629
6 0.5973382045929019 0.2820037105751391 0.009916492693110648 0.022263450834879406
3 0.6276096033402923 0.25556586270871984 0.009916492693110648 0.02504638218923933
4 0.6049060542797495 0.25510204081632654 0.010438413361169102 0.01855287569573284
5 0.6182150313152401 0.24118738404452691 0.019311064718162838 0.02040816326530612
1 0.5811586638830898 0.274582560296846 0.005741127348643006 0.012987012987012988
0 0.5889874739039666 0.21567717996289426 0.0036534446764091857 0.013914656771799629
6 0.5138308977035491 0.4202226345083488 0.008872651356993737 0.03525046382189239
1 0.5315762004175365 0.3427643784786642 0.004697286012526096 0.013914656771799629
6 0.532098121085595 0.3474025974025974 0.007828810020876827 0.017625231910946195
6 0.5558455114822547 0.2884972170686456 0.007306889352818371 0.022263450834879406
7 0.566544885177453 0.28617810760667906 0.007828810020876827 0.023191094619666047
9 0.5347077244258872 0.27968460111317256 0.004697286012526096 0.012059369202226345
0 0.5297494780793319 0.26855287569573283 0.0041753653444676405 0.017625231910946195
6 0.5151356993736952 0.2541743970315399 0.006263048016701462 0.014842300556586271
6 0.5109603340292276 0.24025974025974026 0.012526096033402923 0.012987012987012988
9 0.5352296450939458 0.23098330241187384 0.008872651356993737 0.011131725417439703
0 0.5203549060542797 0.22680890538033396 0.0041753653444676405 0.013914656771799629
0 0.5255741127348643 0.2258812615955473 0.0041753653444676405 0.01020408163265306
9 0.5297494780793319 0.21567717996289426 0.003131524008350731 0.012059369202226345
9 0.5347077244258872 0.21706864564007422 0.0026096033402922755 0.0074211502782931356
6 0.5409707724425887 0.21985157699443414 0.007828810020876827 0.016697588126159554
1 0.5668058455114823 0.2101113172541744 0.003131524008350731 0.01020408163265306
6 0.5678496868475992 0.21289424860853431 0.0041753653444676405 0.01020408163265306
6 0.622651356993737 0.2017625231910946 0.015657620041753653 0.017625231910946195
5 0.5926409185803758 0.13218923933209648 0.009916492693110648 0.01948051948051948
9 0.5829853862212944 0.1331168831168831 0.003131524008350731 0.006493506493506494