9 0.278705636743215 0.8441558441558441 0.026096033402922755 0.03339517625231911
3 0.31002087682672236 0.897495361781076 0.06993736951983298 0.07142857142857142
9 0.37447807933194155 0.7193877551020408 0.019311064718162838 0.030612244897959183
1 0.3742171189979123 0.7179962894248608 0.010438413361169102 0.027829313543599257
6 0.3136743215031315 0.6739332096474954 0.037578288100208766 0.038033395176252316
7 0.3616910229645094 0.6145640074211502 0.03653444676409186 0.038033395176252316
6 0.3619519832985386 0.44758812615955473 0.01826722338204593 0.021335807050092765
9 0.4042275574112735 0.48840445269016697 0.010960334029227558 0.0287569573283859
4 0.4287578288100209 0.5468460111317254 0.02244258872651357 0.04730983302411874
0 0.42693110647181626 0.589517625231911 0.006263048016701462 0.032467532467532464
5 0.5323590814196242 0.7207792207792207 0.03653444676409186 0.12244897959183673
6 0.5193110647181628 0.4809833024118738 0.013569937369519834 0.032467532467532464
3 0.5046972860125261 0.43692022263450836 0.03549060542797495 0.04081632653061224
3 0.5073068893528184 0.4197588126159555 0.021920668058455117 0.0287569573283859
6 0.47390396659707723 0.3849721706864564 0.006263048016701462 0.016697588126159554
1 0.473643006263048 0.3784786641929499 0.004697286012526096 0.014842300556586271
4 0.3721294363256785 0.36363636363636365 0.030271398747390398 0.029684601113172542
2 0.40501043841336115 0.3358070500927644 0.011482254697286013 0.012987012987012988
3 0.49373695198329853 0.3320964749536178 0.029227557411273485 0.025974025974025976
3 0.49739039665970775 0.3075139146567718 0.021920668058455117 0.02504638218923933
3 0.4932150313152401 0.2945269016697588 0.026096033402922755 0.02504638218923933
3 0.4963465553235908 0.2857142857142857 0.025052192066805846 0.025974025974025976
3 0.3859603340292276 0.312152133580705 0.024530271398747392 0.021335807050092765
3 0.3903966597077244 0.3047309833024119 0.028183716075156576 0.023191094619666047
5 0.49086638830897705 0.25834879406307976 0.030793319415448852 0.021335807050092765
6 0.46633611691022964 0.2569573283858998 0.005741127348643006 0.014842300556586271
1 0.4658141962421712 0.25139146567717996 0.0036534446764091857 0.00927643784786642
6 0.48982254697286015 0.2193877551020408 0.016179540709812108 0.017625231910946195
7 0.4438935281837161 0.2342300556586271 0.008872651356993737 0.01948051948051948
7 0.41701461377870563 0.24118738404452691 0.013569937369519834 0.01855287569573284
9 0.4089248434237996 0.24118738404452691 0.008872651356993737 0.00927643784786642
9 0.3977035490605428 0.21753246753246752 0.007306889352818371 0.01020408163265306
5 0.4869519832985386 0.18645640074211503 0.015657620041753653 0.04081632653061224
3 0.4848643006263048 0.16419294990723562 0.008350730688935281 0.012987012987012988
7 0.4629436325678497 0.16094619666048238 0.005219206680584551 0.015769944341372914
3 0.4438935281837161 0.12152133580705009 0.006784968684759917 0.011131725417439703
2 0.45120041753653445 0.19434137291280149 0.0026096033402922755 0.01020408163265306
1 0.45041753653444677 0.1901669758812616 0.0020876826722338203 0.0074211502782931356
1 0.4198851774530271 0.20408163265306123 0.0036534446764091857 0.0074211502782931356
0 0.401356993736952 0.19990723562152132 0.0020876826722338203 0.01020408163265306
0 0.4026617954070981 0.1989795918367347 0.0026096033402922755 0.012059369202226345
5 0.41727557411273486 0.187847866419295 0.04123173277661795 0.032467532467532464
5 0.4136221294363257 0.17532467532467533 0.027661795407098122 0.02040816326530612
0 0.418580375782881 0.12384044526901669 0.0020876826722338203 0.008348794063079777
0 0.418580375782881 0.12198515769944342 0.0020876826722338203 0.008348794063079777
3 0.4235386221294363 0.11085343228200371 0.014091858037578288 0.01020408163265306
3 0.44467640918580376 0.11085343228200371 0.012526096033402923 0.008348794063079777
3 0.4407620041753653 0.1062152133580705 0.012004175365344467 0.01020408163265306
0 0.45224425887265135 0.10946196660482375 0.0036534446764091857 0.011131725417439703
0 0.44780793319415446 0.10064935064935066 0.003131524008350731 0.008348794063079777
1 0.4519832985386221 0.09925788497217068 0.0020876826722338203 0.0074211502782931356
9 0.4517223382045929 0.09972170686456401 0.0026096033402922755 0.00463821892393321
6 0.44258872651356995 0.0950834879406308 0.010438413361169102 0.008348794063079777
5 0.42092901878914407 0.0728200371057514 0.012004175365344467 0.008348794063079777
3 0.47964509394572025 0.10482374768089053 0.010438413361169102 0.011131725417439703
3 0.47886221294363257 0.09647495361781076 0.008872651356993737 0.011131725417439703
3 0.4780793319415449 0.08951762523191095 0.010438413361169102 0.01020408163265306
9 0.45902922755741127 0.08024118738404452 0.0026096033402922755 0.006493506493506494
1 0.45876826722338204 0.07792207792207792 0.003131524008350731 0.0055658627087198514
5 0.4759916492693111 0.07467532467532467 0.008350730688935281 0.01948051948051948
5 0.4431106471816284 0.05194805194805195 0.012526096033402923 0.012987012987012988
5 0.4157098121085595 0.04591836734693878 0.02348643006263048 0.023191094619666047
3 0.4459812108559499 0.04220779220779221 0.008872651356993737 0.006493506493506494
9 0.46320459290187893 0.05612244897959184 0.0026096033402922755 0.00463821892393321
1 0.4629436325678497 0.05380333951762523 0.0010438413361169101 0.0037105751391465678
9 0.45589770354906056 0.039888682745825604 0.0015657620041753654 0.0037105751391465678
1 0.456419624217119 0.03849721706864564 0.0015657620041753654 0.0027829313543599257
3 0.4694676409185804 0.034786641929499075 0.007828810020876827 0.008348794063079777
3 0.46659707724425886 0.025510204081632654 0.007306889352818371 0.006493506493506494
8 0.8494258872651357 0.87430426716141 0.1372651356993737 0.24953617810760667
3 0.9381524008350731 0.9577922077922078 0.06732776617954071 0.08256029684601113