0 0.2841858037578288 0.26855287569573283 0.012004175365344467 0.04916512059369202
0 0.2907098121085595 0.24118738404452691 0.011482254697286013 0.029684601113172542
0 0.31106471816283926 0.2657699443413729 0.020876826722338204 0.038033395176252316
0 0.3102818371607516 0.2523191094619666 0.012004175365344467 0.03339517625231911
0 0.3068893528183716 0.23747680890538034 0.014613778705636743 0.03153988868274583
6 0.3363778705636743 0.313543599257885 0.02661795407098121 0.0686456400742115
6 0.37160751565762007 0.3817254174397032 0.028183716075156576 0.10296846011131726
6 0.4287578288100209 0.32189239332096475 0.02244258872651357 0.07792207792207792
6 0.354384133611691 0.21196660482374768 0.030271398747390398 0.06771799628942486
9 0.3410751565762004 0.05009276437847866 0.02139874739039666 0.025974025974025976
3 0.34159707724425886 0.4772727272727273 0.06732776617954071 0.06957328385899815
3 0.5143528183716075 0.439239332096475 0.043319415448851775 0.16233766233766234
9 0.5660229645093946 0.35064935064935066 0.010960334029227558 0.059369202226345084
9 0.4754697286012526 0.17439703153988867 0.009394572025052192 0.05380333951762523
4 0.6443110647181628 0.30890538033395176 0.04123173277661795 0.12987012987012986
9 0.714509394572025 0.38311688311688313 0.031315240083507306 0.03896103896103896
9 0.7361691022964509 0.362708719851577 0.030793319415448852 0.03153988868274583
9 0.7398225469728601 0.336734693877551 0.02661795407098121 0.04081632653061224
9 0.7218162839248434 0.33116883116883117 0.020876826722338204 0.04452690166975881
9 0.7862734864300627 0.2782931354359926 0.01826722338204593 0.05380333951762523
9 0.7755741127348643 0.10204081632653061 0.031315240083507306 0.029684601113172542
9 0.7719206680584552 0.08534322820037106 0.031315240083507306 0.03525046382189239
6 0.6936325678496869 0.09461966604823747 0.055323590814196244 0.04452690166975881
3 0.7152922755741128 0.1525974025974026 0.0861169102296451 0.0640074211502783
3 0.7954070981210856 0.512987012987013 0.1022964509394572 0.08905380333951762
6 0.6654488517745303 0.6484230055658627 0.029227557411273485 0.12059369202226346
1 0.5681106471816284 0.34879406307977734 0.013048016701461378 0.03896103896103896
1 0.5996868475991649 0.35667903525046385 0.013569937369519834 0.038033395176252316
2 0.5957724425887265 0.3631725417439703 0.013048016701461378 0.05844155844155844
1 0.47520876826722336 0.16697588126159554 0.013048016701461378 0.04638218923933209