0 0.225 0.7480964467005076 0.005714285714285714 0.01903553299492386
0 0.2292857142857143 0.7398477157360406 0.007142857142857143 0.017766497461928935
0 0.2710714285714286 0.8648477157360406 0.009285714285714286 0.01649746192893401
0 0.2957142857142857 0.9029187817258884 0.007142857142857143 0.01649746192893401
0 0.3003571428571429 0.9714467005076142 0.009285714285714286 0.021573604060913704
0 0.3125 0.8838832487309645 0.0064285714285714285 0.01649746192893401
0 0.43 0.8699238578680203 0.008571428571428572 0.01649746192893401
0 0.4042857142857143 0.8381979695431472 0.005714285714285714 0.01903553299492386
0 0.44285714285714284 0.7944162436548223 0.005714285714285714 0.02030456852791878
0 0.49964285714285717 0.8515228426395939 0.0064285714285714285 0.02030456852791878
0 0.5035714285714286 0.8483502538071066 0.004285714285714286 0.01903553299492386
0 0.7275 0.7931472081218274 0.0064285714285714285 0.017766497461928935
0 0.745 0.7848984771573604 0.005714285714285714 0.01649746192893401
0 0.7496428571428572 0.7728426395939086 0.005 0.017766497461928935
3 0.7107142857142857 0.6402284263959391 0.027142857142857142 0.031725888324873094
3 0.6803571428571429 0.618020304568528 0.02642857142857143 0.027918781725888325
5 0.7757142857142857 0.5393401015228426 0.06142857142857143 0.06091370558375635
5 0.7489285714285714 0.5241116751269036 0.04642857142857143 0.04060913705583756
5 0.6778571428571428 0.5393401015228426 0.05714285714285714 0.048223350253807105
3 0.6389285714285714 0.5203045685279187 0.019285714285714285 0.03807106598984772
5 0.6221428571428571 0.5057106598984772 0.03142857142857143 0.06472081218274112
5 0.6071428571428571 0.4987309644670051 0.032857142857142856 0.0532994923857868
5 0.5867857142857142 0.4949238578680203 0.039285714285714285 0.06852791878172589
3 0.5628571428571428 0.5044416243654822 0.02 0.021573604060913704
3 0.5389285714285714 0.5234771573604061 0.025 0.021573604060913704
3 0.5453571428571429 0.5044416243654822 0.020714285714285713 0.021573604060913704
5 0.5360714285714285 0.4879441624365482 0.045 0.06218274111675127
5 0.5839285714285715 0.5748730964467005 0.05928571428571429 0.04568527918781726
3 0.5371428571428571 0.5640862944162437 0.022857142857142857 0.021573604060913704
5 0.45571428571428574 0.5609137055837563 0.05142857142857143 0.03807106598984772
4 0.5017857142857143 0.4980964467005076 0.023571428571428573 0.021573604060913704
3 0.49 0.5152284263959391 0.024285714285714285 0.02030456852791878
3 0.4810714285714286 0.491751269035533 0.020714285714285713 0.02918781725888325
3 0.4367857142857143 0.4936548223350254 0.017857142857142856 0.03299492385786802
3 0.42214285714285715 0.48984771573604063 0.018571428571428572 0.027918781725888325
3 0.4160714285714286 0.4784263959390863 0.020714285714285713 0.03553299492385787
5 0.395 0.47779187817258884 0.04285714285714286 0.07741116751269035
5 0.37714285714285717 0.47715736040609136 0.041428571428571426 0.07868020304568528
5 0.3417857142857143 0.48921319796954316 0.020714285714285713 0.05203045685279188
3 0.3167857142857143 0.5152284263959391 0.020714285714285713 0.017766497461928935
3 0.30142857142857143 0.5063451776649747 0.015714285714285715 0.030456852791878174
4 0.29178571428571426 0.5006345177664975 0.015 0.03680203045685279
4 0.2807142857142857 0.5019035532994924 0.014285714285714285 0.03426395939086294
3 0.2689285714285714 0.508248730964467 0.017857142857142856 0.031725888324873094
5 0.32142857142857145 0.46446700507614214 0.022857142857142857 0.04568527918781726
5 0.3082142857142857 0.47017766497461927 0.02214285714285714 0.04949238578680203
3 0.2975 0.4720812182741117 0.012142857142857143 0.030456852791878174
4 0.28785714285714287 0.4720812182741117 0.014285714285714285 0.030456852791878174
5 0.2764285714285714 0.467005076142132 0.02 0.03807106598984772
3 0.2557142857142857 0.47652284263959394 0.012857142857142857 0.02918781725888325
3 0.24321428571428572 0.5050761421319797 0.016428571428571428 0.030456852791878174
5 0.19607142857142856 0.516497461928934 0.055 0.04314720812182741
3 0.19785714285714287 0.4739847715736041 0.024285714285714285 0.01903553299492386
3 0.1442857142857143 0.4803299492385787 0.025714285714285714 0.021573604060913704
4 0.13 0.46954314720812185 0.027142857142857142 0.02284263959390863
4 0.24357142857142858 0.4549492385786802 0.025714285714285714 0.024111675126903553
3 0.21642857142857144 0.41624365482233505 0.02142857142857143 0.02030456852791878
5 0.21392857142857144 0.4035532994923858 0.03214285714285714 0.030456852791878174
5 0.12857142857142856 0.41878172588832485 0.05142857142857143 0.02284263959390863
5 0.13107142857142856 0.4022842639593909 0.052142857142857144 0.03299492385786802
5 0.135 0.3895939086294416 0.05142857142857143 0.03299492385786802
8 0.14107142857142857 0.3756345177664975 0.03357142857142857 0.025380710659898477
5 0.17714285714285713 0.37055837563451777 0.02142857142857143 0.050761421319796954
5 0.14714285714285713 0.3610406091370558 0.047142857142857146 0.03680203045685279
5 0.15642857142857142 0.3489847715736041 0.03 0.025380710659898477
5 0.15714285714285714 0.3381979695431472 0.045714285714285714 0.031725888324873094
5 0.15928571428571428 0.3267766497461929 0.04428571428571428 0.0266497461928934
3 0.22392857142857142 0.3762690355329949 0.017857142857142856 0.01903553299492386
8 0.225 0.35913705583756345 0.027142857142857142 0.02284263959390863
3 0.23 0.35152284263959394 0.018571428571428572 0.015228426395939087
3 0.2307142857142857 0.34517766497461927 0.017142857142857144 0.015228426395939087
3 0.23464285714285715 0.3362944162436548 0.015 0.015228426395939087
8 0.23214285714285715 0.32423857868020306 0.02142857142857143 0.01903553299492386
3 0.09392857142857143 0.3229695431472081 0.013571428571428571 0.01903553299492386
4 0.22285714285714286 0.2906091370558376 0.014285714285714285 0.02030456852791878
3 0.2092857142857143 0.282994923857868 0.014285714285714285 0.017766497461928935
3 0.18892857142857142 0.24492385786802032 0.009285714285714286 0.017766497461928935
3 0.19642857142857142 0.22398477157360405 0.008571428571428572 0.01649746192893401
3 0.1992857142857143 0.19923857868020303 0.015714285714285715 0.012690355329949238
3 0.2017857142857143 0.19289340101522842 0.015 0.012690355329949238
4 0.21571428571428572 0.17703045685279187 0.015714285714285715 0.01649746192893401
3 0.22357142857142856 0.1681472081218274 0.012857142857142857 0.013959390862944163
3 0.22857142857142856 0.16307106598984772 0.012857142857142857 0.013959390862944163
4 0.23642857142857143 0.15101522842639595 0.014285714285714285 0.015228426395939087
3 0.22785714285714287 0.19923857868020303 0.014285714285714285 0.015228426395939087
3 0.0064285714285714285 0.2779187817258883 0.012857142857142857 0.02284263959390863
4 0.03 0.25761421319796957 0.015714285714285715 0.025380710659898477
9 0.13392857142857142 0.07614213197969544 0.005 0.01015228426395939
3 0.15071428571428572 0.03426395939086294 0.007142857142857143 0.01015228426395939
3 0.10321428571428572 0.00951776649746193 0.0064285714285714285 0.013959390862944163
3 0.215 0.008883248730964468 0.005714285714285714 0.012690355329949238
3 0.28285714285714286 0.10723350253807107 0.008571428571428572 0.013959390862944163
3 0.2835714285714286 0.1313451776649746 0.012857142857142857 0.011421319796954314
3 0.28785714285714287 0.12309644670050761 0.011428571428571429 0.01015228426395939
3 0.2889285714285714 0.11738578680203046 0.012142857142857143 0.011421319796954314
5 0.3653571428571429 0.4098984771573604 0.04642857142857143 0.03553299492385787
3 0.3175 0.4022842639593909 0.013571428571428571 0.027918781725888325
3 0.33285714285714285 0.3889593908629442 0.011428571428571429 0.021573604060913704
3 0.005714285714285714 0.6700507614213198 0.011428571428571429 0.03553299492385787