2 0.225 0.4656666666666667 0.015 0.012666666666666666
9 0.1515 0.5136666666666667 0.017 0.012666666666666666
9 0.1485 0.5083333333333333 0.015 0.014
0 0.38875 0.907 0.0135 0.04733333333333333
4 0.09975 0.616 0.0455 0.036
3 0.19475 0.6076666666666667 0.0605 0.035333333333333335
3 0.25 0.6056666666666667 0.05 0.034
3 0.2695 0.6693333333333333 0.073 0.044
3 0.344 0.6586666666666666 0.061 0.042666666666666665
3 0.389 0.6296666666666667 0.065 0.04066666666666666
3 0.301 0.719 0.076 0.04733333333333333
3 0.179 0.739 0.086 0.05
3 0.46725 0.6176666666666667 0.0645 0.038
3 0.52375 0.696 0.0745 0.04533333333333334
3 0.615 0.6016666666666667 0.057 0.035333333333333335
3 0.753 0.6976666666666667 0.063 0.06466666666666666
3 0.83375 0.687 0.0695 0.07266666666666667
3 0.86925 0.6493333333333333 0.0735 0.042666666666666665
3 0.835 0.598 0.057 0.036
3 0.687 0.5923333333333334 0.063 0.035333333333333335
3 0.67 0.577 0.056 0.03266666666666666
3 0.6525 0.557 0.058 0.04066666666666666
3 0.78625 0.5463333333333333 0.0575 0.028666666666666667
3 0.842 0.5403333333333333 0.054 0.03
3 0.89875 0.533 0.0505 0.03
3 0.89425 0.49366666666666664 0.0275 0.027333333333333334
3 0.959 0.583 0.064 0.034
3 0.95475 0.532 0.0565 0.030666666666666665
3 0.98675 0.5213333333333333 0.0265 0.029333333333333333
3 0.51275 0.35133333333333333 0.0185 0.010666666666666666
4 0.53675 0.36033333333333334 0.0205 0.015333333333333332
3 0.588 0.3606666666666667 0.024 0.013333333333333334
4 0.591 0.3476666666666667 0.021 0.012666666666666666
3 0.62025 0.3463333333333333 0.0215 0.011333333333333334
3 0.984 0.34 0.01 0.014666666666666666
3 0.9605 0.3293333333333333 0.016 0.009333333333333334
3 0.3595 0.5693333333333334 0.026 0.04
3 0.39175 0.57 0.0255 0.044
3 0.424 0.6483333333333333 0.068 0.04066666666666666
3 0.57075 0.629 0.0625 0.042
3 0.67425 0.7136666666666667 0.0545 0.06466666666666666
3 0.72425 0.612 0.0645 0.037333333333333336
3 0.718 0.551 0.056 0.035333333333333335