8 0.3094989561586639 0.38821892393320967 0.1534446764091858 0.11595547309833024
5 0.2745302713987474 0.4893320964749536 0.12421711899791232 0.12152133580705009
3 0.4211899791231733 0.275974025974026 0.04592901878914405 0.1326530612244898
3 0.47677453027139877 0.3070500927643785 0.04645093945720251 0.150278293135436
3 0.5326200417536534 0.29916512059369205 0.042275574112734866 0.14192949907235622
4 0.596294363256785 0.2782931354359926 0.048538622129436326 0.14656771799628943
4 0.6568371607515657 0.2829313543599258 0.04540709812108559 0.1261595547309833
4 0.4613778705636743 0.6887755102040817 0.0511482254697286 0.18460111317254174
3 0.5167014613778705 0.6938775510204082 0.0511482254697286 0.19109461966604824
3 0.5874217118997912 0.7189239332096475 0.054801670146137786 0.20593692022263452
5 0.6529227557411273 0.7472170686456401 0.059498956158663886 0.22356215213358072
9 0.27713987473903967 0.725417439703154 0.024008350730688934 0.07235621521335807
7 0.31497912317327764 0.687847866419295 0.04540709812108559 0.11595547309833024
6 0.7698329853862212 0.4025974025974026 0.054279749478079335 0.06493506493506493
7 0.4253653444676409 0.0774582560296846 0.031315240083507306 0.06586270871985157
4 0.47520876826722336 0.08116883116883117 0.04123173277661795 0.12523191094619665
3 0.5208768267223383 0.07653061224489796 0.033402922755741124 0.09369202226345083
3 0.5660229645093946 0.08673469387755102 0.0360125260960334 0.11781076066790352
1 0.5900313152400835 0.13589981447124305 0.008872651356993737 0.021335807050092765
3 0.6051670146137788 0.08905380333951762 0.03288100208768267 0.07606679035250463
1 0.8162839248434238 0.11734693877551021 0.014613778705636743 0.038033395176252316
2 0.8155010438413361 0.1303339517625232 0.013048016701461378 0.05473098330241188
9 0.9251043841336117 0.04081632653061224 0.030793319415448852 0.04267161410018553
9 0.9227557411273486 0.08348794063079777 0.029227557411273485 0.03896103896103896
0 0.7776617954070981 0.2657699443413729 0.009394572025052192 0.036178107606679034
0 0.7847077244258872 0.2657699443413729 0.013048016701461378 0.045454545454545456
9 0.944937369519833 0.14239332096474955 0.029749478079331943 0.030612244897959183
9 0.9441544885177453 0.1553803339517625 0.029227557411273485 0.032467532467532464
9 0.9196242171189979 0.1660482374768089 0.027139874739039668 0.04452690166975881
9 0.8984864300626305 0.16419294990723562 0.01826722338204593 0.05009276437847866
9 0.8927453027139874 0.19526901669758812 0.024530271398747392 0.04730983302411874
9 0.9389352818371608 0.24211502782931354 0.03966597077244259 0.04267161410018553
9 0.9331941544885177 0.25742115027829315 0.037578288100208766 0.036178107606679034
7 0.877348643006263 0.2588126159554731 0.04384133611691023 0.09090909090909091
7 0.9514613778705637 0.33070500927643787 0.061586638830897704 0.07328385899814471
9 0.9663361169102297 0.37012987012987014 0.0360125260960334 0.04081632653061224
9 0.951722338204593 0.39517625231910947 0.0360125260960334 0.04081632653061224
0 0.9172755741127349 0.4489795918367347 0.02244258872651357 0.04452690166975881
9 0.9799060542797495 0.45269016697588127 0.038100208768267224 0.03896103896103896
9 0.9843423799582464 0.5157699443413729 0.030271398747390398 0.03896103896103896
2 0.9558977035490606 0.47634508348794063 0.03914405010438413 0.04359925788497217
9 0.7914926931106472 0.3455473098330241 0.02661795407098121 0.05658627087198516
1 0.8603862212943633 0.3047309833024119 0.02139874739039666 0.0287569573283859
6 0.8637787056367432 0.3228200371057514 0.033402922755741124 0.07421150278293136
2 0.8319415448851775 0.6567717996289425 0.024008350730688934 0.06307977736549165
2 0.8110647181628392 0.640074211502783 0.019832985386221295 0.06307977736549165
6 0.8269832985386222 0.7175324675324676 0.03288100208768267 0.10111317254174397
6 0.8958768267223383 0.8158627087198516 0.05897703549060543 0.1326530612244898