1 0.4375 0.924 0.021 0.04
9 0.43675 0.9363333333333334 0.0255 0.074
1 0.2255 0.452 0.013 0.029333333333333333
9 0.22625 0.4583333333333333 0.0245 0.020666666666666667
8 0.298 0.4513333333333333 0.115 0.136
3 0.10075 0.43333333333333335 0.0575 0.037333333333333336
3 0.13225 0.4033333333333333 0.0505 0.03333333333333333
3 0.15175 0.4073333333333333 0.0325 0.04
3 0.53275 0.38566666666666666 0.0265 0.03266666666666666
3 0.58 0.375 0.022 0.03133333333333333
3 0.58925 0.33166666666666667 0.0175 0.024666666666666667
3 0.54525 0.32166666666666666 0.0195 0.026
3 0.51775 0.3233333333333333 0.0215 0.025333333333333333
3 0.436 0.339 0.027 0.027333333333333334
3 0.50025 0.305 0.0375 0.022
3 0.4975 0.29233333333333333 0.034 0.015333333333333332
3 0.50825 0.282 0.0365 0.02
3 0.54475 0.25833333333333336 0.0155 0.018
3 0.56925 0.259 0.0155 0.020666666666666667
3 0.59425 0.2653333333333333 0.0155 0.021333333333333333
3 0.59525 0.25466666666666665 0.0155 0.017333333333333333
3 0.54775 0.244 0.0135 0.014666666666666666
4 0.54875 0.23133333333333334 0.0115 0.013333333333333334
3 0.55175 0.223 0.0125 0.014
3 0.59325 0.22266666666666668 0.0125 0.016
3 0.58925 0.20666666666666667 0.0125 0.013333333333333334
3 0.58375 0.19366666666666665 0.0125 0.011333333333333334
3 0.56925 0.17033333333333334 0.0095 0.01
4 0.48875 0.15733333333333333 0.0075 0.012
4 0.50275 0.15066666666666667 0.0155 0.012
3 0.49025 0.14133333333333334 0.0075 0.008
3 0.33875 0.36633333333333334 0.0345 0.034
3 0.3105 0.39066666666666666 0.034 0.036
3 0.334 0.20433333333333334 0.024 0.015333333333333332
3 0.32275 0.21166666666666667 0.0225 0.011333333333333334
3 0.3215 0.21566666666666667 0.025 0.01