8 0.3889285714285714 0.883248730964467 0.05071428571428571 0.14720812182741116
1 0.039285714285714285 0.3470812182741117 0.008571428571428572 0.008883248730964468
1 0.12821428571428573 0.3052030456852792 0.0064285714285714285 0.008883248730964468
1 0.15 0.29885786802030456 0.004285714285714286 0.008883248730964468
1 0.1625 0.29758883248730966 0.0035714285714285713 0.011421319796954314
1 0.1775 0.3426395939086294 0.0035714285714285713 0.015228426395939087
1 0.12928571428571428 0.35088832487309646 0.002857142857142857 0.013959390862944163
1 0.08357142857142857 0.36738578680203043 0.004285714285714286 0.01649746192893401
4 0.011785714285714287 0.5444162436548223 0.017857142857142856 0.04314720812182741
3 0.03535714285714286 0.5437817258883249 0.017857142857142856 0.031725888324873094
4 0.05928571428571429 0.5304568527918782 0.018571428571428572 0.03807106598984772
4 0.07857142857142857 0.5228426395939086 0.02 0.04568527918781726
4 0.10428571428571429 0.5209390862944162 0.02 0.04187817258883249
4 0.1275 0.5145939086294417 0.020714285714285713 0.044416243654822336
4 0.14857142857142858 0.508248730964467 0.017142857142857144 0.03934010152284264
4 0.17142857142857143 0.4936548223350254 0.018571428571428572 0.050761421319796954
4 0.19 0.4936548223350254 0.02142857142857143 0.04060913705583756
4 0.20785714285714285 0.4885786802030457 0.02 0.03807106598984772
3 0.19714285714285715 0.5583756345177665 0.03857142857142857 0.027918781725888325
3 0.24464285714285713 0.5501269035532995 0.035 0.0266497461928934
4 0.3182142857142857 0.46573604060913704 0.02214285714285714 0.027918781725888325
0 0.3296428571428571 0.4219543147208122 0.0035714285714285713 0.01903553299492386
0 0.36 0.38388324873096447 0.004285714285714286 0.01903553299492386
3 0.33 0.44543147208121825 0.02 0.02284263959390863
3 0.3457142857142857 0.4251269035532995 0.018571428571428572 0.02284263959390863
3 0.36428571428571427 0.4016497461928934 0.014285714285714285 0.01903553299492386
0 0.37 0.3889593908629442 0.002857142857142857 0.01903553299492386
4 0.37392857142857144 0.38261421319796957 0.013571428571428571 0.021573604060913704
0 0.4092857142857143 0.27982233502538073 0.004285714285714286 0.013959390862944163
3 0.42928571428571427 0.2887055837563452 0.011428571428571429 0.01649746192893401
3 0.48892857142857143 0.15355329949238578 0.005 0.01015228426395939
4 0.4682142857142857 0.20241116751269037 0.007857142857142858 0.013959390862944163
3 0.4725 0.1967005076142132 0.009285714285714286 0.012690355329949238
4 0.48428571428571426 0.1751269035532995 0.008571428571428572 0.012690355329949238
0 0.49464285714285716 0.15736040609137056 0.002142857142857143 0.01015228426395939
3 0.5235714285714286 0.13324873096446702 0.005714285714285714 0.007614213197969543
3 0.5271428571428571 0.11104060913705584 0.007142857142857143 0.006345177664974619
3 0.5292857142857142 0.1199238578680203 0.007142857142857143 0.008883248730964468
3 0.5521428571428572 0.1281725888324873 0.005714285714285714 0.007614213197969543
3 0.5446428571428571 0.2366751269035533 0.0064285714285714285 0.011421319796954314
4 0.5703571428571429 0.2703045685279188 0.0064285714285714285 0.012690355329949238
0 0.4471428571428571 0.47652284263959394 0.004285714285714286 0.013959390862944163
0 0.45821428571428574 0.4727157360406091 0.0035714285714285713 0.01649746192893401
0 0.5896428571428571 0.46383248730964466 0.002142857142857143 0.01649746192893401
0 0.5914285714285714 0.46383248730964466 0.002857142857142857 0.01649746192893401
3 0.6225 0.39086294416243655 0.019285714285714285 0.02030456852791878
8 0.605 0.36611675126903553 0.024285714285714285 0.031725888324873094
8 0.5907142857142857 0.21129441624365483 0.007142857142857143 0.008883248730964468
8 0.5814285714285714 0.2887055837563452 0.011428571428571429 0.02918781725888325
5 0.5821428571428572 0.25951776649746194 0.011428571428571429 0.024111675126903553
3 0.5885714285714285 0.25317258883248733 0.005714285714285714 0.008883248730964468
5 0.6996428571428571 0.366751269035533 0.013571428571428571 0.030456852791878174
3 0.9725 0.7633248730964467 0.039285714285714285 0.03426395939086294