4 0.4057142857142857 0.8013959390862944 0.017142857142857144 0.03426395939086294
8 0.005714285714285714 0.6903553299492385 0.011428571428571429 0.02284263959390863
5 0.031785714285714285 0.6015228426395939 0.027857142857142858 0.02030456852791878
5 0.06714285714285714 0.5564720812182741 0.015714285714285715 0.03426395939086294
5 0.08321428571428571 0.4993654822335025 0.013571428571428571 0.031725888324873094
5 0.12535714285714286 0.5057106598984772 0.02642857142857143 0.024111675126903553
5 0.12321428571428572 0.5158629441624365 0.025 0.024111675126903553
4 0.031071428571428573 0.5209390862944162 0.019285714285714285 0.013959390862944163
5 0.0675 0.5196700507614214 0.023571428571428573 0.01903553299492386
3 0.05821428571428571 0.5583756345177665 0.010714285714285714 0.017766497461928935
3 0.056428571428571425 0.583756345177665 0.01 0.02030456852791878
4 0.07142857142857142 0.5780456852791879 0.012857142857142857 0.0266497461928934
3 0.08035714285714286 0.5552030456852792 0.012142857142857143 0.01903553299492386
3 0.08428571428571428 0.5805837563451777 0.011428571428571429 0.024111675126903553
4 0.10892857142857143 0.557741116751269 0.012142857142857143 0.021573604060913704
4 0.10071428571428571 0.5545685279187818 0.012857142857142857 0.025380710659898477
4 0.09142857142857143 0.5532994923857868 0.014285714285714285 0.02284263959390863
4 0.10035714285714285 0.5158629441624365 0.017857142857142856 0.01649746192893401
0 0.31785714285714284 0.25380710659898476 0.0014285714285714286 0.01015228426395939
1 0.3264285714285714 0.24555837563451777 0.002857142857142857 0.006345177664974619
4 0.375 0.30583756345177665 0.008571428571428572 0.017766497461928935
4 0.3782142857142857 0.315989847715736 0.012142857142857143 0.015228426395939087
4 0.3807142857142857 0.3217005076142132 0.012857142857142857 0.013959390862944163
4 0.38357142857142856 0.32614213197969544 0.011428571428571429 0.015228426395939087
4 0.38607142857142857 0.33058375634517767 0.013571428571428571 0.013959390862944163
4 0.3871428571428571 0.3369289340101523 0.014285714285714285 0.01649746192893401
4 0.39035714285714285 0.3413705583756345 0.013571428571428571 0.015228426395939087
4 0.39321428571428574 0.3470812182741117 0.012142857142857143 0.01649746192893401
4 0.39571428571428574 0.35215736040609136 0.012857142857142857 0.01649746192893401
4 0.39785714285714285 0.35913705583756345 0.012857142857142857 0.015228426395939087
4 0.4014285714285714 0.3623096446700508 0.014285714285714285 0.01649746192893401
3 0.40714285714285714 0.375 0.014285714285714285 0.013959390862944163
4 0.41035714285714286 0.37944162436548223 0.013571428571428571 0.015228426395939087
8 0.43857142857142856 0.43591370558375636 0.015714285714285715 0.021573604060913704
4 0.3457142857142857 0.3166243654822335 0.012857142857142857 0.01649746192893401
8 0.3407142857142857 0.3210659898477157 0.015714285714285715 0.02030456852791878
8 0.33 0.33185279187817257 0.017142857142857144 0.021573604060913704
8 0.3242857142857143 0.33756345177664976 0.014285714285714285 0.02030456852791878
8 0.3142857142857143 0.350253807106599 0.015714285714285715 0.02030456852791878
8 0.30357142857142855 0.3623096446700508 0.015714285714285715 0.021573604060913704
8 0.2935714285714286 0.3756345177664975 0.017142857142857144 0.02030456852791878
8 0.2875 0.38071065989847713 0.016428571428571428 0.02030456852791878
8 0.27964285714285714 0.3876903553299492 0.016428571428571428 0.021573604060913704
8 0.2735714285714286 0.3953045685279188 0.017142857142857144 0.01903553299492386
8 0.2807142857142857 0.41243654822335024 0.03857142857142857 0.03553299492385787
8 0.3007142857142857 0.4581218274111675 0.04 0.04060913705583756
8 0.3264285714285714 0.5177664974619289 0.03571428571428571 0.04060913705583756
8 0.3389285714285714 0.5501269035532995 0.035 0.03680203045685279
8 0.35428571428571426 0.5818527918781726 0.025714285714285714 0.044416243654822336
8 0.2825 0.6878172588832487 0.05357142857142857 0.03299492385786802
3 0.2325 0.6472081218274112 0.007857142857142858 0.02284263959390863
0 0.25642857142857145 0.7322335025380711 0.002857142857142857 0.01015228426395939
0 0.25892857142857145 0.7347715736040609 0.002142857142857143 0.01015228426395939
0 0.21642857142857144 0.7557106598984772 0.002857142857142857 0.011421319796954314
0 0.21678571428571428 0.7576142131979695 0.002142857142857143 0.01015228426395939
5 0.33714285714285713 0.36738578680203043 0.018571428571428572 0.02918781725888325
5 0.3439285714285714 0.38071065989847713 0.017857142857142856 0.027918781725888325
5 0.3475 0.3883248730964467 0.020714285714285713 0.030456852791878174
8 0.35 0.39784263959390864 0.02142857142857143 0.02918781725888325
5 0.355 0.4016497461928934 0.017142857142857144 0.0266497461928934
5 0.3585714285714286 0.407994923857868 0.018571428571428572 0.0266497461928934
5 0.36142857142857143 0.4156091370558376 0.02 0.02918781725888325
5 0.36464285714285716 0.42385786802030456 0.016428571428571428 0.02284263959390863
8 0.36714285714285716 0.43210659898477155 0.018571428571428572 0.0266497461928934
5 0.3775 0.4543147208121827 0.020714285714285713 0.030456852791878174
5 0.38142857142857145 0.46256345177664976 0.02 0.031725888324873094
5 0.3917857142857143 0.48223350253807107 0.020714285714285713 0.030456852791878174
5 0.3992857142857143 0.4879441624365482 0.024285714285714285 0.03934010152284264
8 0.4042857142857143 0.4980964467005076 0.02 0.031725888324873094
8 0.3867857142857143 0.4727157360406091 0.020714285714285713 0.031725888324873094
4 0.4142857142857143 0.4663705583756345 0.018571428571428572 0.024111675126903553
8 0.4085714285714286 0.4581218274111675 0.018571428571428572 0.025380710659898477
8 0.4032142857142857 0.4498730964467005 0.019285714285714285 0.024111675126903553
8 0.39964285714285713 0.44289340101522845 0.017857142857142856 0.025380710659898477
8 0.3532142857142857 0.35913705583756345 0.017857142857142856 0.02284263959390863
8 0.3560714285714286 0.3635786802030457 0.017857142857142856 0.021573604060913704
8 0.3610714285714286 0.36928934010152287 0.017857142857142856 0.02030456852791878
8 0.365 0.3743654822335025 0.017142857142857144 0.025380710659898477
8 0.36892857142857144 0.37944162436548223 0.017857142857142856 0.025380710659898477
8 0.37642857142857145 0.39276649746192893 0.02 0.021573604060913704
8 0.37892857142857145 0.399746192893401 0.017857142857142856 0.02284263959390863
8 0.38285714285714284 0.4156091370558376 0.017142857142857144 0.024111675126903553
8 0.3889285714285714 0.41941624365482233 0.017857142857142856 0.024111675126903553
8 0.3921428571428571 0.4276649746192893 0.017142857142857144 0.025380710659898477
8 0.39464285714285713 0.43718274111675126 0.017857142857142856 0.024111675126903553