3 0.13804801670146138 0.3525046382189239 0.055845511482254695 0.07421150278293136
3 0.1779749478079332 0.3167903525046382 0.0511482254697286 0.06771799628942486
3 0.27218162839248433 0.37894248608534326 0.07881002087682672 0.08070500927643785
3 0.2925365344467641 0.41465677179962895 0.07881002087682672 0.08163265306122448
3 0.3209812108559499 0.4554730983302412 0.0824634655532359 0.09647495361781076
3 0.3447286012526096 0.49489795918367346 0.07776617954070981 0.09183673469387756
3 0.3747390396659708 0.5343228200371057 0.0918580375782881 0.10946196660482375
3 0.41388308977035493 0.5732838589981447 0.07933194154488518 0.09647495361781076
3 0.4616388308977035 0.7393320964749536 0.08194154488517745 0.1280148423005566
3 0.5237473903966597 0.7003710575139147 0.09237995824634655 0.14471243042671614
3 0.5446242171189979 0.3622448979591837 0.03496868475991649 0.06029684601113173
0 0.049060542797494784 0.6312615955473099 0.022964509394572025 0.05844155844155844
0 0.025052192066805846 0.62847866419295 0.021920668058455117 0.06215213358070501
7 0.021659707724425888 0.6725417439703154 0.043319415448851775 0.09461966604823747
0 0.9921711899791231 0.23515769944341372 0.014613778705636743 0.036178107606679034
0 0.8650835073068893 0.44063079777365494 0.012004175365344467 0.04267161410018553
6 0.9814718162839249 0.525974025974026 0.0360125260960334 0.07421150278293136
3 0.9214509394572025 0.9169758812615956 0.08820459290187892 0.16419294990723562
5 0.8794363256784968 0.05287569573283859 0.07828810020876827 0.08534322820037106
5 0.8961377870563675 0.12059369202226346 0.07515657620041753 0.07421150278293136
5 0.9582463465553236 0.08256029684601113 0.0824634655532359 0.10018552875695733