3 0.5667857142857143 0.9143401015228426 0.04642857142857143 0.11294416243654823
5 0.5371428571428571 0.6998730964467005 0.04285714285714286 0.12563451776649745
4 0.5771428571428572 0.6795685279187818 0.03142857142857143 0.08756345177664974
3 0.5021428571428571 0.47652284263959394 0.018571428571428572 0.046954314720812185
3 0.4382142857142857 0.4486040609137056 0.02642857142857143 0.08756345177664974
4 0.4471428571428571 0.37055837563451777 0.02 0.06091370558375635
3 0.5139285714285714 0.407994923857868 0.017857142857142856 0.03680203045685279
3 0.4182142857142857 0.3293147208121827 0.012142857142857143 0.02918781725888325
4 0.41714285714285715 0.2614213197969543 0.015714285714285715 0.04568527918781726
3 0.4382142857142857 0.2468274111675127 0.012142857142857143 0.021573604060913704
3 0.48464285714285715 0.2315989847715736 0.012142857142857143 0.021573604060913704
3 0.4375 0.20114213197969544 0.010714285714285714 0.01649746192893401
3 0.4325 0.14911167512690354 0.010714285714285714 0.01903553299492386
3 0.44821428571428573 0.16053299492385786 0.010714285714285714 0.01649746192893401
3 0.6957142857142857 0.7366751269035533 0.03428571428571429 0.06725888324873096
3 0.6553571428571429 0.7284263959390863 0.019285714285714285 0.05583756345177665
3 0.6321428571428571 0.631979695431472 0.022857142857142857 0.04314720812182741
3 0.6217857142857143 0.5856598984771574 0.02214285714285714 0.04949238578680203
3 0.7578571428571429 0.5996192893401016 0.02142857142857143 0.04949238578680203
3 0.6782142857142858 0.35279187817258884 0.015 0.030456852791878174
4 0.033928571428571426 0.8096446700507615 0.03785714285714286 0.06345177664974619
4 0.14107142857142857 0.3953045685279188 0.019285714285714285 0.024111675126903553
3 0.14964285714285713 0.37055837563451777 0.020714285714285713 0.017766497461928935
3 0.18964285714285714 0.36738578680203043 0.023571428571428573 0.021573604060913704
5 0.23535714285714285 0.3534263959390863 0.045 0.04949238578680203
3 0.2782142857142857 0.3026649746192893 0.013571428571428571 0.01903553299492386
3 0.6996428571428571 0.49048223350253806 0.019285714285714285 0.03680203045685279
3 0.6396428571428572 0.3096446700507614 0.016428571428571428 0.02284263959390863
3 0.4607142857142857 0.1281725888324873 0.011428571428571429 0.017766497461928935
3 0.4614285714285714 0.10977157360406091 0.011428571428571429 0.013959390862944163
3 0.4992857142857143 0.08565989847715735 0.01 0.013959390862944163
3 0.5021428571428571 0.07360406091370558 0.011428571428571429 0.015228426395939087
3 0.5357142857142857 0.057741116751269035 0.011428571428571429 0.013959390862944163
3 0.5478571428571428 0.07487309644670051 0.011428571428571429 0.015228426395939087
4 0.5278571428571428 0.26078680203045684 0.015714285714285715 0.03934010152284264
8 0.6146428571428572 0.027918781725888325 0.02214285714285714 0.025380710659898477
3 0.5567857142857143 0.04187817258883249 0.013571428571428571 0.012690355329949238
3 0.5860714285714286 0.02982233502538071 0.015 0.011421319796954314
3 0.5203571428571429 0.1802030456852792 0.007857142857142858 0.015228426395939087
4 0.7596428571428572 0.11421319796954314 0.012142857142857143 0.02030456852791878
3 0.7675 0.1351522842639594 0.012142857142857143 0.01649746192893401
4 0.7285714285714285 0.14657360406091371 0.008571428571428572 0.013959390862944163
3 0.7435714285714285 0.19733502538071065 0.01 0.01649746192893401
3 0.7260714285714286 0.1935279187817259 0.010714285714285714 0.01649746192893401
3 0.7085714285714285 0.18972081218274112 0.014285714285714285 0.01903553299492386
3 0.7014285714285714 0.3432741116751269 0.012857142857142857 0.024111675126903553
3 0.7453571428571428 0.14657360406091371 0.0064285714285714285 0.011421319796954314
3 0.7532142857142857 0.14720812182741116 0.005 0.01015228426395939
3 0.7996428571428571 0.19860406091370558 0.010714285714285714 0.013959390862944163
3 0.7878571428571428 0.19543147208121828 0.008571428571428572 0.015228426395939087
3 0.7771428571428571 0.1935279187817259 0.011428571428571429 0.01649746192893401
3 0.755 0.19923857868020303 0.011428571428571429 0.02030456852791878
3 0.7803571428571429 0.1782994923857868 0.007857142857142858 0.011421319796954314
3 0.8021428571428572 0.17639593908629442 0.01 0.02030456852791878
3 0.8032142857142858 0.1598984771573604 0.007857142857142858 0.012690355329949238
3 0.78 0.1313451776649746 0.007142857142857143 0.01649746192893401
8 0.7839285714285714 0.1034263959390863 0.015 0.031725888324873094
8 0.7971428571428572 0.10532994923857868 0.018571428571428572 0.027918781725888325
8 0.8289285714285715 0.10913705583756345 0.019285714285714285 0.03553299492385787
8 0.8382142857142857 0.1148477157360406 0.016428571428571428 0.03426395939086294
0 0.0975 0.7100253807106599 0.012142857142857143 0.024111675126903553
3 0.25892857142857145 0.48223350253807107 0.015 0.030456852791878174
3 0.2646428571428571 0.45621827411167515 0.013571428571428571 0.0266497461928934
3 0.2860714285714286 0.4543147208121827 0.015 0.03807106598984772
3 0.07357142857142857 0.3699238578680203 0.027142857142857142 0.021573604060913704
3 0.06142857142857143 0.38071065989847713 0.027142857142857142 0.017766497461928935
3 0.0475 0.4029187817258883 0.02214285714285714 0.01903553299492386
3 0.03857142857142857 0.375 0.024285714285714285 0.01649746192893401
3 0.031071428571428573 0.3864213197969543 0.020714285714285713 0.011421319796954314
3 0.02642857142857143 0.3953045685279188 0.024285714285714285 0.013959390862944163
3 0.019642857142857142 0.40545685279187815 0.020714285714285713 0.01649746192893401
3 0.011428571428571429 0.4219543147208122 0.018571428571428572 0.024111675126903553
5 0.3517857142857143 0.45875634517766495 0.020714285714285713 0.07233502538071065
5 0.31857142857142856 0.434010152284264 0.027142857142857142 0.06852791878172589
3 0.8664285714285714 0.17956852791878172 0.008571428571428572 0.01649746192893401
3 0.8517857142857143 0.20304568527918782 0.016428571428571428 0.025380710659898477
3 0.865 0.20431472081218274 0.008571428571428572 0.02284263959390863
3 0.8553571428571428 0.22398477157360405 0.010714285714285714 0.01903553299492386
3 0.2075 0.3610406091370558 0.02642857142857143 0.021573604060913704
3 0.095 0.4232233502538071 0.02 0.01903553299492386
3 0.32392857142857145 0.3762690355329949 0.027857142857142858 0.0266497461928934
0 0.34785714285714286 0.39911167512690354 0.008571428571428572 0.0266497461928934
0 0.2735714285714286 0.46383248730964466 0.008571428571428572 0.021573604060913704
5 0.09607142857142857 0.6395939086294417 0.04642857142857143 0.08375634517766498
4 0.7175 0.5602791878172588 0.025 0.04187817258883249
4 0.4857142857142857 0.15355329949238578 0.01 0.02284263959390863
3 0.6682142857142858 0.33375634517766495 0.017857142857142856 0.027918781725888325
5 0.6864285714285714 0.32043147208121825 0.018571428571428572 0.03426395939086294
5 0.7032142857142857 0.1148477157360406 0.027857142857142858 0.021573604060913704
5 0.7078571428571429 0.10977157360406091 0.025714285714285714 0.021573604060913704
5 0.7139285714285715 0.10596446700507614 0.025 0.024111675126903553
5 0.7210714285714286 0.09961928934010152 0.02642857142857143 0.024111675126903553
5 0.7253571428571428 0.09708121827411167 0.02642857142857143 0.0266497461928934
5 0.7335714285714285 0.09581218274111675 0.025714285714285714 0.0266497461928934
5 0.6071428571428571 0.15355329949238578 0.018571428571428572 0.027918781725888325
5 0.6332142857142857 0.15862944162436549 0.016428571428571428 0.027918781725888325
5 0.6246428571428572 0.15736040609137056 0.020714285714285713 0.027918781725888325
5 0.6607142857142857 0.16370558375634517 0.018571428571428572 0.025380710659898477
5 0.6364285714285715 0.18591370558375633 0.02 0.0266497461928934
5 0.615 0.18083756345177665 0.02 0.0266497461928934
5 0.6082142857142857 0.18401015228426396 0.023571428571428573 0.03299492385786802
5 0.5992857142857143 0.18591370558375633 0.025714285714285714 0.03934010152284264
4 0.8135714285714286 0.16116751269035534 0.011428571428571429 0.02284263959390863
4 0.8175 0.141497461928934 0.012142857142857143 0.01903553299492386
4 0.8103571428571429 0.14213197969543148 0.012142857142857143 0.02284263959390863
4 0.8014285714285714 0.14022842639593908 0.014285714285714285 0.021573604060913704