3 0.016785714285714286 0.9467005076142132 0.019285714285714285 0.06091370558375635
3 0.175 0.9638324873096447 0.02 0.05964467005076142
5 0.2332142857142857 0.9270304568527918 0.03357142857142857 0.10532994923857868
3 0.35928571428571426 0.9054568527918782 0.032857142857142856 0.03680203045685279
3 0.5496428571428571 0.7779187817258884 0.03214285714285714 0.03299492385786802
3 0.21607142857142858 0.8236040609137056 0.020714285714285713 0.05583756345177665
3 0.0064285714285714285 0.37944162436548223 0.012857142857142857 0.04060913705583756
3 0.06892857142857142 0.47715736040609136 0.02214285714285714 0.04568527918781726
3 0.10714285714285714 0.44352791878172587 0.022857142857142857 0.044416243654822336
3 0.12607142857142858 0.399746192893401 0.02214285714285714 0.04314720812182741
3 0.16892857142857143 0.6230964467005076 0.02214285714285714 0.050761421319796954
4 0.8014285714285714 0.3356598984771574 0.024285714285714285 0.031725888324873094
8 0.6403571428571428 0.33121827411167515 0.03642857142857143 0.04568527918781726
8 0.7403571428571428 0.3483502538071066 0.07357142857142857 0.044416243654822336
8 0.7739285714285714 0.4200507614213198 0.047857142857142855 0.027918781725888325
8 0.635 0.40545685279187815 0.04428571428571428 0.03426395939086294
8 0.8678571428571429 0.39276649746192893 0.07571428571428572 0.044416243654822336
8 0.7064285714285714 0.4137055837563452 0.06714285714285714 0.03807106598984772
8 0.5953571428571428 0.47017766497461927 0.03642857142857143 0.10279187817258884
8 0.6075 0.49555837563451777 0.03785714285714286 0.11294416243654823
8 0.6275 0.4987309644670051 0.04214285714285714 0.11421319796954314
8 0.6446428571428572 0.5050761421319797 0.035 0.08883248730964467
8 0.6610714285714285 0.5234771573604061 0.025 0.07233502538071065
8 0.6839285714285714 0.506979695431472 0.039285714285714285 0.12055837563451777
8 0.7046428571428571 0.5025380710659898 0.03785714285714286 0.11928934010152284
8 0.7260714285714286 0.4980964467005076 0.04214285714285714 0.11548223350253807
8 0.7467857142857143 0.48921319796954316 0.03785714285714286 0.11548223350253807
8 0.7639285714285714 0.506979695431472 0.030714285714285715 0.0901015228426396
8 0.7821428571428571 0.5076142131979695 0.04 0.11421319796954314
0 0.8246428571428571 0.559010152284264 0.0064285714285714285 0.011421319796954314
0 0.6242857142857143 0.5894670050761421 0.005714285714285714 0.008883248730964468
0 0.6510714285714285 0.4276649746192893 0.0064285714285714285 0.01015228426395939
0 0.6378571428571429 0.5926395939086294 0.002857142857142857 0.007614213197969543
0 0.6471428571428571 0.5920050761421319 0.002857142857142857 0.008883248730964468
0 0.6007142857142858 0.2918781725888325 0.002857142857142857 0.01015228426395939
0 0.6046428571428571 0.2880710659898477 0.0035714285714285713 0.01015228426395939
0 0.6078571428571429 0.28743654822335024 0.004285714285714286 0.013959390862944163
0 0.6128571428571429 0.28743654822335024 0.002857142857142857 0.008883248730964468
3 0.13107142857142856 0.008248730964467006 0.016428571428571428 0.01649746192893401
8 0.16178571428571428 0.04060913705583756 0.03785714285714286 0.06091370558375635
4 0.19107142857142856 0.08185279187817258 0.02214285714285714 0.03426395939086294
4 0.22642857142857142 0.12246192893401016 0.024285714285714285 0.03426395939086294
4 0.2542857142857143 0.15418781725888325 0.027142857142857142 0.04187817258883249
3 0.2817857142857143 0.18972081218274112 0.025 0.03426395939086294
3 0.3107142857142857 0.21954314720812182 0.024285714285714285 0.03553299492385787
3 0.3425 0.24873096446700507 0.02214285714285714 0.030456852791878174
3 0.37714285714285717 0.26586294416243655 0.024285714285714285 0.0266497461928934
3 0.8017857142857143 0.12436548223350254 0.02642857142857143 0.03299492385786802
3 0.8096428571428571 0.05901015228426396 0.023571428571428573 0.031725888324873094
4 0.8225 0.01903553299492386 0.02642857142857143 0.03553299492385787
4 0.905 0.12055837563451777 0.022857142857142857 0.025380710659898477
4 0.9164285714285715 0.22461928934010153 0.022857142857142857 0.0532994923857868
3 0.8839285714285714 0.22271573604060912 0.015 0.046954314720812185
3 0.8571428571428571 0.011421319796954314 0.015714285714285715 0.02284263959390863
0 0.8078571428571428 0.1065989847715736 0.005714285714285714 0.012690355329949238
0 0.8178571428571428 0.10279187817258884 0.005714285714285714 0.012690355329949238