4 0.033928571428571426 0.06662436548223351 0.05071428571428571 0.09771573604060914
0 0.3510714285714286 0.12373096446700507 0.007857142857142858 0.031725888324873094
0 0.3585714285714286 0.1218274111675127 0.007142857142857143 0.03299492385786802
0 0.4471428571428571 0.1313451776649746 0.008571428571428572 0.03426395939086294
0 0.445 0.11230964467005077 0.007142857142857143 0.03680203045685279
0 0.38821428571428573 0.13388324873096447 0.009285714285714286 0.021573604060913704
0 0.47535714285714287 0.46256345177664976 0.009285714285714286 0.03934010152284264
0 0.5103571428571428 0.4682741116751269 0.007857142857142858 0.03553299492385787
0 0.5107142857142857 0.4473350253807107 0.008571428571428572 0.02918781725888325
0 0.2757142857142857 0.5596446700507615 0.01 0.03553299492385787
0 0.5082142857142857 0.34517766497461927 0.0064285714285714285 0.03299492385786802
0 0.505 0.26078680203045684 0.008571428571428572 0.02918781725888325
0 0.5017857142857143 0.28109137055837563 0.009285714285714286 0.024111675126903553
0 0.5092857142857142 0.18527918781725888 0.007142857142857143 0.03299492385786802
0 0.4828571428571429 0.1199238578680203 0.01 0.021573604060913704
0 0.495 0.14086294416243655 0.008571428571428572 0.02030456852791878
0 0.5 0.13071065989847716 0.005714285714285714 0.02284263959390863
1 0.2882142857142857 0.618020304568528 0.010714285714285714 0.02030456852791878
0 0.29464285714285715 0.6110406091370558 0.007857142857142858 0.01649746192893401
1 0.29 0.5583756345177665 0.008571428571428572 0.017766497461928935
0 0.2982142857142857 0.5621827411167513 0.009285714285714286 0.017766497461928935
1 0.28035714285714286 0.6091370558375635 0.017857142857142856 0.02030456852791878
0 0.2885714285714286 0.5958121827411168 0.011428571428571429 0.01649746192893401
1 0.2978571428571429 0.5907360406091371 0.007142857142857143 0.0266497461928934
1 0.30964285714285716 0.5761421319796954 0.007857142857142858 0.02030456852791878
1 0.2592857142857143 0.8439086294416244 0.012857142857142857 0.03299492385786802
1 0.43535714285714283 0.932741116751269 0.023571428571428573 0.030456852791878174
0 0.46214285714285713 0.8248730964467005 0.014285714285714285 0.04060913705583756
0 0.4767857142857143 0.8204314720812182 0.012142857142857143 0.04187817258883249
1 0.3117857142857143 0.5571065989847716 0.012142857142857143 0.017766497461928935