4 0.4878571428571429 0.8496192893401016 0.008571428571428572 0.02918781725888325
8 0.5292857142857142 0.8223350253807107 0.012857142857142857 0.07614213197969544
8 0.5535714285714286 0.7734771573604061 0.011428571428571429 0.06979695431472081
3 0.5025 0.6643401015228426 0.0064285714285714285 0.01903553299492386
3 0.5475 0.5786802030456852 0.0064285714285714285 0.017766497461928935
5 0.5146428571428572 0.5234771573604061 0.010714285714285714 0.05456852791878172
4 0.5403571428571429 0.5184010152284264 0.0064285714285714285 0.021573604060913704
3 0.5492857142857143 0.5323604060913706 0.007142857142857143 0.01649746192893401
3 0.5557142857142857 0.5050761421319797 0.005714285714285714 0.017766497461928935
3 0.5567857142857143 0.4619289340101523 0.0064285714285714285 0.02030456852791878
3 0.5489285714285714 0.467005076142132 0.0064285714285714285 0.02284263959390863
3 0.5517857142857143 0.4143401015228426 0.0064285714285714285 0.01903553299492386
8 0.5457142857142857 0.38578680203045684 0.007142857142857143 0.025380710659898477
3 0.5225 0.375 0.0064285714285714285 0.013959390862944163
3 0.5153571428571428 0.37817258883248733 0.0064285714285714285 0.012690355329949238
3 0.5139285714285714 0.36421319796954316 0.0064285714285714285 0.012690355329949238
3 0.5139285714285714 0.3534263959390863 0.005 0.011421319796954314
3 0.52 0.35152284263959394 0.005714285714285714 0.012690355329949238
3 0.5403571428571429 0.35913705583756345 0.0064285714285714285 0.012690355329949238
3 0.5489285714285714 0.3553299492385787 0.0064285714285714285 0.012690355329949238
3 0.5353571428571429 0.33121827411167515 0.0064285714285714285 0.015228426395939087
3 0.5425 0.3166243654822335 0.005 0.013959390862944163
8 0.5660714285714286 0.29251269035532995 0.025 0.021573604060913704
3 0.5182142857142857 0.33946700507614214 0.0064285714285714285 0.011421319796954314
3 0.5117857142857143 0.34073604060913704 0.0064285714285714285 0.013959390862944163
3 0.505 0.34517766497461927 0.005714285714285714 0.01015228426395939
3 0.5046428571428572 0.3343908629441624 0.0064285714285714285 0.011421319796954314
5 0.5103571428571428 0.3229695431472081 0.007857142857142858 0.01649746192893401
3 0.5164285714285715 0.32423857868020306 0.005714285714285714 0.013959390862944163
3 0.5032142857142857 0.3223350253807107 0.005 0.01015228426395939
5 0.49214285714285716 0.2982233502538071 0.015714285714285715 0.017766497461928935
3 0.5089285714285714 0.2963197969543147 0.009285714285714286 0.011421319796954314
3 0.5217857142857143 0.26649746192893403 0.0064285714285714285 0.012690355329949238
3 0.5132142857142857 0.25888324873096447 0.0064285714285714285 0.012690355329949238
3 0.5092857142857142 0.24873096446700507 0.005714285714285714 0.012690355329949238
3 0.5057142857142857 0.23730964467005075 0.005714285714285714 0.01015228426395939
3 0.5057142857142857 0.22525380710659898 0.007142857142857143 0.011421319796954314
3 0.49892857142857144 0.21256345177664976 0.0064285714285714285 0.011421319796954314
8 0.4782142857142857 0.13895939086294415 0.010714285714285714 0.024111675126903553
3 0.4689285714285714 0.13769035532994925 0.005 0.011421319796954314
3 0.07214285714285715 0.7112944162436549 0.012857142857142857 0.021573604060913704
3 0.10642857142857143 0.6370558375634517 0.014285714285714285 0.02030456852791878
3 0.11428571428571428 0.6211928934010152 0.011428571428571429 0.01903553299492386
3 0.07857142857142857 0.8521573604060914 0.02 0.01649746192893401
3 0.10535714285714286 0.8407360406091371 0.019285714285714285 0.01649746192893401
3 0.15392857142857144 0.8483502538071066 0.019285714285714285 0.01903553299492386
5 0.3275 0.649746192893401 0.013571428571428571 0.03807106598984772
4 0.3296428571428571 0.7265228426395939 0.010714285714285714 0.02918781725888325
3 0.3342857142857143 0.7055837563451777 0.01 0.02030456852791878
3 0.3392857142857143 0.6878172588832487 0.01 0.02284263959390863
3 0.34964285714285714 0.6421319796954315 0.007857142857142858 0.017766497461928935
3 0.25785714285714284 0.31916243654822335 0.007142857142857143 0.011421319796954314
5 0.2671428571428571 0.31852791878172587 0.011428571428571429 0.02284263959390863
3 0.3271428571428571 0.40609137055837563 0.012857142857142857 0.01015228426395939
3 0.33464285714285713 0.4067258883248731 0.012142857142857143 0.008883248730964468
3 0.32392857142857145 0.44543147208121825 0.012142857142857143 0.01015228426395939
3 0.3357142857142857 0.4352791878172589 0.012857142857142857 0.01015228426395939
3 0.31035714285714283 0.43210659898477155 0.012142857142857143 0.011421319796954314
4 0.3092857142857143 0.44225888324873097 0.011428571428571429 0.011421319796954314
3 0.3364285714285714 0.44543147208121825 0.012857142857142857 0.012690355329949238