3 0.07714285714285714 0.27411167512690354 0.047142857142857146 0.08375634517766498
3 0.155 0.1383248730964467 0.05285714285714286 0.0532994923857868
8 0.1175 0.5850253807106599 0.04928571428571429 0.15228426395939088
8 0.6385714285714286 0.3248730964467005 0.14 0.11421319796954314
8 0.6514285714285715 0.26586294416243655 0.1457142857142857 0.12563451776649745
8 0.6421428571428571 0.07741116751269035 0.054285714285714284 0.1548223350253807
0 0.6428571428571429 0.18527918781725888 0.007142857142857143 0.02284263959390863
0 0.6539285714285714 0.18781725888324874 0.007857142857142858 0.02284263959390863
5 0.04107142857142857 0.35786802030456855 0.07642857142857143 0.07868020304568528
5 0.5078571428571429 0.03489847715736041 0.09428571428571429 0.06979695431472081
3 0.7967857142857143 0.041243654822335024 0.05357142857142857 0.05964467005076142
5 0.9585714285714285 0.12246192893401016 0.08285714285714285 0.08756345177664974
3 0.7864285714285715 0.5945431472081218 0.055714285714285716 0.05710659898477157
5 0.8532142857142857 0.6338832487309645 0.05785714285714286 0.05710659898477157
5 0.9253571428571429 0.6732233502538071 0.055 0.05456852791878172
0 0.8778571428571429 0.8001269035532995 0.014285714285714285 0.013959390862944163
0 0.88 0.8147208121827412 0.01 0.012690355329949238
0 0.9078571428571428 0.8128172588832487 0.01 0.011421319796954314
0 0.9035714285714286 0.8229695431472082 0.014285714285714285 0.013959390862944163