3 0.8132142857142857 0.875 0.05357142857142857 0.04187817258883249
3 0.7025 0.8286802030456852 0.05071428571428571 0.04314720812182741
5 0.7353571428571428 0.868020304568528 0.07785714285714286 0.0583756345177665
8 0.78 0.8267766497461929 0.07 0.05710659898477157
3 0.5489285714285714 0.682741116751269 0.020714285714285713 0.07868020304568528
3 0.5185714285714286 0.7290609137055838 0.02 0.08248730964467005
3 0.48964285714285716 0.6865482233502538 0.017857142857142856 0.07614213197969544
3 0.45821428571428574 0.6243654822335025 0.020714285714285713 0.06852791878172589
4 0.5207142857142857 0.47779187817258884 0.017142857142857144 0.06472081218274112
8 0.4953571428571429 0.4232233502538071 0.025 0.16624365482233502
8 0.38 0.2982233502538071 0.06 0.14974619289340102
3 0.48428571428571426 0.2398477157360406 0.017142857142857144 0.0532994923857868
3 0.5603571428571429 0.09961928934010152 0.015 0.046954314720812185
3 0.49857142857142855 0.04631979695431472 0.015714285714285715 0.046954314720812185
8 0.5617857142857143 0.20050761421319796 0.016428571428571428 0.06598984771573604
3 0.24928571428571428 0.5310913705583756 0.04285714285714286 0.05710659898477157
3 0.30357142857142855 0.4682741116751269 0.037142857142857144 0.05583756345177665
3 0.07821428571428571 0.881979695431472 0.04642857142857143 0.048223350253807105
0 0.3082142857142857 0.7868020304568528 0.017857142857142856 0.025380710659898477