3 0.040357142857142855 0.061548223350253804 0.02642857142857143 0.013959390862944163
3 0.09107142857142857 0.048223350253807105 0.02642857142857143 0.02284263959390863
5 0.08785714285714286 0.023477157360406092 0.04285714285714286 0.03680203045685279
1 0.05178571428571429 0.008883248730964468 0.0035714285714285713 0.007614213197969543
9 0.053214285714285714 0.011421319796954314 0.009285714285714286 0.007614213197969543
0 0.12178571428571429 0.20304568527918782 0.005 0.01015228426395939
0 0.095 0.217005076142132 0.005714285714285714 0.012690355329949238
0 0.10535714285714286 0.21129441624365483 0.005 0.01649746192893401
3 0.23857142857142857 0.0901015228426396 0.012857142857142857 0.027918781725888325
4 0.24642857142857144 0.15228426395939088 0.012857142857142857 0.03299492385786802
8 0.245 0.23096446700507614 0.014285714285714285 0.0532994923857868
4 0.2892857142857143 0.25253807106598986 0.011428571428571429 0.04060913705583756
3 0.31 0.2715736040609137 0.011428571428571429 0.04314720812182741
3 0.2725 0.044416243654822336 0.016428571428571428 0.027918781725888325
3 0.017142857142857144 0.4270304568527919 0.03428571428571429 0.0266497461928934
8 0.22964285714285715 0.46954314720812185 0.08214285714285714 0.0532994923857868
5 0.30964285714285716 0.7366751269035533 0.020714285714285713 0.1281725888324873
5 0.30714285714285716 0.010786802030456852 0.02857142857142857 0.021573604060913704
5 0.4282142857142857 0.05012690355329949 0.03357142857142857 0.03680203045685279
8 0.4325 0.00951776649746193 0.06642857142857143 0.01903553299492386
4 0.45535714285714285 0.014593908629441625 0.020714285714285713 0.024111675126903553
3 0.42392857142857143 0.023477157360406092 0.02214285714285714 0.01649746192893401
3 0.4471428571428571 0.03489847715736041 0.015714285714285715 0.01903553299492386
4 0.48642857142857143 0.010786802030456852 0.022857142857142857 0.021573604060913704
4 0.5178571428571429 0.007614213197969543 0.024285714285714285 0.015228426395939087
3 0.5485714285714286 0.005076142131979695 0.027142857142857142 0.01015228426395939
3 0.475 0.5095177664974619 0.032857142857142856 0.0266497461928934
3 0.6435714285714286 0.4536802030456853 0.032857142857142856 0.0266497461928934
4 0.5739285714285715 0.02030456852791878 0.02214285714285714 0.02284263959390863
3 0.6335714285714286 0.00951776649746193 0.022857142857142857 0.01903553299492386