0 0.11325678496868476 0.7894248608534323 0.014613778705636743 0.04081632653061224
1 0.06184759916492693 0.8181818181818182 0.015135699373695199 0.029684601113172542
6 0.07541753653444676 0.8311688311688312 0.048538622129436326 0.04823747680890538
1 0.20850730688935282 0.9021335807050093 0.014091858037578288 0.03432282003710575
1 0.22233820459290188 0.9197588126159555 0.014613778705636743 0.04916512059369202
1 0.23251565762004175 0.910482374768089 0.013048016701461378 0.030612244897959183
9 0.20772442588726514 0.9114100185528757 0.020876826722338204 0.04916512059369202
9 0.22494780793319416 0.9239332096474954 0.027139874739039668 0.04452690166975881
3 0.23616910229645094 0.6586270871985158 0.06419624217118998 0.07235621521335807
3 0.24791231732776617 0.6219851576994434 0.055323590814196244 0.04916512059369202
0 0.20015657620041755 0.5157699443413729 0.008872651356993737 0.03153988868274583
1 0.24399791231732776 0.5166975881261595 0.009916492693110648 0.02040816326530612
6 0.24112734864300625 0.536178107606679 0.027139874739039668 0.04638218923933209
6 0.2664405010438413 0.5199443413729128 0.0255741127348643 0.030612244897959183
6 0.3162839248434238 0.5403525046382189 0.030271398747390398 0.05102040816326531
9 0.36012526096033404 0.4554730983302412 0.010438413361169102 0.02411873840445269
0 0.3389874739039666 0.4322820037105751 0.007828810020876827 0.025974025974025976
0 0.3739561586638831 0.4359925788497217 0.005741127348643006 0.027829313543599257
1 0.36247390396659707 0.42810760667903525 0.007828810020876827 0.017625231910946195
1 0.36899791231732776 0.426252319109462 0.007306889352818371 0.015769944341372914
9 0.37839248434237993 0.4141929499072356 0.011482254697286013 0.021335807050092765
9 0.36430062630480164 0.4160482374768089 0.009394572025052192 0.021335807050092765
9 0.3695198329853862 0.4035250463821892 0.011482254697286013 0.016697588126159554
9 0.3760438413361169 0.3984230055658627 0.012004175365344467 0.013914656771799629
9 0.38648225469728603 0.387291280148423 0.015135699373695199 0.015769944341372914
6 0.38674321503131526 0.3826530612244898 0.012526096033402923 0.013914656771799629
9 0.4031837160751566 0.35435992578849723 0.010960334029227558 0.016697588126159554
9 0.427713987473904 0.37987012987012986 0.015135699373695199 0.01948051948051948
6 0.4344989561586639 0.3650278293135436 0.01826722338204593 0.017625231910946195
9 0.4363256784968685 0.3937847866419295 0.015657620041753653 0.021335807050092765
6 0.41257828810020875 0.4137291280148423 0.024530271398747392 0.02411873840445269
2 0.39979123173277664 0.42578849721706863 0.007306889352818371 0.022263450834879406
7 0.4488517745302714 0.35528756957328383 0.020876826722338204 0.029684601113172542
7 0.4538100208768267 0.3492578849721707 0.019311064718162838 0.0287569573283859
7 0.4582463465553236 0.3455473098330241 0.018789144050104383 0.02504638218923933
6 0.46450939457202506 0.3409090909090909 0.019832985386221295 0.01948051948051948
7 0.4650313152400835 0.33302411873840443 0.026096033402922755 0.025974025974025976
3 0.48930062630480164 0.3293135435992579 0.03392484342379958 0.02411873840445269
1 0.47494780793319413 0.30890538033395176 0.006263048016701462 0.014842300556586271
3 0.4707724425887265 0.3075139146567718 0.033402922755741124 0.023191094619666047
3 0.482776617954071 0.2949907235621521 0.029227557411273485 0.022263450834879406
3 0.4052713987473904 0.3075139146567718 0.024530271398747392 0.026901669758812616
0 0.4668580375782881 0.28339517625231914 0.004697286012526096 0.017625231910946195
9 0.46007306889352817 0.28432282003710574 0.009916492693110648 0.013914656771799629
6 0.49269311064718163 0.2820037105751391 0.019832985386221295 0.022263450834879406
9 0.5039144050104384 0.26437847866419295 0.010960334029227558 0.014842300556586271
9 0.4660751565762004 0.26437847866419295 0.008350730688935281 0.012987012987012988
9 0.505741127348643 0.2388682745825603 0.006263048016701462 0.01020408163265306
5 0.5242693110647182 0.2657699443413729 0.03288100208768267 0.02504638218923933
9 0.4866910229645094 0.2717996289424861 0.010960334029227558 0.016697588126159554
5 0.5534968684759917 0.24675324675324675 0.019311064718162838 0.03153988868274583
5 0.5639352818371608 0.2277365491651206 0.01826722338204593 0.02504638218923933
1 0.5138308977035491 0.3460111317254174 0.004697286012526096 0.01855287569573284
2 0.5135699373695198 0.35064935064935066 0.005219206680584551 0.016697588126159554
4 0.5915970772442589 0.4141929499072356 0.01826722338204593 0.041743970315398886
3 0.5255741127348643 0.4100185528756957 0.020876826722338204 0.04081632653061224
6 0.5660229645093946 0.42393320964749537 0.014091858037578288 0.03896103896103896
3 0.5127870563674322 0.4448051948051948 0.024530271398747392 0.041743970315398886
3 0.5819415448851775 0.4846938775510204 0.024008350730688934 0.04359925788497217
1 0.550365344467641 0.4652133580705009 0.008872651356993737 0.017625231910946195
6 0.5487995824634656 0.4749536178107607 0.016179540709812108 0.03896103896103896
3 0.4971294363256785 0.4846938775510204 0.02870563674321503 0.04916512059369202
5 0.4582463465553236 0.4448051948051948 0.028183716075156576 0.05658627087198516
5 0.46555323590814196 0.5598330241187384 0.03966597077244259 0.10111317254174397
0 0.3629958246346555 0.8534322820037106 0.012004175365344467 0.04267161410018553
0 0.39431106471816285 0.8682745825602969 0.01826722338204593 0.04823747680890538
1 0.49582463465553234 0.8831168831168831 0.012526096033402923 0.03896103896103896
9 0.4955636743215031 0.8854359925788498 0.015135699373695199 0.05658627087198516
1 0.6028183716075156 0.8432282003710575 0.013569937369519834 0.03339517625231911
1 0.579070981210856 0.8177179962894249 0.014091858037578288 0.039888682745825604
1 0.7406054279749478 0.8947124304267161 0.012526096033402923 0.038033395176252316
1 0.8400313152400835 0.864100185528757 0.013048016701461378 0.032467532467532464
1 0.8340292275574113 0.8613172541743971 0.012526096033402923 0.038033395176252316
9 0.8306367432150313 0.862708719851577 0.029749478079331943 0.03710575139146568
9 0.7424321503131524 0.8979591836734694 0.0255741127348643 0.03710575139146568
9 0.5824634655532359 0.8195732838589982 0.027139874739039668 0.032467532467532464
6 0.6106471816283925 0.8469387755102041 0.05010438413361169 0.04638218923933209
7 0.7734864300626305 0.7824675324675324 0.04801670146137787 0.0640074211502783
7 0.9063152400835073 0.8195732838589982 0.05793319415448852 0.06586270871985157
9 0.8272442588726514 0.7634508348794063 0.031315240083507306 0.04267161410018553
9 0.8582985386221295 0.6767161410018553 0.009916492693110648 0.032467532467532464
9 0.9290187891440501 0.8024118738404453 0.018789144050104383 0.03339517625231911
1 0.9318893528183716 0.7973098330241187 0.014091858037578288 0.04730983302411874
1 0.9462421711899791 0.8116883116883117 0.016701461377870562 0.03710575139146568
3 0.8449895615866388 0.9601113172541744 0.09916492693110647 0.07792207792207792
6 0.9613778705636743 0.8163265306122449 0.03549060542797495 0.06307977736549165
6 0.9715553235908142 0.8576066790352505 0.055845511482254695 0.06215213358070501
6 0.8950939457202505 0.6915584415584416 0.038622129436325675 0.05473098330241188
6 0.7867954070981211 0.6646567717996289 0.04540709812108559 0.05844155844155844
3 0.7565240083507306 0.6892393320964749 0.02870563674321503 0.08348794063079777
4 0.6688413361169102 0.6600185528756958 0.029749478079331943 0.07328385899814471
0 0.855427974947808 0.7523191094619666 0.012526096033402923 0.04267161410018553
5 0.6069937369519833 0.650278293135436 0.037578288100208766 0.1150278293135436
4 0.6200417536534447 0.2857142857142857 0.014613778705636743 0.027829313543599257
3 0.5762004175365344 0.19851576994434136 0.012526096033402923 0.02040816326530612
6 0.590553235908142 0.1525974025974026 0.006784968684759917 0.017625231910946195
1 0.5955114822546973 0.1549165120593692 0.003131524008350731 0.0074211502782931356
9 0.5957724425887265 0.15816326530612246 0.0036534446764091857 0.01020408163265306
3 0.6231732776617954 0.11038961038961038 0.007306889352818371 0.012987012987012988
3 0.6482254697286013 0.09369202226345083 0.007306889352818371 0.00927643784786642
0 0.6286534446764092 0.06586270871985157 0.0026096033402922755 0.00927643784786642
7 0.6278705636743215 0.07467532467532467 0.005219206680584551 0.012059369202226345
3 0.6443110647181628 0.05844155844155844 0.005741127348643006 0.00927643784786642
5 0.6500521920668059 0.06539888682745826 0.010960334029227558 0.021335807050092765
1 0.6417014613778705 0.044990723562152134 0.0015657620041753654 0.00463821892393321
1 0.6458768267223383 0.03849721706864564 0.0015657620041753654 0.00463821892393321
1 0.6492693110647182 0.02922077922077922 0.0010438413361169101 0.0027829313543599257
9 0.6492693110647182 0.031076066790352505 0.0020876826722338203 0.0027829313543599257
9 0.6461377870563675 0.039888682745825604 0.0020876826722338203 0.0037105751391465678
9 0.6414405010438413 0.04638218923933209 0.0020876826722338203 0.0037105751391465678
4 0.7398225469728601 0.1525974025974026 0.016179540709812108 0.015769944341372914
4 0.7038100208768268 0.1660482374768089 0.008872651356993737 0.016697588126159554
3 0.7137265135699373 0.18645640074211503 0.008872651356993737 0.016697588126159554
3 0.725991649269311 0.18877551020408162 0.009394572025052192 0.015769944341372914
7 0.7319937369519833 0.30565862708719854 0.01826722338204593 0.023191094619666047
3 0.7319937369519833 0.3334879406307978 0.016179540709812108 0.026901669758812616
3 0.7518267223382046 0.362708719851577 0.03288100208768267 0.027829313543599257
6 0.7823590814196242 0.36410018552875695 0.020876826722338204 0.021335807050092765
6 0.9859081419624217 0.6832096474953617 0.018789144050104383 0.04359925788497217
9 0.9838204592901879 0.6623376623376623 0.022964509394572025 0.02040816326530612
9 0.9057933194154488 0.5941558441558441 0.02348643006263048 0.032467532467532464
0 0.9582463465553236 0.6034322820037106 0.010438413361169102 0.03432282003710575
0 0.9613778705636743 0.5964749536178108 0.008350730688935281 0.03339517625231911
1 0.9431106471816284 0.5927643784786641 0.014613778705636743 0.029684601113172542
9 0.9428496868475992 0.5983302411873841 0.01722338204592902 0.03153988868274583
7 0.9720772442588727 0.5774582560296846 0.030793319415448852 0.03432282003710575
0 0.9916492693110647 0.562152133580705 0.013569937369519834 0.03153988868274583
2 0.9838204592901879 0.537569573283859 0.011482254697286013 0.0287569573283859
9 0.9269311064718163 0.5644712430426716 0.008350730688935281 0.036178107606679034
1 0.9251043841336117 0.5677179962894249 0.009916492693110648 0.022263450834879406
1 0.9256263048016702 0.5630797773654916 0.010960334029227558 0.029684601113172542
0 0.9329331941544885 0.5426716141001855 0.008872651356993737 0.027829313543599257
6 0.9350208768267223 0.5510204081632653 0.012004175365344467 0.02411873840445269
1 0.8896137787056367 0.5496289424860853 0.008872651356993737 0.02504638218923933
0 0.9321503131524008 0.5078849721706865 0.006263048016701462 0.026901669758812616
0 0.9462421711899791 0.4772727272727273 0.007306889352818371 0.0287569573283859
0 0.9005741127348643 0.5060296846011132 0.012004175365344467 0.032467532467532464
6 0.8736951983298539 0.4819109461966605 0.03549060542797495 0.032467532467532464
9 0.9050104384133612 0.436456400742115 0.006263048016701462 0.015769944341372914
0 0.9008350730688935 0.4202226345083488 0.007306889352818371 0.025974025974025976
6 0.9115344467640919 0.4197588126159555 0.02244258872651357 0.026901669758812616
9 0.8914405010438413 0.4206864564007421 0.010438413361169102 0.017625231910946195
9 0.8880480167014614 0.42393320964749537 0.012004175365344467 0.02040816326530612
1 0.8890918580375783 0.4165120593692022 0.006784968684759917 0.02040816326530612
7 0.860125260960334 0.43413729128014844 0.027139874739039668 0.03339517625231911
1 0.8460334029227558 0.42439703153988867 0.007306889352818371 0.017625231910946195
0 0.8590814196242171 0.3984230055658627 0.006263048016701462 0.023191094619666047
0 0.8473382045929019 0.40213358070500926 0.006784968684759917 0.021335807050092765
9 0.8442066805845512 0.4035250463821892 0.013048016701461378 0.01855287569573284
7 0.8825678496868476 0.3891465677179963 0.015657620041753653 0.039888682745825604
9 0.8468162839248434 0.34833024118738404 0.007828810020876827 0.01948051948051948
1 0.8468162839248434 0.34461966604823746 0.006784968684759917 0.017625231910946195
9 0.8225469728601252 0.33487940630797774 0.007306889352818371 0.01855287569573284
6 0.8269832985386222 0.30844155844155846 0.012004175365344467 0.01948051948051948
6 0.8280271398747391 0.32606679035250463 0.008872651356993737 0.021335807050092765
6 0.8551670146137788 0.30287569573283857 0.010960334029227558 0.012059369202226345
6 0.8452505219206681 0.29684601113172543 0.006784968684759917 0.012987012987012988
9 0.8530793319415448 0.2912801484230056 0.005741127348643006 0.014842300556586271
6 0.8217640918580376 0.22634508348794063 0.012004175365344467 0.011131725417439703
7 0.8201983298538622 0.21382189239332097 0.012004175365344467 0.017625231910946195
1 0.8126304801670147 0.23191094619666047 0.0041753653444676405 0.011131725417439703
1 0.8089770354906054 0.23562152133580705 0.0041753653444676405 0.011131725417439703
1 0.8066283924843424 0.22356215213358072 0.004697286012526096 0.012987012987012988
9 0.8128914405010439 0.2342300556586271 0.0036534446764091857 0.013914656771799629
9 0.8089770354906054 0.2388682745825603 0.0041753653444676405 0.013914656771799629
9 0.8068893528183716 0.2258812615955473 0.005219206680584551 0.012059369202226345
7 0.8105427974947808 0.19944341372912802 0.009394572025052192 0.01855287569573284
0 0.8029749478079332 0.1767161410018553 0.0036534446764091857 0.013914656771799629
2 0.7967118997912317 0.174860853432282 0.004697286012526096 0.008348794063079777
2 0.7987995824634656 0.17346938775510204 0.005741127348643006 0.0074211502782931356
0 0.7941022964509394 0.16512059369202226 0.0026096033402922755 0.012987012987012988
0 0.7954070981210856 0.16558441558441558 0.003131524008350731 0.012059369202226345
0 0.7985386221294363 0.16651205936920221 0.003131524008350731 0.01020408163265306
7 0.8001043841336117 0.1549165120593692 0.014613778705636743 0.014842300556586271
1 0.7917536534446764 0.14100185528756956 0.0041753653444676405 0.011131725417439703
9 0.7920146137787056 0.1437847866419295 0.0036534446764091857 0.011131725417439703
0 0.7797494780793319 0.12523191094619665 0.003131524008350731 0.00927643784786642
1 0.7708768267223383 0.12569573283858998 0.003131524008350731 0.008348794063079777
9 0.7708768267223383 0.1284786641929499 0.0041753653444676405 0.008348794063079777
7 0.7359081419624217 0.18645640074211503 0.009394572025052192 0.02040816326530612
5 0.7353862212943633 0.12476808905380334 0.009394572025052192 0.017625231910946195
7 0.704070981210856 0.11827458256029684 0.011482254697286013 0.012059369202226345
7 0.7019832985386222 0.11085343228200371 0.011482254697286013 0.012059369202226345
0 0.7774008350730689 0.11456400742115028 0.0036534446764091857 0.01020408163265306
0 0.7776617954070981 0.11131725417439703 0.003131524008350731 0.00927643784786642
0 0.7794885177453027 0.11131725417439703 0.0026096033402922755 0.00927643784786642
7 0.764874739039666 0.10482374768089053 0.0036534446764091857 0.0074211502782931356
9 0.8363778705636743 0.42439703153988867 0.009916492693110648 0.023191094619666047
1 0.7922755741127349 0.29684601113172543 0.005219206680584551 0.014842300556586271