4 0.9658141962421712 0.4067717996289425 0.031837160751565764 0.07328385899814471
3 0.9491127348643006 0.3399814471243043 0.030793319415448852 0.05658627087198516
3 0.4715553235908142 0.4318181818181818 0.044363256784968684 0.04359925788497217
3 0.47990605427974947 0.30194805194805197 0.038100208768267224 0.03432282003710575
3 0.4835594989561587 0.17857142857142858 0.03496868475991649 0.032467532467532464
3 0.4822546972860125 0.1525974025974026 0.025052192066805846 0.02504638218923933
3 0.48538622129436326 0.10760667903525047 0.030271398747390398 0.02411873840445269
3 0.5999478079331941 0.08905380333951762 0.03392484342379958 0.027829313543599257
3 0.6396137787056367 0.08812615955473098 0.030793319415448852 0.027829313543599257
3 0.48643006263048016 0.07189239332096475 0.033402922755741124 0.026901669758812616
3 0.48930062630480164 0.007884972170686457 0.029749478079331943 0.015769944341372914
3 0.17249478079331942 0.37708719851576994 0.04645093945720251 0.039888682745825604
3 0.2340814196242171 0.16280148423005567 0.0360125260960334 0.03432282003710575
9 0.21189979123173278 0.20083487940630798 0.010438413361169102 0.030612244897959183
4 0.2510438413361169 0.09090909090909091 0.033402922755741124 0.03153988868274583
4 0.18215031315240082 0.5561224489795918 0.04697286012526096 0.04359925788497217
3 0.17118997912317327 0.6038961038961039 0.054279749478079335 0.04452690166975881
5 0.05219206680584551 0.6168831168831169 0.0511482254697286 0.1038961038961039
3 0.01722338204592902 0.7685528756957328 0.03444676409185804 0.05473098330241188
3 0.46007306889352817 0.8195732838589982 0.06002087682672234 0.05473098330241188
3 0.42092901878914407 0.9285714285714286 0.06315240083507306 0.06307977736549165
3 0.6497912317327766 0.8260667903525046 0.05741127348643006 0.05102040816326531