4 0.9483298538622129 0.5565862708719852 0.03549060542797495 0.06679035250463822
4 0.824634655532359 0.45454545454545453 0.04384133611691023 0.06307977736549165
3 0.7792275574112735 0.3780148423005566 0.04279749478079332 0.06029684601113173
3 0.7596555323590815 0.32235621521335805 0.038100208768267224 0.05473098330241188
3 0.776356993736952 0.3075139146567718 0.038100208768267224 0.05658627087198516
3 0.46894572025052195 0.7787569573283859 0.02661795407098121 0.07884972170686456
3 0.30975991649269313 0.8636363636363636 0.03496868475991649 0.1038961038961039
3 0.15866388308977036 0.7291280148423006 0.032359081419624215 0.09833024118738404
3 0.17901878914405012 0.9438775510204082 0.03966597077244259 0.11038961038961038
3 0.1409185803757829 0.9526901669758813 0.04279749478079332 0.09276437847866419
3 0.23643006263048016 0.44387755102040816 0.027139874739039668 0.06586270871985157
3 0.17875782881002086 0.3738404452690167 0.0360125260960334 0.05194805194805195
3 0.21346555323590813 0.19202226345083487 0.0407098121085595 0.04081632653061224
0 0.24739039665970772 0.19480519480519481 0.007306889352818371 0.022263450834879406
3 0.27713987473903967 0.17207792207792208 0.021920668058455117 0.041743970315398886
3 0.26069937369519836 0.09415584415584416 0.02244258872651357 0.04730983302411874
3 0.7586116910229646 0.575139146567718 0.037056367432150315 0.04081632653061224
3 0.721294363256785 0.36410018552875695 0.018789144050104383 0.045454545454545456
3 0.8097599164926931 0.7653061224489796 0.044363256784968684 0.06679035250463822