3 0.10673277661795406 0.04730983302411874 0.016179540709812108 0.01855287569573284
3 0.06289144050104384 0.06493506493506493 0.01826722338204593 0.016697588126159554
4 0.19076200417536535 0.09461966604823747 0.013048016701461378 0.02411873840445269
3 0.2100730688935282 0.10204081632653061 0.015135699373695199 0.02411873840445269
7 0.18684759916492694 0.08673469387755102 0.011482254697286013 0.021335807050092765
9 0.19832985386221294 0.12105751391465677 0.005219206680584551 0.012059369202226345
9 0.2056367432150313 0.12523191094619665 0.006263048016701462 0.01855287569573284
3 0.23695198329853862 0.09415584415584416 0.027139874739039668 0.017625231910946195
9 0.2740083507306889 0.17207792207792208 0.007306889352818371 0.015769944341372914
6 0.30193110647181626 0.24072356215213359 0.029749478079331943 0.039888682745825604
9 0.38100208768267224 0.26113172541743973 0.019832985386221295 0.021335807050092765
0 0.0994258872651357 0.32884972170686455 0.012004175365344467 0.03432282003710575
1 0.13622129436325678 0.36178107606679033 0.014613778705636743 0.027829313543599257
1 0.1403966597077244 0.40120593692022266 0.013569937369519834 0.0287569573283859
1 0.19832985386221294 0.45037105751391465 0.011482254697286013 0.032467532467532464
1 0.22390396659707723 0.48283858998144713 0.013569937369519834 0.030612244897959183
1 0.23877870563674322 0.5009276437847866 0.013048016701461378 0.03339517625231911
1 0.2586116910229645 0.5176252319109462 0.014091858037578288 0.03710575139146568
1 0.2792275574112735 0.5398886827458256 0.015657620041753653 0.03153988868274583
0 0.30323590814196244 0.5227272727272727 0.013569937369519834 0.05287569573283859
1 0.39926931106471814 0.5834879406307978 0.014613778705636743 0.04638218923933209
1 0.3421189979123173 0.5653988868274582 0.014091858037578288 0.038033395176252316
1 0.5331419624217119 0.6781076066790352 0.01826722338204593 0.03896103896103896
0 0.607776617954071 0.6832096474953617 0.016179540709812108 0.06029684601113173
0 0.8241127348643006 0.7198515769944341 0.027139874739039668 0.06307977736549165
0 0.8590814196242171 0.7388682745825603 0.015657620041753653 0.07699443413729128
0 0.973643006263048 0.7741187384044527 0.02139874739039666 0.05844155844155844
9 0.6998956158663883 0.44387755102040816 0.024008350730688934 0.032467532467532464
9 0.6495302713987474 0.4267161410018553 0.02661795407098121 0.03710575139146568