4 0.7625 0.7557106598984772 0.05357142857142857 0.044416243654822336
4 0.155 0.7829949238578681 0.05285714285714286 0.04060913705583756
4 0.10071428571428571 0.7189086294416244 0.05857142857142857 0.044416243654822336
4 0.33214285714285713 0.4447969543147208 0.05714285714285714 0.03680203045685279
3 0.34785714285714286 0.6668781725888325 0.047142857142857146 0.03426395939086294
3 0.18285714285714286 0.6675126903553299 0.05142857142857143 0.03807106598984772
3 0.6446428571428572 0.5869289340101523 0.052142857142857144 0.03934010152284264
3 0.7439285714285714 0.5342639593908629 0.04928571428571429 0.03807106598984772
3 0.43142857142857144 0.015228426395939087 0.02142857142857143 0.030456852791878174
0 0.7575 0.017766497461928935 0.012142857142857143 0.02030456852791878
0 0.7192857142857143 0.02918781725888325 0.007142857142857143 0.02030456852791878