3 0.1409185803757829 0.08766233766233766 0.032359081419624215 0.0640074211502783
3 0.029488517745302714 0.17717996289424862 0.037056367432150315 0.059369202226345084
3 0.26278705636743216 0.2884972170686456 0.0255741127348643 0.07606679035250463
4 0.17849686847599164 0.39007421150278293 0.03653444676409186 0.075139146567718
2 0.4211899791231733 0.161873840445269 0.008350730688935281 0.015769944341372914
6 0.4102296450939457 0.16558441558441558 0.008350730688935281 0.0287569573283859
6 0.37891440501043844 0.20037105751391465 0.022964509394572025 0.02411873840445269
3 0.48825678496868474 0.4485157699443414 0.04749478079331942 0.07884972170686456
3 0.44676409185803756 0.5820964749536178 0.03549060542797495 0.10667903525046382
3 0.4762526096033403 0.6484230055658627 0.043319415448851775 0.1038961038961039
3 0.5902922755741128 0.7917439703153989 0.054279749478079335 0.06215213358070501
4 0.6683194154488518 0.9726345083487941 0.0360125260960334 0.05287569573283859
3 0.8640396659707724 0.4485157699443414 0.04540709812108559 0.09369202226345083
3 0.9913883089770354 0.14517625231910947 0.016179540709812108 0.05102040816326531