5 0.94975 0.754 0.0675 0.04666666666666667
1 0.97825 0.744 0.0085 0.013333333333333334
3 0.88675 0.7493333333333333 0.0525 0.030666666666666665
4 0.95975 0.8703333333333333 0.0465 0.038
1 0.93625 0.833 0.0105 0.016666666666666666
9 0.937 0.8406666666666667 0.02 0.013333333333333334
3 0.898 0.8703333333333333 0.045 0.05266666666666667
3 0.85375 0.8646666666666667 0.0405 0.05466666666666667
3 0.82875 0.751 0.0475 0.028666666666666667
3 0.79375 0.8663333333333333 0.0535 0.043333333333333335
4 0.705 0.9736666666666667 0.054 0.04466666666666667
3 0.71075 0.868 0.0525 0.05466666666666667
4 0.666 0.8603333333333333 0.044 0.062
4 0.71625 0.8096666666666666 0.0455 0.03666666666666667
3 0.7285 0.7576666666666667 0.047 0.042
3 0.67575 0.7496666666666667 0.0455 0.03266666666666666
3 0.59425 0.756 0.0405 0.036
3 0.55275 0.7553333333333333 0.0435 0.034666666666666665
3 0.5125 0.755 0.04 0.03933333333333333
3 0.48975 0.8783333333333333 0.0525 0.03266666666666666
3 0.4585 0.754 0.043 0.037333333333333336
3 0.4425 0.784 0.048 0.032
3 0.40575 0.7546666666666667 0.0335 0.04133333333333333
0 0.37 0.7066666666666667 0.005 0.017333333333333333
0 0.37 0.686 0.003 0.009333333333333334
1 0.378 0.682 0.004 0.009333333333333334
0 0.31625 0.6796666666666666 0.0065 0.016666666666666666
5 0.21075 0.481 0.0355 0.024666666666666667
3 0.365 0.755 0.031 0.042
4 0.333 0.754 0.027 0.03866666666666667
3 0.30075 0.7593333333333333 0.0315 0.04
3 0.28675 0.8683333333333333 0.0515 0.05266666666666667
4 0.25725 0.7546666666666667 0.0345 0.037333333333333336
3 0.2175 0.7553333333333333 0.035 0.03866666666666667
3 0.1695 0.7533333333333333 0.036 0.034666666666666665
3 0.13175 0.7613333333333333 0.0335 0.04
5 0.19925 0.8706666666666667 0.0645 0.04933333333333333
3 0.141 0.866 0.058 0.04
3 0.02475 0.8426666666666667 0.0495 0.048
3 0.024 0.718 0.035 0.03866666666666667
3 0.07475 0.7263333333333334 0.0295 0.024666666666666667
5 0.0915 0.7486666666666667 0.057 0.05333333333333334
1 0.0635 0.8153333333333334 0.011 0.018666666666666668
9 0.0655 0.82 0.017 0.016