1 0.17954070981210857 0.4383116883116883 0.008350730688935281 0.026901669758812616
9 0.21033402922755742 0.5106679035250464 0.014613778705636743 0.015769944341372914
9 0.2460855949895616 0.4874768089053803 0.015135699373695199 0.013914656771799629
6 0.1657098121085595 0.5347866419294991 0.02035490605427975 0.038033395176252316
0 0.17640918580375783 0.5547309833024119 0.008350730688935281 0.025974025974025976
1 0.13804801670146138 0.49860853432282004 0.008872651356993737 0.012059369202226345
1 0.11090814196242171 0.49443413729128016 0.006784968684759917 0.012987012987012988
1 0.0644572025052192 0.4902597402597403 0.007828810020876827 0.012059369202226345
6 0.030793319415448852 0.462430426716141 0.019832985386221295 0.03432282003710575
0 0.35255741127348644 0.7908163265306123 0.009916492693110648 0.036178107606679034
7 0.43815240083507306 0.7342300556586271 0.01826722338204593 0.07142857142857142
7 0.45694154488517746 0.7852504638218923 0.043319415448851775 0.10296846011131726
9 0.4431106471816284 0.6767161410018553 0.011482254697286013 0.03432282003710575
3 0.5005219206680585 0.5667903525046383 0.017745302713987474 0.05194805194805195
1 0.4697286012526096 0.5644712430426716 0.007306889352818371 0.023191094619666047
6 0.4702505219206681 0.5695732838589982 0.010438413361169102 0.03153988868274583
9 0.33168058455114824 0.47959183673469385 0.019311064718162838 0.02411873840445269
2 0.3040187891440501 0.48330241187384043 0.01722338204592902 0.02040816326530612
9 0.36769311064718163 0.4749536178107607 0.01826722338204593 0.02411873840445269
3 0.5041753653444676 0.3228200371057514 0.018789144050104383 0.04452690166975881
7 0.4856471816283925 0.2987012987012987 0.010960334029227558 0.029684601113172542
7 0.47781837160751567 0.187847866419295 0.009916492693110648 0.021335807050092765
8 0.4971294363256785 0.17393320964749537 0.015135699373695199 0.039888682745825604
9 0.46842379958246344 0.14192949907235622 0.007828810020876827 0.012987012987012988
3 0.4804279749478079 0.12430426716141002 0.009916492693110648 0.022263450834879406
3 0.5010438413361169 0.12708719851576994 0.010438413361169102 0.022263450834879406
4 0.5007828810020877 0.09647495361781076 0.008872651356993737 0.02040816326530612
3 0.5101774530271399 0.09461966604823747 0.008872651356993737 0.02040816326530612
3 0.46633611691022964 0.09230055658627087 0.01722338204592902 0.013914656771799629
1 0.4470250521920668 0.11224489795918367 0.0036534446764091857 0.00927643784786642
1 0.4900835073068894 0.12430426716141002 0.0041753653444676405 0.00927643784786642
6 0.4900835073068894 0.1280148423005566 0.005219206680584551 0.00927643784786642
1 0.48851774530271397 0.08209647495361781 0.0020876826722338203 0.008348794063079777
1 0.4921711899791232 0.08070500927643785 0.0020876826722338203 0.0074211502782931356
9 0.48825678496868474 0.08441558441558442 0.0036534446764091857 0.0074211502782931356
9 0.4921711899791232 0.08441558441558442 0.003131524008350731 0.0074211502782931356
9 0.48303757828810023 0.06910946196660482 0.0036534446764091857 0.01020408163265306
9 0.32280793319415446 0.19109461966604824 0.004697286012526096 0.014842300556586271
3 0.3259394572025052 0.22031539888682747 0.010960334029227558 0.026901669758812616
2 0.4164926931106472 0.2300556586270872 0.010438413361169102 0.012987012987012988
0 0.3901356993736952 0.24397031539888683 0.006784968684759917 0.02411873840445269
1 0.38413361169102295 0.24768089053803338 0.007306889352818371 0.014842300556586271
9 0.4744258872651357 0.06771799628942486 0.0041753653444676405 0.0074211502782931356
2 0.479384133611691 0.05612244897959184 0.0036534446764091857 0.006493506493506494
0 0.47677453027139877 0.05380333951762523 0.0026096033402922755 0.00927643784786642
7 0.48616910229645094 0.05380333951762523 0.004697286012526096 0.011131725417439703
9 0.4921711899791232 0.054267161410018555 0.003131524008350731 0.008348794063079777
1 0.4911273486430063 0.05194805194805195 0.0020876826722338203 0.0074211502782931356
3 0.5206158663883089 0.08812615955473098 0.007828810020876827 0.016697588126159554
4 0.5216597077244259 0.10714285714285714 0.008872651356993737 0.021335807050092765
7 0.519572025052192 0.07003710575139147 0.005741127348643006 0.012059369202226345
3 0.5180062630480167 0.06354359925788497 0.006784968684759917 0.013914656771799629
5 0.5276617954070981 0.18831168831168832 0.011482254697286013 0.029684601113172542
3 0.5430584551148225 0.35946196660482377 0.01722338204592902 0.032467532467532464
1 0.528705636743215 0.38589981447124305 0.005219206680584551 0.016697588126159554
9 0.528705636743215 0.38961038961038963 0.006263048016701462 0.01855287569573284
7 0.5534968684759917 0.4327458256029685 0.014091858037578288 0.030612244897959183
9 0.5628914405010439 0.49907235621521334 0.012004175365344467 0.025974025974025976
4 0.5652400835073069 0.6224489795918368 0.026096033402922755 0.06493506493506493
1 0.5414926931106472 0.7467532467532467 0.012004175365344467 0.025974025974025976
1 0.541231732776618 0.7564935064935064 0.010438413361169102 0.023191094619666047
4 0.5795929018789144 0.7792207792207793 0.02870563674321503 0.07606679035250463
1 0.5407098121085595 0.9169758812615956 0.010438413361169102 0.0287569573283859
1 0.5592379958246346 0.9322820037105751 0.010960334029227558 0.03339517625231911
9 0.5594989561586639 0.9346011131725418 0.013569937369519834 0.05102040816326531
9 0.5399269311064718 0.9230055658627088 0.010960334029227558 0.04267161410018553
4 0.7567849686847599 0.6145640074211502 0.038622129436325675 0.075139146567718
4 0.7134655532359081 0.5403525046382189 0.04279749478079332 0.04359925788497217
3 0.7006784968684759 0.5037105751391465 0.029749478079331943 0.04638218923933209
9 0.8118475991649269 0.511595547309833 0.005741127348643006 0.021335807050092765
9 0.8048016701461378 0.5064935064935064 0.005219206680584551 0.025974025974025976
9 0.8079331941544885 0.4958256029684601 0.008350730688935281 0.017625231910946195
5 0.6411795407098121 0.4485157699443414 0.03288100208768267 0.08070500927643785
7 0.4856471816283925 0.019016697588126158 0.004697286012526096 0.01020408163265306
0 0.37265135699373697 0.02504638218923933 0.003131524008350731 0.012987012987012988