3 0.42892857142857144 0.6776649746192893 0.016428571428571428 0.05583756345177665
3 0.4282142857142857 0.8261421319796954 0.020714285714285713 0.07106598984771574
3 0.49785714285714283 0.9651015228426396 0.045714285714285714 0.03934010152284264
3 0.4878571428571429 0.7455583756345178 0.04 0.03934010152284264
3 0.48892857142857143 0.666243654822335 0.03642857142857143 0.03807106598984772
3 0.48714285714285716 0.565989847715736 0.032857142857142856 0.030456852791878174
3 0.3585714285714286 0.4727157360406091 0.03142857142857143 0.02918781725888325
3 0.29964285714285716 0.4720812182741117 0.035 0.027918781725888325
3 0.2689285714285714 0.47779187817258884 0.029285714285714286 0.01903553299492386
3 0.2725 0.43908629441624364 0.030714285714285715 0.025380710659898477
3 0.30607142857142855 0.42385786802030456 0.030714285714285715 0.030456852791878174
3 0.2785714285714286 0.40926395939086296 0.027142857142857142 0.021573604060913704
3 0.245 0.32614213197969544 0.032857142857142856 0.030456852791878174
3 0.4328571428571429 0.5488578680203046 0.015714285714285715 0.044416243654822336
3 0.41678571428571426 0.5475888324873096 0.013571428571428571 0.03934010152284264
3 0.5432142857142858 0.475253807106599 0.025 0.02918781725888325
3 0.4810714285714286 0.4733502538071066 0.03357142857142857 0.030456852791878174
3 0.4492857142857143 0.4739847715736041 0.03142857142857143 0.031725888324873094
3 0.3632142857142857 0.4270304568527919 0.029285714285714286 0.0266497461928934
3 0.40214285714285714 0.33883248730964466 0.024285714285714285 0.025380710659898477
3 0.4564285714285714 0.3280456852791878 0.025714285714285714 0.021573604060913704
3 0.45321428571428574 0.3934010152284264 0.02642857142857143 0.025380710659898477
3 0.48142857142857143 0.35152284263959394 0.022857142857142857 0.02284263959390863
3 0.5325 0.34073604060913704 0.02642857142857143 0.021573604060913704
3 0.5642857142857143 0.3813451776649746 0.022857142857142857 0.021573604060913704
3 0.7482142857142857 0.6725888324873096 0.023571428571428573 0.06345177664974619
3 0.3985714285714286 0.5894670050761421 0.017142857142857144 0.05203045685279188
3 0.36642857142857144 0.5856598984771574 0.018571428571428572 0.05456852791878172
3 0.3507142857142857 0.5850253807106599 0.018571428571428572 0.05583756345177665
3 0.3339285714285714 0.5869289340101523 0.017857142857142856 0.05710659898477157
3 0.3157142857142857 0.5888324873096447 0.014285714285714285 0.04314720812182741
3 0.3078571428571429 0.5488578680203046 0.014285714285714285 0.03934010152284264
3 0.29 0.5418781725888325 0.02 0.0532994923857868
3 0.26607142857142857 0.5780456852791879 0.019285714285714285 0.044416243654822336
3 0.3092857142857143 0.791243654822335 0.037142857142857144 0.03680203045685279
3 0.3132142857142857 0.7633248730964467 0.035 0.0266497461928934
3 0.3157142857142857 0.7373096446700508 0.037142857142857144 0.030456852791878174
3 0.3175 0.708756345177665 0.030714285714285715 0.02918781725888325
3 0.32142857142857145 0.6865482233502538 0.037142857142857144 0.025380710659898477
3 0.32 0.6567258883248731 0.03428571428571429 0.031725888324873094
3 0.3264285714285714 0.6338832487309645 0.03428571428571429 0.031725888324873094
3 0.2735714285714286 0.8020304568527918 0.03142857142857143 0.050761421319796954
3 0.27785714285714286 0.7614213197969543 0.027142857142857142 0.04314720812182741
3 0.2835714285714286 0.6998730964467005 0.03428571428571429 0.03680203045685279
3 0.8907142857142857 0.4130710659898477 0.02 0.03426395939086294
3 0.9142857142857143 0.34517766497461927 0.02 0.027918781725888325
3 0.93 0.3223350253807107 0.015714285714285715 0.03299492385786802
3 0.6253571428571428 0.1947969543147208 0.012142857142857143 0.021573604060913704
3 0.29285714285714287 0.5989847715736041 0.018571428571428572 0.04060913705583756
3 0.3389285714285714 0.5450507614213198 0.017857142857142856 0.03934010152284264
3 0.35464285714285715 0.5444162436548223 0.016428571428571428 0.03807106598984772
3 0.37142857142857144 0.5431472081218274 0.017142857142857144 0.03807106598984772
3 0.4903571428571429 0.7163705583756346 0.039285714285714285 0.03426395939086294
3 0.4907142857142857 0.6269035532994924 0.03428571428571429 0.025380710659898477
3 0.4875 0.6053299492385786 0.03357142857142857 0.027918781725888325
3 0.39785714285714285 0.4067258883248731 0.022857142857142857 0.01903553299492386
3 0.4492857142857143 0.4549492385786802 0.03142857142857143 0.021573604060913704
3 0.4514285714285714 0.4384517766497462 0.03142857142857143 0.021573604060913704
3 0.4521428571428571 0.4232233502538071 0.02857142857142857 0.0266497461928934
3 0.4521428571428571 0.37817258883248733 0.02857142857142857 0.02030456852791878
3 0.4514285714285714 0.36548223350253806 0.025714285714285714 0.02284263959390863
3 0.4542857142857143 0.35215736040609136 0.027142857142857142 0.0266497461928934
3 0.4828571428571429 0.37944162436548223 0.027142857142857142 0.02284263959390863
3 0.4832142857142857 0.39213197969543145 0.02642857142857143 0.02284263959390863
3 0.4825 0.4073604060913706 0.027857142857142858 0.02030456852791878
3 0.48214285714285715 0.4213197969543147 0.027142857142857142 0.017766497461928935
3 0.48142857142857143 0.45685279187817257 0.032857142857142856 0.017766497461928935
3 0.54 0.4543147208121827 0.03428571428571429 0.02284263959390863
3 0.6289285714285714 0.45050761421319796 0.030714285714285715 0.03299492385786802
3 0.6182142857142857 0.40926395939086296 0.027857142857142858 0.0266497461928934
3 0.615 0.3769035532994924 0.025714285714285714 0.02284263959390863
3 0.5635714285714286 0.3629441624365482 0.025714285714285714 0.02284263959390863
3 0.5382142857142858 0.4365482233502538 0.02642857142857143 0.025380710659898477
3 0.5367857142857143 0.4206852791878173 0.03214285714285714 0.02918781725888325
3 0.5378571428571428 0.40545685279187815 0.024285714285714285 0.024111675126903553
3 0.535 0.39213197969543145 0.024285714285714285 0.02030456852791878
3 0.5325 0.37880710659898476 0.02214285714285714 0.024111675126903553
3 0.5339285714285714 0.36421319796954316 0.025 0.030456852791878174
3 0.5325 0.3223350253807107 0.027857142857142858 0.025380710659898477
3 0.5307142857142857 0.3096446700507614 0.025714285714285714 0.02030456852791878
3 0.4017857142857143 0.8331218274111675 0.017857142857142856 0.05456852791878172
3 0.4875 0.7931472081218274 0.04071428571428572 0.03807106598984772
3 0.24035714285714285 0.2563451776649746 0.025 0.030456852791878174
3 0.4592857142857143 0.24809644670050762 0.02142857142857143 0.031725888324873094
3 0.8846428571428572 0.3331218274111675 0.016428571428571428 0.03680203045685279
3 0.9003571428571429 0.309010152284264 0.02214285714285714 0.0266497461928934
3 0.7153571428571428 0.30710659898477155 0.016428571428571428 0.03807106598984772
3 0.7303571428571428 0.30774111675126903 0.015 0.03426395939086294
3 0.7485714285714286 0.2956852791878173 0.02857142857142857 0.017766497461928935
3 0.7496428571428572 0.3102791878172589 0.02642857142857143 0.0266497461928934
3 0.7842857142857143 0.30710659898477155 0.022857142857142857 0.02284263959390863
3 0.7453571428571428 0.2823604060913706 0.025 0.021573604060913704
3 0.7053571428571429 0.24492385786802032 0.02214285714285714 0.02030456852791878
3 0.7053571428571429 0.22779187817258884 0.02214285714285714 0.01903553299492386
3 0.6235714285714286 0.18083756345177665 0.007142857142857143 0.021573604060913704
3 0.6221428571428571 0.17068527918781726 0.011428571428571429 0.021573604060913704
3 0.6132142857142857 0.12246192893401016 0.010714285714285714 0.03426395939086294
3 0.7571428571428571 0.24809644670050762 0.02142857142857143 0.021573604060913704
3 0.7807142857142857 0.24936548223350255 0.027142857142857142 0.021573604060913704
3 0.755 0.23223350253807107 0.022857142857142857 0.025380710659898477
3 0.7775 0.23540609137055837 0.020714285714285713 0.021573604060913704
3 0.7507142857142857 0.2265228426395939 0.022857142857142857 0.01649746192893401
3 0.7767857142857143 0.22588832487309646 0.025 0.02284263959390863
3 0.7457142857142857 0.21573604060913706 0.024285714285714285 0.02030456852791878
3 0.8182142857142857 0.22588832487309646 0.02642857142857143 0.025380710659898477
3 0.8125 0.21192893401015228 0.027857142857142858 0.02284263959390863
3 0.8217857142857142 0.24238578680203046 0.02214285714285714 0.030456852791878174
8 0.7721428571428571 0.4854060913705584 0.024285714285714285 0.08248730964467005
8 0.7203571428571428 0.4606598984771574 0.035 0.11421319796954314
8 0.18821428571428572 0.3280456852791878 0.07357142857142857 0.04187817258883249
8 0.16607142857142856 0.4035532994923858 0.07928571428571428 0.04568527918781726
8 0.15964285714285714 0.5932741116751269 0.03214285714285714 0.0850253807106599
8 0.15857142857142856 0.4270304568527919 0.08285714285714285 0.046954314720812185
8 0.18428571428571427 0.34581218274111675 0.07428571428571429 0.044416243654822336
8 0.18964285714285714 0.25888324873096447 0.065 0.04060913705583756
5 0.13642857142857143 0.2620558375634518 0.04 0.03934010152284264
5 0.15857142857142856 0.24873096446700507 0.03857142857142857 0.04060913705583756
5 0.27785714285714286 0.258248730964467 0.04285714285714286 0.031725888324873094
5 0.2842857142857143 0.24619289340101522 0.03857142857142857 0.04060913705583756
5 0.1075 0.5736040609137056 0.03642857142857143 0.11928934010152284
5 0.11785714285714285 0.5824873096446701 0.04285714285714286 0.09390862944162437
5 0.145 0.5812182741116751 0.032857142857142856 0.09390862944162437
5 0.17964285714285713 0.5907360406091371 0.03214285714285714 0.08756345177664974
5 0.19785714285714287 0.5977157360406091 0.03142857142857143 0.08375634517766498
5 0.22035714285714286 0.5970812182741116 0.03214285714285714 0.09263959390862944
5 0.23964285714285713 0.6015228426395939 0.030714285714285715 0.10406091370558376
5 0.535 0.6243654822335025 0.04857142857142857 0.04314720812182741
5 0.6628571428571428 0.7208121827411168 0.047142857142857146 0.0532994923857868
5 0.6596428571428572 0.6897208121827412 0.045 0.05203045685279188
5 0.6546428571428572 0.6643401015228426 0.045 0.05964467005076142
5 0.6453571428571429 0.6357868020304569 0.056428571428571425 0.0583756345177665
5 0.6414285714285715 0.6123096446700508 0.054285714285714284 0.05710659898477157
5 0.6621428571428571 0.7519035532994924 0.05 0.05203045685279188
5 0.5439285714285714 0.7125634517766497 0.062142857142857146 0.05710659898477157
5 0.5389285714285714 0.6573604060913706 0.055 0.0532994923857868
5 0.535 0.5583756345177665 0.04428571428571428 0.048223350253807105
5 0.645 0.13071065989847716 0.015714285714285715 0.050761421319796954
3 0.6242857142857143 0.1218274111675127 0.01 0.027918781725888325
3 0.6303571428571428 0.06345177664974619 0.012142857142857143 0.027918781725888325
4 0.4092857142857143 0.6763959390862944 0.018571428571428572 0.05583756345177665
4 0.39964285714285713 0.5425126903553299 0.017857142857142856 0.04187817258883249
4 0.48964285714285716 0.5437817258883249 0.035 0.031725888324873094
4 0.6214285714285714 0.39149746192893403 0.03 0.024111675126903553
4 0.4835714285714286 0.43718274111675126 0.027142857142857142 0.0266497461928934
4 0.2835714285714286 0.7303299492385786 0.03142857142857143 0.03934010152284264
4 0.39571428571428574 0.45241116751269034 0.032857142857142856 0.024111675126903553
4 0.39071428571428574 0.43718274111675126 0.02857142857142857 0.0266497461928934
4 0.3939285714285714 0.4213197969543147 0.029285714285714286 0.025380710659898477
4 0.39714285714285713 0.3934010152284264 0.022857142857142857 0.02284263959390863
4 0.4 0.32423857868020306 0.027142857142857142 0.024111675126903553
4 0.3182142857142857 0.350253807106599 0.02642857142857143 0.025380710659898477
4 0.32071428571428573 0.3369289340101523 0.02857142857142857 0.0266497461928934
4 0.32035714285714284 0.3236040609137056 0.029285714285714286 0.02284263959390863
4 0.32535714285714284 0.3102791878172589 0.029285714285714286 0.031725888324873094
4 0.3167857142857143 0.3635786802030457 0.029285714285714286 0.0266497461928934
4 0.39285714285714285 0.47081218274111675 0.032857142857142856 0.03299492385786802
4 0.9539285714285715 0.6307106598984772 0.04071428571428572 0.07868020304568528
4 0.9875 0.5805837563451777 0.019285714285714285 0.04949238578680203
4 0.8857142857142857 0.8109137055837563 0.045714285714285714 0.0583756345177665
4 0.07535714285714286 0.25317258883248733 0.029285714285714286 0.024111675126903553
4 0.2057142857142857 0.4739847715736041 0.037142857142857144 0.03680203045685279
3 0.48142857142857143 0.2633248730964467 0.027142857142857142 0.01903553299492386
4 0.5521428571428572 0.24746192893401014 0.027142857142857142 0.02284263959390863
5 0.6303571428571428 0.557741116751269 0.05071428571428571 0.044416243654822336
4 0.31035714285714283 0.8229695431472082 0.04071428571428572 0.021573604060913704
4 0.3107142857142857 0.8527918781725888 0.04 0.03299492385786802
4 0.26571428571428574 0.8489847715736041 0.03 0.050761421319796954