3 0.04321428571428571 0.33946700507614214 0.009285714285714286 0.013959390862944163
3 0.3342857142857143 0.2626903553299492 0.007142857142857143 0.01015228426395939
4 0.31464285714285717 0.23794416243654823 0.005 0.006345177664974619
5 0.20464285714285715 0.06725888324873096 0.010714285714285714 0.012690355329949238
3 0.24464285714285713 0.07868020304568528 0.005 0.005076142131979695
3 0.37714285714285717 0.3280456852791878 0.004285714285714286 0.008883248730964468
3 0.3889285714285714 0.35279187817258884 0.005 0.012690355329949238
3 0.3692857142857143 0.35152284263959394 0.004285714285714286 0.01015228426395939
3 0.3539285714285714 0.37182741116751267 0.005 0.01015228426395939
8 0.3607142857142857 0.3401015228426396 0.011428571428571429 0.030456852791878174
3 0.35678571428571426 0.3895939086294416 0.005 0.012690355329949238
3 0.3603571428571429 0.41814720812182743 0.0035714285714285713 0.008883248730964468
8 0.42142857142857143 0.4073604060913706 0.01 0.030456852791878174
8 0.3914285714285714 0.4118020304568528 0.004285714285714286 0.01649746192893401
5 0.45035714285714284 0.28616751269035534 0.015 0.044416243654822336
3 0.39785714285714285 0.2233502538071066 0.007142857142857143 0.005076142131979695
3 0.48035714285714287 0.22842639593908629 0.009285714285714286 0.007614213197969543
3 0.5482142857142858 0.2182741116751269 0.007857142857142858 0.005076142131979695
8 0.5864285714285714 0.1802030456852792 0.004285714285714286 0.01015228426395939
3 0.5735714285714286 0.22842639593908629 0.005714285714285714 0.007614213197969543
3 0.58 0.25444162436548223 0.002857142857142857 0.006345177664974619
3 0.565 0.2836294416243655 0.005714285714285714 0.008883248730964468
4 0.5364285714285715 0.3286802030456853 0.002857142857142857 0.007614213197969543
8 0.5321428571428571 0.36611675126903553 0.011428571428571429 0.02918781725888325
4 0.5707142857142857 0.4270304568527919 0.008571428571428572 0.013959390862944163
4 0.6 0.45621827411167515 0.011428571428571429 0.01649746192893401
3 0.5828571428571429 0.4847715736040609 0.007142857142857143 0.01015228426395939
3 0.5671428571428572 0.4993654822335025 0.01 0.008883248730964468
3 0.5535714285714286 0.5095177664974619 0.008571428571428572 0.008883248730964468
3 0.5271428571428571 0.5545685279187818 0.005714285714285714 0.012690355329949238
3 0.5264285714285715 0.6104060913705583 0.005714285714285714 0.015228426395939087
3 0.4075 0.44289340101522845 0.0035714285714285713 0.01015228426395939
3 0.4035714285714286 0.4619289340101523 0.004285714285714286 0.015228426395939087
5 0.3657142857142857 0.4739847715736041 0.005714285714285714 0.013959390862944163
8 0.38107142857142856 0.4676395939086294 0.007857142857142858 0.03680203045685279
3 0.37714285714285717 0.5057106598984772 0.004285714285714286 0.011421319796954314
3 0.3942857142857143 0.5272842639593909 0.004285714285714286 0.011421319796954314
8 0.3703571428571429 0.5361675126903553 0.009285714285714286 0.03934010152284264
4 0.38857142857142857 0.5475888324873096 0.005714285714285714 0.01649746192893401
3 0.3796428571428571 0.5767766497461929 0.005 0.013959390862944163
4 0.4160714285714286 0.550761421319797 0.005 0.017766497461928935
3 0.4139285714285714 0.5850253807106599 0.005 0.017766497461928935
3 0.4025 0.5939086294416244 0.005 0.015228426395939087
4 0.4332142857142857 0.6097715736040609 0.005 0.01903553299492386
3 0.4275 0.6281725888324873 0.0064285714285714285 0.017766497461928935
3 0.44607142857142856 0.5114213197969543 0.005 0.017766497461928935
4 0.3796428571428571 0.6154822335025381 0.005 0.015228426395939087
4 0.3917857142857143 0.6357868020304569 0.0064285714285714285 0.017766497461928935
3 0.38142857142857145 0.6459390862944162 0.004285714285714286 0.015228426395939087
3 0.4232142857142857 0.6618020304568528 0.005 0.013959390862944163
4 0.43857142857142856 0.7182741116751269 0.005714285714285714 0.02030456852791878
4 0.38857142857142857 0.7131979695431472 0.005714285714285714 0.015228426395939087
4 0.39107142857142857 0.7525380710659898 0.005 0.02030456852791878
4 0.40214285714285714 0.7550761421319797 0.005714285714285714 0.015228426395939087
3 0.4492857142857143 0.7309644670050761 0.005714285714285714 0.02030456852791878
4 0.39785714285714285 0.8058375634517766 0.005714285714285714 0.02030456852791878
8 0.41214285714285714 0.8534263959390863 0.005714285714285714 0.021573604060913704
8 0.4328571428571429 0.8534263959390863 0.005714285714285714 0.01903553299492386
3 0.4475 0.8439086294416244 0.007857142857142858 0.025380710659898477
8 0.4692857142857143 0.8013959390862944 0.014285714285714285 0.05456852791878172
3 0.36607142857142855 0.9549492385786802 0.010714285714285714 0.0266497461928934
3 0.375 0.9612944162436549 0.008571428571428572 0.024111675126903553
4 0.38535714285714284 0.9562182741116751 0.009285714285714286 0.021573604060913704
3 0.3682142857142857 0.9923857868020305 0.0064285714285714285 0.012690355329949238
4 0.3792857142857143 0.9828680203045685 0.014285714285714285 0.031725888324873094
4 0.4275 0.9854060913705583 0.007857142857142858 0.0266497461928934
3 0.4642857142857143 0.8921319796954315 0.007142857142857143 0.02284263959390863
3 0.4675 0.9276649746192893 0.0064285714285714285 0.02030456852791878
4 0.4825 0.9689086294416244 0.007857142857142858 0.02918781725888325
8 0.5235714285714286 0.9447969543147208 0.02142857142857143 0.06218274111675127
8 0.5346428571428572 0.9352791878172588 0.02214285714285714 0.06598984771573604
8 0.5185714285714286 0.8826142131979695 0.022857142857142857 0.06218274111675127
4 0.6707142857142857 0.9651015228426396 0.011428571428571429 0.024111675126903553
3 0.6442857142857142 0.9105329949238579 0.011428571428571429 0.024111675126903553
3 0.6160714285714286 0.8331218274111675 0.010714285714285714 0.01903553299492386
3 0.6060714285714286 0.8134517766497462 0.010714285714285714 0.02030456852791878
3 0.5932142857142857 0.7893401015228426 0.010714285714285714 0.02030456852791878
3 0.5821428571428572 0.7684010152284264 0.011428571428571429 0.01649746192893401
3 0.47964285714285715 0.6078680203045685 0.007857142857142858 0.015228426395939087
3 0.4975 0.6338832487309645 0.010714285714285714 0.013959390862944163
3 0.535 0.6808375634517766 0.007142857142857143 0.01649746192893401
3 0.5589285714285714 0.6656091370558376 0.010714285714285714 0.011421319796954314
3 0.5714285714285714 0.6541878172588832 0.011428571428571429 0.013959390862944163
3 0.5917857142857142 0.6389593908629442 0.012142857142857143 0.013959390862944163
8 0.5946428571428571 0.5171319796954315 0.023571428571428573 0.02918781725888325
3 0.5964285714285714 0.49111675126903553 0.01 0.012690355329949238
3 0.5589285714285714 0.5145939086294417 0.010714285714285714 0.011421319796954314
8 0.605 0.5 0.024285714285714285 0.027918781725888325
8 0.6157142857142858 0.5025380710659898 0.024285714285714285 0.027918781725888325
8 0.6157142857142858 0.516497461928934 0.025714285714285714 0.027918781725888325
8 0.61 0.5571065989847716 0.025714285714285714 0.030456852791878174
8 0.6321428571428571 0.5431472081218274 0.024285714285714285 0.030456852791878174
8 0.6542857142857142 0.5418781725888325 0.024285714285714285 0.027918781725888325
8 0.6710714285714285 0.4631979695431472 0.02214285714285714 0.027918781725888325
8 0.685 0.4600253807106599 0.022857142857142857 0.0266497461928934
8 0.7025 0.46446700507614214 0.02214285714285714 0.02284263959390863
8 0.7403571428571428 0.475253807106599 0.023571428571428573 0.02918781725888325
3 0.68 0.434010152284264 0.007142857142857143 0.005076142131979695
8 0.7542857142857143 0.42258883248730966 0.014285714285714285 0.017766497461928935
3 0.71 0.407994923857868 0.008571428571428572 0.006345177664974619
8 0.7875 0.45875634517766495 0.02642857142857143 0.0266497461928934
3 0.8 0.4600253807106599 0.008571428571428572 0.013959390862944163
3 0.8753571428571428 0.5285532994923858 0.010714285714285714 0.011421319796954314
3 0.8510714285714286 0.5374365482233503 0.0064285714285714285 0.013959390862944163
4 0.8364285714285714 0.5387055837563451 0.008571428571428572 0.01649746192893401
3 0.8464285714285714 0.5520304568527918 0.01 0.012690355329949238
3 0.8553571428571428 0.5526649746192893 0.009285714285714286 0.013959390862944163
3 0.8567857142857143 0.5647208121827412 0.009285714285714286 0.012690355329949238
3 0.8678571428571429 0.5685279187817259 0.01 0.012690355329949238
3 0.8796428571428572 0.5812182741116751 0.010714285714285714 0.015228426395939087
3 0.8939285714285714 0.6078680203045685 0.010714285714285714 0.017766497461928935
3 0.9046428571428572 0.6123096446700508 0.009285714285714286 0.013959390862944163
3 0.9117857142857143 0.6491116751269036 0.010714285714285714 0.01649746192893401
3 0.9221428571428572 0.633248730964467 0.011428571428571429 0.015228426395939087
4 0.9657142857142857 0.6808375634517766 0.014285714285714285 0.01903553299492386
8 0.9789285714285715 0.6719543147208121 0.019285714285714285 0.02918781725888325
8 0.9496428571428571 0.6345177664974619 0.017857142857142856 0.027918781725888325
8 0.9307142857142857 0.6129441624365483 0.018571428571428572 0.027918781725888325
8 0.7532142857142857 0.3001269035532995 0.007857142857142858 0.01903553299492386
8 0.7460714285714286 0.3350253807106599 0.009285714285714286 0.02284263959390863