3 0.68241127348643 0.2481447124304267 0.014091858037578288 0.023191094619666047
0 0.033663883089770356 0.6516697588126159 0.012004175365344467 0.026901669758812616
0 0.03836116910229645 0.6437847866419295 0.012004175365344467 0.02411873840445269
9 0.043580375782881 0.6628014842300557 0.013048016701461378 0.0287569573283859
3 0.06837160751565761 0.6609461966604824 0.0407098121085595 0.06029684601113173
3 0.06471816283924843 0.7388682745825603 0.05845511482254697 0.045454545454545456
9 0.1484864300626305 0.5862708719851577 0.010960334029227558 0.01855287569573284
0 0.1818893528183716 0.5723562152133581 0.006784968684759917 0.027829313543599257
1 0.25417536534446766 0.5955473098330241 0.007306889352818371 0.02040816326530612
1 0.15657620041753653 0.6929499072356216 0.007306889352818371 0.027829313543599257
1 0.16336116910229645 0.6832096474953617 0.010438413361169102 0.026901669758812616
0 0.16623173277661796 0.6702226345083488 0.009916492693110648 0.0287569573283859
9 0.31524008350730687 0.5899814471243042 0.013569937369519834 0.02040816326530612
9 0.5054801670146137 0.5992578849721707 0.008872651356993737 0.027829313543599257
9 0.5224425887265136 0.6034322820037106 0.010438413361169102 0.0287569573283859
9 0.6380480167014614 0.62430426716141 0.006784968684759917 0.027829313543599257
7 0.6487473903966597 0.6136363636363636 0.020876826722338204 0.04730983302411874
7 0.6638830897703549 0.609925788497217 0.019832985386221295 0.05473098330241188
9 0.6727557411273486 0.6057513914656771 0.009394572025052192 0.03153988868274583
0 0.6978079331941545 0.62708719851577 0.008350730688935281 0.027829313543599257
9 0.7505219206680585 0.6609461966604824 0.017745302713987474 0.026901669758812616
7 0.6664926931106472 0.6887755102040817 0.029227557411273485 0.04359925788497217
1 0.6586638830897703 0.6966604823747681 0.010438413361169102 0.01855287569573284
9 0.8622129436325678 0.6094619666048238 0.018789144050104383 0.025974025974025976
9 0.9010960334029228 0.6117810760667903 0.015135699373695199 0.02504638218923933
9 0.9024008350730689 0.6057513914656771 0.014613778705636743 0.029684601113172542
4 0.8820459290187892 0.686456400742115 0.04592901878914405 0.06493506493506493
4 0.8603862212943633 0.6298701298701299 0.0360125260960334 0.06307977736549165
4 0.8376826722338204 0.6391465677179963 0.03653444676409186 0.06493506493506493
3 0.8619519832985386 0.7087198515769945 0.04540709812108559 0.06493506493506493
3 0.8867432150313153 0.9165120593692022 0.07306889352818371 0.07050092764378478
4 0.7126826722338204 0.8998144712430427 0.06419624217118998 0.0686456400742115
3 0.7165970772442589 0.6535250463821892 0.028183716075156576 0.06771799628942486
3 0.6954592901878914 0.700834879406308 0.03914405010438413 0.07884972170686456
4 0.6406576200417536 0.6920222634508348 0.02661795407098121 0.08534322820037106
4 0.6195198329853863 0.6887755102040817 0.020876826722338204 0.08256029684601113
4 0.6007306889352818 0.6957328385899815 0.027139874739039668 0.08348794063079777
3 0.5691544885177453 0.6989795918367347 0.0255741127348643 0.07884972170686456
3 0.4801670146137787 0.6887755102040817 0.027139874739039668 0.07142857142857142
3 0.31837160751565763 0.6530612244897959 0.04175365344467641 0.05194805194805195
3 0.24686847599164927 0.6567717996289425 0.032359081419624215 0.06307977736549165
3 0.28549060542797494 0.6173469387755102 0.029227557411273485 0.075139146567718
3 0.2056367432150313 0.6192022263450835 0.03444676409185804 0.0640074211502783
3 0.13752609603340293 0.6832096474953617 0.06210855949895616 0.05844155844155844
3 0.12343423799582463 0.62152133580705 0.038100208768267224 0.0686456400742115
3 0.28992693110647183 0.6971243042671614 0.03392484342379958 0.06215213358070501
3 0.397964509394572 0.8919294990723562 0.0652400835073069 0.06771799628942486
3 0.4613778705636743 0.898886827458256 0.05323590814196242 0.07050092764378478
4 0.42719206680584554 0.6525974025974026 0.02870563674321503 0.0640074211502783
4 0.4626826722338205 0.6136363636363636 0.030793319415448852 0.0640074211502783
4 0.2272964509394572 0.62569573283859 0.02870563674321503 0.05658627087198516
5 0.07907098121085596 0.891465677179963 0.06315240083507306 0.07235621521335807
9 0.7753131524008351 0.12105751391465677 0.0026096033402922755 0.008348794063079777
9 0.7667014613778705 0.12105751391465677 0.0041753653444676405 0.012059369202226345
9 0.7836638830897703 0.12059369202226346 0.004697286012526096 0.012987012987012988
9 0.7792275574112735 0.12291280148423006 0.0041753653444676405 0.012059369202226345
7 0.7909707724425887 0.12012987012987013 0.008872651356993737 0.017625231910946195
0 0.7312108559498957 0.11456400742115028 0.0041753653444676405 0.013914656771799629
0 0.7100730688935282 0.25510204081632654 0.0036534446764091857 0.014842300556586271
1 0.714509394572025 0.2564935064935065 0.005219206680584551 0.012059369202226345
1 0.7077244258872651 0.25510204081632654 0.0041753653444676405 0.012987012987012988
3 0.5694154488517745 0.6307977736549165 0.022964509394572025 0.055658627087198514