3 0.6246428571428572 0.45875634517766495 0.05071428571428571 0.05203045685279188
3 0.6635714285714286 0.3534263959390863 0.047142857142857146 0.044416243654822336
4 0.6557142857142857 0.40609137055837563 0.054285714285714284 0.05583756345177665
4 0.5832142857142857 0.3864213197969543 0.05357142857142857 0.05203045685279188
3 0.5125 0.40545685279187815 0.04214285714285714 0.046954314720812185
4 0.43892857142857145 0.43718274111675126 0.055 0.05964467005076142
8 0.3410714285714286 0.4936548223350254 0.13071428571428573 0.18274111675126903
8 0.20285714285714285 0.7258883248730964 0.13 0.2893401015228426
4 0.23357142857142857 0.4619289340101523 0.06285714285714286 0.0583756345177665
9 0.20285714285714285 0.5006345177664975 0.03142857142857143 0.03426395939086294
4 0.027857142857142858 0.7595177664974619 0.041428571428571426 0.09517766497461928
5 0.06821428571428571 0.3401015228426396 0.07785714285714286 0.10913705583756345
3 0.025 0.23413705583756345 0.02857142857142857 0.046954314720812185
0 0.5642857142857143 0.29378172588832485 0.011428571428571429 0.03426395939086294
0 0.9239285714285714 0.24936548223350255 0.010714285714285714 0.031725888324873094
0 0.9396428571428571 0.01967005076142132 0.010714285714285714 0.031725888324873094
0 0.04642857142857143 0.19923857868020303 0.014285714285714285 0.02284263959390863
3 0.0075 0.2563451776649746 0.015 0.04314720812182741
0 0.21714285714285714 0.4073604060913706 0.012857142857142857 0.02284263959390863
0 0.9835714285714285 0.5552030456852792 0.017142857142857144 0.03934010152284264
0 0.8996428571428572 0.25 0.0064285714285714285 0.025380710659898477
0 0.8925 0.24873096446700507 0.010714285714285714 0.030456852791878174
0 0.9121428571428571 0.22715736040609136 0.01 0.03299492385786802
0 0.9178571428571428 0.22842639593908629 0.008571428571428572 0.027918781725888325
0 0.9153571428571429 0.16307106598984772 0.009285714285714286 0.031725888324873094
0 0.9092857142857143 0.16053299492385786 0.01 0.02918781725888325
0 0.9167857142857143 0.13451776649746192 0.007857142857142858 0.025380710659898477
0 0.9114285714285715 0.1319796954314721 0.01 0.02030456852791878