3 0.3955 0.8503333333333334 0.149 0.29933333333333334
9 0.509 0.9563333333333334 0.033 0.08733333333333333
0 0.714 0.927 0.062 0.114
0 0.22275 0.727 0.0615 0.042
0 0.17725 0.6813333333333333 0.0675 0.08933333333333333
0 0.25225 0.589 0.0605 0.07266666666666667
0 0.1025 0.6713333333333333 0.075 0.06666666666666667
2 0.13025 0.652 0.1105 0.068
0 0.1165 0.49833333333333335 0.067 0.06066666666666667
2 0.14725 0.52 0.0795 0.11866666666666667
0 0.05575 0.351 0.0925 0.05266666666666667
0 0.09125 0.27666666666666667 0.1015 0.084
2 0.111 0.26166666666666666 0.103 0.054
2 0.06575 0.19066666666666668 0.0815 0.14133333333333334
9 0.17225 0.149 0.0785 0.14066666666666666
0 0.4355 0.10733333333333334 0.045 0.096
0 0.5685 0.06266666666666666 0.034 0.10666666666666667
1 0.5585 0.037 0.023 0.04733333333333333
4 0.863 0.07433333333333333 0.274 0.14866666666666667
2 0.81 0.2876666666666667 0.104 0.06333333333333334
9 0.90925 0.2906666666666667 0.1295 0.058666666666666666
9 0.82475 0.33866666666666667 0.1195 0.07066666666666667
9 0.7605 0.42533333333333334 0.114 0.08533333333333333
9 0.9565 0.244 0.087 0.08133333333333333
7 0.9155 0.43366666666666664 0.169 0.10733333333333334
0 0.61875 0.3586666666666667 0.0455 0.07733333333333334
9 0.6045 0.9523333333333334 0.051 0.09533333333333334