3 0.09994780793319416 0.5032467532467533 0.10490605427974947 0.1790352504638219
4 0.15292275574112735 0.5936920222634509 0.11795407098121086 0.1836734693877551
3 0.2643528183716075 0.5190166975881262 0.0652400835073069 0.12152133580705009
3 0.32332985386221297 0.5663265306122449 0.08924843423799582 0.212430426716141
3 0.3966597077244259 0.5663265306122449 0.08455114822546973 0.212430426716141
4 0.30975991649269313 0.35760667903525045 0.075678496868476 0.1437847866419295
3 0.23616910229645094 0.35946196660482377 0.08089770354906055 0.1345083487940631
3 0.4780793319415449 0.6076066790352505 0.07724425887265135 0.21335807050092764
3 0.5688935281837161 0.6349721706864564 0.07306889352818371 0.23654916512059368
4 0.656054279749478 0.5913729128014842 0.07933194154488518 0.20871985157699444
4 0.5762004175365344 0.40120593692022266 0.059498956158663886 0.16233766233766234
5 0.7967118997912317 0.5630797773654916 0.09864300626304802 0.23747680890538034
4 0.7747912317327766 0.3682745825602968 0.0662839248434238 0.14656771799628943
4 0.9457202505219207 0.5602968460111317 0.10751565762004175 0.18738404452690166
4 0.8937891440501043 0.35482374768089053 0.08402922755741127 0.14935064935064934
7 0.9731210855949896 0.33302411873840443 0.05271398747390397 0.1614100185528757