1 0.9485 0.9453333333333334 0.103 0.10933333333333334
6 0.96725 0.708 0.0615 0.056
0 0.66525 0.7123333333333334 0.0185 0.04466666666666667
5 0.7825 0.5913333333333334 0.2 0.14533333333333334
3 0.722 0.4806666666666667 0.129 0.076
3 0.719 0.399 0.12 0.08333333333333333
7 0.68775 0.31133333333333335 0.0655 0.07066666666666667
4 0.60825 0.24233333333333335 0.0955 0.06866666666666667
4 0.5525 0.177 0.113 0.09266666666666666
4 0.49625 0.11233333333333333 0.0435 0.082
5 0.5855 0.08 0.125 0.116
4 0.32 0.04533333333333334 0.07 0.08533333333333333
3 0.32725 0.09833333333333333 0.0795 0.07133333333333333
4 0.2765 0.142 0.099 0.07866666666666666
5 0.3045 0.18066666666666667 0.138 0.13866666666666666
3 0.33925 0.29333333333333333 0.0795 0.1
5 0.3485 0.386 0.11 0.10666666666666667
3 0.34675 0.4673333333333333 0.1185 0.11866666666666667
3 0.35525 0.5636666666666666 0.1265 0.11266666666666666
3 0.51475 0.7636666666666667 0.0835 0.22066666666666668
3 0.365 0.7843333333333333 0.133 0.13533333333333333
4 0.35825 0.643 0.1305 0.10866666666666666
0 0.3735 0.5836666666666667 0.016 0.04733333333333333
3 0.404 0.9406666666666667 0.161 0.11866666666666667
5 0.03075 0.32766666666666666 0.0615 0.098
3 0.0405 0.107 0.066 0.086