3 0.4228571428571429 0.791243654822335 0.03142857142857143 0.05964467005076142
3 0.5442857142857143 0.6065989847715736 0.027142857142857142 0.050761421319796954
3 0.43714285714285717 0.5558375634517766 0.027142857142857142 0.048223350253807105
3 0.5064285714285715 0.8020304568527918 0.03142857142857143 0.06091370558375635
3 0.4375 0.39086294416243655 0.020714285714285713 0.03553299492385787
3 0.325 0.4612944162436548 0.018571428571428572 0.031725888324873094
3 0.315 0.42956852791878175 0.018571428571428572 0.031725888324873094
3 0.3603571428571429 0.5710659898477157 0.019285714285714285 0.04060913705583756
3 0.3896428571428571 0.825507614213198 0.02642857142857143 0.06218274111675127
3 0.49964285714285717 0.9384517766497462 0.04928571428571429 0.06218274111675127
3 0.43642857142857144 0.9631979695431472 0.03857142857142857 0.07106598984771574
3 0.32571428571428573 0.5564720812182741 0.02 0.03680203045685279
3 0.2953571428571429 0.4346446700507614 0.016428571428571428 0.03426395939086294
3 0.3057142857142857 0.32550761421319796 0.027142857142857142 0.021573604060913704
3 0.39964285714285713 0.7208121827411168 0.023571428571428573 0.0532994923857868
3 0.235 0.33375634517766495 0.03 0.02284263959390863
3 0.18892857142857142 0.3343908629441624 0.03214285714285714 0.024111675126903553
3 0.19964285714285715 0.3223350253807107 0.027857142857142858 0.02030456852791878
3 0.1425 0.3623096446700508 0.029285714285714286 0.021573604060913704
3 0.02 0.39403553299492383 0.03142857142857143 0.021573604060913704
4 0.37642857142857145 0.37753807106598986 0.02142857142857143 0.03426395939086294
4 0.38392857142857145 0.6472081218274112 0.020714285714285713 0.048223350253807105
4 0.615 0.6186548223350253 0.02857142857142857 0.044416243654822336
3 0.8410714285714286 0.6224619289340102 0.030714285714285715 0.02918781725888325
4 0.8414285714285714 0.5558375634517766 0.03428571428571429 0.04314720812182741
3 0.36428571428571427 0.5 0.02 0.03807106598984772
5 0.3489285714285714 0.4498730964467005 0.025 0.05456852791878172
4 0.33535714285714285 0.41941624365482233 0.013571428571428571 0.02918781725888325
4 0.3442857142857143 0.5228426395939086 0.02142857142857143 0.04060913705583756
3 0.26821428571428574 0.2887055837563452 0.020714285714285713 0.021573604060913704
3 0.2742857142857143 0.2506345177664975 0.01 0.024111675126903553
3 0.2617857142857143 0.19098984771573604 0.013571428571428571 0.021573604060913704
4 0.7385714285714285 0.6833756345177665 0.041428571428571426 0.04949238578680203
0 0.8003571428571429 0.9701776649746193 0.009285714285714286 0.03426395939086294
0 0.7578571428571429 0.9137055837563451 0.008571428571428572 0.030456852791878174
0 0.7578571428571429 0.9035532994923858 0.005714285714285714 0.025380710659898477
0 0.7610714285714286 0.9010152284263959 0.0064285714285714285 0.027918781725888325
0 0.9175 0.6205583756345178 0.009285714285714286 0.025380710659898477
0 0.8635714285714285 0.6522842639593909 0.01 0.02030456852791878
0 0.8603571428571428 0.6427664974619289 0.0064285714285714285 0.01903553299492386
0 0.935 0.5888324873096447 0.004285714285714286 0.025380710659898477
0 0.9457142857142857 0.5843908629441624 0.005714285714285714 0.01649746192893401
0 0.6178571428571429 0.6776649746192893 0.007142857142857143 0.025380710659898477
0 0.5857142857142857 0.6065989847715736 0.007142857142857143 0.025380710659898477
0 0.5003571428571428 0.45621827411167515 0.0064285714285714285 0.01649746192893401