5 0.13035714285714287 0.9682741116751269 0.030714285714285715 0.06091370558375635
3 0.22785714285714287 0.7906091370558376 0.015714285714285715 0.03299492385786802
3 0.24678571428571427 0.9403553299492385 0.016428571428571428 0.03807106598984772
4 0.28214285714285714 0.6434010152284264 0.014285714285714285 0.030456852791878174
4 0.3142857142857143 0.5894670050761421 0.014285714285714285 0.02918781725888325
4 0.3392857142857143 0.5875634517766497 0.012857142857142857 0.030456852791878174
5 0.32571428571428573 0.6649746192893401 0.017142857142857144 0.050761421319796954
3 0.3357142857142857 0.49555837563451777 0.014285714285714285 0.0266497461928934
5 0.32785714285714285 0.958756345177665 0.017142857142857144 0.05964467005076142
5 0.345 0.9631979695431472 0.017142857142857144 0.0583756345177665
4 0.3585714285714286 0.9606598984771574 0.011428571428571429 0.04314720812182741
4 0.3707142857142857 0.9581218274111675 0.014285714285714285 0.048223350253807105
3 0.4157142857142857 0.3102791878172589 0.012857142857142857 0.024111675126903553
3 0.3385714285714286 0.4498730964467005 0.011428571428571429 0.024111675126903553
4 0.3992857142857143 0.4206852791878173 0.01 0.0266497461928934
5 0.3914285714285714 0.3800761421319797 0.012857142857142857 0.0266497461928934
5 0.3796428571428571 0.3743654822335025 0.017857142857142856 0.03553299492385787
0 0.49178571428571427 0.9498730964467005 0.0035714285714285713 0.006345177664974619
3 0.39285714285714285 0.47906091370558374 0.014285714285714285 0.0266497461928934
5 0.46035714285714285 0.13895939086294415 0.020714285714285713 0.044416243654822336
3 0.4875 0.11421319796954314 0.009285714285714286 0.017766497461928935
5 0.48928571428571427 0.05012690355329949 0.02 0.046954314720812185
5 0.5514285714285714 0.01713197969543147 0.015714285714285715 0.03426395939086294
5 0.5628571428571428 0.01903553299492386 0.018571428571428572 0.03807106598984772
3 0.5503571428571429 0.05520304568527919 0.009285714285714286 0.01903553299492386
3 0.5896428571428571 0.06472081218274112 0.007857142857142858 0.015228426395939087
8 0.6035714285714285 0.02030456852791878 0.018571428571428572 0.04060913705583756
3 0.7857142857142857 0.1351522842639594 0.01 0.021573604060913704