4 0.5217857142857143 0.8838832487309645 0.03785714285714286 0.0850253807106599
8 0.5717857142857142 0.883248730964467 0.10357142857142858 0.23096446700507614
3 0.5992857142857143 0.6510152284263959 0.03857142857142857 0.09644670050761421
3 0.7371428571428571 0.7468274111675127 0.04285714285714286 0.11294416243654823
3 0.77 0.6453045685279187 0.055714285714285716 0.09771573604060914
5 0.8353571428571429 0.5348984771573604 0.085 0.17385786802030456
5 0.9360714285714286 0.45050761421319796 0.12785714285714286 0.24619289340101522
5 0.92 0.35152284263959394 0.12857142857142856 0.2182741116751269
5 0.8896428571428572 0.28426395939086296 0.09785714285714285 0.19035532994923857
3 0.9632142857142857 0.06852791878172589 0.056428571428571425 0.08375634517766498
3 0.9792857142857143 0.02982233502538071 0.041428571428571426 0.05964467005076142
4 0.8592857142857143 0.024111675126903553 0.03571428571428571 0.048223350253807105
4 0.8103571428571429 0.030456852791878174 0.03642857142857143 0.06091370558375635
3 0.7514285714285714 0.1967005076142132 0.04428571428571428 0.09898477157360407
3 0.78 0.23730964467005075 0.05142857142857143 0.1065989847715736
3 0.7185714285714285 0.440989847715736 0.04857142857142857 0.10786802030456853
3 0.6775 0.4206852791878173 0.04071428571428572 0.09771573604060914
4 0.4232142857142857 0.6116751269035533 0.04071428571428572 0.09644670050761421