3 0.18321428571428572 0.23096446700507614 0.015 0.048223350253807105
3 0.22178571428571428 0.056472081218274114 0.020714285714285713 0.04187817258883249
3 0.7410714285714286 0.8572335025380711 0.025 0.0850253807106599
5 0.785 0.9536802030456852 0.04428571428571428 0.0901015228426396
3 0.7653571428571428 0.8128172588832487 0.025 0.08248730964467005
3 0.7317857142857143 0.7125634517766497 0.02214285714285714 0.06979695431472081
3 0.7232142857142857 0.5831218274111675 0.020714285714285713 0.05710659898477157
5 0.75 0.5317258883248731 0.03428571428571429 0.1598984771573604
3 0.7146428571428571 0.4676395939086294 0.02214285714285714 0.07741116751269035
3 0.6660714285714285 0.4536802030456853 0.020714285714285713 0.07741116751269035
3 0.7114285714285714 0.35913705583756345 0.017142857142857144 0.0583756345177665
8 0.7310714285714286 0.2715736040609137 0.03642857142857143 0.1598984771573604
3 0.6978571428571428 0.2100253807106599 0.018571428571428572 0.05710659898477157
3 0.7146428571428571 0.11294416243654823 0.017857142857142856 0.0532994923857868
4 0.6914285714285714 0.10025380710659898 0.017142857142857144 0.0583756345177665