5 0.08071428571428571 0.2398477157360406 0.037142857142857144 0.027918781725888325
4 0.22678571428571428 0.08819796954314721 0.027857142857142858 0.031725888324873094
3 0.18285714285714286 0.12690355329949238 0.03 0.03299492385786802
4 0.33071428571428574 0.17068527918781726 0.03142857142857143 0.0266497461928934
3 0.3271428571428571 0.19923857868020303 0.027142857142857142 0.025380710659898477
3 0.28535714285714286 0.19860406091370558 0.03214285714285714 0.01903553299492386
3 0.23785714285714285 0.17258883248730963 0.03142857142857143 0.025380710659898477
5 0.1367857142857143 0.233502538071066 0.06357142857142857 0.04568527918781726
3 0.2042857142857143 0.21637055837563451 0.032857142857142856 0.0266497461928934
3 0.25214285714285717 0.27347715736040606 0.03 0.024111675126903553
3 0.2885714285714286 0.2468274111675127 0.027142857142857142 0.024111675126903553
3 0.3392857142857143 0.2760152284263959 0.03428571428571429 0.0266497461928934
3 0.3367857142857143 0.24619289340101522 0.029285714285714286 0.025380710659898477
3 0.3032142857142857 0.22461928934010153 0.02642857142857143 0.02284263959390863
8 0.2867857142857143 0.16878172588832488 0.04214285714285714 0.03553299492385787
4 0.24892857142857142 0.24936548223350255 0.03214285714285714 0.024111675126903553
4 0.20857142857142857 0.27284263959390864 0.03142857142857143 0.027918781725888325
4 0.19285714285714287 0.24238578680203046 0.03428571428571429 0.025380710659898477
3 0.16857142857142857 0.2703045685279188 0.03142857142857143 0.02284263959390863
3 0.25142857142857145 0.22081218274111675 0.03142857142857143 0.025380710659898477
0 0.31464285714285717 0.044416243654822336 0.0064285714285714285 0.017766497461928935
0 0.33464285714285713 0.07677664974619289 0.005 0.01649746192893401
0 0.36714285714285716 0.08121827411167512 0.004285714285714286 0.015228426395939087
0 0.37142857142857144 0.08946700507614214 0.004285714285714286 0.013959390862944163
0 0.3632142857142857 0.06535532994923858 0.005 0.01649746192893401
0 0.375 0.07296954314720812 0.004285714285714286 0.01649746192893401
0 0.3492857142857143 0.06662436548223351 0.004285714285714286 0.008883248730964468
0 0.37107142857142855 0.06535532994923858 0.0035714285714285713 0.013959390862944163
0 0.3732142857142857 0.061548223350253804 0.002142857142857143 0.013959390862944163
3 0.4060714285714286 0.21383248730964466 0.013571428571428571 0.03934010152284264
8 0.43357142857142855 0.19035532994923857 0.018571428571428572 0.07868020304568528
4 0.3921428571428571 0.01649746192893401 0.014285714285714285 0.03299492385786802
3 0.41892857142857143 0.05203045685279188 0.013571428571428571 0.03807106598984772
3 0.4903571428571429 0.013959390862944163 0.013571428571428571 0.027918781725888325
3 0.4717857142857143 0.00951776649746193 0.012142857142857143 0.01903553299492386
3 0.41285714285714287 0.41814720812182743 0.015714285714285715 0.044416243654822336
3 0.44142857142857145 0.5 0.015714285714285715 0.04060913705583756
3 0.3992857142857143 0.9251269035532995 0.018571428571428572 0.07360406091370558
4 0.4278571428571429 0.7874365482233503 0.017142857142857144 0.06218274111675127
0 0.5967857142857143 0.8299492385786802 0.0035714285714285713 0.012690355329949238
0 0.5757142857142857 0.8064720812182741 0.004285714285714286 0.008883248730964468
0 0.5771428571428572 0.799492385786802 0.004285714285714286 0.007614213197969543
0 0.6721428571428572 0.5913705583756346 0.005714285714285714 0.007614213197969543
0 0.7178571428571429 0.6440355329949239 0.004285714285714286 0.011421319796954314
0 0.5289285714285714 0.01967005076142132 0.005 0.013959390862944163
3 0.7135714285714285 0.09517766497461928 0.014285714285714285 0.04060913705583756
3 0.7392857142857143 0.09644670050761421 0.011428571428571429 0.03299492385786802
3 0.7542857142857143 0.09644670050761421 0.014285714285714285 0.03299492385786802
8 0.675 0.29124365482233505 0.045714285714285714 0.031725888324873094
8 0.7671428571428571 0.29949238578680204 0.045714285714285714 0.030456852791878174
8 0.6975 0.32423857868020306 0.08928571428571429 0.05203045685279188
8 0.7910714285714285 0.3229695431472081 0.09357142857142857 0.05456852791878172
8 0.7046428571428571 0.3597715736040609 0.05785714285714286 0.03426395939086294
3 0.6446428571428572 0.3610406091370558 0.03357142857142857 0.021573604060913704
3 0.63 0.33248730964467005 0.03142857142857143 0.025380710659898477
3 0.7596428571428572 0.36421319796954316 0.03357142857142857 0.025380710659898477
3 0.8139285714285714 0.3686548223350254 0.03214285714285714 0.02918781725888325
3 0.9171428571428571 0.37119289340101524 0.02857142857142857 0.021573604060913704
3 0.9017857142857143 0.33756345177664976 0.035 0.02284263959390863
8 0.8653571428571428 0.36484771573604063 0.04928571428571429 0.031725888324873094
9 0.6232142857142857 0.30583756345177665 0.013571428571428571 0.012690355329949238
1 0.6232142857142857 0.3039340101522843 0.007857142857142858 0.013959390862944163
9 0.6114285714285714 0.6027918781725888 0.01 0.012690355329949238
9 0.6182142857142857 0.5831218274111675 0.010714285714285714 0.008883248730964468
1 0.62 0.5824873096446701 0.005714285714285714 0.007614213197969543
1 0.6132142857142857 0.6021573604060914 0.005 0.011421319796954314
0 0.6535714285714286 0.5475888324873096 0.004285714285714286 0.011421319796954314
0 0.8225 0.6554568527918782 0.005 0.011421319796954314
0 0.8889285714285714 0.6472081218274112 0.0035714285714285713 0.012690355329949238
0 0.9353571428571429 0.6529187817258884 0.0064285714285714285 0.013959390862944163
0 0.8253571428571429 0.6300761421319797 0.0035714285714285713 0.008883248730964468
3 0.9557142857142857 0.19416243654822335 0.032857142857142856 0.025380710659898477
3 0.8742857142857143 0.09898477157360407 0.015714285714285715 0.04060913705583756
3 0.9021428571428571 0.10215736040609137 0.015714285714285715 0.03680203045685279
8 0.9439285714285715 0.09581218274111675 0.019285714285714285 0.04187817258883249
0 0.8885714285714286 0.10469543147208121 0.004285714285714286 0.011421319796954314
0 0.805 0.14784263959390864 0.007142857142857143 0.013959390862944163