3 0.8035 0.765 0.135 0.214
0 0.43275 0.9403333333333334 0.0355 0.09933333333333333
9 0.2175 0.591 0.043 0.03666666666666667
9 0.22575 0.578 0.0495 0.034666666666666665
2 0.23475 0.5616666666666666 0.0455 0.038
3 0.34 0.593 0.115 0.10333333333333333
3 0.38775 0.44033333333333335 0.1055 0.06466666666666666
9 0.392 0.28733333333333333 0.012 0.02666666666666667
9 0.3935 0.26566666666666666 0.023 0.019333333333333334
9 0.4045 0.23733333333333334 0.018 0.02
9 0.45275 0.22233333333333333 0.0155 0.016666666666666666
2 0.417 0.206 0.017 0.017333333333333333
2 0.46625 0.21566666666666667 0.0165 0.018
2 0.4725 0.19566666666666666 0.016 0.016666666666666666
9 0.46875 0.20566666666666666 0.0215 0.016666666666666666
9 0.42375 0.19766666666666666 0.0135 0.015333333333333332
1 0.55625 0.37833333333333335 0.0125 0.038
9 0.556 0.393 0.013 0.03266666666666666
3 0.4925 0.37766666666666665 0.039 0.05533333333333333
3 0.447 0.3403333333333333 0.038 0.046
3 0.4945 0.30466666666666664 0.032 0.042666666666666665
3 0.4955 0.21933333333333332 0.023 0.02666666666666667
3 0.494 0.186 0.019 0.02266666666666667
4 0.49575 0.17033333333333334 0.0165 0.024666666666666667
1 0.473 0.15633333333333332 0.005 0.014
2 0.473 0.16 0.005 0.013333333333333334
1 0.5145 0.17 0.006 0.016
9 0.51425 0.17466666666666666 0.0045 0.013333333333333334
9 0.52575 0.17933333333333334 0.0045 0.013333333333333334
9 0.52975 0.17833333333333334 0.0055 0.012666666666666666
1 0.52525 0.17366666666666666 0.0055 0.014
1 0.5305 0.17333333333333334 0.005 0.014666666666666666
3 0.77 0.444 0.072 0.08933333333333333
9 0.93675 0.293 0.0275 0.028666666666666667
9 0.92875 0.2866666666666667 0.0255 0.030666666666666665
2 0.9575 0.281 0.014 0.026
3 0.875 0.259 0.042 0.035333333333333335
3 0.854 0.248 0.038 0.030666666666666665
4 0.79475 0.2663333333333333 0.0435 0.04066666666666666
3 0.77775 0.20533333333333334 0.0325 0.02266666666666667
4 0.75525 0.189 0.0365 0.026
2 0.8355 0.21133333333333335 0.006 0.017333333333333333
5 0.66325 0.15733333333333333 0.0265 0.036
9 0.72775 0.158 0.0135 0.013333333333333334
9 0.721 0.155 0.017 0.014
4 0.67825 0.14 0.0165 0.018666666666666668
3 0.66575 0.13366666666666666 0.0145 0.012666666666666666
4 0.662 0.129 0.012 0.012666666666666666
3 0.651 0.128 0.021 0.013333333333333334
4 0.4825 0.116 0.009 0.014666666666666666
0 0.47725 0.11966666666666667 0.0035 0.012666666666666666
3 0.49625 0.11733333333333333 0.0095 0.012
3 0.528 0.11166666666666666 0.008 0.014
8 0.53 0.10066666666666667 0.011 0.02
5 0.6005 0.11133333333333334 0.015 0.02266666666666667
4 0.58675 0.10433333333333333 0.0095 0.012666666666666666
3 0.637 0.11633333333333333 0.011 0.011333333333333334
3 0.6315 0.11266666666666666 0.011 0.012
3 0.6345 0.106 0.008 0.009333333333333334
3 0.621 0.10633333333333334 0.008 0.01
3 0.57325 0.092 0.0065 0.008
3 0.57025 0.089 0.0065 0.007333333333333333
3 0.51775 0.08866666666666667 0.0105 0.006666666666666667
3 0.499 0.111 0.009 0.011333333333333334
3 0.49625 0.109 0.0095 0.011333333333333334
3 0.498 0.106 0.007 0.009333333333333334
3 0.496 0.09566666666666666 0.007 0.007333333333333333
3 0.4955 0.089 0.006 0.007333333333333333
3 0.61725 0.10466666666666667 0.0095 0.009333333333333334
3 0.6095 0.09933333333333333 0.008 0.009333333333333334
3 0.599 0.094 0.008 0.008
3 0.59575 0.092 0.0065 0.009333333333333334
3 0.59575 0.08766666666666667 0.0145 0.008666666666666666
3 0.5925 0.08633333333333333 0.013 0.008666666666666666
3 0.5895 0.08633333333333333 0.012 0.007333333333333333