3 0.5364285714285715 0.9314720812182741 0.02142857142857143 0.07360406091370558
8 0.5242857142857142 0.8071065989847716 0.02 0.07106598984771574
8 0.5035714285714286 0.8527918781725888 0.03571428571428571 0.18274111675126903
3 0.052142857142857144 0.4847715736040609 0.03571428571428571 0.027918781725888325
3 0.10178571428571428 0.4733502538071066 0.047857142857142855 0.03553299492385787
8 0.1457142857142857 0.46256345177664976 0.037142857142857144 0.03426395939086294
3 0.1325 0.5184010152284264 0.035 0.031725888324873094
3 0.34714285714285714 0.5203045685279187 0.032857142857142856 0.027918781725888325
3 0.33107142857142857 0.4885786802030457 0.035 0.030456852791878174
3 0.3742857142857143 0.4473350253807107 0.03428571428571429 0.02918781725888325
3 0.49 0.42258883248730966 0.017142857142857144 0.06091370558375635
5 0.5146428571428572 0.3464467005076142 0.025 0.10152284263959391
3 0.5303571428571429 0.2893401015228426 0.017857142857142856 0.0532994923857868
3 0.5882142857142857 0.3769035532994924 0.03357142857142857 0.03553299492385787
3 0.5007142857142857 0.19225888324873097 0.017142857142857144 0.05456852791878172
3 0.4782142857142857 0.16243654822335024 0.015 0.050761421319796954
3 0.5139285714285714 0.14403553299492386 0.015 0.044416243654822336
9 0.4764285714285714 0.057741116751269035 0.005714285714285714 0.0266497461928934
1 0.4760714285714286 0.057741116751269035 0.005 0.013959390862944163
3 0.49357142857142855 0.06916243654822335 0.012857142857142857 0.05203045685279188
3 0.5089285714285714 0.061548223350253804 0.013571428571428571 0.046954314720812185
3 0.5071428571428571 0.015862944162436547 0.014285714285714285 0.031725888324873094
3 0.49 0.014593908629441625 0.012857142857142857 0.02918781725888325
8 0.68 0.5824873096446701 0.09428571428571429 0.07360406091370558
8 0.6675 0.5456852791878173 0.09214285714285714 0.08121827411167512
3 0.6342857142857142 0.5285532994923858 0.037142857142857144 0.03680203045685279
3 0.6782142857142858 0.508248730964467 0.035 0.03426395939086294
3 0.6396428571428572 0.4936548223350254 0.030714285714285715 0.03299492385786802
9 0.6746428571428571 0.47588832487309646 0.016428571428571428 0.015228426395939087
1 0.6764285714285714 0.4746192893401015 0.01 0.015228426395939087
4 0.7567857142857143 0.5501269035532995 0.04214285714285714 0.04187817258883249
4 0.7821428571428571 0.5025380710659898 0.041428571428571426 0.04060913705583756
3 0.7292857142857143 0.49111675126903553 0.03571428571428571 0.03553299492385787
3 0.7242857142857143 0.4536802030456853 0.037142857142857144 0.03934010152284264