3 0.4957142857142857 0.3864213197969543 0.02 0.06725888324873096
3 0.5303571428571429 0.3889593908629442 0.019285714285714285 0.06979695431472081
3 0.4514285714285714 0.3934010152284264 0.022857142857142857 0.07106598984771574
3 0.49392857142857144 0.31725888324873097 0.023571428571428573 0.06091370558375635
3 0.5246428571428572 0.2817258883248731 0.019285714285714285 0.06091370558375635
3 0.4907142857142857 0.24048223350253808 0.018571428571428572 0.05710659898477157
3 0.39464285714285713 0.15609137055837563 0.019285714285714285 0.04314720812182741
3 0.4953571428571429 0.18083756345177665 0.016428571428571428 0.05203045685279188
3 0.4928571428571429 0.12055837563451777 0.018571428571428572 0.04568527918781726
3 0.4942857142857143 0.07360406091370558 0.015714285714285715 0.04060913705583756
3 0.41035714285714286 0.6871827411167513 0.056428571428571425 0.0850253807106599
4 0.5246428571428572 0.2182741116751269 0.017857142857142856 0.0583756345177665
4 0.5221428571428571 0.14022842639593908 0.017142857142857144 0.05710659898477157
4 0.8142857142857143 0.9302030456852792 0.09 0.07614213197969544
3 0.056428571428571425 0.6706852791878173 0.06714285714285714 0.09263959390862944
0 0.16964285714285715 0.47779187817258884 0.007857142857142858 0.02918781725888325
0 0.225 0.5348984771573604 0.01 0.031725888324873094
0 0.18714285714285714 0.5253807106598984 0.01 0.027918781725888325
0 0.19214285714285714 0.516497461928934 0.01 0.027918781725888325
0 0.14642857142857144 0.5215736040609137 0.007142857142857143 0.030456852791878174
0 0.15714285714285714 0.5038071065989848 0.01 0.030456852791878174
0 0.08714285714285715 0.5450507614213198 0.011428571428571429 0.02918781725888325
0 0.06357142857142857 0.5571065989847716 0.011428571428571429 0.027918781725888325
0 0.04428571428571428 0.5945431472081218 0.01 0.02918781725888325
0 0.3925 0.48096446700507617 0.012142857142857143 0.03299492385786802
0 0.3032142857142857 0.4384517766497462 0.007857142857142858 0.031725888324873094
0 0.27785714285714286 0.5107868020304569 0.008571428571428572 0.03426395939086294
0 0.2671428571428571 0.5050761421319797 0.008571428571428572 0.027918781725888325
0 0.25285714285714284 0.49111675126903553 0.008571428571428572 0.027918781725888325
0 0.26107142857142857 0.47652284263959394 0.0064285714285714285 0.0266497461928934
0 0.255 0.4714467005076142 0.007142857142857143 0.02918781725888325
0 0.25892857142857145 0.467005076142132 0.005 0.025380710659898477
0 0.26785714285714285 0.48984771573604063 0.004285714285714286 0.02284263959390863
0 0.2646428571428571 0.49682741116751267 0.0064285714285714285 0.02918781725888325
0 0.28785714285714287 0.491751269035533 0.005714285714285714 0.0266497461928934
0 0.29 0.5329949238578681 0.01 0.030456852791878174
0 0.2835714285714286 0.47906091370558374 0.005714285714285714 0.0266497461928934
0 0.28035714285714286 0.46954314720812185 0.0035714285714285713 0.012690355329949238
0 0.3007142857142857 0.467005076142132 0.007142857142857143 0.030456852791878174
0 0.2953571428571429 0.45685279187817257 0.007857142857142858 0.030456852791878174
0 0.3007142857142857 0.47715736040609136 0.007142857142857143 0.03299492385786802
0 0.4075 0.5044416243654822 0.0064285714285714285 0.03426395939086294
0 0.15321428571428572 0.4873096446700508 0.0064285714285714285 0.02284263959390863
0 0.08214285714285714 0.9606598984771574 0.018571428571428572 0.025380710659898477
0 0.07285714285714286 0.9511421319796954 0.015714285714285715 0.02918781725888325
0 0.6425 0.3356598984771574 0.007857142857142858 0.02918781725888325
0 0.6282142857142857 0.2969543147208122 0.007857142857142858 0.025380710659898477
0 0.6414285714285715 0.28616751269035534 0.007142857142857143 0.0266497461928934
0 0.6464285714285715 0.28426395939086296 0.007142857142857143 0.03299492385786802
0 0.6392857142857142 0.42449238578680204 0.007142857142857143 0.031725888324873094
0 0.6435714285714286 0.3953045685279188 0.007142857142857143 0.0266497461928934
0 0.6553571428571429 0.40926395939086296 0.010714285714285714 0.031725888324873094
0 0.6653571428571429 0.4118020304568528 0.007857142857142858 0.024111675126903553
0 0.6357142857142857 0.5640862944162437 0.011428571428571429 0.02918781725888325
0 0.5807142857142857 0.491751269035533 0.005714285714285714 0.02918781725888325
0 0.5739285714285715 0.541243654822335 0.0064285714285714285 0.02918781725888325
0 0.57 0.5171319796954315 0.005714285714285714 0.02918781725888325
0 0.6575 0.623730964467005 0.009285714285714286 0.03426395939086294
0 0.6678571428571428 0.6243654822335025 0.01 0.030456852791878174
0 0.6017857142857143 0.4263959390862944 0.0064285714285714285 0.03299492385786802
0 0.6032142857142857 0.44416243654822335 0.005 0.025380710659898477
0 0.5932142857142857 0.46890862944162437 0.007857142857142858 0.02918781725888325
0 0.5814285714285714 0.4581218274111675 0.011428571428571429 0.03299492385786802
0 0.6157142857142858 0.4460659898477157 0.008571428571428572 0.0266497461928934
0 0.6267857142857143 0.38388324873096447 0.0064285714285714285 0.02918781725888325
0 0.6271428571428571 0.35279187817258884 0.007142857142857143 0.027918781725888325
0 0.6328571428571429 0.3483502538071066 0.007142857142857143 0.0266497461928934
0 0.6189285714285714 0.1998730964467005 0.005 0.02918781725888325
0 0.6153571428571428 0.2639593908629442 0.0064285714285714285 0.027918781725888325
0 0.6210714285714286 0.2626903553299492 0.0064285714285714285 0.027918781725888325
0 0.6685714285714286 0.7810913705583756 0.008571428571428572 0.031725888324873094
0 0.6917857142857143 0.7423857868020305 0.009285714285714286 0.030456852791878174
0 0.72 0.6135786802030457 0.01 0.02918781725888325
0 0.7396428571428572 0.5697969543147208 0.007857142857142858 0.030456852791878174
0 0.6246428571428572 0.18908629441624367 0.007857142857142858 0.025380710659898477
0 0.6139285714285714 0.12626903553299493 0.005 0.01903553299492386
0 0.5603571428571429 0.01903553299492386 0.005 0.02284263959390863
0 0.5614285714285714 0.044416243654822336 0.005714285714285714 0.02030456852791878
0 0.5689285714285715 0.044416243654822336 0.0035714285714285713 0.02030456852791878
0 0.5425 0.046954314720812185 0.0035714285714285713 0.017766497461928935
0 0.5439285714285714 0.06281725888324872 0.005 0.01903553299492386
0 0.5425 0.01649746192893401 0.0035714285714285713 0.02030456852791878
0 0.6064285714285714 0.10406091370558376 0.005714285714285714 0.02030456852791878
0 0.6217857142857143 0.10977157360406091 0.005 0.01903553299492386
0 0.6153571428571428 0.157994923857868 0.0035714285714285713 0.021573604060913704
0 0.6228571428571429 0.15862944162436549 0.005714285714285714 0.02284263959390863
0 0.6114285714285714 0.20050761421319796 0.004285714285714286 0.02030456852791878
0 0.6135714285714285 0.3889593908629442 0.007142857142857143 0.031725888324873094
0 0.595 0.4022842639593909 0.008571428571428572 0.025380710659898477
0 0.6182142857142857 0.23794416243654823 0.0064285714285714285 0.024111675126903553
0 0.6096428571428572 0.23540609137055837 0.005 0.024111675126903553
0 0.6228571428571429 0.14911167512690354 0.005714285714285714 0.021573604060913704
0 0.6232142857142857 0.14720812182741116 0.0064285714285714285 0.027918781725888325
0 0.6207142857142857 0.18274111675126903 0.005714285714285714 0.02284263959390863
0 0.6117857142857143 0.18464467005076143 0.005 0.01903553299492386
0 0.6203571428571428 0.43210659898477155 0.005 0.0266497461928934
0 0.62 0.4137055837563452 0.005714285714285714 0.02030456852791878
0 0.6253571428571428 0.4168781725888325 0.007857142857142858 0.02918781725888325
0 0.6167857142857143 0.5260152284263959 0.007857142857142858 0.02918781725888325
0 0.6017857142857143 0.567258883248731 0.0064285714285714285 0.02030456852791878
0 0.6210714285714286 0.108502538071066 0.005 0.0266497461928934
0 0.6092857142857143 0.13007614213197968 0.007142857142857143 0.0266497461928934
0 0.5757142857142857 0.02728426395939086 0.005714285714285714 0.031725888324873094
0 0.5567857142857143 0.04885786802030457 0.005 0.01649746192893401
0 0.5453571428571429 0.09200507614213198 0.005 0.024111675126903553
0 0.5710714285714286 0.057741116751269035 0.005 0.013959390862944163