7 0.8946428571428572 0.7855329949238579 0.08071428571428571 0.12436548223350254
3 0.7928571428571428 0.8953045685279187 0.08 0.09517766497461928
3 0.6571428571428571 0.6782994923857868 0.06571428571428571 0.0850253807106599
3 0.5417857142857143 0.3217005076142132 0.030714285714285715 0.044416243654822336
3 0.2842857142857143 0.6935279187817259 0.04 0.11040609137055837
3 0.3653571428571429 0.5126903553299492 0.04071428571428572 0.07360406091370558
3 0.3742857142857143 0.27284263959390864 0.024285714285714285 0.050761421319796954
3 0.4657142857142857 0.2823604060913706 0.025714285714285714 0.05456852791878172
3 0.35678571428571426 0.17576142131979697 0.019285714285714285 0.03426395939086294
3 0.3217857142857143 0.16434010152284265 0.02214285714285714 0.03426395939086294
3 0.37142857142857144 0.08946700507614214 0.02 0.02918781725888325
3 0.37892857142857145 0.057741116751269035 0.023571428571428573 0.03426395939086294
3 0.17464285714285716 0.8045685279187818 0.052142857142857144 0.10152284263959391
3 0.027857142857142858 0.6427664974619289 0.054285714285714284 0.06979695431472081
5 0.054285714285714284 0.5475888324873096 0.08142857142857143 0.10279187817258884
5 0.1707142857142857 0.43147208121827413 0.041428571428571426 0.07360406091370558
5 0.15071428571428572 0.41814720812182743 0.04285714285714286 0.08248730964467005
5 0.12785714285714286 0.4118020304568528 0.04428571428571428 0.08248730964467005
5 0.10571428571428572 0.4137055837563452 0.047142857142857146 0.08629441624365482
5 0.07785714285714286 0.41243654822335024 0.05 0.09390862944162437
5 0.05285714285714286 0.4149746192893401 0.04857142857142857 0.10152284263959391
5 0.017857142857142856 0.4086294416243655 0.03571428571428571 0.09390862944162437
5 0.020714285714285713 0.5431472081218274 0.041428571428571426 0.08629441624365482
3 0.2735714285714286 0.3083756345177665 0.02857142857142857 0.03299492385786802
3 0.10321428571428572 0.1434010152284264 0.017857142857142856 0.02284263959390863
3 0.09285714285714286 0.11611675126903553 0.018571428571428572 0.024111675126903553
3 0.17214285714285715 0.07296954314720812 0.011428571428571429 0.01903553299492386
3 0.16392857142857142 0.0583756345177665 0.010714285714285714 0.015228426395939087
3 0.15357142857142858 0.03680203045685279 0.012857142857142857 0.017766497461928935
3 0.14785714285714285 0.02284263959390863 0.011428571428571429 0.015228426395939087
3 0.5210714285714285 0.10977157360406091 0.017857142857142856 0.021573604060913704
9 0.4114285714285714 0.18908629441624367 0.01 0.027918781725888325
3 0.5017857142857143 0.02601522842639594 0.009285714285714286 0.01903553299492386
3 0.5553571428571429 0.044416243654822336 0.02214285714285714 0.017766497461928935
3 0.5332142857142858 0.03236040609137056 0.016428571428571428 0.01649746192893401
3 0.5382142857142858 0.017766497461928935 0.017857142857142856 0.012690355329949238
3 0.5932142857142857 0.021573604060913704 0.015 0.017766497461928935
3 0.6110714285714286 0.02918781725888325 0.019285714285714285 0.02030456852791878
3 0.6239285714285714 0.021573604060913704 0.012142857142857143 0.015228426395939087
3 0.6071428571428571 0.01649746192893401 0.012857142857142857 0.012690355329949238
3 0.5925 0.008248730964467006 0.02642857142857143 0.01649746192893401
3 0.5175 0.07043147208121828 0.020714285714285713 0.01649746192893401
3 0.5210714285714285 0.06218274111675127 0.02214285714285714 0.02030456852791878
3 0.5246428571428572 0.04758883248730964 0.02214285714285714 0.01903553299492386
3 0.13714285714285715 0.008883248730964468 0.011428571428571429 0.015228426395939087
9 0.26321428571428573 0.017766497461928935 0.009285714285714286 0.02030456852791878
3 0.33321428571428574 0.00951776649746193 0.017857142857142856 0.01903553299492386
3 0.25607142857142856 0.09263959390862944 0.015 0.02030456852791878
3 0.2425 0.06218274111675127 0.016428571428571428 0.02030456852791878
3 0.24142857142857144 0.046954314720812185 0.018571428571428572 0.02284263959390863
3 0.21107142857142858 0.018401015228426396 0.017857142857142856 0.01903553299492386
0 0.2525 0.217005076142132 0.010714285714285714 0.02284263959390863
4 0.4432142857142857 0.027918781725888325 0.015 0.025380710659898477
4 0.4139285714285714 0.05012690355329949 0.013571428571428571 0.024111675126903553
0 0.6153571428571428 0.09517766497461928 0.007857142857142858 0.02030456852791878