4 0.622651356993737 0.050556586270871985 0.017745302713987474 0.01948051948051948
3 0.6850208768267223 0.06168831168831169 0.01722338204592902 0.017625231910946195
3 0.47990605427974947 0.03571428571428571 0.02139874739039666 0.013914656771799629
3 0.4535490605427975 0.03200371057513915 0.021920668058455117 0.017625231910946195
4 0.43136743215031315 0.036641929499072357 0.01722338204592902 0.017625231910946195
3 0.424321503131524 0.02504638218923933 0.021920668058455117 0.016697588126159554
0 0.6317849686847599 0.2388682745825603 0.005741127348643006 0.021335807050092765
3 0.6127348643006263 0.27087198515769945 0.026096033402922755 0.029684601113172542
1 0.6229123173277662 0.31493506493506496 0.006784968684759917 0.021335807050092765
3 0.6056889352818372 0.3752319109461967 0.03496868475991649 0.032467532467532464
9 0.6153444676409185 0.4512987012987013 0.012526096033402923 0.021335807050092765
0 0.6109081419624217 0.6205936920222634 0.004697286012526096 0.02411873840445269
0 0.5534968684759917 0.7022263450834879 0.007828810020876827 0.02411873840445269
3 0.5253131524008351 0.6349721706864564 0.049582463465553235 0.04916512059369202
3 0.4605949895615866 0.6238404452690167 0.04645093945720251 0.039888682745825604
3 0.41257828810020875 0.7221706864564007 0.05167014613778706 0.04916512059369202
3 0.40187891440501045 0.7954545454545454 0.0511482254697286 0.05287569573283859
3 0.5161795407098121 0.8098330241187384 0.055323590814196244 0.05194805194805195
3 0.35934237995824636 0.9721706864564007 0.0662839248434238 0.05380333951762523
3 0.9485908141962421 0.9410946196660482 0.06732776617954071 0.07328385899814471
3 0.8778705636743215 0.7235621521335807 0.04175365344467641 0.04267161410018553
3 0.025313152400835072 0.5992578849721707 0.038100208768267224 0.055658627087198514
9 0.03157620041753653 0.23979591836734693 0.010960334029227558 0.017625231910946195
1 0.03001043841336117 0.23376623376623376 0.005741127348643006 0.014842300556586271
3 0.32724425887265135 0.38404452690166974 0.03549060542797495 0.03525046382189239
3 0.34368475991649267 0.313543599257885 0.03392484342379958 0.03525046382189239
3 0.3522964509394572 0.2963821892393321 0.03549060542797495 0.03432282003710575
3 0.3742171189979123 0.28014842300556586 0.032359081419624215 0.03339517625231911
3 0.7118997912317327 0.06493506493506493 0.021920668058455117 0.01855287569573284
3 0.7419102296450939 0.06910946196660482 0.02348643006263048 0.017625231910946195
3 0.8987473903966597 0.08719851576994433 0.019832985386221295 0.01855287569573284
3 0.9261482254697286 0.09183673469387756 0.027661795407098122 0.01855287569573284
3 0.9618997912317327 0.0950834879406308 0.025052192066805846 0.01948051948051948