5 0.5033924843423799 0.5148423005565863 0.04018789144050104 0.1280148423005566
3 0.5399269311064718 0.487012987012987 0.014091858037578288 0.027829313543599257
4 0.5662839248434238 0.4805194805194805 0.013569937369519834 0.029684601113172542
3 0.7098121085594989 0.5352504638218923 0.03444676409185804 0.027829313543599257
3 0.644572025052192 0.49860853432282004 0.03444676409185804 0.026901669758812616
3 0.6427453027139874 0.5269016697588126 0.031837160751565764 0.03339517625231911
3 0.6440501043841336 0.5756029684601113 0.037578288100208766 0.0287569573283859
3 0.6510960334029228 0.6771799628942486 0.04540709812108559 0.03710575139146568
3 0.6487473903966597 0.7268089053803339 0.04592901878914405 0.03432282003710575
3 0.6503131524008351 0.7564935064935064 0.04801670146137787 0.038033395176252316
3 0.6623173277661796 0.8181818181818182 0.061586638830897704 0.05194805194805195
3 0.6602296450939458 0.8501855287569573 0.059498956158663886 0.05287569573283859
4 0.8126304801670147 0.8794063079777366 0.0511482254697286 0.055658627087198514
3 0.7860125260960334 0.8409090909090909 0.05010438413361169 0.05473098330241188
3 0.7734864300626305 0.7945269016697588 0.05010438413361169 0.05658627087198516
3 0.7713987473903967 0.7555658627087198 0.04592901878914405 0.045454545454545456
3 0.7620041753653445 0.7068645640074211 0.03653444676409186 0.04452690166975881
3 0.7460855949895616 0.6781076066790352 0.0360125260960334 0.04267161410018553
3 0.7257306889352818 0.6479591836734694 0.03914405010438413 0.039888682745825604
3 0.7202505219206681 0.6182745825602969 0.04175365344467641 0.032467532467532464
4 0.7239039665970772 0.48794063079777367 0.028183716075156576 0.029684601113172542
0 0.6432672233820459 0.6182745825602969 0.005741127348643006 0.02504638218923933
0 0.7429540709812108 0.602504638218924 0.006784968684759917 0.02504638218923933
0 0.5362734864300627 0.35714285714285715 0.0036534446764091857 0.01855287569573284
0 0.6868475991649269 0.5909090909090909 0.007306889352818371 0.02040816326530612
9 0.7241649269311065 0.5927643784786641 0.013048016701461378 0.016697588126159554
9 0.7400835073068893 0.5858070500927643 0.013569937369519834 0.017625231910946195
0 0.7549582463465553 0.6052875695732839 0.004697286012526096 0.023191094619666047
6 0.6978079331941545 0.5862708719851577 0.015657620041753653 0.027829313543599257
3 0.8791753653444676 0.9860853432282004 0.05688935281837161 0.025974025974025976
1 0.5571503131524008 0.24628942486085342 0.0026096033402922755 0.008348794063079777
1 0.5759394572025052 0.2541743970315399 0.0026096033402922755 0.00927643784786642
1 0.5866388308977035 0.26113172541743973 0.003131524008350731 0.01020408163265306
0 0.5876826722338204 0.11317254174397032 0.0020876826722338203 0.0074211502782931356
3 0.5876826722338204 0.16280148423005567 0.007306889352818371 0.012059369202226345
3 0.6004697286012526 0.25742115027829315 0.008872651356993737 0.013914656771799629
4 0.6163883089770354 0.27736549165120594 0.017745302713987474 0.016697588126159554