0 0.587 0.9326666666666666 0.021 0.04133333333333333
0 0.57625 0.872 0.0225 0.03333333333333333
0 0.589 0.7843333333333333 0.019 0.03666666666666667
0 0.533 0.6666666666666666 0.017 0.028
0 0.544 0.6406666666666667 0.021 0.030666666666666665
0 0.54 0.5473333333333333 0.017 0.024
2 0.57625 0.534 0.0155 0.06266666666666666
1 0.57825 0.537 0.0185 0.03933333333333333
9 0.5125 0.5133333333333333 0.025 0.052
1 0.5115 0.5143333333333333 0.021 0.027333333333333334
0 0.553 0.4726666666666667 0.018 0.028
9 0.53825 0.4693333333333333 0.0175 0.036
1 0.5395 0.469 0.013 0.019333333333333334
1 0.512 0.3863333333333333 0.009 0.008666666666666666
0 0.50125 0.3606666666666667 0.0155 0.025333333333333333
3 0.6775 0.43666666666666665 0.079 0.168
0 0.43175 0.49666666666666665 0.0085 0.012
0 0.442 0.497 0.016 0.028666666666666667
5 0.38075 0.5893333333333334 0.1265 0.324
0 0.59 0.11333333333333333 0.012 0.02
1 0.5885 0.14 0.011 0.02266666666666667
0 0.6205 0.07733333333333334 0.023 0.052
0 0.59775 0.08433333333333333 0.0155 0.05
0 0.4755 0.072 0.014 0.04133333333333333
0 0.4875 0.06533333333333333 0.016 0.04666666666666667
0 0.46225 0.2 0.0145 0.034666666666666665
0 0.4625 0.188 0.017 0.034666666666666665
5 0.43325 0.19533333333333333 0.0895 0.20933333333333334
6 0.40625 0.03666666666666667 0.0505 0.07333333333333333
0 0.443 0.887 0.018 0.026