0 0.11534446764091857 0.1614100185528757 0.026096033402922755 0.06679035250463822
0 0.20302713987473903 0.15120593692022263 0.026096033402922755 0.0686456400742115
1 0.22755741127348644 0.16419294990723562 0.018789144050104383 0.04452690166975881
1 0.25417536534446766 0.16512059369202226 0.022964509394572025 0.04267161410018553
1 0.31315240083507306 0.137291280148423 0.017745302713987474 0.03339517625231911
1 0.34394572025052195 0.11781076066790352 0.022964509394572025 0.04452690166975881
3 0.07881002087682672 0.34369202226345086 0.14822546972860126 0.11038961038961038
0 0.0180062630480167 0.6233766233766234 0.030793319415448852 0.05194805194805195
0 0.04462421711899791 0.6377551020408163 0.02870563674321503 0.036178107606679034
0 0.055845511482254695 0.5987940630797773 0.020876826722338204 0.045454545454545456
1 0.05506263048016701 0.602504638218924 0.02139874739039666 0.036178107606679034
1 0.07646137787056367 0.62430426716141 0.03288100208768267 0.0575139146567718
1 0.09211899791231733 0.6187384044526901 0.02661795407098121 0.055658627087198514
1 0.13178496868475992 0.6349721706864564 0.03288100208768267 0.05473098330241188
1 0.1477035490605428 0.5714285714285714 0.03444676409185804 0.07050092764378478
0 0.15918580375782881 0.5037105751391465 0.030271398747390398 0.07235621521335807
0 0.19493736951983298 0.5848794063079777 0.03496868475991649 0.075139146567718
0 0.2056367432150313 0.5412801484230055 0.027139874739039668 0.06957328385899815
0 0.21268267223382045 0.4962894248608534 0.029749478079331943 0.07421150278293136
9 0.2502609603340292 0.562152133580705 0.0360125260960334 0.10204081632653061
0 0.28679540709812107 0.5347866419294991 0.02661795407098121 0.06957328385899815
1 0.30062630480167013 0.6062152133580705 0.024008350730688934 0.05844155844155844
1 0.32515657620041755 0.5027829313543599 0.020876826722338204 0.05194805194805195
0 0.31497912317327764 0.4652133580705009 0.02661795407098121 0.0640074211502783
0 0.3551670146137787 0.5570500927643784 0.027661795407098122 0.06586270871985157
0 0.38335073068893527 0.5913729128014842 0.02244258872651357 0.0640074211502783
0 0.39196242171189977 0.4972170686456401 0.016701461377870562 0.07421150278293136
1 0.4068371607515658 0.5538033395176253 0.02244258872651357 0.04452690166975881
1 0.4211899791231733 0.5417439703153989 0.021920668058455117 0.05380333951762523
1 0.42719206680584554 0.49211502782931354 0.02661795407098121 0.06215213358070501
1 0.4003131524008351 0.44063079777365494 0.025052192066805846 0.05009276437847866
1 0.45407098121085593 0.525974025974026 0.024008350730688934 0.06493506493506493
0 0.45224425887265135 0.4165120593692022 0.01826722338204593 0.06493506493506493
0 0.4326722338204593 0.3650278293135436 0.028183716075156576 0.06771799628942486
0 0.48329853862212946 0.4907235621521336 0.018789144050104383 0.07235621521335807
1 0.47964509394572025 0.47217068645640076 0.010438413361169102 0.03525046382189239
1 0.4932150313152401 0.538961038961039 0.027139874739039668 0.06493506493506493
6 0.44937369519832987 0.436456400742115 0.0709812108559499 0.04730983302411874
6 0.44363256784968685 0.47680890538033394 0.06784968684759916 0.05194805194805195
6 0.4639874739039666 0.551948051948052 0.031315240083507306 0.10760667903525047
9 0.49295407098121086 0.5315398886827458 0.024530271398747392 0.09833024118738404
9 0.5281837160751566 0.602504638218924 0.018789144050104383 0.12523191094619665
1 0.5284446764091858 0.6034322820037106 0.030793319415448852 0.06029684601113173
0 0.49608559498956156 0.6048237476808905 0.02139874739039666 0.06679035250463822
9 0.49086638830897705 0.661873840445269 0.050626304801670144 0.08070500927643785
9 0.5109603340292276 0.7096474953617811 0.054279749478079335 0.04638218923933209
9 0.4548538622129436 0.7314471243042672 0.06002087682672234 0.06957328385899815
0 0.2578288100208768 0.7583487940630798 0.033402922755741124 0.08070500927643785
0 0.2413883089770355 0.9429499072356216 0.03496868475991649 0.06215213358070501
1 0.5206158663883089 0.7680890538033395 0.02661795407098121 0.07050092764378478
9 0.5219206680584552 0.7717996289424861 0.054279749478079335 0.05380333951762523
9 0.49164926931106473 0.8172541743970315 0.061586638830897704 0.06679035250463822
9 0.46659707724425886 0.8506493506493507 0.05741127348643006 0.0575139146567718
1 0.5336638830897703 0.8650278293135436 0.02661795407098121 0.06586270871985157
9 0.5472338204592901 0.8594619666048238 0.03392484342379958 0.11781076066790352
1 0.6028183716075156 0.7931354359925789 0.031315240083507306 0.061224489795918366
6 0.5968162839248434 0.7769016697588126 0.04645093945720251 0.19573283858998144
1 0.5049582463465553 0.9443413729128015 0.029749478079331943 0.07792207792207792
9 0.5036534446764092 0.9429499072356216 0.05741127348643006 0.06771799628942486
9 0.44545929018789143 0.910482374768089 0.06837160751565761 0.05844155844155844
9 0.44545929018789143 0.9679962894248608 0.0662839248434238 0.05473098330241188
9 0.9720772442588727 0.9550092764378478 0.03392484342379958 0.08256029684601113
7 0.8316805845511482 0.8993506493506493 0.1477035490605428 0.17346938775510204
0 0.8001043841336117 0.9554730983302412 0.03653444676409186 0.07235621521335807
1 0.7570459290187892 0.8330241187384044 0.02139874739039666 0.07050092764378478
9 0.7552192066805845 0.8353432282003711 0.054279749478079335 0.0640074211502783
9 0.7460855949895616 0.7824675324675324 0.061064718162839246 0.06215213358070501
6 0.8178496868475992 0.7597402597402597 0.11169102296450939 0.09090909090909091
1 0.7481732776617954 0.7170686456400742 0.02035490605427975 0.04638218923933209
9 0.7492171189979123 0.7346938775510204 0.055845511482254695 0.061224489795918366
1 0.7288622129436325 0.6957328385899815 0.027661795407098122 0.04452690166975881
6 0.7583507306889353 0.6581632653061225 0.07620041753653445 0.07699443413729128
7 0.7473903966597077 0.5514842300556586 0.09707724425887265 0.14007421150278293
1 0.8593423799582464 0.39564007421150277 0.03496868475991649 0.04359925788497217
6 0.8713465553235908 0.35760667903525045 0.048538622129436326 0.07699443413729128
9 0.8543841336116911 0.30009276437847865 0.025052192066805846 0.075139146567718
1 0.8582985386221295 0.2940630797773655 0.0255741127348643 0.07977736549165121
9 0.8186325678496869 0.3205009276437848 0.04749478079331942 0.06029684601113173
1 0.7888830897703549 0.2787569573283859 0.031837160751565764 0.07699443413729128
9 0.7891440501043842 0.29081632653061223 0.028183716075156576 0.06215213358070501
0 0.8823068893528184 0.26484230055658625 0.027661795407098122 0.06957328385899815
0 0.8689979123173278 0.22866419294990722 0.029227557411273485 0.06586270871985157
1 0.8368997912317327 0.2323747680890538 0.024530271398747392 0.06957328385899815
9 0.8282881002087683 0.23933209647495363 0.037578288100208766 0.05009276437847866
0 0.8368997912317327 0.19341372912801486 0.02244258872651357 0.06029684601113173
1 0.901356993736952 0.29081632653061223 0.030271398747390398 0.08256029684601113
9 0.9018789144050104 0.2982374768089054 0.026096033402922755 0.07884972170686456
0 0.9519832985386222 0.2750463821892393 0.030271398747390398 0.06215213358070501
9 0.9303235908141962 0.26159554730983303 0.04018789144050104 0.08719851576994433
0 0.9365866388308977 0.21799628942486085 0.03392484342379958 0.0575139146567718
0 0.9376304801670147 0.2012987012987013 0.03288100208768267 0.055658627087198514
1 0.8436847599164927 0.12244897959183673 0.024530271398747392 0.07050092764378478
9 0.8379436325678496 0.12430426716141002 0.04749478079331942 0.061224489795918366
7 0.9642484342379958 0.2569573283858998 0.07045929018789145 0.11688311688311688
7 0.964509394572025 0.1725417439703154 0.06993736951983298 0.07977736549165121
0 0.8948329853862212 0.036178107606679034 0.01826722338204593 0.05194805194805195
0 0.9102296450939458 0.030148423005565864 0.021920668058455117 0.05287569573283859
3 0.6255219206680585 0.21985157699443414 0.06002087682672234 0.1725417439703154
0 0.5104384133611691 0.14285714285714285 0.016701461377870562 0.07792207792207792
1 0.47886221294363257 0.1266233766233766 0.016179540709812108 0.05473098330241188
1 0.5099164926931107 0.06725417439703155 0.025052192066805846 0.06586270871985157
1 0.4963465553235908 0.034786641929499075 0.018789144050104383 0.05658627087198516
9 0.5190501043841336 0.02736549165120594 0.02348643006263048 0.05473098330241188
9 0.49478079331941544 0.04220779220779221 0.017745302713987474 0.05844155844155844
9 0.5133089770354906 0.07096474953617811 0.01722338204592902 0.06771799628942486
9 0.4545929018789144 0.038033395176252316 0.04801670146137787 0.0575139146567718
9 0.403705636743215 0.031076066790352505 0.042275574112734866 0.04730983302411874
1 0.42379958246346555 0.05844155844155844 0.017745302713987474 0.05194805194805195
9 0.43058455114822547 0.06307977736549165 0.033402922755741124 0.04081632653061224
6 0.3930062630480167 0.08256029684601113 0.049060542797494784 0.0575139146567718
9 0.4044885177453027 0.1331168831168831 0.021920668058455117 0.07699443413729128
9 0.44467640918580376 0.0839517625231911 0.03444676409185804 0.04359925788497217
9 0.4420668058455115 0.10296846011131726 0.04592901878914405 0.04638218923933209
1 0.43815240083507306 0.12569573283858998 0.02244258872651357 0.05102040816326531
9 0.43919624217118997 0.13543599257884972 0.044363256784968684 0.05194805194805195
1 0.375 0.1326530612244898 0.01826722338204593 0.05380333951762523
9 0.3760438413361169 0.14007421150278293 0.016179540709812108 0.04823747680890538
6 0.6075156576200418 0.45918367346938777 0.03653444676409186 0.11688311688311688
1 0.6124739039665971 0.45732838589981445 0.024530271398747392 0.07050092764378478