5 0.5571428571428572 0.6776649746192893 0.055714285714285716 0.1700507614213198
5 0.8253571428571429 0.5970812182741116 0.12785714285714286 0.3032994923857868
5 0.4942857142857143 0.28743654822335024 0.03857142857142857 0.11802030456852793
5 0.05821428571428571 0.3946700507614213 0.055 0.06345177664974619
0 0.12428571428571429 0.33185279187817257 0.01 0.0266497461928934
0 0.23285714285714285 0.19416243654822335 0.008571428571428572 0.027918781725888325
0 0.40714285714285714 0.4302030456852792 0.005714285714285714 0.030456852791878174
0 0.41214285714285714 0.43083756345177665 0.005714285714285714 0.02918781725888325
0 0.31642857142857145 0.4447969543147208 0.008571428571428572 0.031725888324873094
0 0.4135714285714286 0.32741116751269034 0.007142857142857143 0.030456852791878174
0 0.40785714285714286 0.309010152284264 0.007142857142857143 0.0266497461928934
0 0.40464285714285714 0.31218274111675126 0.0064285714285714285 0.025380710659898477
9 0.5471428571428572 0.14911167512690354 0.011428571428571429 0.031725888324873094
3 0.5503571428571429 0.3343908629441624 0.029285714285714286 0.06472081218274112
3 0.6139285714285714 0.39593908629441626 0.03357142857142857 0.07868020304568528
3 0.725 0.31408629441624364 0.037142857142857144 0.07487309644670051
3 0.7953571428571429 0.3610406091370558 0.04214285714285714 0.0901015228426396
3 0.7021428571428572 0.44923857868020306 0.041428571428571426 0.11421319796954314
3 0.5707142857142857 0.06472081218274112 0.022857142857142857 0.04568527918781726
3 0.055 0.4397208121827411 0.05 0.04187817258883249
3 0.1175 0.39149746192893403 0.04928571428571429 0.046954314720812185
2 0.20964285714285713 0.8210659898477157 0.015 0.03553299492385787
0 0.24964285714285714 0.9784263959390863 0.010714285714285714 0.03553299492385787
0 0.2175 0.9860406091370558 0.015 0.025380710659898477
4 0.21321428571428572 0.5532994923857868 0.039285714285714285 0.09137055837563451
3 0.32321428571428573 0.1681472081218274 0.020714285714285713 0.03680203045685279
0 0.42857142857142855 0.04060913705583756 0.005714285714285714 0.017766497461928935
3 0.3514285714285714 0.06345177664974619 0.014285714285714285 0.027918781725888325
8 0.28464285714285714 0.14086294416243655 0.04357142857142857 0.08883248730964467
8 0.31892857142857145 0.044416243654822336 0.03357142857142857 0.07360406091370558
3 0.345 0.021573604060913704 0.024285714285714285 0.02284263959390863
3 0.23892857142857143 0.05901015228426396 0.015 0.024111675126903553
3 0.3075 0.022208121827411168 0.019285714285714285 0.01903553299492386