3 0.4780793319415449 0.8557513914656771 0.06471816283924843 0.05473098330241188
5 0.38961377870563674 0.7912801484230055 0.13204592901878914 0.11873840445269017
5 0.7745302713987474 0.7346938775510204 0.24008350730688935 0.12244897959183673
5 0.9031837160751566 0.5102040816326531 0.08194154488517745 0.05380333951762523
5 0.6813674321503131 0.5380333951762524 0.09864300626304802 0.06679035250463822
5 0.5524530271398748 0.5551948051948052 0.10594989561586639 0.07142857142857142
0 0.6242171189979123 0.538961038961039 0.007306889352818371 0.025974025974025976
5 0.6038622129436325 0.4652133580705009 0.029227557411273485 0.08070500927643785
5 0.5587160751565762 0.45732838589981445 0.04540709812108559 0.09276437847866419
5 0.5031315240083507 0.46938775510204084 0.06367432150313153 0.09276437847866419
5 0.444937369519833 0.48237476808905383 0.02348643006263048 0.05380333951762523
5 0.41701461377870563 0.46985157699443414 0.05323590814196242 0.09369202226345083
5 0.38569937369519836 0.475417439703154 0.0407098121085595 0.10111317254174397
5 0.3068893528183716 0.5213358070500927 0.07411273486430063 0.059369202226345084
5 0.42823590814196244 0.5422077922077922 0.05375782881002088 0.038033395176252316
4 0.0994258872651357 0.5139146567717996 0.038100208768267224 0.04638218923933209
0 0.03522964509394572 0.4141929499072356 0.005741127348643006 0.021335807050092765
7 0.03209812108559499 0.48330241187384043 0.030793319415448852 0.04638218923933209
5 0.21477035490605428 0.4424860853432282 0.09446764091858037 0.08534322820037106
5 0.19598121085594988 0.5213358070500927 0.038100208768267224 0.059369202226345084
9 0.22233820459290188 0.5282931354359925 0.010438413361169102 0.0287569573283859
6 0.14352818371607515 0.3525046382189239 0.019832985386221295 0.02040816326530612
0 0.19963465553235907 0.30936920222634506 0.005741127348643006 0.015769944341372914
0 0.15788100208768266 0.3140074211502783 0.004697286012526096 0.012059369202226345
0 0.15474947807933195 0.31307977736549164 0.0036534446764091857 0.013914656771799629
0 0.14561586638830898 0.3144712430426716 0.006263048016701462 0.016697588126159554
0 0.1393528183716075 0.3177179962894249 0.008350730688935281 0.01948051948051948
0 0.14326722338204592 0.3116883116883117 0.004697286012526096 0.01855287569573284
7 0.026096033402922755 0.40816326530612246 0.028183716075156576 0.03153988868274583
9 0.267223382045929 0.4670686456400742 0.007306889352818371 0.02504638218923933
9 0.28131524008350733 0.4777365491651206 0.015657620041753653 0.02411873840445269
9 0.2536534446764092 0.27782931354359924 0.025052192066805846 0.021335807050092765
4 0.278705636743215 0.26716141001855287 0.025052192066805846 0.022263450834879406
5 0.3212421711899791 0.2435064935064935 0.030793319415448852 0.039888682745825604
3 0.3721294363256785 0.23469387755102042 0.018789144050104383 0.02040816326530612
3 0.38335073068893527 0.21335807050092764 0.01722338204592902 0.014842300556586271
3 0.4214509394572025 0.1767161410018553 0.014091858037578288 0.015769944341372914
5 0.41049060542797494 0.18042671614100186 0.02348643006263048 0.02504638218923933
5 0.43684759916492694 0.1859925788497217 0.028183716075156576 0.0287569573283859
1 0.48982254697286015 0.14471243042671614 0.0026096033402922755 0.00927643784786642
9 0.4900835073068894 0.14656771799628943 0.0041753653444676405 0.0074211502782931356
5 0.5772442588726514 0.08163265306122448 0.024008350730688934 0.025974025974025976
0 0.5448851774530271 0.15769944341372913 0.003131524008350731 0.00927643784786642
3 0.6568371607515657 0.15398886827458255 0.009916492693110648 0.014842300556586271
3 0.6670146137787056 0.14935064935064934 0.013569937369519834 0.012987012987012988
4 0.6748434237995825 0.14656771799628943 0.010438413361169102 0.014842300556586271
3 0.6764091858037579 0.15955473098330242 0.017745302713987474 0.012987012987012988
7 0.6850208768267223 0.14656771799628943 0.009916492693110648 0.012987012987012988
5 0.6959812108559499 0.14888682745825602 0.015135699373695199 0.013914656771799629
4 0.7254697286012526 0.12012987012987013 0.007306889352818371 0.013914656771799629
4 0.7176409185803758 0.10853432282003711 0.007306889352818371 0.012987012987012988
5 0.7051148225469729 0.09925788497217068 0.010438413361169102 0.02411873840445269
5 0.7943632567849687 0.4679962894248609 0.061586638830897704 0.04730983302411874
5 0.8611691022964509 0.461038961038961 0.05845511482254697 0.03896103896103896
9 0.8238517745302714 0.4517625231910946 0.01722338204592902 0.02040816326530612
7 0.9141440501043842 0.37059369202226344 0.02139874739039666 0.01948051948051948
9 0.9861691022964509 0.35992578849721707 0.009916492693110648 0.016697588126159554