0 0.5002609603340292 0.6187384044526901 0.044363256784968684 0.18181818181818182
0 0.5326200417536534 0.5417439703153989 0.038100208768267224 0.17810760667903525
0 0.6479645093945721 0.4972170686456401 0.048538622129436326 0.14285714285714285
0 0.7359081419624217 0.49814471243042674 0.029227557411273485 0.14842300556586271
0 0.7839248434237995 0.48144712430426717 0.04279749478079332 0.14656771799628943
0 0.829070981210856 0.5398886827458256 0.04540709812108559 0.14656771799628943
0 0.8943110647181628 0.5551948051948052 0.06315240083507306 0.1549165120593692
0 0.8802192066805845 0.5074211502782932 0.043319415448851775 0.14100185528756956
0 0.9545929018789144 0.5064935064935064 0.027139874739039668 0.1391465677179963
0 0.9279749478079332 0.5310760667903525 0.04175365344467641 0.14935064935064934
0 0.826722338204593 0.49907235621521334 0.030271398747390398 0.14285714285714285
3 0.7218162839248434 0.1841372912801484 0.05741127348643006 0.05102040816326531
3 0.3509916492693111 0.14842300556586271 0.042275574112734866 0.04081632653061224
3 0.06315240083507306 0.16094619666048238 0.05741127348643006 0.038033395176252316
3 0.14326722338204592 0.15955473098330242 0.0662839248434238 0.04452690166975881
0 0.049060542797494784 0.16280148423005567 0.010438413361169102 0.026901669758812616
0 0.07802713987473904 0.16651205936920221 0.014091858037578288 0.039888682745825604
9 0.0511482254697286 0.174860853432282 0.020876826722338204 0.023191094619666047
0 0.6737995824634656 0.1614100185528757 0.006263048016701462 0.03896103896103896
0 0.6782359081419624 0.1637291280148423 0.005741127348643006 0.036178107606679034