3 0.563 0.6793333333333333 0.04 0.030666666666666665
3 0.5805 0.672 0.035 0.025333333333333333
3 0.59225 0.6623333333333333 0.0355 0.024666666666666667
3 0.60875 0.6543333333333333 0.0365 0.023333333333333334
3 0.63325 0.6383333333333333 0.0335 0.022
3 0.64075 0.6256666666666667 0.0335 0.018
3 0.6515 0.6216666666666667 0.035 0.020666666666666667
3 0.66175 0.6136666666666667 0.0275 0.018
3 0.67725 0.6086666666666667 0.0315 0.018666666666666668
3 0.68775 0.6023333333333334 0.0355 0.016666666666666666
3 0.698 0.5966666666666667 0.032 0.017333333333333333
3 0.63375 0.773 0.0475 0.035333333333333335
3 0.75475 0.7216666666666667 0.0445 0.027333333333333334
3 0.77125 0.7113333333333334 0.0445 0.030666666666666665
3 0.78075 0.703 0.0375 0.026
3 0.79375 0.6926666666666667 0.0455 0.030666666666666665
3 0.80075 0.681 0.0385 0.020666666666666667
3 0.812 0.6736666666666666 0.042 0.023333333333333334
3 0.82325 0.6656666666666666 0.0435 0.027333333333333334
3 0.7935 0.642 0.039 0.021333333333333333
3 0.77875 0.6483333333333333 0.0395 0.024666666666666667
3 0.76425 0.657 0.0375 0.020666666666666667
3 0.75725 0.6646666666666666 0.0355 0.018666666666666668
3 0.74875 0.6756666666666666 0.0415 0.028666666666666667
3 0.7355 0.685 0.038 0.027333333333333334
3 0.9 0.7516666666666667 0.051 0.027333333333333334
3 0.7965 0.9223333333333333 0.062 0.048666666666666664
3 0.06475 0.5916666666666667 0.0165 0.007333333333333333
3 0.067 0.5993333333333334 0.025 0.010666666666666666
3 0.07325 0.6063333333333333 0.0335 0.015333333333333332
3 0.08075 0.6143333333333333 0.0295 0.020666666666666667
3 0.08725 0.6186666666666667 0.0375 0.024
3 0.09425 0.6263333333333333 0.0355 0.019333333333333334
3 0.10025 0.63 0.0345 0.02
3 0.11775 0.6443333333333333 0.0315 0.022
3 0.11925 0.654 0.0265 0.021333333333333333
3 0.11875 0.5626666666666666 0.0195 0.016
3 0.13225 0.5636666666666666 0.0295 0.016666666666666666
3 0.14125 0.5693333333333334 0.0245 0.012
3 0.15025 0.5733333333333334 0.0245 0.012
3 0.156 0.5776666666666667 0.03 0.018
3 0.16725 0.5876666666666667 0.0275 0.016666666666666666
3 0.18075 0.5913333333333334 0.0305 0.021333333333333333
3 0.189 0.5963333333333334 0.028 0.019333333333333334
3 0.1985 0.6006666666666667 0.029 0.025333333333333333
3 0.21475 0.6126666666666667 0.0315 0.02
3 0.22575 0.6173333333333333 0.0255 0.02
3 0.23675 0.62 0.0295 0.02266666666666667
3 0.24675 0.627 0.0335 0.024666666666666667
3 0.255 0.6316666666666667 0.029 0.023333333333333334
3 0.2695 0.6383333333333333 0.034 0.03266666666666666
3 0.28025 0.645 0.0315 0.027333333333333334
3 0.2895 0.6526666666666666 0.032 0.025333333333333333
3 0.3015 0.6616666666666666 0.037 0.03133333333333333
3 0.3125 0.6683333333333333 0.028 0.028666666666666667
3 0.3545 0.647 0.028 0.022
3 0.33775 0.641 0.0315 0.022
3 0.3135 0.6306666666666667 0.032 0.017333333333333333
3 0.3035 0.6213333333333333 0.035 0.016
3 0.29325 0.615 0.0285 0.015333333333333332
3 0.27875 0.6126666666666667 0.0235 0.014666666666666666
3 0.26825 0.6053333333333333 0.0285 0.013333333333333334
3 0.25875 0.6003333333333334 0.0315 0.011333333333333334
3 0.25175 0.5943333333333334 0.0355 0.016666666666666666
3 0.243 0.591 0.032 0.014
3 0.23425 0.587 0.0275 0.012666666666666666
3 0.225 0.579 0.029 0.016666666666666666
3 0.20975 0.5796666666666667 0.0205 0.014
3 0.20825 0.573 0.0315 0.01
3 0.1975 0.5696666666666667 0.03 0.011333333333333334
3 0.194 0.5646666666666667 0.028 0.010666666666666666
3 0.1985 0.5486666666666666 0.021 0.013333333333333334
3 0.18475 0.5586666666666666 0.0295 0.010666666666666666
3 0.174 0.556 0.034 0.010666666666666666
3 0.16925 0.5516666666666666 0.0325 0.011333333333333334
3 0.158 0.5496666666666666 0.026 0.015333333333333332
3 0.1495 0.538 0.014 0.012
3 0.22225 0.5283333333333333 0.0205 0.012666666666666666
3 0.2335 0.533 0.018 0.014
3 0.2405 0.537 0.021 0.014
3 0.25225 0.5373333333333333 0.0115 0.010666666666666666
3 0.2575 0.5413333333333333 0.017 0.017333333333333333
3 0.26575 0.5453333333333333 0.0185 0.014666666666666666
3 0.2745 0.55 0.013 0.016
4 0.28775 0.55 0.0235 0.02
3 0.302 0.5586666666666666 0.02 0.014666666666666666
3 0.311 0.5636666666666666 0.03 0.018
3 0.323 0.5706666666666667 0.025 0.014666666666666666
3 0.33425 0.5733333333333334 0.0265 0.017333333333333333
3 0.3555 0.5793333333333334 0.024 0.02266666666666667
3 0.3665 0.5833333333333334 0.02 0.016
3 0.37275 0.5896666666666667 0.0195 0.015333333333333332
3 0.383 0.5953333333333334 0.028 0.017333333333333333
3 0.40325 0.5963333333333334 0.0225 0.018
3 0.41425 0.6033333333333334 0.0235 0.014666666666666666
3 0.4275 0.6096666666666667 0.027 0.016666666666666666
3 0.08825 0.9843333333333333 0.0465 0.03133333333333333
3 0.1365 0.9773333333333334 0.052 0.04533333333333334
4 0.17475 0.963 0.0405 0.051333333333333335
4 0.2105 0.9313333333333333 0.046 0.06266666666666666
3 0.23925 0.9103333333333333 0.0465 0.04466666666666667
3 0.2705 0.8913333333333333 0.041 0.04533333333333334
3 0.29675 0.8736666666666667 0.0405 0.046
3 0.32475 0.8566666666666667 0.0475 0.04533333333333334
3 0.39075 0.969 0.0605 0.062
3 0.45175 0.9296666666666666 0.0545 0.05266666666666667
3 0.57375 0.905 0.0565 0.056666666666666664
4 0.59675 0.884 0.0515 0.058666666666666666
3 0.72025 0.827 0.0585 0.038
3 0.69325 0.785 0.0525 0.04066666666666666
3 0.6705 0.735 0.046 0.03266666666666666
3 0.705 0.7143333333333334 0.041 0.03266666666666666
3 0.7495 0.7383333333333333 0.046 0.03133333333333333
3 0.72325 0.6936666666666667 0.0405 0.03133333333333333
3 0.61675 0.7896666666666666 0.0535 0.043333333333333335
3 0.81975 0.8773333333333333 0.0615 0.05333333333333334
3 0.78175 0.943 0.0705 0.06733333333333333
3 0.76125 0.9646666666666667 0.0745 0.06666666666666667
3 0.73975 0.976 0.0665 0.042666666666666665
3 0.897 0.7706666666666667 0.047 0.032
0 0.87175 0.7826666666666666 0.0095 0.02666666666666667
1 0.95375 0.7916666666666666 0.0065 0.019333333333333334
2 0.95475 0.8006666666666666 0.0165 0.013333333333333334
3 0.96575 0.671 0.0195 0.034
3 0.94175 0.6616666666666666 0.0235 0.03266666666666666
3 0.909 0.653 0.028 0.03133333333333333
3 0.87225 0.6426666666666667 0.0265 0.029333333333333333
3 0.85275 0.6356666666666667 0.0205 0.028666666666666667
3 0.832 0.6283333333333333 0.023 0.027333333333333334
3 0.8105 0.6223333333333333 0.023 0.026
3 0.73925 0.5966666666666667 0.0225 0.024
3 0.772 0.609 0.025 0.022
3 0.758 0.6013333333333334 0.021 0.021333333333333333
1 0.546 0.623 0.006 0.012666666666666666
2 0.54625 0.6296666666666667 0.0105 0.01
1 0.4975 0.7906666666666666 0.011 0.017333333333333333
9 0.49875 0.7993333333333333 0.0205 0.012
2 0.32475 0.8183333333333334 0.0105 0.019333333333333334
3 0.3925 0.6156666666666667 0.035 0.028666666666666667
3 0.33875 0.5943333333333334 0.0285 0.023333333333333334
0 0.416 0.6226666666666667 0.006 0.017333333333333333
1 0.3775 0.635 0.006 0.014
2 0.37675 0.64 0.0105 0.010666666666666666
2 0.15 0.594 0.006 0.016
3 0.1385 0.52 0.027 0.012
3 0.18 0.5256666666666666 0.018 0.015333333333333332
3 0.204 0.5306666666666666 0.022 0.014666666666666666
1 0.0195 0.7903333333333333 0.009 0.019333333333333334
2 0.02275 0.7976666666666666 0.0235 0.016666666666666666
0 0.64975 0.5586666666666666 0.0055 0.017333333333333333
0 0.692 0.537 0.005 0.018
0 0.698 0.5376666666666666 0.005 0.020666666666666667
1 0.7655 0.5643333333333334 0.007 0.014
2 0.764 0.5683333333333334 0.013 0.011333333333333334
2 0.92275 0.8913333333333333 0.0185 0.02666666666666667
2 0.93125 0.8913333333333333 0.0165 0.029333333333333333
2 0.94225 0.8696666666666667 0.0175 0.026
2 0.952 0.8913333333333333 0.018 0.029333333333333333
2 0.96875 0.89 0.0155 0.028
2 0.98175 0.8913333333333333 0.0145 0.032
3 0.10775 0.5146666666666667 0.0205 0.016