4 0.19 0.19796954314720813 0.011428571428571429 0.03299492385786802
8 0.2307142857142857 0.09390862944162437 0.02 0.04568527918781726
5 0.29214285714285715 0.060279187817258884 0.03142857142857143 0.05456852791878172
8 0.3535714285714286 0.13578680203045684 0.02142857142857143 0.04314720812182741
4 0.36178571428571427 0.07043147208121828 0.016428571428571428 0.031725888324873094
3 0.37464285714285717 0.22715736040609136 0.013571428571428571 0.025380710659898477
1 0.31357142857142856 0.9428934010152284 0.004285714285714286 0.015228426395939087
1 0.31642857142857145 0.9416243654822335 0.007142857142857143 0.017766497461928935
0 0.3875 0.9644670050761421 0.007857142857142858 0.012690355329949238
0 0.6757142857142857 0.2550761421319797 0.004285714285714286 0.012690355329949238
0 0.6742857142857143 0.2512690355329949 0.004285714285714286 0.012690355329949238
4 0.7567857142857143 0.08946700507614214 0.015 0.03426395939086294
3 0.7692857142857142 0.08756345177664974 0.011428571428571429 0.025380710659898477
5 0.7932142857142858 0.549492385786802 0.047857142857142855 0.07868020304568528
3 0.6642857142857143 0.809010152284264 0.027142857142857142 0.05710659898477157
3 0.6342857142857142 0.8210659898477157 0.025714285714285714 0.05583756345177665
3 0.9478571428571428 0.12309644670050761 0.025714285714285714 0.017766497461928935
3 0.5625 0.5526649746192893 0.02214285714285714 0.04187817258883249