4 0.6482142857142857 0.8350253807106599 0.04642857142857143 0.14213197969543148
4 0.45785714285714285 0.5977157360406091 0.03 0.09390862944162437
4 0.3782142857142857 0.3819796954314721 0.027857142857142858 0.07106598984771574
3 0.40464285714285714 0.8775380710659898 0.035 0.10786802030456853
3 0.5578571428571428 0.021573604060913704 0.02 0.04314720812182741
3 0.45357142857142857 0.04378172588832487 0.018571428571428572 0.03680203045685279
5 0.4075 0.050761421319796954 0.025 0.07360406091370558
3 0.9703571428571428 0.7842639593908629 0.04928571428571429 0.1065989847715736
4 0.8960714285714285 0.5482233502538071 0.03357142857142857 0.07106598984771574
5 0.8496428571428571 0.5133248730964467 0.060714285714285714 0.15862944162436549
5 0.8671428571428571 0.44416243654822335 0.04857142857142857 0.1218274111675127
5 0.92 0.309010152284264 0.06142857142857143 0.07233502538071065
3 0.8714285714285714 0.31281725888324874 0.041428571428571426 0.031725888324873094
4 0.8185714285714286 0.3020304568527919 0.027142857142857142 0.06345177664974619
4 0.7967857142857143 0.33185279187817257 0.029285714285714286 0.06725888324873096
4 0.8696428571428572 0.2906091370558376 0.039285714285714285 0.03553299492385787
4 0.8535714285714285 0.23857868020304568 0.04428571428571428 0.04060913705583756
4 0.8392857142857143 0.2182741116751269 0.03428571428571429 0.03299492385786802
4 0.8735714285714286 0.1947969543147208 0.03571428571428571 0.031725888324873094
5 0.9178571428571428 0.2766497461928934 0.06714285714285714 0.06345177664974619
0 0.20142857142857143 0.8324873096446701 0.008571428571428572 0.027918781725888325
0 0.11714285714285715 0.7925126903553299 0.017142857142857144 0.031725888324873094
1 0.21642857142857144 0.6852791878172588 0.02 0.02030456852791878
0 0.14714285714285713 0.6472081218274112 0.011428571428571429 0.027918781725888325
1 0.22321428571428573 0.5875634517766497 0.015 0.030456852791878174
0 0.24535714285714286 0.4137055837563452 0.009285714285714286 0.02284263959390863
0 0.19071428571428573 0.4130710659898477 0.008571428571428572 0.024111675126903553
1 0.22678571428571428 0.3483502538071066 0.007857142857142858 0.024111675126903553
0 0.2867857142857143 0.26078680203045684 0.009285714285714286 0.024111675126903553
0 0.22964285714285715 0.2303299492385787 0.007857142857142858 0.02918781725888325
0 0.23964285714285713 0.06091370558375635 0.007857142857142858 0.025380710659898477
0 0.3385714285714286 0.12373096446700507 0.008571428571428572 0.01903553299492386
3 0.7892857142857143 0.21763959390862944 0.02 0.05203045685279188
5 0.7778571428571428 0.14720812182741116 0.027142857142857142 0.07360406091370558
3 0.8907142857142857 0.233502538071066 0.024285714285714285 0.030456852791878174
3 0.755 0.37817258883248733 0.025714285714285714 0.06091370558375635
3 0.7521428571428571 0.44352791878172587 0.022857142857142857 0.04949238578680203
3 0.8010714285714285 0.5310913705583756 0.023571428571428573 0.07233502538071065
0 0.32571428571428573 0.012055837563451776 0.007142857142857143 0.01903553299492386
0 0.3175 0.014593908629441625 0.0064285714285714285 0.01649746192893401
0 0.3067857142857143 0.0266497461928934 0.005 0.02030456852791878
0 0.32142857142857145 0.03680203045685279 0.005714285714285714 0.02030456852791878
0 0.3175 0.04251269035532995 0.0064285714285714285 0.01903553299492386
0 0.3157142857142857 0.053934010152284266 0.007142857142857143 0.01903553299492386
0 0.3325 0.17195431472081218 0.005 0.01903553299492386
0 0.3467857142857143 0.16941624365482233 0.0064285714285714285 0.01903553299492386
0 0.3407142857142857 0.17449238578680204 0.005714285714285714 0.024111675126903553
0 0.3435714285714286 0.17449238578680204 0.005714285714285714 0.01903553299492386
0 0.34 0.16560913705583757 0.005714285714285714 0.01903553299492386
0 0.2910714285714286 0.24809644670050762 0.007857142857142858 0.021573604060913704
0 0.28964285714285715 0.3020304568527919 0.007857142857142858 0.025380710659898477
1 0.27464285714285713 0.2918781725888325 0.005 0.012690355329949238
1 0.2692857142857143 0.2982233502538071 0.004285714285714286 0.015228426395939087
0 0.2042857142857143 0.30583756345177665 0.008571428571428572 0.027918781725888325
0 0.19642857142857142 0.29885786802030456 0.008571428571428572 0.024111675126903553
0 0.2664285714285714 0.3876903553299492 0.005714285714285714 0.01649746192893401
0 0.2621428571428571 0.3895939086294416 0.004285714285714286 0.017766497461928935
0 0.25642857142857145 0.3883248730964467 0.007142857142857143 0.017766497461928935
1 0.25142857142857145 0.5520304568527918 0.01 0.015228426395939087
1 0.23964285714285713 0.5418781725888325 0.007857142857142858 0.015228426395939087
1 0.26285714285714284 0.7062182741116751 0.008571428571428572 0.01903553299492386
1 0.26964285714285713 0.7182741116751269 0.009285714285714286 0.017766497461928935
1 0.19535714285714287 0.8470812182741116 0.007857142857142858 0.021573604060913704
0 0.8810714285714286 0.4003807106598985 0.009285714285714286 0.0266497461928934
3 0.8803571428571428 0.2151015228426396 0.04214285714285714 0.031725888324873094
1 0.16714285714285715 0.6700507614213198 0.008571428571428572 0.02030456852791878