3 0.5039285714285714 0.8565989847715736 0.017857142857142856 0.07106598984771574
3 0.5225 0.6789340101522843 0.015 0.05583756345177665
4 0.49357142857142855 0.5006345177664975 0.015714285714285715 0.06472081218274112
3 0.5182142857142857 0.4885786802030457 0.016428571428571428 0.0532994923857868
3 0.42142857142857143 0.47652284263959394 0.014285714285714285 0.05964467005076142
3 0.49214285714285716 0.3248730964467005 0.015714285714285715 0.06598984771573604
5 0.5164285714285715 0.24492385786802032 0.018571428571428572 0.12690355329949238
3 0.42178571428571426 0.2918781725888325 0.015 0.0532994923857868
3 0.49642857142857144 0.16116751269035534 0.014285714285714285 0.050761421319796954
3 0.5189285714285714 0.03489847715736041 0.013571428571428571 0.05203045685279188
3 0.7728571428571429 0.18274111675126903 0.03428571428571429 0.03807106598984772