8 0.43 0.9263959390862944 0.04428571428571428 0.1446700507614213
3 0.37892857142857145 0.8223350253807107 0.03642857142857143 0.1116751269035533
3 0.33285714285714285 0.9663705583756346 0.045714285714285714 0.06472081218274112
3 0.5146428571428572 0.6865482233502538 0.03357142857142857 0.1218274111675127
5 0.5685714285714286 0.6935279187817259 0.05142857142857143 0.2398477157360406
4 0.3414285714285714 0.4993654822335025 0.032857142857142856 0.09517766497461928
5 0.38857142857142857 0.4815989847715736 0.045714285714285714 0.1916243654822335
4 0.5314285714285715 0.217005076142132 0.025714285714285714 0.08375634517766498
4 0.5639285714285714 0.13324873096446702 0.023571428571428573 0.07614213197969544
5 0.40214285714285714 0.0850253807106599 0.03571428571428571 0.116751269035533
5 0.3692857142857143 0.05583756345177665 0.027142857142857142 0.09390862944162437
4 0.8775 0.49746192893401014 0.04071428571428572 0.08375634517766498
4 0.8292857142857143 0.2836294416243655 0.03571428571428571 0.06979695431472081
4 0.79 0.2703045685279188 0.03142857142857143 0.07106598984771574
4 0.7664285714285715 0.2899746192893401 0.024285714285714285 0.05964467005076142
3 0.7103571428571429 0.16560913705583757 0.023571428571428573 0.05456852791878172
3 0.7817857142857143 0.10596446700507614 0.023571428571428573 0.044416243654822336
4 0.7228571428571429 0.056472081218274114 0.022857142857142857 0.04949238578680203
3 0.6835714285714286 0.04949238578680203 0.032857142857142856 0.04314720812182741