3 0.4010714285714286 0.7607868020304569 0.019285714285714285 0.044416243654822336
3 0.3817857142857143 0.7544416243654822 0.019285714285714285 0.044416243654822336
3 0.4564285714285714 0.7347715736040609 0.015714285714285715 0.04568527918781726
4 0.38821428571428573 0.916243654822335 0.02214285714285714 0.05583756345177665
3 0.3417857142857143 0.9346446700507615 0.020714285714285713 0.05456852791878172
4 0.48892857142857143 0.5761421319796954 0.012142857142857143 0.03807106598984772
3 0.4496428571428571 0.5342639593908629 0.013571428571428571 0.027918781725888325
3 0.44857142857142857 0.4549492385786802 0.011428571428571429 0.024111675126903553
4 0.5057142857142857 0.43781725888324874 0.01 0.027918781725888325
8 0.5332142857142858 0.41751269035532995 0.017857142857142856 0.07868020304568528
3 0.5232142857142857 0.3870558375634518 0.009285714285714286 0.027918781725888325
3 0.4782142857142857 0.33185279187817257 0.009285714285714286 0.01649746192893401
3 0.5110714285714286 0.26649746192893403 0.007857142857142858 0.015228426395939087
3 0.5303571428571429 0.33121827411167515 0.009285714285714286 0.017766497461928935
3 0.5014285714285714 0.20812182741116753 0.008571428571428572 0.012690355329949238
3 0.5510714285714285 0.18591370558375633 0.007857142857142858 0.01903553299492386
3 0.5428571428571428 0.1713197969543147 0.007142857142857143 0.015228426395939087
3 0.5082142857142857 0.157994923857868 0.0064285714285714285 0.011421319796954314
3 0.5710714285714286 0.11104060913705584 0.0064285714285714285 0.013959390862944163
3 0.5357142857142857 0.13705583756345177 0.007142857142857143 0.012690355329949238
3 0.5135714285714286 0.11104060913705584 0.005714285714285714 0.013959390862944163
3 0.5260714285714285 0.07360406091370558 0.005 0.01015228426395939
4 0.5657142857142857 0.08121827411167512 0.007142857142857143 0.012690355329949238
3 0.5467857142857143 0.07233502538071065 0.005 0.01015228426395939
3 0.5339285714285714 0.04378172588832487 0.005 0.008883248730964468
3 0.5289285714285714 0.03489847715736041 0.005 0.008883248730964468
3 0.5657142857142857 0.02601522842639594 0.004285714285714286 0.008883248730964468
3 0.5364285714285715 0.005710659898477157 0.004285714285714286 0.011421319796954314
3 0.5685714285714286 0.005076142131979695 0.005714285714285714 0.01015228426395939
4 0.575 0.005710659898477157 0.004285714285714286 0.011421319796954314
0 0.36428571428571427 0.675761421319797 0.007142857142857143 0.01903553299492386
0 0.3582142857142857 0.7068527918781726 0.005 0.02030456852791878
3 0.18535714285714286 0.46383248730964466 0.020714285714285713 0.021573604060913704
3 0.21571428571428572 0.4631979695431472 0.025714285714285714 0.02284263959390863
3 0.2671428571428571 0.46573604060913704 0.025714285714285714 0.025380710659898477
3 0.29464285714285715 0.4720812182741117 0.02214285714285714 0.02284263959390863
3 0.3242857142857143 0.48223350253807107 0.022857142857142857 0.015228426395939087
3 0.08071428571428571 0.44923857868020306 0.03142857142857143 0.02030456852791878
3 0.04214285714285714 0.44543147208121825 0.024285714285714285 0.02030456852791878