9 0.08324634655532359 0.08534322820037106 0.013048016701461378 0.027829313543599257
4 0.12212943632567849 0.12152133580705009 0.033402922755741124 0.05380333951762523
9 0.029227557411273485 0.09137291280148423 0.013569937369519834 0.0287569573283859
9 0.025313152400835072 0.06679035250463822 0.01826722338204593 0.02411873840445269
9 0.06863256784968685 0.061224489795918366 0.015135699373695199 0.025974025974025976
3 0.11638830897703549 0.24072356215213359 0.04279749478079332 0.039888682745825604
3 0.23225469728601253 0.1702226345083488 0.03444676409185804 0.05287569573283859
7 0.2536534446764092 0.17625231910946196 0.021920668058455117 0.029684601113172542
3 0.2896659707724426 0.2012987012987013 0.031315240083507306 0.05380333951762523
3 0.2272964509394572 0.2662337662337662 0.04645093945720251 0.04638218923933209
3 0.30167014613778703 0.5542671614100185 0.05010438413361169 0.06957328385899815
3 0.36143006263048016 0.32884972170686455 0.044363256784968684 0.0640074211502783
9 0.3674321503131524 0.3914656771799629 0.010438413361169102 0.025974025974025976
0 0.41518789144050106 0.3645640074211503 0.006784968684759917 0.02411873840445269
2 0.43162839248434237 0.3984230055658627 0.016701461377870562 0.026901669758812616
9 0.45015657620041755 0.3914656771799629 0.01722338204592902 0.027829313543599257
3 0.3718684759916493 0.5199443413729128 0.048538622129436326 0.06586270871985157
3 0.4723382045929019 0.4424860853432282 0.038622129436325675 0.0686456400742115
3 0.4963465553235908 0.45964749536178107 0.037578288100208766 0.06957328385899815
3 0.4846033402922756 0.6386827458256029 0.05271398747390397 0.07699443413729128
3 0.5788100208768268 0.5598330241187384 0.05219206680584551 0.05844155844155844
3 0.39196242171189977 0.7388682745825603 0.06263048016701461 0.08812615955473098
3 0.7048538622129437 0.6590909090909091 0.038100208768267224 0.08070500927643785
9 0.7343423799582464 0.6901669758812616 0.013569937369519834 0.03339517625231911
9 0.7768789144050104 0.7815398886827458 0.02035490605427975 0.038033395176252316
9 0.7888830897703549 0.7690166975881262 0.012004175365344467 0.03896103896103896
3 0.8220250521920668 0.7787569573283859 0.038622129436325675 0.08812615955473098
3 0.8567327766179541 0.8186456400742115 0.04645093945720251 0.09925788497217068
3 0.6440501043841336 0.963821892393321 0.055323590814196244 0.07050092764378478
4 0.36873695198329853 0.15306122448979592 0.04540709812108559 0.08534322820037106