4 0.06785714285714285 0.8445431472081218 0.054285714285714284 0.13578680203045684
4 0.032857142857142856 0.5418781725888325 0.037142857142857144 0.06345177664974619
4 0.11178571428571428 0.5920050761421319 0.04642857142857143 0.09771573604060914
4 0.07071428571428572 0.4784263959390863 0.03571428571428571 0.048223350253807105
4 0.11107142857142857 0.35850253807106597 0.03642857142857143 0.05456852791878172
4 0.42142857142857143 0.17576142131979697 0.025714285714285714 0.05710659898477157
4 0.46714285714285714 0.07233502538071065 0.02142857142857143 0.04314720812182741
4 0.5442857142857143 0.05710659898477157 0.018571428571428572 0.04568527918781726
3 0.09607142857142857 0.41751269035532995 0.03642857142857143 0.0532994923857868
3 0.13107142857142856 0.6440355329949239 0.030714285714285715 0.0850253807106599
3 0.45607142857142857 0.19733502538071065 0.023571428571428573 0.046954314720812185
3 0.3846428571428571 0.8223350253807107 0.047857142857142855 0.12690355329949238
9 0.42 0.3895939086294416 0.012857142857142857 0.04060913705583756
3 0.17785714285714285 0.3604060913705584 0.025714285714285714 0.0532994923857868
3 0.16892857142857143 0.2303299492385787 0.025 0.03680203045685279
3 0.18107142857142858 0.20241116751269037 0.020714285714285713 0.02918781725888325
3 0.19 0.17385786802030456 0.024285714285714285 0.03553299492385787
3 0.20107142857142857 0.15101522842639595 0.020714285714285713 0.027918781725888325
3 0.23214285714285715 0.08058375634517767 0.017142857142857144 0.0266497461928934
3 0.24642857142857144 0.07741116751269035 0.017142857142857144 0.02284263959390863
3 0.2425 0.04758883248730964 0.02642857142857143 0.024111675126903553
3 0.2567857142857143 0.027918781725888325 0.015 0.025380710659898477
3 0.265 0.017766497461928935 0.015714285714285715 0.017766497461928935
3 0.5939285714285715 0.2848984771573604 0.025 0.06472081218274112
3 0.675 0.5469543147208121 0.03571428571428571 0.09644670050761421
3 0.6021428571428571 0.07868020304568528 0.02 0.03807106598984772
3 0.5917857142857142 0.01713197969543147 0.016428571428571428 0.03426395939086294
0 0.8242857142857143 0.366751269035533 0.007142857142857143 0.03299492385786802
0 0.8189285714285715 0.37119289340101524 0.0064285714285714285 0.02918781725888325
1 0.7992857142857143 0.4086294416243655 0.008571428571428572 0.027918781725888325
1 0.7875 0.4016497461928934 0.0064285714285714285 0.01649746192893401
0 0.7389285714285714 0.37119289340101524 0.007857142857142858 0.013959390862944163
0 0.7389285714285714 0.3616751269035533 0.0064285714285714285 0.015228426395939087
0 0.7157142857142857 0.282994923857868 0.004285714285714286 0.025380710659898477
0 0.7896428571428571 0.2100253807106599 0.0064285714285714285 0.0266497461928934
0 0.7467857142857143 0.17195431472081218 0.0035714285714285713 0.024111675126903553
0 0.7514285714285714 0.1713197969543147 0.004285714285714286 0.025380710659898477
0 0.7521428571428571 0.1516497461928934 0.004285714285714286 0.01903553299492386
0 0.7475 0.1516497461928934 0.0035714285714285713 0.021573604060913704
0 0.7121428571428572 0.25951776649746194 0.005714285714285714 0.01903553299492386
0 0.7071428571428572 0.25571065989847713 0.002857142857142857 0.008883248730964468
0 0.7060714285714286 0.24746192893401014 0.0064285714285714285 0.017766497461928935
0 0.7228571428571429 0.22588832487309646 0.004285714285714286 0.01015228426395939
0 0.7125 0.21446700507614214 0.0035714285714285713 0.02284263959390863
0 0.7178571428571429 0.20812182741116753 0.004285714285714286 0.02284263959390863
0 0.7078571428571429 0.2131979695431472 0.004285714285714286 0.017766497461928935
0 0.6975 0.21637055837563451 0.005 0.0266497461928934
0 0.7117857142857142 0.19543147208121828 0.005 0.017766497461928935
0 0.7428571428571429 0.1319796954314721 0.004285714285714286 0.02030456852791878
0 0.7517857142857143 0.10406091370558376 0.0035714285714285713 0.02030456852791878
0 0.7482142857142857 0.10469543147208121 0.0035714285714285713 0.021573604060913704
0 0.7432142857142857 0.09961928934010152 0.005 0.01649746192893401
0 0.745 0.06916243654822335 0.004285714285714286 0.01903553299492386
0 0.7328571428571429 0.037436548223350255 0.005714285714285714 0.01903553299492386
0 0.7175 0.0399746192893401 0.0035714285714285713 0.01903553299492386
0 0.7139285714285715 0.0399746192893401 0.002142857142857143 0.01903553299492386
0 0.7289285714285715 0.01967005076142132 0.0035714285714285713 0.01649746192893401
0 0.7317857142857143 0.02728426395939086 0.005 0.013959390862944163
0 0.6989285714285715 0.007614213197969543 0.005 0.012690355329949238
0 0.6621428571428571 0.013959390862944163 0.004285714285714286 0.01015228426395939
0 0.6596428571428572 0.014593908629441625 0.0035714285714285713 0.006345177664974619
0 0.6407142857142857 0.01903553299492386 0.002857142857142857 0.007614213197969543
0 0.6428571428571429 0.01903553299492386 0.002857142857142857 0.007614213197969543
0 0.6442857142857142 0.01903553299492386 0.004285714285714286 0.007614213197969543
1 0.41964285714285715 0.383248730964467 0.009285714285714286 0.027918781725888325
0 0.9371428571428572 0.756979695431472 0.012857142857142857 0.03426395939086294
0 0.9307142857142857 0.7480964467005076 0.01 0.03426395939086294