3 0.03857142857142857 0.07931472081218274 0.03142857142857143 0.024111675126903553
8 0.013928571428571429 0.12055837563451777 0.027857142857142858 0.05583756345177665
8 0.2592857142857143 0.1218274111675127 0.041428571428571426 0.03553299492385787
3 0.29928571428571427 0.09644670050761421 0.03 0.02284263959390863
3 0.31357142857142856 0.15609137055837563 0.03142857142857143 0.02284263959390863
3 0.3628571428571429 0.08248730964467005 0.014285714285714285 0.03553299492385787
3 0.39071428571428574 0.1065989847715736 0.03 0.025380710659898477
3 0.4932142857142857 0.038705583756345176 0.012142857142857143 0.03426395939086294
3 0.5192857142857142 0.1199238578680203 0.03 0.0266497461928934
3 0.5625 0.07931472081218274 0.010714285714285714 0.03934010152284264
3 0.6128571428571429 0.048223350253807105 0.011428571428571429 0.03807106598984772
4 0.6125 0.11611675126903553 0.009285714285714286 0.02918781725888325
5 0.64 0.07233502538071065 0.015714285714285715 0.07614213197969544
5 0.9253571428571429 0.08629441624365482 0.025 0.06345177664974619
8 0.7089285714285715 0.1700507614213198 0.04357142857142857 0.03553299492385787
3 0.9325 0.5399746192893401 0.017857142857142856 0.05456852791878172
5 0.7921428571428571 0.8934010152284264 0.018571428571428572 0.07868020304568528
3 0.7582142857142857 0.8769035532994924 0.015 0.06091370558375635
4 0.7296428571428571 0.9600253807106599 0.03642857142857143 0.02918781725888325
8 0.6739285714285714 0.881979695431472 0.02642857142857143 0.1751269035532995
4 0.5282142857142857 0.8375634517766497 0.017857142857142856 0.06345177664974619
4 0.45357142857142857 0.7963197969543148 0.017142857142857144 0.06725888324873096
4 0.44107142857142856 0.5818527918781726 0.013571428571428571 0.05456852791878172
4 0.3275 0.5241116751269036 0.013571428571428571 0.04568527918781726
9 0.4125 0.5469543147208121 0.0064285714285714285 0.025380710659898477
1 0.41214285714285714 0.5456852791878173 0.005714285714285714 0.015228426395939087
3 0.4664285714285714 0.14657360406091371 0.027142857142857142 0.0266497461928934
3 0.36607142857142855 0.26649746192893403 0.012142857142857143 0.04060913705583756
8 0.28785714285714287 0.19733502538071065 0.022857142857142857 0.0901015228426396
9 0.3975 0.27411167512690354 0.005 0.02030456852791878
1 0.3960714285714286 0.2715736040609137 0.005 0.015228426395939087
3 0.3967857142857143 0.2303299492385787 0.012142857142857143 0.03680203045685279
3 0.4228571428571429 0.24048223350253808 0.011428571428571429 0.03426395939086294
3 0.4496428571428571 0.2398477157360406 0.010714285714285714 0.04314720812182741
3 0.5014285714285714 0.2652284263959391 0.012857142857142857 0.050761421319796954
3 0.4442857142857143 0.3350253807106599 0.012857142857142857 0.04568527918781726
8 0.6728571428571428 0.12880710659898478 0.07 0.04949238578680203
3 0.75 0.20939086294416243 0.027142857142857142 0.02284263959390863
8 0.6989285714285715 0.2265228426395939 0.019285714285714285 0.06725888324873096
8 0.6403571428571428 0.3432741116751269 0.017857142857142856 0.11802030456852793
3 0.6110714285714286 0.4384517766497462 0.012142857142857143 0.05203045685279188
9 0.5828571428571429 0.47017766497461927 0.004285714285714286 0.02918781725888325
1 0.5835714285714285 0.46890862944162437 0.005714285714285714 0.011421319796954314
5 0.8639285714285714 0.24619289340101522 0.015 0.0583756345177665
8 0.07964285714285714 0.950507614213198 0.039285714285714285 0.09644670050761421
4 0.06107142857142857 0.8807106598984772 0.025 0.0532994923857868
4 0.027142857142857142 0.8140862944162437 0.027142857142857142 0.05456852791878172