3 0.5360714285714285 0.9384517766497462 0.013571428571428571 0.05203045685279188
5 0.5585714285714286 0.9333756345177665 0.015714285714285715 0.05456852791878172
3 0.5335714285714286 0.8629441624365483 0.014285714285714285 0.048223350253807105
3 0.5267857142857143 0.7804568527918782 0.013571428571428571 0.048223350253807105
3 0.5446428571428571 0.7906091370558376 0.013571428571428571 0.048223350253807105
3 0.5375 0.7112944162436549 0.010714285714285714 0.04187817258883249
3 0.5185714285714286 0.6947969543147208 0.012857142857142857 0.04187817258883249
3 0.5125 0.6091370558375635 0.012142857142857143 0.04060913705583756
8 0.5275 0.5767766497461929 0.020714285714285713 0.10279187817258884
3 0.5078571428571429 0.5532994923857868 0.008571428571428572 0.030456852791878174
3 0.5032142857142857 0.5076142131979695 0.010714285714285714 0.03553299492385787
3 0.5196428571428572 0.49746192893401014 0.010714285714285714 0.03807106598984772
3 0.5 0.4651015228426396 0.011428571428571429 0.03934010152284264
3 0.4953571428571429 0.4168781725888325 0.009285714285714286 0.02918781725888325
8 0.5125 0.4073604060913706 0.017857142857142856 0.08883248730964467
3 0.4928571428571429 0.35913705583756345 0.01 0.03807106598984772
3 0.4903571428571429 0.31789340101522845 0.009285714285714286 0.02918781725888325
8 0.505 0.3134517766497462 0.017142857142857144 0.08375634517766498
3 0.5271428571428571 0.34454314720812185 0.011428571428571429 0.02918781725888325
3 0.5142857142857142 0.23730964467005075 0.011428571428571429 0.03299492385786802
3 0.49785714285714283 0.2684010152284264 0.01 0.024111675126903553
3 0.48428571428571426 0.2652284263959391 0.008571428571428572 0.027918781725888325
3 0.49642857142857144 0.2265228426395939 0.01 0.02918781725888325
3 0.4807142857142857 0.2265228426395939 0.01 0.031725888324873094
3 0.4610714285714286 0.2430203045685279 0.007857142857142858 0.02918781725888325
3 0.4471428571428571 0.2303299492385787 0.011428571428571429 0.044416243654822336
3 0.4785714285714286 0.18908629441624367 0.008571428571428572 0.02284263959390863
4 0.49142857142857144 0.1751269035532995 0.01 0.030456852791878174
3 0.4764285714285714 0.15038071065989847 0.01 0.02918781725888325
3 0.48857142857142855 0.14593908629441624 0.008571428571428572 0.025380710659898477
3 0.5028571428571429 0.1383248730964467 0.01 0.025380710659898477
3 0.4742857142857143 0.12436548223350254 0.008571428571428572 0.02284263959390863
3 0.48714285714285716 0.116751269035533 0.008571428571428572 0.02284263959390863
3 0.47 0.07296954314720812 0.008571428571428572 0.0266497461928934
3 0.4667857142857143 0.03426395939086294 0.007857142857142858 0.02284263959390863
3 0.47964285714285715 0.03362944162436548 0.007857142857142858 0.0266497461928934
5 0.4825 0.06852791878172589 0.010714285714285714 0.04568527918781726
3 0.47928571428571426 0.5228426395939086 0.01 0.03807106598984772
8 0.4432142857142857 0.4156091370558376 0.015 0.0799492385786802