3 0.5489285714285714 0.5736040609137056 0.05071428571428571 0.07106598984771574
3 0.525 0.623730964467005 0.05 0.06725888324873096
3 0.5057142857142857 0.6770304568527918 0.04428571428571428 0.07741116751269035
3 0.4742857142857143 0.7436548223350253 0.05 0.08121827411167512
3 0.4357142857142857 0.7956852791878173 0.055714285714285716 0.09390862944162437
3 0.41714285714285715 0.8534263959390863 0.054285714285714284 0.0799492385786802
3 0.6367857142857143 0.40418781725888325 0.04357142857142857 0.05456852791878172
3 0.6532142857142857 0.3737309644670051 0.03785714285714286 0.04949238578680203
3 0.6660714285714285 0.34517766497461927 0.04357142857142857 0.0532994923857868
3 0.6789285714285714 0.30774111675126903 0.04071428571428572 0.06218274111675127
3 0.6960714285714286 0.28553299492385786 0.04214285714285714 0.050761421319796954
3 0.71 0.258248730964467 0.04 0.04949238578680203
3 0.7189285714285715 0.23477157360406092 0.039285714285714285 0.0532994923857868
3 0.7339285714285714 0.21383248730964466 0.04357142857142857 0.04187817258883249
3 0.7960714285714285 0.48223350253807107 0.030714285714285715 0.07106598984771574
3 0.7917857142857143 0.17576142131979697 0.025 0.05203045685279188
3 0.8132142857142857 0.11548223350253807 0.023571428571428573 0.04314720812182741
3 0.8528571428571429 0.09644670050761421 0.03 0.048223350253807105
3 0.8442857142857143 0.0450507614213198 0.024285714285714285 0.03426395939086294
3 0.8814285714285715 0.1453045685279188 0.025714285714285714 0.044416243654822336
3 0.9078571428571428 0.23286802030456852 0.024285714285714285 0.04949238578680203
3 0.8832142857142857 0.27982233502538073 0.02642857142857143 0.04949238578680203
3 0.8925 0.3483502538071066 0.030714285714285715 0.05710659898477157
3 0.8446428571428571 0.43908629441624364 0.030714285714285715 0.0532994923857868
3 0.9521428571428572 0.1116751269035533 0.024285714285714285 0.04568527918781726
3 0.9353571428571429 0.07423857868020305 0.02214285714285714 0.03934010152284264
3 0.9242857142857143 0.4866751269035533 0.054285714285714284 0.044416243654822336
3 0.9442857142857143 0.5444162436548223 0.045714285714285714 0.050761421319796954
3 0.9696428571428571 0.5818527918781726 0.04642857142857143 0.05456852791878172
3 0.9392857142857143 0.6967005076142132 0.054285714285714284 0.07360406091370558
3 0.8457142857142858 0.5989847715736041 0.05285714285714286 0.07614213197969544
3 0.8307142857142857 0.6281725888324873 0.04857142857142857 0.07868020304568528
3 0.825 0.6732233502538071 0.05142857142857143 0.07233502538071065
3 0.8010714285714285 0.743020304568528 0.055 0.07487309644670051
4 0.8103571428571429 0.7011421319796954 0.047857142857142855 0.06979695431472081
3 0.7725 0.8432741116751269 0.05357142857142857 0.07233502538071065
3 0.7592857142857142 0.9054568527918782 0.054285714285714284 0.0850253807106599
3 0.725 0.9670050761421319 0.05285714285714286 0.06345177664974619
3 0.9764285714285714 0.21573604060913706 0.04428571428571428 0.0532994923857868
3 0.9632142857142857 0.053934010152284266 0.017857142857142856 0.03934010152284264
3 0.9757142857142858 0.01713197969543147 0.022857142857142857 0.03426395939086294
3 0.5117857142857143 0.35723350253807107 0.04214285714285714 0.05203045685279188
3 0.49464285714285716 0.38388324873096447 0.04357142857142857 0.05203045685279188
3 0.4735714285714286 0.40609137055837563 0.041428571428571426 0.0532994923857868
3 0.4235714285714286 0.4930203045685279 0.041428571428571426 0.05456852791878172
3 0.4592857142857143 0.440989847715736 0.037142857142857144 0.05710659898477157
3 0.4075 0.5291878172588832 0.04071428571428572 0.0583756345177665
3 0.39071428571428574 0.5621827411167513 0.04428571428571428 0.06091370558375635
3 0.37392857142857144 0.5913705583756346 0.05357142857142857 0.07614213197969544
3 0.3535714285714286 0.6269035532994924 0.04857142857142857 0.07614213197969544
3 0.33535714285714285 0.6579949238578681 0.04357142857142857 0.06472081218274112
3 0.31285714285714283 0.7043147208121827 0.04857142857142857 0.06345177664974619
3 0.2907142857142857 0.7373096446700508 0.047142857142857146 0.07360406091370558
3 0.2732142857142857 0.7785532994923858 0.045 0.07741116751269035
3 0.24714285714285714 0.8096446700507615 0.054285714285714284 0.09137055837563451
3 0.07 0.791243654822335 0.05285714285714286 0.07233502538071065
3 0.10464285714285715 0.9130710659898477 0.035 0.10279187817258884
3 0.0975 0.7480964467005076 0.04642857142857143 0.07487309644670051
3 0.12464285714285714 0.7074873096446701 0.04928571428571429 0.07741116751269035
3 0.1732142857142857 0.6364213197969543 0.05071428571428571 0.07741116751269035
3 0.19857142857142857 0.6046954314720813 0.05142857142857143 0.07233502538071065
3 0.2175 0.5723350253807107 0.04642857142857143 0.06598984771573604
3 0.2392857142857143 0.5380710659898477 0.04428571428571428 0.0583756345177665
3 0.25607142857142856 0.5076142131979695 0.039285714285714285 0.06345177664974619
3 0.275 0.47588832487309646 0.04428571428571428 0.06852791878172589
3 0.2960714285714286 0.440989847715736 0.035 0.05710659898477157
3 0.49107142857142855 0.19543147208121828 0.039285714285714285 0.05583756345177665
3 0.5225 0.1446700507614213 0.035 0.04568527918781726
3 0.5771428571428572 0.06091370558375635 0.037142857142857144 0.04314720812182741
3 0.6228571428571429 0.10596446700507614 0.03 0.05456852791878172
3 0.5371428571428571 0.12753807106598986 0.03857142857142857 0.046954314720812185
5 0.4542857142857143 0.27284263959390864 0.04857142857142857 0.07614213197969544
4 0.1475 0.6687817258883249 0.05071428571428571 0.08121827411167512
4 0.11107142857142857 0.8185279187817259 0.055 0.09137055837563451
3 0.5785714285714286 0.24048223350253808 0.03142857142857143 0.05964467005076142
3 0.61 0.19035532994923857 0.02857142857142857 0.05583756345177665
3 0.6389285714285714 0.13578680203045684 0.03357142857142857 0.0532994923857868
3 0.34464285714285714 0.9651015228426396 0.055 0.06725888324873096
4 0.9128571428571428 0.41243654822335024 0.047142857142857146 0.04568527918781726
5 0.9442857142857143 0.3401015228426396 0.027142857142857142 0.06091370558375635
0 0.5085714285714286 0.8362944162436549 0.008571428571428572 0.02030456852791878
0 0.5028571428571429 0.8128172588832487 0.007142857142857143 0.024111675126903553
0 0.7028571428571428 0.7195431472081218 0.008571428571428572 0.025380710659898477
0 0.7185714285714285 0.7208121827411168 0.008571428571428572 0.025380710659898477
0 0.7085714285714285 0.9098984771573604 0.01 0.02030456852791878
0 0.8432142857142857 0.899746192893401 0.012142857142857143 0.02030456852791878
0 0.8346428571428571 0.8261421319796954 0.009285714285714286 0.02284263959390863
0 0.7739285714285714 0.7753807106598984 0.009285714285714286 0.02030456852791878
0 0.775 0.8001269035532995 0.008571428571428572 0.021573604060913704
9 0.7817857142857143 0.8096446700507615 0.02214285714285714 0.027918781725888325
0 0.9892857142857143 0.8064720812182741 0.017142857142857144 0.024111675126903553
0 0.9303571428571429 0.29378172588832485 0.010714285714285714 0.024111675126903553
0 0.77 0.08629441624365482 0.007142857142857143 0.02284263959390863
0 0.7628571428571429 0.08883248730964467 0.007142857142857143 0.017766497461928935
0 0.3692857142857143 0.31218274111675126 0.005714285714285714 0.02284263959390863
2 0.5564285714285714 0.5234771573604061 0.015714285714285715 0.021573604060913704
0 0.545 0.516497461928934 0.005714285714285714 0.027918781725888325
9 0.7482142857142857 0.2785532994923858 0.016428571428571428 0.03934010152284264
3 0.9882142857142857 0.6186548223350253 0.023571428571428573 0.04949238578680203