1 0.04749478079331942 0.7662337662337663 0.013569937369519834 0.022263450834879406
1 0.04932150313152401 0.7611317254174397 0.010960334029227558 0.01020408163265306
9 0.07228601252609604 0.7333024118738405 0.024530271398747392 0.026901669758812616
6 0.15788100208768266 0.7101113172541744 0.0255741127348643 0.04730983302411874
1 0.11038622129436326 0.5589053803339518 0.012004175365344467 0.02504638218923933
7 0.18110647181628392 0.5255102040816326 0.027139874739039668 0.06029684601113173
1 0.16205636743215032 0.4939703153988868 0.008872651356993737 0.023191094619666047
9 0.162839248434238 0.49814471243042674 0.010438413361169102 0.029684601113172542
7 0.19363256784968685 0.4679962894248609 0.026096033402922755 0.04359925788497217
0 0.15709812108559498 0.24953617810760667 0.007306889352818371 0.02411873840445269
0 0.1581419624217119 0.24489795918367346 0.007306889352818371 0.02411873840445269
9 0.1798016701461378 0.19341372912801486 0.012004175365344467 0.01948051948051948
0 0.1714509394572025 0.18645640074211503 0.007828810020876827 0.01855287569573284
9 0.1902400835073069 0.17857142857142858 0.010960334029227558 0.01948051948051948
9 0.17927974947807934 0.18320964749536178 0.012004175365344467 0.013914656771799629
9 0.18319415448851775 0.18645640074211503 0.010438413361169102 0.02040816326530612
7 0.23147181628392485 0.20315398886827457 0.01722338204592902 0.03339517625231911
7 0.23538622129436326 0.17857142857142858 0.018789144050104383 0.02504638218923933
0 0.21477035490605428 0.1326530612244898 0.006784968684759917 0.02411873840445269
7 0.25052192066805845 0.07699443413729128 0.011482254697286013 0.027829313543599257
9 0.25339248434237993 0.05102040816326531 0.008872651356993737 0.011131725417439703
0 0.21268267223382045 0.039888682745825604 0.004697286012526096 0.016697588126159554
0 0.21633611691022964 0.04220779220779221 0.004697286012526096 0.013914656771799629
0 0.223643006263048 0.037569573283859 0.006784968684759917 0.017625231910946195
1 0.22494780793319416 0.04313543599257885 0.007306889352818371 0.015769944341372914
9 0.22520876826722339 0.04730983302411874 0.006784968684759917 0.01855287569573284
3 0.322286012526096 0.11317254174397032 0.015135699373695199 0.03339517625231911
1 0.27113778705636743 0.1396103896103896 0.005741127348643006 0.017625231910946195
9 0.27113778705636743 0.1437847866419295 0.004697286012526096 0.02040816326530612
1 0.2633089770354906 0.19109461966604824 0.005741127348643006 0.01855287569573284
9 0.26383089770354906 0.19573283858998144 0.005741127348643006 0.022263450834879406
3 0.29984342379958245 0.20686456400742115 0.01826722338204593 0.03896103896103896
5 0.3102818371607516 0.5853432282003711 0.03288100208768267 0.11131725417439703
1 0.5046972860125261 0.7662337662337663 0.009394572025052192 0.02411873840445269
1 0.5026096033402923 0.7560296846011132 0.012526096033402923 0.025974025974025976
9 0.5031315240083507 0.7606679035250464 0.011482254697286013 0.03896103896103896
1 0.48512526096033404 0.6187384044526901 0.010960334029227558 0.03153988868274583
9 0.4846033402922756 0.6224489795918368 0.013048016701461378 0.03525046382189239
5 0.43710855949895616 0.6794990723562152 0.05793319415448852 0.20315398886827457
1 0.46633611691022964 0.5510204081632653 0.005741127348643006 0.016697588126159554
1 0.47103340292275575 0.5454545454545454 0.006784968684759917 0.016697588126159554
6 0.471294363256785 0.5584415584415584 0.018789144050104383 0.04638218923933209
1 0.4527661795407098 0.46382189239332094 0.008872651356993737 0.02040816326530612
9 0.4525052192066806 0.46660482374768086 0.009394572025052192 0.03339517625231911
7 0.44572025052192066 0.3974953617810761 0.013569937369519834 0.04730983302411874
1 0.3752609603340292 0.011595547309833023 0.0041753653444676405 0.015769944341372914
9 0.3757828810020877 0.014842300556586271 0.009394572025052192 0.012987012987012988
0 0.4819937369519833 0.07560296846011132 0.005741127348643006 0.01948051948051948
0 0.5093945720250522 0.037569573283859 0.0041753653444676405 0.021335807050092765
9 0.5276617954070981 0.022727272727272728 0.008350730688935281 0.013914656771799629
9 0.5326200417536534 0.03153988868274583 0.007828810020876827 0.012987012987012988
2 0.5360125260960334 0.03525046382189239 0.009394572025052192 0.012987012987012988
7 0.517223382045929 0.037569573283859 0.013569937369519834 0.026901669758812616
3 0.5104384133611691 0.060760667903525044 0.026096033402922755 0.026901669758812616
9 0.5352296450939458 0.05009276437847866 0.007828810020876827 0.012987012987012988
0 0.5407098121085595 0.05333951762523191 0.0041753653444676405 0.017625231910946195
0 0.5446242171189979 0.05287569573283859 0.004697286012526096 0.01855287569573284
9 0.5618475991649269 0.07189239332096475 0.012004175365344467 0.01020408163265306
9 0.5657620041753654 0.08163265306122448 0.008350730688935281 0.011131725417439703
9 0.5670668058455115 0.08580705009276438 0.010960334029227558 0.013914656771799629
4 0.4668580375782881 0.1150278293135436 0.02870563674321503 0.03525046382189239
3 0.4650313152400835 0.10064935064935066 0.025052192066805846 0.026901669758812616
3 0.46320459290187893 0.08719851576994433 0.02348643006263048 0.025974025974025976
1 0.5213987473903967 0.16326530612244897 0.0041753653444676405 0.012987012987012988
2 0.5446242171189979 0.16419294990723562 0.012004175365344467 0.016697588126159554
9 0.5448851774530271 0.15769944341372913 0.009394572025052192 0.016697588126159554
6 0.5493215031315241 0.1507421150278293 0.015135699373695199 0.023191094619666047
9 0.6283924843423799 0.2569573283858998 0.007306889352818371 0.014842300556586271
7 0.6189979123173278 0.2523191094619666 0.020876826722338204 0.04638218923933209
3 0.5678496868475992 0.5004638218923934 0.04801670146137787 0.04359925788497217
3 0.5824634655532359 0.5468460111317254 0.05323590814196242 0.05473098330241188
3 0.5983820459290188 0.6057513914656771 0.054801670146137786 0.05009276437847866
3 0.6041231732776617 0.648886827458256 0.061064718162839246 0.05658627087198516
3 0.6236951983298539 0.7133580705009277 0.0709812108559499 0.06679035250463822
3 0.6884133611691023 0.524582560296846 0.054279749478079335 0.05473098330241188
6 0.7202505219206681 0.41512059369202226 0.019832985386221295 0.036178107606679034
9 0.7299060542797495 0.6808905380333952 0.008872651356993737 0.03339517625231911
9 0.7687891440501043 0.7495361781076066 0.021920668058455117 0.029684601113172542
9 0.8930062630480167 0.7852504638218923 0.033402922755741124 0.032467532467532464
9 0.9034446764091858 0.7954545454545454 0.024008350730688934 0.0287569573283859
9 0.907098121085595 0.8112244897959183 0.031315240083507306 0.03432282003710575
9 0.912839248434238 0.8923933209647495 0.028183716075156576 0.03339517625231911
9 0.9446764091858038 0.8849721706864564 0.029227557411273485 0.03339517625231911
9 0.954070981210856 0.8998144712430427 0.03549060542797495 0.03896103896103896
9 0.9376304801670147 0.9188311688311688 0.02661795407098121 0.032467532467532464
9 0.9702505219206681 0.9424860853432282 0.017745302713987474 0.04638218923933209