3 0.7389285714285714 0.7423857868020305 0.062142857142857146 0.04314720812182741
3 0.7389285714285714 0.8020304568527918 0.060714285714285714 0.050761421319796954
3 0.5635714285714286 0.8045685279187818 0.047142857142857146 0.04060913705583756
3 0.48964285714285716 0.7950507614213198 0.056428571428571425 0.044416243654822336
3 0.36607142857142855 0.7950507614213198 0.056428571428571425 0.044416243654822336
3 0.2978571428571429 0.7963197969543148 0.055714285714285716 0.044416243654822336
3 0.22535714285714287 0.7950507614213198 0.056428571428571425 0.044416243654822336
3 0.15107142857142858 0.7880710659898477 0.062142857142857146 0.04568527918781726
3 0.06714285714285714 0.7918781725888325 0.06142857142857143 0.04568527918781726
3 0.0175 0.7950507614213198 0.035 0.10786802030456853
1 0.6103571428571428 0.20241116751269037 0.007857142857142858 0.01903553299492386
9 0.6096428571428572 0.20431472081218274 0.017857142857142856 0.017766497461928935