5 0.49214285714285716 0.6135786802030457 0.032857142857142856 0.16370558375634517
3 0.44821428571428573 0.9282994923857868 0.04071428571428572 0.11040609137055837
8 0.3057142857142857 0.8439086294416244 0.05142857142857143 0.15228426395939088
3 0.3867857142857143 0.6211928934010152 0.023571428571428573 0.05964467005076142
3 0.4496428571428571 0.6522842639593909 0.020714285714285713 0.07106598984771574
3 0.4564285714285714 0.46890862944162437 0.017142857142857144 0.05710659898477157
3 0.49214285714285716 0.40545685279187815 0.017142857142857144 0.04187817258883249
3 0.45964285714285713 0.3686548223350254 0.015 0.03934010152284264
3 0.38357142857142856 0.38578680203045684 0.015714285714285715 0.03553299492385787
3 0.4875 0.3115482233502538 0.016428571428571428 0.03426395939086294
8 0.4625 0.2868020304568528 0.017857142857142856 0.0532994923857868
3 0.42642857142857143 0.2703045685279188 0.014285714285714285 0.027918781725888325
3 0.41 0.2131979695431472 0.012857142857142857 0.027918781725888325
4 0.46464285714285714 0.21192893401015228 0.013571428571428571 0.03553299492385787
4 0.4857142857142857 0.23540609137055837 0.014285714285714285 0.03680203045685279
4 0.485 0.157994923857868 0.014285714285714285 0.02918781725888325
3 0.465 0.14657360406091371 0.012857142857142857 0.0266497461928934
3 0.28464285714285714 0.45050761421319796 0.015 0.030456852791878174
3 0.2032142857142857 0.4118020304568528 0.019285714285714285 0.0266497461928934
3 0.2957142857142857 0.3280456852791878 0.014285714285714285 0.0266497461928934
3 0.3053571428571429 0.2303299492385787 0.012142857142857143 0.021573604060913704
3 0.3514285714285714 0.2684010152284264 0.012857142857142857 0.031725888324873094
3 0.3125 0.17576142131979697 0.012142857142857143 0.01903553299492386
3 0.32 0.13261421319796954 0.011428571428571429 0.01649746192893401
3 0.35035714285714287 0.07550761421319797 0.009285714285714286 0.01649746192893401
3 0.3914285714285714 0.024746192893401017 0.011428571428571429 0.01649746192893401
8 0.21785714285714286 0.14403553299492386 0.025714285714285714 0.03934010152284264
3 0.10107142857142858 0.27284263959390864 0.020714285714285713 0.02030456852791878
3 0.03678571428571428 0.3356598984771574 0.025 0.024111675126903553
3 0.2325 0.18591370558375633 0.009285714285714286 0.01649746192893401
3 0.2275 0.17068527918781726 0.009285714285714286 0.011421319796954314
3 0.2017857142857143 0.14403553299492386 0.013571428571428571 0.01649746192893401
8 0.42214285714285715 0.11040609137055837 0.014285714285714285 0.05583756345177665
4 0.4421428571428571 0.11104060913705584 0.008571428571428572 0.01903553299492386
4 0.4660714285714286 0.10406091370558376 0.009285714285714286 0.025380710659898477
3 0.4685714285714286 0.07423857868020305 0.01 0.013959390862944163
3 0.4835714285714286 0.057741116751269035 0.01 0.01649746192893401
8 0.4342857142857143 0.03616751269035533 0.01 0.02918781725888325
4 0.4467857142857143 0.05583756345177665 0.009285714285714286 0.015228426395939087
3 0.4789285714285714 0.02284263959390863 0.009285714285714286 0.015228426395939087
3 0.45357142857142857 0.00951776649746193 0.008571428571428572 0.008883248730964468
3 0.7271428571428571 0.2201776649746193 0.024285714285714285 0.01903553299492386
5 0.8328571428571429 0.09073604060913705 0.04285714285714286 0.031725888324873094
3 0.3632142857142857 0.08312182741116751 0.009285714285714286 0.0266497461928934
3 0.35035714285714287 0.006345177664974619 0.010714285714285714 0.01015228426395939