3 0.4257142857142857 0.27411167512690354 0.012857142857142857 0.03299492385786802
3 0.495 0.10532994923857868 0.008571428571428572 0.025380710659898477
3 0.7085714285714285 0.3343908629441624 0.037142857142857144 0.0266497461928934
3 0.705 0.31408629441624364 0.037142857142857144 0.024111675126903553
3 0.7578571428571429 0.31281725888324874 0.03571428571428571 0.0266497461928934
3 0.7575 0.33121827411167515 0.035 0.02284263959390863
3 0.49642857142857144 0.12753807106598986 0.012857142857142857 0.024111675126903553
3 0.31392857142857145 0.34073604060913704 0.03642857142857143 0.0266497461928934
4 0.49892857142857144 0.14784263959390864 0.010714285714285714 0.024111675126903553
4 0.5132142857142857 0.10786802030456853 0.010714285714285714 0.03299492385786802
5 0.5017857142857143 0.17766497461928935 0.017857142857142856 0.06345177664974619
3 0.3264285714285714 0.2430203045685279 0.022857142857142857 0.02918781725888325
0 0.3335714285714286 0.4029187817258883 0.005714285714285714 0.021573604060913704
0 0.32857142857142857 0.375 0.004285714285714286 0.021573604060913704
0 0.32392857142857145 0.3743654822335025 0.005 0.02284263959390863
0 0.34035714285714286 0.3699238578680203 0.005 0.01903553299492386
0 0.33535714285714285 0.3629441624365482 0.005 0.02284263959390863
0 0.37214285714285716 0.2760152284263959 0.007142857142857143 0.021573604060913704
0 0.365 0.2772842639593909 0.005714285714285714 0.01903553299492386
0 0.33714285714285713 0.2817258883248731 0.005714285714285714 0.02030456852791878
0 0.35678571428571426 0.27220812182741116 0.005 0.01903553299492386
0 0.35214285714285715 0.27093908629441626 0.004285714285714286 0.01903553299492386
0 0.3578571428571429 0.25380710659898476 0.004285714285714286 0.02030456852791878
0 0.3678571428571429 0.24809644670050762 0.005714285714285714 0.01649746192893401
0 0.36857142857142855 0.22715736040609136 0.004285714285714286 0.017766497461928935
0 0.5785714285714286 0.19098984771573604 0.004285714285714286 0.01903553299492386
0 0.585 0.16941624365482233 0.004285714285714286 0.01649746192893401
0 0.5953571428571428 0.19860406091370558 0.0035714285714285713 0.013959390862944163
0 0.565 0.258248730964467 0.004285714285714286 0.01903553299492386
0 0.5810714285714286 0.22461928934010153 0.0035714285714285713 0.02030456852791878
0 0.5728571428571428 0.13705583756345177 0.004285714285714286 0.017766497461928935
0 0.5703571428571429 0.13642131979695432 0.0064285714285714285 0.01903553299492386
0 0.5810714285714286 0.1434010152284264 0.005 0.017766497461928935
0 0.5853571428571429 0.14593908629441624 0.005 0.017766497461928935
0 0.5678571428571428 0.15038071065989847 0.005714285714285714 0.01903553299492386
0 0.5657142857142857 0.11294416243654823 0.004285714285714286 0.015228426395939087
0 0.5632142857142857 0.12246192893401016 0.0035714285714285713 0.01649746192893401
0 0.5632142857142857 0.07296954314720812 0.0035714285714285713 0.013959390862944163
0 0.73 0.43718274111675126 0.005714285714285714 0.0266497461928934
0 0.7335714285714285 0.4016497461928934 0.004285714285714286 0.024111675126903553
0 0.7285714285714285 0.4016497461928934 0.004285714285714286 0.024111675126903553
0 0.6339285714285714 0.23730964467005075 0.005 0.017766497461928935
0 0.8257142857142857 0.8864213197969543 0.008571428571428572 0.03680203045685279
0 0.8335714285714285 0.891497461928934 0.01 0.03426395939086294
0 0.8003571428571429 0.6897208121827412 0.007857142857142858 0.02918781725888325
0 0.7907142857142857 0.6782994923857868 0.007142857142857143 0.031725888324873094
0 0.7371428571428571 0.4873096446700508 0.007142857142857143 0.025380710659898477
0 0.8089285714285714 0.6529187817258884 0.007857142857142858 0.02918781725888325
0 0.8517857142857143 0.983502538071066 0.012142857142857143 0.030456852791878174
0 0.4567857142857143 0.43908629441624364 0.0064285714285714285 0.027918781725888325
0 0.47464285714285714 0.4206852791878173 0.0064285714285714285 0.024111675126903553
0 0.5657142857142857 0.4333756345177665 0.005714285714285714 0.024111675126903553
0 0.5621428571428572 0.4219543147208122 0.005714285714285714 0.0266497461928934
0 0.5614285714285714 0.40926395939086296 0.005714285714285714 0.024111675126903553