0 0.010357142857142856 0.20748730964467005 0.010714285714285714 0.0266497461928934
0 0.005 0.22779187817258884 0.01 0.024111675126903553
0 0.005 0.25951776649746194 0.01 0.024111675126903553
0 0.01607142857142857 0.24428934010152284 0.010714285714285714 0.021573604060913704
0 0.023214285714285715 0.23794416243654823 0.010714285714285714 0.021573604060913704
0 0.01107142857142857 0.2645939086294416 0.010714285714285714 0.021573604060913704
0 0.017857142857142856 0.28109137055837563 0.014285714285714285 0.02918781725888325
0 0.022857142857142857 0.274746192893401 0.012857142857142857 0.021573604060913704
0 0.027857142857142858 0.2639593908629442 0.014285714285714285 0.025380710659898477
0 0.03535714285714286 0.27918781725888325 0.010714285714285714 0.02030456852791878
0 0.036071428571428574 0.27093908629441626 0.010714285714285714 0.024111675126903553
0 0.04214285714285714 0.2696700507614213 0.008571428571428572 0.024111675126903553
0 0.04321428571428571 0.2887055837563452 0.012142857142857143 0.0266497461928934
0 0.044642857142857144 0.2817258883248731 0.012142857142857143 0.025380710659898477
0 0.03785714285714286 0.30076142131979694 0.011428571428571429 0.025380710659898477
0 0.055 0.3020304568527919 0.011428571428571429 0.02284263959390863
0 0.0675 0.2969543147208122 0.012142857142857143 0.02284263959390863
0 0.04321428571428571 0.32614213197969544 0.010714285714285714 0.02284263959390863
0 0.05392857142857143 0.3432741116751269 0.010714285714285714 0.024111675126903553
0 0.07428571428571429 0.3267766497461929 0.011428571428571429 0.02918781725888325
0 0.08285714285714285 0.31725888324873097 0.014285714285714285 0.030456852791878174
0 0.06785714285714285 0.35723350253807107 0.012857142857142857 0.02918781725888325
0 0.06464285714285714 0.35152284263959394 0.0064285714285714285 0.012690355329949238
0 0.08964285714285715 0.35786802030456855 0.013571428571428571 0.025380710659898477
0 0.08607142857142858 0.36484771573604063 0.010714285714285714 0.021573604060913704
0 0.08571428571428572 0.3565989847715736 0.011428571428571429 0.02030456852791878
0 0.07571428571428572 0.3737309644670051 0.011428571428571429 0.021573604060913704
0 0.07428571428571429 0.38578680203045684 0.011428571428571429 0.027918781725888325
0 0.08178571428571428 0.38261421319796957 0.010714285714285714 0.021573604060913704
0 0.08464285714285714 0.3769035532994924 0.010714285714285714 0.02030456852791878
0 0.09428571428571429 0.4067258883248731 0.011428571428571429 0.0266497461928934
0 0.09571428571428571 0.3426395939086294 0.012857142857142857 0.025380710659898477
0 0.09964285714285714 0.3343908629441624 0.013571428571428571 0.0266497461928934
0 0.10964285714285714 0.342005076142132 0.010714285714285714 0.0266497461928934
0 0.10964285714285714 0.366751269035533 0.010714285714285714 0.02284263959390863
0 0.10357142857142858 0.3756345177664975 0.012857142857142857 0.025380710659898477
0 0.13464285714285715 0.37246192893401014 0.010714285714285714 0.0266497461928934
0 0.13857142857142857 0.3629441624365482 0.01 0.02030456852791878
0 0.12892857142857142 0.3902284263959391 0.010714285714285714 0.024111675126903553
0 0.1392857142857143 0.42258883248730966 0.011428571428571429 0.027918781725888325
0 0.14392857142857143 0.41243654822335024 0.012142857142857143 0.027918781725888325
0 0.16535714285714287 0.41941624365482233 0.010714285714285714 0.024111675126903553
0 0.16107142857142856 0.4263959390862944 0.010714285714285714 0.02284263959390863
0 0.17821428571428571 0.4251269035532995 0.012142857142857143 0.02284263959390863
0 0.20035714285714284 0.45558375634517767 0.010714285714285714 0.025380710659898477
0 0.14535714285714285 0.4682741116751269 0.012142857142857143 0.025380710659898477
0 0.14964285714285713 0.44352791878172587 0.012142857142857143 0.024111675126903553
0 0.165 0.4549492385786802 0.011428571428571429 0.0266497461928934
0 0.1692857142857143 0.4517766497461929 0.008571428571428572 0.027918781725888325
0 0.17357142857142857 0.46890862944162437 0.011428571428571429 0.024111675126903553
0 0.165 0.4885786802030457 0.011428571428571429 0.025380710659898477
1 0.17107142857142857 0.5 0.007857142857142858 0.012690355329949238
0 0.17 0.5114213197969543 0.01 0.02030456852791878
0 0.1775 0.48096446700507617 0.009285714285714286 0.027918781725888325
0 0.18142857142857144 0.49048223350253806 0.01 0.024111675126903553
0 0.1825 0.5057106598984772 0.013571428571428571 0.024111675126903553
0 0.18285714285714286 0.5666243654822335 0.012857142857142857 0.024111675126903553
0 0.1707142857142857 0.5869289340101523 0.01 0.021573604060913704
1 0.17642857142857143 0.5964467005076142 0.014285714285714285 0.015228426395939087
0 0.18107142857142858 0.6440355329949239 0.015 0.01903553299492386
0 0.19642857142857142 0.5323604060913706 0.011428571428571429 0.024111675126903553
0 0.20535714285714285 0.5558375634517766 0.009285714285714286 0.02284263959390863
0 0.2017857142857143 0.5615482233502538 0.009285714285714286 0.024111675126903553
0 0.2332142857142857 0.5831218274111675 0.009285714285714286 0.0266497461928934
0 0.19 0.690989847715736 0.01 0.024111675126903553
0 0.2 0.700507614213198 0.01 0.02284263959390863
0 0.2032142857142857 0.7233502538071066 0.009285714285714286 0.017766497461928935
3 0.008928571428571428 0.6294416243654822 0.017857142857142856 0.06091370558375635
4 0.062142857142857146 0.7157360406091371 0.06285714285714286 0.10152284263959391
3 0.02857142857142857 0.7880710659898477 0.05714285714285714 0.09644670050761421
0 0.21821428571428572 0.7303299492385786 0.009285714285714286 0.01903553299492386
0 0.22964285714285715 0.7189086294416244 0.009285714285714286 0.021573604060913704
0 0.23464285714285715 0.7474619289340102 0.010714285714285714 0.02284263959390863
0 0.24642857142857144 0.7493654822335025 0.008571428571428572 0.01903553299492386
0 0.2507142857142857 0.7588832487309645 0.01 0.027918781725888325
0 0.26321428571428573 0.7144670050761421 0.009285714285714286 0.025380710659898477
1 0.2757142857142857 0.7544416243654822 0.008571428571428572 0.013959390862944163
0 0.30714285714285716 0.7544416243654822 0.007142857142857143 0.01903553299492386
0 0.3242857142857143 0.7392131979695431 0.008571428571428572 0.0266497461928934
0 0.3107142857142857 0.6960659898477157 0.011428571428571429 0.0266497461928934
0 0.3078571428571429 0.6859137055837563 0.01 0.024111675126903553
0 0.33035714285714285 0.6453045685279187 0.010714285714285714 0.021573604060913704
0 0.32821428571428574 0.7284263959390863 0.009285714285714286 0.017766497461928935
0 0.3385714285714286 0.7227157360406091 0.005714285714285714 0.01649746192893401
0 0.3432142857142857 0.7106598984771574 0.007857142857142858 0.02284263959390863
0 0.34964285714285714 0.7227157360406091 0.007857142857142858 0.021573604060913704
0 0.35464285714285715 0.6928934010152284 0.007857142857142858 0.027918781725888325
0 0.3657142857142857 0.6484771573604061 0.008571428571428572 0.02284263959390863
0 0.3725 0.6389593908629442 0.007857142857142858 0.0266497461928934
0 0.3807142857142857 0.6554568527918782 0.005714285714285714 0.024111675126903553
0 0.38321428571428573 0.6630710659898477 0.007857142857142858 0.024111675126903553
3 0.5303571428571429 0.8515228426395939 0.047857142857142855 0.116751269035533
0 0.5482142857142858 0.9828680203045685 0.007857142857142858 0.021573604060913704
0 0.5478571428571428 0.9530456852791879 0.007142857142857143 0.02284263959390863
0 0.5796428571428571 0.9530456852791879 0.009285714285714286 0.025380710659898477
0 0.5825 0.9657360406091371 0.009285714285714286 0.02030456852791878
0 0.6325 0.9847715736040609 0.013571428571428571 0.017766497461928935
0 0.6364285714285715 0.9936548223350253 0.008571428571428572 0.01015228426395939
0 0.8 0.9758883248730964 0.015714285714285715 0.015228426395939087
0 0.8017857142857143 0.9631979695431472 0.013571428571428571 0.02284263959390863
0 0.8064285714285714 0.9175126903553299 0.012857142857142857 0.027918781725888325
0 0.7946428571428571 0.9378172588832487 0.015 0.02030456852791878
0 0.7735714285714286 0.9086294416243654 0.014285714285714285 0.02284263959390863
0 0.7796428571428572 0.8927664974619289 0.015 0.0266497461928934
0 0.7735714285714286 0.9447969543147208 0.015714285714285715 0.02918781725888325
0 0.7725 0.9568527918781726 0.013571428571428571 0.025380710659898477
0 0.745 0.9543147208121827 0.014285714285714285 0.025380710659898477
0 0.7596428571428572 0.9663705583756346 0.012142857142857143 0.024111675126903553
0 0.7710714285714285 0.9803299492385786 0.009285714285714286 0.01903553299492386
0 0.6510714285714285 0.9086294416243654 0.007857142857142858 0.017766497461928935
0 0.6507142857142857 0.8940355329949239 0.008571428571428572 0.024111675126903553
0 0.71 0.8293147208121827 0.012857142857142857 0.021573604060913704
0 0.7110714285714286 0.8185279187817259 0.012142857142857143 0.025380710659898477
0 0.7642857142857142 0.8204314720812182 0.01 0.024111675126903553
0 0.6710714285714285 0.7931472081218274 0.010714285714285714 0.025380710659898477
0 0.6628571428571428 0.7823604060913706 0.01 0.01903553299492386
0 0.6621428571428571 0.7677664974619289 0.008571428571428572 0.02284263959390863
0 0.6646428571428571 0.7576142131979695 0.007857142857142858 0.027918781725888325
0 0.69 0.7119289340101523 0.008571428571428572 0.025380710659898477
0 0.6553571428571429 0.700507614213198 0.007857142857142858 0.017766497461928935
0 0.6728571428571428 0.6897208121827412 0.008571428571428572 0.01903553299492386
0 0.6932142857142857 0.6529187817258884 0.007857142857142858 0.024111675126903553
3 0.6346428571428572 0.5875634517766497 0.047857142857142855 0.09390862944162437
0 0.7103571428571429 0.5640862944162437 0.007857142857142858 0.021573604060913704
0 0.7207142857142858 0.575507614213198 0.008571428571428572 0.02918781725888325
0 0.7292857142857143 0.5050761421319797 0.008571428571428572 0.02284263959390863
0 0.7310714285714286 0.5126903553299492 0.007857142857142858 0.025380710659898477
0 0.7385714285714285 0.5222081218274112 0.008571428571428572 0.01903553299492386
0 0.7514285714285714 0.45558375634517767 0.008571428571428572 0.025380710659898477
0 0.7603571428571428 0.4619289340101523 0.007857142857142858 0.025380710659898477
0 0.755 0.4302030456852792 0.01 0.027918781725888325
0 0.7646428571428572 0.42385786802030456 0.007857142857142858 0.025380710659898477
0 0.7707142857142857 0.43147208121827413 0.011428571428571429 0.027918781725888325
0 0.8096428571428571 0.3293147208121827 0.010714285714285714 0.0266497461928934
0 0.8585714285714285 0.19606598984771573 0.01 0.0266497461928934
0 0.8435714285714285 0.19416243654822335 0.005714285714285714 0.025380710659898477
0 0.8496428571428571 0.1947969543147208 0.007857142857142858 0.024111675126903553
0 0.8482142857142857 0.1833756345177665 0.009285714285714286 0.024111675126903553
0 0.8657142857142858 0.18083756345177665 0.011428571428571429 0.02918781725888325
0 0.8653571428571428 0.1598984771573604 0.009285714285714286 0.027918781725888325
8 0.8764285714285714 0.027918781725888325 0.04428571428571428 0.05583756345177665
3 0.7903571428571429 0.11802030456852793 0.035 0.06345177664974619
3 0.7407142857142858 0.29949238578680204 0.03571428571428571 0.07360406091370558
0 0.6142857142857143 0.21256345177664976 0.005714285714285714 0.02918781725888325
0 0.6010714285714286 0.2569796954314721 0.007857142857142858 0.02918781725888325
0 0.5996428571428571 0.2100253807106599 0.0064285714285714285 0.024111675126903553
1 0.5932142857142857 0.22081218274111675 0.005 0.012690355329949238
0 0.6089285714285714 0.21192893401015228 0.0064285714285714285 0.027918781725888325
0 0.5525 0.30710659898477155 0.0064285714285714285 0.02284263959390863
0 0.5517857142857143 0.32550761421319796 0.007857142857142858 0.024111675126903553
0 0.5417857142857143 0.3083756345177665 0.005 0.025380710659898477
0 0.5075 0.36484771573604063 0.007857142857142858 0.01903553299492386
0 0.5014285714285714 0.39847715736040606 0.005714285714285714 0.027918781725888325
0 0.5078571428571429 0.4010152284263959 0.007142857142857143 0.025380710659898477
0 0.4742857142857143 0.4384517766497462 0.005714285714285714 0.0266497461928934
0 0.47714285714285715 0.45241116751269034 0.005714285714285714 0.0266497461928934
0 0.49892857142857144 0.45748730964467005 0.0064285714285714285 0.021573604060913704
0 0.44142857142857145 0.5095177664974619 0.008571428571428572 0.024111675126903553
0 0.4467857142857143 0.5222081218274112 0.005 0.01649746192893401
0 0.43857142857142856 0.574238578680203 0.007142857142857143 0.0266497461928934
0 0.4282142857142857 0.5685279187817259 0.005 0.02030456852791878
0 0.4225 0.5875634517766497 0.010714285714285714 0.02284263959390863
0 0.4235714285714286 0.5621827411167513 0.008571428571428572 0.02030456852791878
0 0.4160714285714286 0.5793147208121827 0.005 0.024111675126903553
0 0.41 0.5774111675126904 0.008571428571428572 0.02284263959390863
0 0.3825 0.5824873096446701 0.005 0.02284263959390863