0 0.9618997912317327 0.6108534322820037 0.017745302713987474 0.023191094619666047
6 0.9467640918580376 0.5078849721706865 0.04697286012526096 0.030612244897959183
3 0.642223382045929 0.6131725417439703 0.0652400835073069 0.05380333951762523
3 0.552713987473904 0.6108534322820037 0.06576200417536535 0.05473098330241188
3 0.4253653444676409 0.6071428571428571 0.06576200417536535 0.05102040816326531
3 0.34994780793319413 0.608534322820037 0.06732776617954071 0.05380333951762523
9 0.2132045929018789 0.6182745825602969 0.02035490605427975 0.017625231910946195
9 0.20328810020876828 0.6317254174397031 0.0255741127348643 0.011131725417439703
9 0.22703549060542796 0.6493506493506493 0.012526096033402923 0.04823747680890538
2 0.22520876826722339 0.6948051948051948 0.014091858037578288 0.04267161410018553
7 0.2643528183716075 0.5899814471243042 0.044363256784968684 0.03525046382189239
3 0.8254175365344467 0.6145640074211502 0.06315240083507306 0.04916512059369202
3 0.019311064718162838 0.8038033395176253 0.038622129436325675 0.12523191094619665