7 0.28549060542797494 0.32235621521335805 0.019832985386221295 0.023191094619666047
6 0.3068893528183716 0.3269944341372913 0.024008350730688934 0.0287569573283859
7 0.2653966597077244 0.3209647495361781 0.01826722338204593 0.016697588126159554
4 0.33820459290187893 0.39239332096474955 0.033402922755741124 0.04638218923933209
9 0.24191022964509395 0.9744897959183674 0.02348643006263048 0.030612244897959183
9 0.2445198329853862 0.961038961038961 0.019311064718162838 0.027829313543599257
9 0.25495824634655534 0.9485157699443414 0.02348643006263048 0.030612244897959183
9 0.2784446764091858 0.9359925788497218 0.01826722338204593 0.04638218923933209
0 0.3713465553235908 0.8566790352504638 0.007828810020876827 0.026901669758812616
0 0.3465553235908142 0.8821892393320965 0.007306889352818371 0.03339517625231911
0 0.354384133611691 0.8886827458256029 0.012526096033402923 0.04452690166975881
9 0.348643006263048 0.7968460111317254 0.022964509394572025 0.03710575139146568
9 0.3656054279749478 0.7597402597402597 0.016179540709812108 0.022263450834879406
9 0.3757828810020877 0.7537105751391465 0.015657620041753653 0.02504638218923933
9 0.38569937369519836 0.7300556586270872 0.020876826722338204 0.029684601113172542
0 0.4981732776617954 0.8358070500927643 0.010960334029227558 0.03710575139146568
3 0.4772964509394572 0.8487940630797773 0.06732776617954071 0.07421150278293136
7 0.4042275574112735 0.9721706864564007 0.05688935281837161 0.05380333951762523
0 0.33820459290187893 0.8246753246753247 0.006263048016701462 0.016697588126159554
4 0.6205636743215032 0.6739332096474954 0.03444676409185804 0.07699443413729128
9 0.5010438413361169 0.5756029684601113 0.018789144050104383 0.021335807050092765
7 0.5127870563674322 0.5435992578849722 0.027661795407098122 0.03710575139146568
6 0.5341858037578288 0.5858070500927643 0.02139874739039666 0.026901669758812616
0 0.5587160751565762 0.46335807050092764 0.006784968684759917 0.0287569573283859
0 0.5775052192066806 0.4902597402597403 0.006784968684759917 0.021335807050092765
0 0.5751565762004175 0.49443413729128016 0.005219206680584551 0.01855287569573284
9 0.5868997912317327 0.475417439703154 0.015135699373695199 0.023191094619666047
9 0.5855949895615866 0.45640074211502785 0.012526096033402923 0.02040816326530612
9 0.5840292275574113 0.3984230055658627 0.010438413361169102 0.017625231910946195
9 0.6116910229645094 0.3961038961038961 0.007306889352818371 0.01855287569573284
6 0.5900313152400835 0.4313543599257885 0.01722338204592902 0.025974025974025976
9 0.5678496868475992 0.43089053803339517 0.014613778705636743 0.015769944341372914
6 0.5712421711899791 0.42393320964749537 0.02139874739039666 0.022263450834879406
4 0.6375260960334029 0.37708719851576994 0.04018789144050104 0.041743970315398886
5 0.6495302713987474 0.4452690166975881 0.05688935281837161 0.05194805194805195
4 0.6771920668058455 0.27133580705009275 0.0255741127348643 0.02504638218923933
9 0.511482254697286 0.9684601113172542 0.016701461377870562 0.055658627087198514
1 0.5125260960334029 0.9675324675324676 0.015657620041753653 0.03153988868274583
0 0.7907098121085595 0.9485157699443414 0.006263048016701462 0.02504638218923933
0 0.7834029227557411 0.9243970315398887 0.011482254697286013 0.038033395176252316
9 0.9342379958246346 0.6173469387755102 0.026096033402922755 0.026901669758812616
6 0.9350208768267223 0.5737476808905381 0.01826722338204593 0.0287569573283859
6 0.9284968684759917 0.5612244897959183 0.019832985386221295 0.03153988868274583
9 0.9123173277661796 0.5412801484230055 0.011482254697286013 0.02504638218923933
5 0.8815240083507306 0.5616883116883117 0.022964509394572025 0.06957328385899815
9 0.9211899791231732 0.5037105751391465 0.012526096033402923 0.016697588126159554
0 0.9151878914405011 0.47866419294990725 0.006784968684759917 0.016697588126159554
4 0.9271920668058455 0.4707792207792208 0.02139874739039666 0.04730983302411874
3 0.7032881002087683 0.2782931354359926 0.014091858037578288 0.027829313543599257
9 0.6208246346555324 0.31261595547309834 0.010960334029227558 0.012987012987012988
0 0.6197807933194155 0.3112244897959184 0.006784968684759917 0.017625231910946195
9 0.6283924843423799 0.2940630797773655 0.010438413361169102 0.014842300556586271
7 0.651356993736952 0.23330241187384043 0.015657620041753653 0.023191094619666047
2 0.708768267223382 0.2193877551020408 0.011482254697286013 0.012059369202226345
9 0.7220772442588727 0.2212430426716141 0.007828810020876827 0.013914656771799629
2 0.7317327766179541 0.22263450834879406 0.007306889352818371 0.011131725417439703
1 0.740866388308977 0.23283858998144713 0.0026096033402922755 0.012987012987012988
1 0.7372129436325678 0.22866419294990722 0.004697286012526096 0.012059369202226345
9 0.7366910229645094 0.23098330241187384 0.009916492693110648 0.011131725417439703
6 0.7494780793319415 0.22634508348794063 0.012526096033402923 0.014842300556586271
2 0.7612212943632568 0.22217068645640073 0.008872651356993737 0.012059369202226345
9 0.767223382045929 0.22866419294990722 0.006263048016701462 0.012059369202226345
9 0.769572025052192 0.22356215213358072 0.005741127348643006 0.014842300556586271
0 0.778705636743215 0.22912801484230055 0.0041753653444676405 0.016697588126159554
6 0.7951461377870563 0.21567717996289426 0.007828810020876827 0.013914656771799629
0 0.7319937369519833 0.21428571428571427 0.0036534446764091857 0.01855287569573284
4 0.7870563674321504 0.24257884972170687 0.025052192066805846 0.02504638218923933
6 0.781054279749478 0.2680890538033395 0.009916492693110648 0.025974025974025976
6 0.7985386221294363 0.262987012987013 0.013569937369519834 0.026901669758812616
6 0.8248956158663883 0.2342300556586271 0.012004175365344467 0.012059369202226345
1 0.8353340292275574 0.23515769944341372 0.005741127348643006 0.01020408163265306
2 0.8131524008350731 0.2342300556586271 0.009394572025052192 0.008348794063079777
1 0.576722338204593 0.13543599257884972 0.007306889352818371 0.02040816326530612
0 0.5795929018789144 0.13218923933209648 0.004697286012526096 0.02504638218923933
1 0.8178496868475992 0.22634508348794063 0.0041753653444676405 0.014842300556586271
9 0.8092379958246346 0.22448979591836735 0.012004175365344467 0.00927643784786642
1 0.816544885177453 0.2527829313543599 0.0036534446764091857 0.013914656771799629
6 0.816544885177453 0.25556586270871984 0.006784968684759917 0.017625231910946195
0 0.848643006263048 0.23330241187384043 0.0041753653444676405 0.013914656771799629
6 0.8306367432150313 0.2750463821892393 0.013048016701461378 0.03432282003710575
0 0.9055323590814196 0.15769944341372913 0.0041753653444676405 0.014842300556586271
0 0.886482254697286 0.16233766233766234 0.0036534446764091857 0.011131725417439703
5 0.8969206680584552 0.18460111317254174 0.030793319415448852 0.05009276437847866
9 0.8113256784968684 0.2258812615955473 0.008872651356993737 0.01020408163265306
1 0.7312108559498957 0.0037105751391465678 0.0020876826722338203 0.0055658627087198514
9 0.7314718162839249 0.00510204081632653 0.0026096033402922755 0.006493506493506494