3 0.6478571428571429 0.8496192893401016 0.04428571428571428 0.09263959390862944
3 0.7425 0.7538071065989848 0.04357142857142857 0.08121827411167512
3 0.7660714285714286 0.7290609137055838 0.04214285714285714 0.07741116751269035
3 0.7975 0.7036802030456852 0.03642857142857143 0.05710659898477157
3 0.8757142857142857 0.7398477157360406 0.054285714285714284 0.06345177664974619
3 0.9010714285714285 0.7861675126903553 0.052142857142857144 0.04949238578680203
3 0.6082142857142857 0.9498730964467005 0.055 0.06725888324873096
3 0.3482142857142857 0.873730964467005 0.04928571428571429 0.06472081218274112
3 0.2789285714285714 0.8546954314720813 0.035 0.0850253807106599
3 0.13714285714285715 0.7170050761421319 0.02857142857142857 0.07868020304568528
3 0.21285714285714286 0.5431472081218274 0.025714285714285714 0.05583756345177665
3 0.2789285714285714 0.47715736040609136 0.03214285714285714 0.06091370558375635
3 0.31 0.491751269035533 0.024285714285714285 0.05964467005076142
3 0.3364285714285714 0.48350253807106597 0.02 0.0583756345177665
3 0.36607142857142855 0.47081218274111675 0.02642857142857143 0.0583756345177665
3 0.3939285714285714 0.4619289340101523 0.029285714285714286 0.0583756345177665
3 0.41928571428571426 0.46256345177664976 0.027142857142857142 0.05710659898477157
3 0.4735714285714286 0.42385786802030456 0.025714285714285714 0.0532994923857868
3 0.5060714285714286 0.4029187817258883 0.02642857142857143 0.05203045685279188
3 0.54 0.3813451776649746 0.018571428571428572 0.05203045685279188
3 0.5896428571428571 0.34454314720812185 0.017857142857142856 0.06472081218274112
3 0.6425 0.3489847715736041 0.029285714285714286 0.04060913705583756
3 0.6532142857142857 0.40482233502538073 0.035 0.050761421319796954
3 0.6314285714285715 0.4206852791878173 0.03142857142857143 0.05203045685279188
3 0.6096428571428572 0.4346446700507614 0.03357142857142857 0.046954314720812185
3 0.5821428571428572 0.45748730964467005 0.03428571428571429 0.05964467005076142
3 0.5614285714285714 0.4739847715736041 0.03 0.05203045685279188
3 0.54 0.491751269035533 0.03428571428571429 0.05964467005076142
3 0.6189285714285714 0.3286802030456853 0.017857142857142856 0.050761421319796954
3 0.20035714285714284 0.4333756345177665 0.020714285714285713 0.05456852791878172
3 0.1925 0.7296954314720813 0.030714285714285715 0.07868020304568528
3 0.2864285714285714 0.6751269035532995 0.05 0.050761421319796954
3 0.16285714285714287 0.4029187817258883 0.02142857142857143 0.05203045685279188
3 0.0475 0.4397208121827411 0.02642857142857143 0.05203045685279188
3 0.03142857142857143 0.3737309644670051 0.02142857142857143 0.046954314720812185
3 0.02035714285714286 0.2887055837563452 0.020714285714285713 0.04187817258883249
3 0.08357142857142857 0.24936548223350255 0.03142857142857143 0.03680203045685279
3 0.10392857142857143 0.2182741116751269 0.020714285714285713 0.04060913705583756
3 0.13107142857142856 0.22779187817258884 0.020714285714285713 0.04187817258883249
3 0.1575 0.34454314720812185 0.02642857142857143 0.04949238578680203
3 0.19214285714285714 0.26586294416243655 0.03857142857142857 0.03680203045685279
3 0.22142857142857142 0.21065989847715735 0.03142857142857143 0.03553299492385787
3 0.11178571428571428 0.1782994923857868 0.02214285714285714 0.03426395939086294
3 0.10142857142857142 0.1434010152284264 0.018571428571428572 0.03553299492385787
3 0.056428571428571425 0.3134517766497462 0.022857142857142857 0.050761421319796954
3 0.07357142857142857 0.07043147208121828 0.018571428571428572 0.031725888324873094
3 0.14892857142857144 0.12436548223350254 0.029285714285714286 0.027918781725888325
3 0.24107142857142858 0.12309644670050761 0.030714285714285715 0.03299492385786802
3 0.21357142857142858 0.08756345177664974 0.03142857142857143 0.03299492385786802
3 0.17535714285714285 0.05203045685279188 0.030714285714285715 0.030456852791878174
3 0.21285714285714286 0.024746192893401017 0.03 0.0266497461928934
3 0.115 0.02918781725888325 0.03142857142857143 0.027918781725888325
3 0.13964285714285715 0.0983502538071066 0.029285714285714286 0.02918781725888325
3 0.24892857142857142 0.1548223350253807 0.03357142857142857 0.030456852791878174
3 0.2617857142857143 0.1713197969543147 0.03357142857142857 0.030456852791878174
3 0.265 0.1916243654822335 0.03428571428571429 0.03553299492385787
4 0.2978571428571429 0.23794416243654823 0.015714285714285715 0.04949238578680203
4 0.24 0.4498730964467005 0.03571428571428571 0.05456852791878172
4 0.44785714285714284 0.43781725888324874 0.02 0.04568527918781726
4 0.3082142857142857 0.7404822335025381 0.04357142857142857 0.05964467005076142
4 0.5035714285714286 0.5222081218274112 0.027142857142857142 0.05203045685279188
4 0.6953571428571429 0.8058375634517766 0.04357142857142857 0.08375634517766498
4 0.6717857142857143 0.8299492385786802 0.03785714285714286 0.08121827411167512
3 0.7425 0.9701776649746193 0.060714285714285714 0.05710659898477157
5 0.565 0.3616751269035533 0.02 0.0532994923857868
4 0.5060714285714286 0.4536802030456853 0.04357142857142857 0.046954314720812185
3 0.36678571428571427 0.5812182741116751 0.04642857142857143 0.05583756345177665
4 0.3692857142857143 0.9282994923857868 0.05 0.06725888324873096
3 0.2835714285714286 0.6364213197969543 0.05 0.05456852791878172
5 0.2275 0.37119289340101524 0.025 0.05456852791878172
3 0.2292857142857143 0.11294416243654823 0.03 0.03299492385786802
3 0.5560714285714285 0.9790609137055838 0.052142857142857144 0.03934010152284264
3 0.040357142857142855 0.8185279187817259 0.056428571428571425 0.07614213197969544
3 0.03857142857142857 0.7753807106598984 0.05285714285714286 0.06345177664974619
3 0.0325 0.7322335025380711 0.055 0.06598984771573604
3 0.025714285714285714 0.6846446700507615 0.05142857142857143 0.06472081218274112
3 0.026785714285714284 0.6446700507614214 0.052142857142857144 0.05583756345177665
3 0.023571428571428573 0.6034263959390863 0.047142857142857146 0.05964467005076142
3 0.02107142857142857 0.567258883248731 0.04214285714285714 0.04314720812182741
3 0.021785714285714287 0.5317258883248731 0.04357142857142857 0.04314720812182741
9 0.8246428571428571 0.8946700507614214 0.020714285714285713 0.048223350253807105
0 0.02035714285714286 0.2049492385786802 0.010714285714285714 0.024111675126903553
0 0.11214285714285714 0.10025380710659898 0.007142857142857143 0.02030456852791878
0 0.18642857142857142 0.08692893401015228 0.005714285714285714 0.01903553299492386
0 0.19142857142857142 0.08756345177664974 0.005714285714285714 0.017766497461928935
0 0.2860714285714286 0.217005076142132 0.005 0.02030456852791878
0 0.30357142857142855 0.18083756345177665 0.005714285714285714 0.01903553299492386
0 0.26285714285714284 0.3413705583756345 0.008571428571428572 0.02284263959390863
0 0.27285714285714285 0.19860406091370558 0.005714285714285714 0.021573604060913704
0 0.2692857142857143 0.19860406091370558 0.007142857142857143 0.021573604060913704
9 0.2857142857142857 0.10406091370558376 0.008571428571428572 0.02284263959390863
9 0.28285714285714286 0.11104060913705584 0.007142857142857143 0.01903553299492386
3 0.21321428571428572 0.06916243654822335 0.03214285714285714 0.0266497461928934
3 0.12107142857142857 0.008883248730964468 0.023571428571428573 0.017766497461928935
9 0.05178571428571429 0.05710659898477157 0.007857142857142858 0.02030456852791878
1 0.05178571428571429 0.05583756345177665 0.009285714285714286 0.017766497461928935
0 0.3464285714285714 0.24809644670050762 0.008571428571428572 0.021573604060913704
2 0.3192857142857143 0.3293147208121827 0.005714285714285714 0.021573604060913704
0 0.11714285714285715 0.18908629441624367 0.008571428571428572 0.02284263959390863
0 0.07678571428571429 0.6630710659898477 0.015 0.024111675126903553
0 0.25607142857142856 0.7112944162436549 0.009285714285714286 0.021573604060913704
0 0.25857142857142856 0.6947969543147208 0.01 0.024111675126903553
3 0.3032142857142857 0.7068527918781726 0.047857142857142855 0.05583756345177665
3 0.3221428571428571 0.7766497461928934 0.05142857142857143 0.06598984771573604
0 0.37357142857142855 0.7760152284263959 0.007142857142857143 0.0266497461928934
0 0.4064285714285714 0.8083756345177665 0.007142857142857143 0.027918781725888325
0 0.4760714285714286 0.8064720812182741 0.009285714285714286 0.021573604060913704
0 0.5482142857142858 0.7975888324873096 0.009285714285714286 0.021573604060913704
0 0.5582142857142857 0.8140862944162437 0.005 0.0266497461928934
0 0.3225 0.8362944162436549 0.0064285714285714285 0.017766497461928935
0 0.3225 0.8274111675126904 0.0064285714285714285 0.012690355329949238
0 0.26107142857142857 0.9302030456852792 0.009285714285714286 0.027918781725888325
0 0.2617857142857143 0.8699238578680203 0.007857142857142858 0.024111675126903553
9 0.3382142857142857 0.8388324873096447 0.020714285714285713 0.027918781725888325
0 0.42928571428571427 0.5812182741116751 0.008571428571428572 0.02284263959390863
0 0.3460714285714286 0.5368020304568528 0.007857142857142858 0.017766497461928935
0 0.30357142857142855 0.5348984771573604 0.01 0.021573604060913704
0 0.305 0.5291878172588832 0.01 0.02030456852791878
0 0.34535714285714286 0.5291878172588832 0.007857142857142858 0.015228426395939087
0 0.2175 0.4714467005076142 0.007857142857142858 0.021573604060913704
0 0.2382142857142857 0.4073604060913706 0.0064285714285714285 0.02030456852791878
0 0.3942857142857143 0.41624365482233505 0.005714285714285714 0.02030456852791878
0 0.39714285714285713 0.407994923857868 0.007142857142857143 0.021573604060913704
0 0.41285714285714287 0.4232233502538071 0.005714285714285714 0.021573604060913704
0 0.4160714285714286 0.43210659898477155 0.0064285714285714285 0.024111675126903553
0 0.4225 0.4289340101522843 0.005 0.017766497461928935
0 0.42678571428571427 0.4143401015228426 0.005 0.024111675126903553
0 0.41892857142857143 0.41624365482233505 0.005 0.02030456852791878
0 0.44 0.48223350253807107 0.007142857142857143 0.025380710659898477
0 0.48428571428571426 0.3743654822335025 0.004285714285714286 0.02284263959390863
0 0.4992857142857143 0.3464467005076142 0.005714285714285714 0.02284263959390863
0 0.5139285714285714 0.35786802030456855 0.0064285714285714285 0.02284263959390863
0 0.6410714285714286 0.23857868020304568 0.0064285714285714285 0.02030456852791878
0 0.6153571428571428 0.28109137055837563 0.005 0.021573604060913704
0 0.6178571428571429 0.2753807106598985 0.005714285714285714 0.02284263959390863
0 0.6307142857142857 0.48413705583756345 0.007142857142857143 0.021573604060913704
0 0.7310714285714286 0.5 0.005 0.025380710659898477
0 0.7225 0.5038071065989848 0.0064285714285714285 0.02284263959390863
0 0.7367857142857143 0.5425126903553299 0.009285714285714286 0.0266497461928934
0 0.7067857142857142 0.6586294416243654 0.0064285714285714285 0.02284263959390863
0 0.6296428571428572 0.5475888324873096 0.0064285714285714285 0.01903553299492386
1 0.6782142857142858 0.5222081218274112 0.007857142857142858 0.01649746192893401
1 0.7239285714285715 0.5203045685279187 0.007857142857142858 0.017766497461928935
0 0.7246428571428571 0.6395939086294417 0.005 0.012690355329949238
0 0.6642857142857143 0.6979695431472082 0.005714285714285714 0.02284263959390863
0 0.6607142857142857 0.6878172588832487 0.005714285714285714 0.02284263959390863
9 0.6635714285714286 0.674492385786802 0.017142857142857144 0.021573604060913704
0 0.6046428571428571 0.3629441624365482 0.0064285714285714285 0.025380710659898477
0 0.5967857142857143 0.36928934010152287 0.005 0.025380710659898477
9 0.51 0.35596446700507617 0.01 0.01903553299492386
0 0.87 0.48413705583756345 0.005714285714285714 0.013959390862944163
0 0.8485714285714285 0.5222081218274112 0.01 0.0266497461928934
0 0.8610714285714286 0.9022842639593909 0.009285714285714286 0.017766497461928935
0 0.7675 0.9333756345177665 0.012142857142857143 0.01903553299492386
9 0.7660714285714286 0.9460659898477157 0.023571428571428573 0.0266497461928934
9 0.8557142857142858 0.8369289340101523 0.017142857142857144 0.03426395939086294
0 0.7175 0.4873096446700508 0.005 0.025380710659898477
0 0.7142857142857143 0.4784263959390863 0.007142857142857143 0.02284263959390863
1 0.7167857142857142 0.4682741116751269 0.009285714285714286 0.017766497461928935
1 0.6082142857142857 0.5958121827411168 0.010714285714285714 0.01649746192893401
1 0.6117857142857143 0.5913705583756346 0.010714285714285714 0.015228426395939087