8 0.3389285714285714 0.9295685279187818 0.06357142857142857 0.04949238578680203
3 0.39964285714285713 0.7195431472081218 0.04357142857142857 0.030456852791878174
3 0.3992857142857143 0.6725888324873096 0.04 0.03299492385786802
3 0.38107142857142856 0.626269035532995 0.04214285714285714 0.031725888324873094
3 0.3375 0.6694162436548223 0.04357142857142857 0.031725888324873094
3 0.30714285714285716 0.7119289340101523 0.04428571428571428 0.030456852791878174
8 0.27071428571428574 0.666243654822335 0.05714285714285714 0.04060913705583756
3 0.2092857142857143 0.6656091370558376 0.04285714285714286 0.031725888324873094
3 0.14964285714285713 0.6579949238578681 0.04214285714285714 0.03426395939086294
8 0.165 0.616751269035533 0.06571428571428571 0.04314720812182741
5 0.25142857142857145 0.6059644670050761 0.10142857142857142 0.06218274111675127
5 0.3846428571428571 0.575507614213198 0.07214285714285715 0.046954314720812185
3 0.056428571428571425 0.6643401015228426 0.045714285714285714 0.031725888324873094
8 0.06035714285714286 0.6034263959390863 0.11785714285714285 0.06725888324873096
8 0.5192857142857142 0.7734771573604061 0.04857142857142857 0.09771573604060914
8 0.9146428571428571 0.8261421319796954 0.13214285714285715 0.06852791878172589
3 0.9796428571428571 0.7614213197969543 0.04071428571428572 0.03807106598984772
3 0.9235714285714286 0.766497461928934 0.04428571428571428 0.03807106598984772
4 0.8607142857142858 0.7703045685279187 0.05285714285714286 0.03807106598984772
3 0.7885714285714286 0.7703045685279187 0.04428571428571428 0.03807106598984772
3 0.7353571428571428 0.7722081218274112 0.04642857142857143 0.03426395939086294
3 0.6910714285714286 0.6021573604060914 0.04214285714285714 0.03934010152284264
3 0.5710714285714286 0.6015228426395939 0.023571428571428573 0.07614213197969544
3 0.625 0.5285532994923858 0.03428571428571429 0.06979695431472081
3 0.5985714285714285 0.39276649746192893 0.02 0.06472081218274112
3 0.5314285714285715 0.4486040609137056 0.02142857142857143 0.06725888324873096
3 0.5414285714285715 0.28109137055837563 0.017142857142857144 0.06218274111675127
3 0.5885714285714285 0.2772842639593909 0.018571428571428572 0.06472081218274112
3 0.5435714285714286 0.19289340101522842 0.015714285714285715 0.048223350253807105
3 0.5817857142857142 0.13705583756345177 0.015 0.05583756345177665
3 0.5407142857142857 0.04187817258883249 0.015714285714285715 0.0532994923857868
5 0.5164285714285715 0.157994923857868 0.025714285714285714 0.12309644670050761