1 0.4214509394572025 0.8942486085343229 0.009916492693110648 0.016697588126159554
0 0.4595511482254697 0.9489795918367347 0.008872651356993737 0.03339517625231911
1 0.47651356993736954 0.7727272727272727 0.009394572025052192 0.012987012987012988
0 0.4692066805845512 0.7258812615955473 0.008350730688935281 0.021335807050092765
1 0.5007828810020877 0.6975881261595547 0.004697286012526096 0.014842300556586271
0 0.5010438413361169 0.6688311688311688 0.005219206680584551 0.01855287569573284
0 0.5451461377870563 0.6382189239332097 0.0036534446764091857 0.01855287569573284
7 0.5529749478079332 0.9448051948051948 0.024530271398747392 0.08070500927643785
0 0.5889874739039666 0.9053803339517625 0.007828810020876827 0.03525046382189239
1 0.6012526096033403 0.8181818181818182 0.006263048016701462 0.02040816326530612
3 0.6372651356993737 0.9290352504638218 0.05010438413361169 0.05473098330241188
7 0.593945720250522 0.8441558441558441 0.020876826722338204 0.04452690166975881
6 0.6367432150313153 0.8487940630797773 0.029227557411273485 0.04267161410018553
6 0.6020354906054279 0.825139146567718 0.009916492693110648 0.023191094619666047
3 0.6242171189979123 0.8205009276437848 0.037578288100208766 0.04359925788497217
3 0.6270876826722338 0.8056586270871985 0.03496868475991649 0.039888682745825604
3 0.622651356993737 0.7769016697588126 0.033402922755741124 0.041743970315398886
1 0.5764613778705637 0.774582560296846 0.005741127348643006 0.016697588126159554
6 0.5775052192066806 0.7727272727272727 0.013048016701461378 0.04081632653061224
1 0.5955114822546973 0.7481447124304267 0.006263048016701462 0.013914656771799629
9 0.5957724425887265 0.75139146567718 0.007828810020876827 0.016697588126159554
1 0.5908141962421712 0.7212430426716141 0.006263048016701462 0.017625231910946195
9 0.5902922755741128 0.7226345083487941 0.007306889352818371 0.01855287569573284
5 0.607776617954071 0.7286641929499073 0.02348643006263048 0.02504638218923933
7 0.6020354906054279 0.6901669758812616 0.012004175365344467 0.03153988868274583
7 0.5900313152400835 0.6535250463821892 0.008872651356993737 0.023191094619666047
7 0.6059498956158664 0.6553803339517625 0.010438413361169102 0.02504638218923933
4 0.6022964509394572 0.6423933209647495 0.012526096033402923 0.026901669758812616
0 0.5701983298538622 0.637291280148423 0.0036534446764091857 0.016697588126159554
5 0.579070981210856 0.6182745825602969 0.014091858037578288 0.045454545454545456
4 0.5686325678496869 0.6048237476808905 0.009916492693110648 0.02040816326530612
0 0.5785490605427975 0.5793135435992579 0.004697286012526096 0.013914656771799629
1 0.5892484342379958 0.5923005565862709 0.0041753653444676405 0.012059369202226345
1 0.593945720250522 0.5867346938775511 0.0041753653444676405 0.012059369202226345
9 0.5944676409185804 0.5890538033395176 0.005219206680584551 0.012987012987012988
9 0.589509394572025 0.5941558441558441 0.004697286012526096 0.012059369202226345
7 0.5187891440501043 0.5092764378478665 0.007306889352818371 0.012987012987012988
9 0.5182672233820459 0.5468460111317254 0.006263048016701462 0.01020408163265306
0 0.5219206680584552 0.5102040816326531 0.003131524008350731 0.00927643784786642
3 0.5073068893528184 0.4962894248608534 0.012526096033402923 0.011131725417439703
3 0.5096555323590815 0.4958256029684601 0.012004175365344467 0.01020408163265306
6 0.5318371607515657 0.46289424860853434 0.005219206680584551 0.0074211502782931356
4 0.5548016701461378 0.47217068645640076 0.011482254697286013 0.011131725417439703
4 0.550365344467641 0.48330241187384043 0.012004175365344467 0.011131725417439703
4 0.5516701461377871 0.4805194805194805 0.014613778705636743 0.011131725417439703
6 0.5227035490605428 0.4559369202226345 0.007828810020876827 0.006493506493506494
0 0.5268789144050104 0.44805194805194803 0.0015657620041753654 0.00927643784786642
0 0.5200939457202505 0.44758812615955473 0.0015657620041753654 0.006493506493506494
1 0.5216597077244259 0.44805194805194803 0.0026096033402922755 0.0055658627087198514
0 0.5469728601252609 0.45269016697588127 0.0020876826722338203 0.00927643784786642
0 0.5511482254697286 0.45269016697588127 0.0020876826722338203 0.00927643784786642
7 0.5485386221294363 0.4601113172541744 0.0041753653444676405 0.011131725417439703
0 0.5417536534446764 0.42439703153988867 0.0020876826722338203 0.006493506493506494
0 0.5456680584551148 0.4206864564007421 0.0015657620041753654 0.006493506493506494
3 0.5487995824634656 0.4290352504638219 0.007828810020876827 0.008348794063079777
3 0.5532359081419624 0.4253246753246753 0.006263048016701462 0.006493506493506494
3 0.6106471816283925 0.5454545454545454 0.008350730688935281 0.016697588126159554
3 0.6093423799582464 0.5343228200371057 0.008872651356993737 0.012987012987012988
1 0.5795929018789144 0.5157699443413729 0.0026096033402922755 0.0055658627087198514
1 0.5788100208768268 0.5139146567717996 0.003131524008350731 0.0074211502782931356
1 0.5816805845511482 0.5139146567717996 0.0026096033402922755 0.0055658627087198514
7 0.5795929018789144 0.48608534322820035 0.013048016701461378 0.016697588126159554
7 0.5913361169102297 0.4819109461966605 0.008350730688935281 0.013914656771799629
6 0.583768267223382 0.5004638218923934 0.010960334029227558 0.01020408163265306
3 0.5657620041753654 0.47031539888682744 0.013569937369519834 0.011131725417439703
3 0.566544885177453 0.4647495361781076 0.012004175365344467 0.00927643784786642
3 0.5668058455114823 0.462430426716141 0.013569937369519834 0.01020408163265306
3 0.5668058455114823 0.4605751391465677 0.013569937369519834 0.012059369202226345
4 0.5537578288100209 0.4401669758812616 0.005219206680584551 0.01020408163265306
3 0.5626304801670147 0.44387755102040816 0.011482254697286013 0.008348794063079777
3 0.5639352818371608 0.4387755102040816 0.007828810020876827 0.0074211502782931356
7 0.6012526096033403 0.45037105751391465 0.0041753653444676405 0.01020408163265306
7 0.5889874739039666 0.45083487940630795 0.0036534446764091857 0.00927643784786642
7 0.5882045929018789 0.44341372912801486 0.0041753653444676405 0.00927643784786642
3 0.5850730688935282 0.4155844155844156 0.0041753653444676405 0.0055658627087198514
4 0.6189979123173278 0.41512059369202226 0.007306889352818371 0.008348794063079777
4 0.6184759916492694 0.4322820037105751 0.005219206680584551 0.011131725417439703
3 0.6294363256784968 0.4383116883116883 0.006263048016701462 0.008348794063079777
3 0.6336116910229646 0.4448051948051948 0.006263048016701462 0.008348794063079777
1 0.6312630480167014 0.44758812615955473 0.0026096033402922755 0.00463821892393321
9 0.6320459290187892 0.44990723562152135 0.003131524008350731 0.0055658627087198514
3 0.6463987473903967 0.4290352504638219 0.005741127348643006 0.008348794063079777
3 0.6310020876826722 0.4253246753246753 0.005219206680584551 0.006493506493506494
3 0.6310020876826722 0.4202226345083488 0.005219206680584551 0.0074211502782931356
5 0.6257828810020877 0.4100185528756957 0.0041753653444676405 0.0074211502782931356
8 0.6323068893528184 0.41280148423005564 0.007828810020876827 0.012987012987012988
3 0.6370041753653445 0.4299628942486085 0.005741127348643006 0.01020408163265306
3 0.6612734864300627 0.4874768089053803 0.008350730688935281 0.013914656771799629
3 0.670929018789144 0.4865491651205937 0.008872651356993737 0.012059369202226345
3 0.6667536534446764 0.47866419294990725 0.006784968684759917 0.00927643784786642
7 0.6696242171189979 0.4512987012987013 0.008350730688935281 0.01020408163265306
7 0.6855427974947808 0.4512987012987013 0.007828810020876827 0.01020408163265306
7 0.6905010438413361 0.45315398886827457 0.008350730688935281 0.01020408163265306
7 0.7004175365344467 0.4605751391465677 0.009394572025052192 0.012059369202226345
7 0.7053757828810021 0.4577922077922078 0.008872651356993737 0.01020408163265306
7 0.7009394572025052 0.45640074211502785 0.009394572025052192 0.011131725417439703
0 0.704070981210856 0.4712430426716141 0.0020876826722338203 0.00927643784786642
3 0.9003131524008351 0.6679035250463822 0.018789144050104383 0.02411873840445269
3 0.9073590814196242 0.6294063079777366 0.019311064718162838 0.02504638218923933
7 0.8718684759916493 0.660482374768089 0.016179540709812108 0.027829313543599257
5 0.8110647181628392 0.5705009276437848 0.019832985386221295 0.029684601113172542
5 0.7954070981210856 0.5556586270871985 0.019832985386221295 0.027829313543599257
5 0.7776617954070981 0.5700371057513914 0.018789144050104383 0.03432282003710575
5 0.7828810020876826 0.525974025974026 0.04384133611691023 0.025974025974025976
5 0.7784446764091858 0.5222634508348795 0.05271398747390397 0.03525046382189239
5 0.7700939457202505 0.5120593692022264 0.04749478079331942 0.03896103896103896
5 0.7586116910229646 0.5018552875695733 0.042275574112734866 0.03339517625231911
5 0.7573068893528184 0.49907235621521334 0.04592901878914405 0.03339517625231911
4 0.9047494780793319 0.4800556586270872 0.015135699373695199 0.013914656771799629
3 0.8872651356993737 0.4777365491651206 0.017745302713987474 0.012987012987012988
6 0.8475991649269311 0.47680890538033394 0.011482254697286013 0.011131725417439703
6 0.8089770354906054 0.4675324675324675 0.011482254697286013 0.012987012987012988
0 0.8366388308977035 0.46660482374768086 0.0020876826722338203 0.0074211502782931356
3 0.5626304801670147 0.43738404452690166 0.008350730688935281 0.006493506493506494
0 0.5469728601252609 0.41233766233766234 0.0020876826722338203 0.006493506493506494
0 0.548277661795407 0.4114100185528757 0.0015657620041753654 0.00463821892393321
0 0.5506263048016702 0.40538033395176254 0.0010438413361169101 0.0055658627087198514
4 0.5417536534446764 0.40538033395176254 0.003131524008350731 0.0074211502782931356
1 0.5461899791231732 0.4067717996289425 0.0015657620041753654 0.0027829313543599257
9 0.5461899791231732 0.4076994434137291 0.0015657620041753654 0.00463821892393321
1 0.537839248434238 0.42115027829313545 0.0015657620041753654 0.0037105751391465678
9 0.537839248434238 0.4225417439703154 0.0036534446764091857 0.00463821892393321