3 0.12630480167014613 0.7282003710575139 0.032359081419624215 0.06679035250463822
3 0.17954070981210857 0.45408163265306123 0.025052192066805846 0.038033395176252316
3 0.21659707724425886 0.37987012987012986 0.016701461377870562 0.038033395176252316
1 0.1440501043841336 0.3534322820037106 0.0041753653444676405 0.00927643784786642
9 0.1440501043841336 0.36178107606679033 0.006263048016701462 0.00927643784786642
1 0.2111169102296451 0.2504638218923933 0.0026096033402922755 0.00927643784786642
9 0.2111169102296451 0.2588126159554731 0.0036534446764091857 0.00927643784786642
3 0.450678496868476 0.23191094619666047 0.008872651356993737 0.022263450834879406
3 0.42745302713987476 0.22912801484230055 0.008350730688935281 0.016697588126159554
1 0.3037578288100209 0.9684601113172542 0.005219206680584551 0.03339517625231911
9 0.3029749478079332 0.9698515769944341 0.02139874739039666 0.01948051948051948
3 0.14561586638830898 0.9772727272727273 0.04384133611691023 0.04359925788497217
3 0.009655532359081419 0.7769016697588126 0.019311064718162838 0.07884972170686456
1 0.011221294363256785 0.5551948051948052 0.009916492693110648 0.013914656771799629
9 0.013048016701461378 0.5658627087198516 0.012526096033402923 0.00927643784786642
4 0.11769311064718163 0.1377551020408163 0.013048016701461378 0.015769944341372914
3 0.4639874739039666 0.07931354359925788 0.007306889352818371 0.013914656771799629
3 0.4718162839248434 0.07838589981447125 0.006263048016701462 0.012059369202226345
3 0.479384133611691 0.07792207792207792 0.005741127348643006 0.012987012987012988
3 0.48303757828810023 0.28339517625231914 0.016179540709812108 0.013914656771799629
3 0.36899791231732776 0.10992578849721707 0.009394572025052192 0.012059369202226345
1 0.3400313152400835 0.09369202226345083 0.0026096033402922755 0.0055658627087198514
9 0.3397703549060543 0.09833024118738404 0.003131524008350731 0.0055658627087198514
3 0.4057933194154488 0.22727272727272727 0.013048016701461378 0.014842300556586271
3 0.7184237995824635 0.09693877551020408 0.014091858037578288 0.01020408163265306
3 0.7116388308977035 0.08858998144712431 0.013048016701461378 0.01020408163265306
3 0.708768267223382 0.08673469387755102 0.014613778705636743 0.01020408163265306
3 0.6805845511482255 0.06447124304267161 0.013569937369519834 0.01020408163265306
3 0.8032359081419624 0.05241187384044527 0.010438413361169102 0.01020408163265306
3 0.7954070981210856 0.3692022263450835 0.031315240083507306 0.02040816326530612
3 0.8316805845511482 0.36688311688311687 0.030793319415448852 0.021335807050092765
3 0.8603862212943633 0.41512059369202226 0.02348643006263048 0.021335807050092765