3 0.015396659707724426 0.025974025974025976 0.029749478079331943 0.016697588126159554
3 0.02374739039665971 0.008348794063079777 0.024530271398747392 0.016697588126159554
3 0.07985386221294363 0.09740259740259741 0.016701461377870562 0.03153988868274583
3 0.0983820459290188 0.09461966604823747 0.013048016701461378 0.029684601113172542
5 0.06315240083507306 0.24675324675324675 0.055323590814196244 0.055658627087198514
5 0.02374739039665971 0.37940630797773656 0.04749478079331942 0.07050092764378478
5 0.07985386221294363 0.4689239332096475 0.031315240083507306 0.045454545454545456
5 0.4264091858037578 0.016233766233766232 0.049060542797494784 0.030612244897959183
7 0.35934237995824636 0.3432282003710575 0.01826722338204593 0.022263450834879406
9 0.38752609603340293 0.24072356215213359 0.004697286012526096 0.023191094619666047
9 0.39326722338204595 0.24072356215213359 0.004697286012526096 0.023191094619666047
9 0.3995302713987474 0.23654916512059368 0.005741127348643006 0.02411873840445269
9 0.3987473903966597 0.26159554730983303 0.0041753653444676405 0.02040816326530612
0 0.3729123173277662 0.3520408163265306 0.006784968684759917 0.017625231910946195
0 0.3533402922755741 0.35435992578849723 0.006263048016701462 0.02040816326530612
9 0.3322025052192067 0.3525046382189239 0.014091858037578288 0.016697588126159554
6 0.3551670146137787 0.38821892393320967 0.014091858037578288 0.026901669758812616
7 0.4574634655532359 0.32653061224489793 0.01722338204592902 0.025974025974025976
3 0.5347077244258872 0.312152133580705 0.0360125260960334 0.032467532467532464
3 0.5433194154488518 0.4025974025974026 0.022964509394572025 0.05380333951762523
3 0.5300104384133612 0.5199443413729128 0.0255741127348643 0.06215213358070501
4 0.4488517745302714 0.48886827458256027 0.055323590814196244 0.05009276437847866
4 0.45433194154488515 0.4512987012987013 0.038100208768267224 0.030612244897959183
6 0.4431106471816284 0.424860853432282 0.04175365344467641 0.025974025974025976
3 0.4418058455114823 0.40213358070500926 0.03914405010438413 0.0287569573283859
3 0.4459812108559499 0.37430426716141 0.043319415448851775 0.026901669758812616
3 0.4592901878914405 0.5598330241187384 0.04488517745302714 0.038033395176252316
3 0.397964509394572 0.5681818181818182 0.048538622129436326 0.04359925788497217
4 0.46868475991649267 0.6423933209647495 0.04592901878914405 0.04916512059369202
3 0.4762526096033403 0.6846011131725418 0.049582463465553235 0.04638218923933209
3 0.4848643006263048 0.7314471243042672 0.049060542797494784 0.04730983302411874
3 0.4856471816283925 0.7829313543599258 0.05897703549060543 0.05194805194805195
4 0.6860647181628392 0.313543599257885 0.02244258872651357 0.04823747680890538
3 0.5910751565762005 0.3525046382189239 0.04018789144050104 0.029684601113172542
6 0.5892484342379958 0.37662337662337664 0.03653444676409186 0.03710575139146568
3 0.6182150313152401 0.4397031539888683 0.042275574112734866 0.03896103896103896
3 0.6291753653444676 0.47031539888682744 0.043319415448851775 0.04267161410018553
3 0.6370041753653445 0.5051020408163265 0.042275574112734866 0.039888682745825604
4 0.6479645093945721 0.5255102040816326 0.0360125260960334 0.04730983302411874
3 0.6568371607515657 0.5695732838589982 0.037056367432150315 0.04267161410018553
3 0.7732254697286013 0.5171614100185529 0.038100208768267224 0.06771799628942486
3 0.6132567849686847 0.6901669758812616 0.054279749478079335 0.04452690166975881