4 0.5603571428571429 0.8826142131979695 0.019285714285714285 0.05964467005076142
4 0.44107142857142856 0.7119289340101523 0.013571428571428571 0.03807106598984772
4 0.45 0.6491116751269036 0.012857142857142857 0.0266497461928934
3 0.5067857142857143 0.8984771573604061 0.015 0.050761421319796954
3 0.5278571428571428 0.833756345177665 0.015714285714285715 0.03553299492385787
3 0.475 0.8121827411167513 0.014285714285714285 0.03553299492385787
3 0.4614285714285714 0.7195431472081218 0.012857142857142857 0.027918781725888325
3 0.48464285714285715 0.6256345177664975 0.010714285714285714 0.02030456852791878
3 0.5107142857142857 0.5469543147208121 0.008571428571428572 0.017766497461928935
3 0.5321428571428571 0.5158629441624365 0.008571428571428572 0.01903553299492386
3 0.5339285714285714 0.475253807106599 0.0064285714285714285 0.013959390862944163
4 0.5117857142857143 0.4543147208121827 0.0064285714285714285 0.015228426395939087
3 0.5332142857142858 0.4517766497461929 0.007857142857142858 0.015228426395939087
3 0.5325 0.43274111675126903 0.0064285714285714285 0.01015228426395939
3 0.48392857142857143 0.4612944162436548 0.0064285714285714285 0.011421319796954314