3 0.7164285714285714 0.733502538071066 0.12285714285714286 0.26649746192893403
3 0.49857142857142855 0.8388324873096447 0.07857142857142857 0.24619289340101522
4 0.4157142857142857 0.8001269035532995 0.09 0.3083756345177665
3 0.33535714285714285 0.7772842639593909 0.08785714285714286 0.2652284263959391
5 0.21964285714285714 0.7734771573604061 0.18642857142857142 0.45050761421319796
3 0.16071428571428573 0.7163705583756346 0.10428571428571429 0.25761421319796957
3 0.09214285714285714 0.6935279187817259 0.09857142857142857 0.2398477157360406
3 0.033928571428571426 0.6465736040609137 0.06785714285714285 0.26776649746192893
3 0.5317857142857143 0.2068527918781726 0.10071428571428571 0.24111675126903553
3 0.2692857142857143 0.10215736040609137 0.14142857142857143 0.15862944162436549
3 0.23142857142857143 0.04060913705583756 0.11571428571428571 0.08121827411167512