3 0.02375 0.8703333333333333 0.0475 0.082
3 0.11125 0.792 0.0925 0.096
2 0.188 0.6816666666666666 0.013 0.03266666666666666
2 0.197 0.6733333333333333 0.012 0.03333333333333333
2 0.22275 0.6496666666666666 0.0145 0.03
3 0.2715 0.6123333333333333 0.062 0.06466666666666666
3 0.31225 0.554 0.0155 0.02266666666666667
3 0.16675 0.4256666666666667 0.0085 0.024666666666666667
3 0.172 0.44433333333333336 0.009 0.018
3 0.5295 0.7943333333333333 0.039 0.06733333333333333
3 0.4935 0.39 0.033 0.03333333333333333
3 0.56425 0.316 0.0225 0.025333333333333333
3 0.6285 0.2633333333333333 0.023 0.024
3 0.645 0.25066666666666665 0.022 0.02266666666666667
3 0.6785 0.22666666666666666 0.022 0.02266666666666667
3 0.703 0.20733333333333334 0.019 0.018666666666666668