6 0.25875 0.758 0.0735 0.058666666666666666
3 0.47275 0.8403333333333334 0.1455 0.106
3 0.472 0.9696666666666667 0.123 0.06066666666666667
0 0.71 0.9416666666666667 0.026 0.04466666666666667
3 0.7815 0.4023333333333333 0.055 0.114
3 0.50275 0.7086666666666667 0.1415 0.116
3 0.465 0.5133333333333333 0.119 0.08133333333333333
3 0.45575 0.4256666666666667 0.1075 0.09133333333333334
3 0.60775 0.4696666666666667 0.0585 0.13133333333333333
3 0.58475 0.359 0.0445 0.094
3 0.7175 0.211 0.044 0.08333333333333333
3 0.61575 0.21866666666666668 0.0515 0.08533333333333333
3 0.45675 0.3293333333333333 0.0975 0.084
3 0.44325 0.203 0.0875 0.098
3 0.4995 0.092 0.033 0.064
3 0.55375 0.15966666666666668 0.0445 0.086
3 0.59225 0.12433333333333334 0.0405 0.074
3 0.55375 0.042666666666666665 0.0305 0.05733333333333333