0 0.5140918580375783 0.6382189239332097 0.007306889352818371 0.03896103896103896
0 0.4890396659707724 0.634508348794063 0.008350730688935281 0.05194805194805195
0 0.4772964509394572 0.62430426716141 0.015135699373695199 0.061224489795918366
1 0.47390396659707723 0.6113172541743971 0.005219206680584551 0.027829313543599257
0 0.44363256784968685 0.62430426716141 0.009394572025052192 0.059369202226345084
0 0.46111691022964507 0.6266233766233766 0.010960334029227558 0.05844155844155844
3 0.7411273486430062 0.4707792207792208 0.059498956158663886 0.05473098330241188
3 0.7719206680584552 0.46335807050092764 0.054279749478079335 0.05658627087198516
3 0.8295929018789144 0.44805194805194803 0.06002087682672234 0.05009276437847866
0 0.7074634655532359 0.5570500927643784 0.007828810020876827 0.04730983302411874
1 0.704070981210856 0.5496289424860853 0.007306889352818371 0.026901669758812616
0 0.7429540709812108 0.37105751391465674 0.004697286012526096 0.02040816326530612
0 0.7306889352818372 0.3715213358070501 0.005219206680584551 0.01948051948051948
0 0.7225991649269311 0.37291280148423006 0.0036534446764091857 0.01855287569573284
0 0.625 0.2847866419294991 0.0036534446764091857 0.012987012987012988
0 0.6631002087682673 0.3014842300556586 0.0026096033402922755 0.016697588126159554
0 0.6599686847599165 0.30194805194805197 0.0026096033402922755 0.015769944341372914
0 0.574634655532359 0.2694805194805195 0.0041753653444676405 0.013914656771799629
0 0.5777661795407099 0.27133580705009275 0.003131524008350731 0.012059369202226345
0 0.5957724425887265 0.27690166975881264 0.0026096033402922755 0.012059369202226345
0 0.6910229645093946 0.310760667903525 0.0041753653444676405 0.016697588126159554
0 0.7022442588726514 0.31307977736549164 0.0026096033402922755 0.013914656771799629
0 0.6983298538622129 0.31539888682745826 0.003131524008350731 0.00927643784786642
0 0.6524008350730689 0.3033395176252319 0.0041753653444676405 0.012987012987012988
1 0.6500521920668059 0.3010204081632653 0.0036534446764091857 0.012059369202226345
1 0.6524008350730689 0.3010204081632653 0.0041753653444676405 0.013914656771799629
0 0.4822546972860125 0.29545454545454547 0.0020876826722338203 0.01020408163265306
0 0.4838204592901879 0.29591836734693877 0.003131524008350731 0.011131725417439703
0 0.4890396659707724 0.29313543599257885 0.003131524008350731 0.012987012987012988
0 0.4911273486430063 0.29313543599257885 0.003131524008350731 0.012987012987012988