0 0.44925 0.75 0.0235 0.04533333333333334
0 0.45075 0.7376666666666667 0.0215 0.05
5 0.41425 0.755 0.0835 0.23666666666666666
5 0.40275 0.554 0.0595 0.14
4 0.4915 0.5363333333333333 0.06 0.13
9 0.368 0.42133333333333334 0.022 0.03866666666666667
0 0.36875 0.38 0.0115 0.03866666666666667
0 0.4025 0.373 0.014 0.04066666666666666
0 0.409 0.3546666666666667 0.014 0.03866666666666667
4 0.3215 0.31133333333333335 0.086 0.064
3 0.368 0.25333333333333335 0.03 0.05466666666666667
1 0.3405 0.21733333333333332 0.008 0.02266666666666667
0 0.353 0.21166666666666667 0.008 0.034
3 0.332 0.20733333333333334 0.065 0.04133333333333333
3 0.30075 0.16966666666666666 0.0285 0.042
9 0.28925 0.154 0.0165 0.021333333333333333
0 0.364 0.145 0.008 0.027333333333333334
0 0.368 0.12766666666666668 0.008 0.026
0 0.30125 0.10733333333333334 0.0095 0.02666666666666667
0 0.29325 0.11966666666666667 0.0075 0.020666666666666667
0 0.289 0.11233333333333333 0.009 0.026
0 0.28975 0.11033333333333334 0.0075 0.026
3 0.34675 0.119 0.0225 0.03
0 0.38275 0.06566666666666666 0.0065 0.022
4 0.301 0.024666666666666667 0.014 0.025333333333333333
4 0.30225 0.04533333333333334 0.0135 0.02666666666666667
0 0.34675 0.04933333333333333 0.0055 0.02
9 0.3415 0.03333333333333333 0.005 0.013333333333333334
1 0.34225 0.029333333333333333 0.0065 0.016
4 0.55275 0.46266666666666667 0.0535 0.09733333333333333
1 0.4955 0.31 0.015 0.028
5 0.47675 0.27466666666666667 0.0435 0.07066666666666667
3 0.61175 0.9276666666666666 0.0955 0.14066666666666666
1 0.60025 0.696 0.0095 0.02266666666666667
0 0.59775 0.67 0.0155 0.025333333333333333
0 0.627 0.6263333333333333 0.026 0.059333333333333335
0 0.5985 0.644 0.017 0.04933333333333333
5 0.62675 0.5336666666666666 0.0985 0.126
0 0.4385 0.185 0.007 0.027333333333333334
0 0.44 0.17933333333333334 0.007 0.029333333333333333
1 0.4555 0.09933333333333333 0.01 0.018666666666666668
1 0.4545 0.096 0.008 0.018666666666666668
5 0.43675 0.142 0.0255 0.044
3 0.4085 0.12166666666666667 0.024 0.03266666666666666
3 0.4045 0.08433333333333333 0.02 0.024666666666666667
0 0.37525 0.008 0.0065 0.016
1 0.392 0.024333333333333332 0.007 0.01