3 0.36873695198329853 0.5783858998144712 0.04749478079331942 0.039888682745825604
3 0.450678496868476 0.6238404452690167 0.05375782881002088 0.04359925788497217
3 0.5062630480167014 0.6057513914656771 0.049060542797494784 0.04267161410018553
3 0.6041231732776617 0.6294063079777366 0.061064718162839246 0.04730983302411874
3 0.7116388308977035 0.6822820037105751 0.06732776617954071 0.05658627087198516
3 0.7332985386221295 0.6572356215213359 0.06680584551148225 0.04916512059369202
6 0.761482254697286 0.37987012987012986 0.010438413361169102 0.015769944341372914
5 0.5433194154488518 0.35435992578849723 0.021920668058455117 0.02040816326530612
4 0.9762526096033403 0.551948051948052 0.0255741127348643 0.05009276437847866
6 0.9436325678496869 0.5408163265306123 0.022964509394572025 0.03710575139146568
0 0.9363256784968684 0.5435992578849722 0.0041753653444676405 0.03153988868274583
0 0.93919624217119 0.5398886827458256 0.005741127348643006 0.03339517625231911
4 0.9386743215031316 0.3752319109461967 0.02139874739039666 0.015769944341372914
5 0.889874739039666 0.3979591836734694 0.04697286012526096 0.025974025974025976
9 0.9939979123173278 0.5589053803339518 0.008872651356993737 0.023191094619666047
9 0.9694676409185804 0.5102040816326531 0.008872651356993737 0.01855287569573284
1 0.9947807933194155 0.5500927643784786 0.007306889352818371 0.02411873840445269
1 0.968945720250522 0.5032467532467533 0.006784968684759917 0.023191094619666047