3 0.5410714285714285 0.6199238578680203 0.017857142857142856 0.05710659898477157
3 0.5125 0.5704314720812182 0.017857142857142856 0.04949238578680203
3 0.4517857142857143 0.4486040609137056 0.012142857142857143 0.03426395939086294
3 0.46035714285714285 0.2880710659898477 0.010714285714285714 0.025380710659898477
3 0.5271428571428571 0.24428934010152284 0.011428571428571429 0.031725888324873094
3 0.5442857142857143 0.22906091370558376 0.01 0.031725888324873094
3 0.5278571428571428 0.14911167512690354 0.01 0.024111675126903553
3 0.4782142857142857 0.02601522842639594 0.005 0.011421319796954314
3 0.5571428571428572 0.45241116751269034 0.012857142857142857 0.03426395939086294
3 0.5767857142857142 0.7404822335025381 0.019285714285714285 0.07233502538071065
3 0.43785714285714283 0.7525380710659898 0.017142857142857144 0.0532994923857868
4 0.4735714285714286 0.5203045685279187 0.015714285714285715 0.04568527918781726
4 0.55 0.7557106598984772 0.02 0.07741116751269035
4 0.5375 0.45621827411167515 0.013571428571428571 0.04949238578680203
4 0.5307142857142857 0.34073604060913704 0.014285714285714285 0.03680203045685279
4 0.47714285714285715 0.33756345177664976 0.014285714285714285 0.03553299492385787
4 0.5264285714285715 0.18718274111675126 0.01 0.031725888324873094
3 0.5 0.15418781725888325 0.01 0.021573604060913704
3 0.5210714285714285 0.03236040609137056 0.0064285714285714285 0.011421319796954314
3 0.5053571428571428 0.020939086294416244 0.0064285714285714285 0.01903553299492386
3 0.4625 0.08375634517766498 0.0064285714285714285 0.017766497461928935
4 0.5196428571428572 0.07614213197969544 0.009285714285714286 0.02284263959390863
4 0.5035714285714286 0.09771573604060914 0.01 0.027918781725888325
4 0.5021428571428571 0.13324873096446702 0.01 0.03299492385786802
4 0.5139285714285714 0.13261421319796954 0.007857142857142858 0.031725888324873094
3 0.5117857142857143 0.007614213197969543 0.009285714285714286 0.015228426395939087
3 0.48857142857142855 0.005710659898477157 0.01 0.011421319796954314
5 0.4667857142857143 0.13769035532994925 0.013571428571428571 0.04187817258883249
3 0.6878571428571428 0.2436548223350254 0.027142857142857142 0.017766497461928935