3 0.72675 0.946 0.1455 0.108
3 0.58 0.522 0.092 0.104
3 0.1195 0.271 0.04 0.05266666666666667
5 0.09175 0.127 0.0355 0.043333333333333335
3 0.026 0.049666666666666665 0.02 0.022
3 0.00925 0.185 0.0185 0.04066666666666666
3 0.01325 0.156 0.0265 0.034666666666666665
3 0.717 0.224 0.06 0.042666666666666665
3 0.89175 0.161 0.0475 0.034
3 0.61825 0.17 0.0485 0.04
3 0.64525 0.16066666666666668 0.0425 0.037333333333333336
3 0.67175 0.15433333333333332 0.0455 0.03
3 0.72375 0.14133333333333334 0.0625 0.037333333333333336
3 0.77875 0.12266666666666666 0.0505 0.030666666666666665
4 0.80525 0.11166666666666666 0.0405 0.034
4 0.8545 0.104 0.033 0.029333333333333333
3 0.87075 0.099 0.0385 0.024666666666666667
3 0.88925 0.09 0.0425 0.021333333333333333
3 0.9235 0.084 0.04 0.02666666666666667
3 0.93725 0.07466666666666667 0.0365 0.021333333333333333
3 0.9545 0.07633333333333334 0.03 0.014
1 0.6345 0.3953333333333333 0.016 0.032
1 0.556 0.39966666666666667 0.016 0.028666666666666667
1 0.5565 0.37066666666666664 0.015 0.028
1 0.499 0.3526666666666667 0.014 0.02666666666666667
1 0.5695 0.234 0.012 0.029333333333333333
1 0.43075 0.2613333333333333 0.0125 0.028
1 0.4285 0.22433333333333333 0.011 0.023333333333333334
1 0.00875 0.336 0.0165 0.03333333333333333
1 0.01125 0.33266666666666667 0.0175 0.02666666666666667
9 0.00825 0.345 0.0165 0.035333333333333335
0 0.3055 0.06333333333333334 0.005 0.021333333333333333
0 0.2965 0.063 0.003 0.019333333333333334
0 0.30025 0.059666666666666666 0.0045 0.020666666666666667
0 0.30375 0.062 0.0045 0.02266666666666667
9 0.569 0.24066666666666667 0.025 0.021333333333333333
9 0.42875 0.23133333333333334 0.0125 0.02666666666666667
9 0.432 0.2683333333333333 0.015 0.027333333333333334
9 0.4995 0.3636666666666667 0.018 0.035333333333333335
9 0.557 0.37766666666666665 0.022 0.03133333333333333
9 0.556 0.409 0.022 0.038
9 0.633 0.4023333333333333 0.023 0.03666666666666667