5 0.7592857142857142 0.8267766497461929 0.11 0.34390862944162437
4 0.8475 0.9232233502538071 0.07071428571428572 0.15101522842639595
4 0.135 0.5317258883248731 0.045714285714285714 0.06598984771573604
5 0.17214285714285715 0.42258883248730966 0.06714285714285714 0.12944162436548223
5 0.215 0.3223350253807107 0.05857142857142857 0.08629441624365482
5 0.5135714285714286 0.14276649746192893 0.032857142857142856 0.09263959390862944
5 0.6607142857142857 0.1148477157360406 0.03857142857142857 0.0901015228426396
4 0.48678571428571427 0.09073604060913705 0.019285714285714285 0.044416243654822336
3 0.62 0.037436548223350255 0.017142857142857144 0.03680203045685279
3 0.5978571428571429 0.14276649746192893 0.02142857142857143 0.046954314720812185
3 0.6417857142857143 0.22271573604060912 0.02642857142857143 0.06725888324873096
3 0.6089285714285714 0.27093908629441626 0.02642857142857143 0.07487309644670051
1 0.8478571428571429 0.626269035532995 0.007142857142857143 0.021573604060913704
0 0.8396428571428571 0.6173857868020305 0.005 0.006345177664974619
0 0.8885714285714286 0.6129441624365483 0.011428571428571429 0.025380710659898477
1 0.8835714285714286 0.6554568527918782 0.008571428571428572 0.01649746192893401
1 0.8771428571428571 0.5685279187817259 0.007142857142857143 0.02284263959390863
1 0.8628571428571429 0.574238578680203 0.007142857142857143 0.0266497461928934
1 0.8696428571428572 0.5717005076142132 0.009285714285714286 0.031725888324873094
1 0.9439285714285715 0.825507614213198 0.009285714285714286 0.024111675126903553
1 0.9335714285714286 0.8058375634517766 0.008571428571428572 0.02030456852791878
1 0.9514285714285714 0.8071065989847716 0.008571428571428572 0.02284263959390863
0 0.9917857142857143 0.6211928934010152 0.009285714285714286 0.021573604060913704
0 0.8439285714285715 0.5951776649746193 0.009285714285714286 0.030456852791878174
0 0.9396428571428571 0.4803299492385787 0.010714285714285714 0.02918781725888325
1 0.8267857142857142 0.4619289340101523 0.0064285714285714285 0.025380710659898477
1 0.8203571428571429 0.4631979695431472 0.0064285714285714285 0.02030456852791878
1 0.8153571428571429 0.46446700507614214 0.005 0.02030456852791878
1 0.8085714285714286 0.4676395939086294 0.007142857142857143 0.021573604060913704
1 0.8110714285714286 0.4460659898477157 0.0064285714285714285 0.024111675126903553
0 0.8760714285714286 0.2626903553299492 0.007857142857142858 0.027918781725888325
0 0.9146428571428571 0.35279187817258884 0.0064285714285714285 0.017766497461928935
0 0.8267857142857142 0.31789340101522845 0.0064285714285714285 0.024111675126903553
0 0.8167857142857143 0.31218274111675126 0.007857142857142858 0.025380710659898477
0 0.7642857142857142 0.1802030456852792 0.007142857142857143 0.025380710659898477
0 0.76 0.2265228426395939 0.007142857142857143 0.021573604060913704
0 0.7342857142857143 0.09454314720812183 0.005714285714285714 0.013959390862944163
0 0.8196428571428571 0.14720812182741116 0.0064285714285714285 0.02030456852791878
0 0.7382142857142857 0.11802030456852793 0.0035714285714285713 0.015228426395939087
1 0.8321428571428572 0.25380710659898476 0.005714285714285714 0.017766497461928935
1 0.8082142857142857 0.45241116751269034 0.0064285714285714285 0.01649746192893401