3 0.36964285714285716 0.9562182741116751 0.02214285714285714 0.07233502538071065
3 0.43392857142857144 0.7931472081218274 0.029285714285714286 0.08121827411167512
3 0.3875 0.7874365482233503 0.023571428571428573 0.05964467005076142
3 0.355 0.7550761421319797 0.024285714285714285 0.06091370558375635
3 0.32821428571428574 0.7588832487309645 0.02642857142857143 0.0583756345177665
3 0.34 0.6459390862944162 0.02142857142857143 0.050761421319796954
3 0.3960714285714286 0.6529187817258884 0.019285714285714285 0.04949238578680203
3 0.43964285714285717 0.6046954314720813 0.017857142857142856 0.04949238578680203
3 0.47 0.6192893401015228 0.018571428571428572 0.05583756345177665
3 0.38035714285714284 0.5368020304568528 0.019285714285714285 0.03807106598984772
3 0.465 0.49619289340101524 0.017142857142857144 0.04568527918781726
3 0.3867857142857143 0.4651015228426396 0.019285714285714285 0.03426395939086294
3 0.44392857142857145 0.4397208121827411 0.017857142857142856 0.03680203045685279
3 0.4903571428571429 0.41053299492385786 0.017857142857142856 0.04187817258883249
3 0.46964285714285714 0.38578680203045684 0.016428571428571428 0.03553299492385787
3 0.41 0.39276649746192893 0.017142857142857144 0.031725888324873094
5 0.35428571428571426 0.49619289340101524 0.032857142857142856 0.09137055837563451
3 0.47214285714285714 0.20114213197969544 0.011428571428571429 0.0266497461928934
3 0.44107142857142856 0.2151015228426396 0.013571428571428571 0.031725888324873094
3 0.4135714285714286 0.21192893401015228 0.011428571428571429 0.030456852791878174
3 0.39785714285714285 0.2201776649746193 0.012857142857142857 0.02918781725888325
8 0.7453571428571428 0.5450507614213198 0.08071428571428571 0.07487309644670051
8 0.955 0.6998730964467005 0.08857142857142856 0.06725888324873096
8 0.9621428571428572 0.6548223350253807 0.07428571428571429 0.05583756345177665
8 0.9310714285714285 0.6161167512690355 0.07785714285714286 0.05203045685279188
8 0.9157142857142857 0.5869289340101523 0.07714285714285714 0.05710659898477157
8 0.83 0.5380710659898477 0.054285714285714284 0.0583756345177665
8 0.9114285714285715 0.5501269035532995 0.07285714285714286 0.06725888324873096
8 0.8367857142857142 0.47588832487309646 0.06642857142857143 0.04060913705583756
8 0.87 0.44352791878172587 0.07285714285714286 0.05203045685279188
8 0.8578571428571429 0.4282994923857868 0.07857142857142857 0.04187817258883249
8 0.8603571428571428 0.40482233502538073 0.065 0.048223350253807105
8 0.8514285714285714 0.38261421319796957 0.06 0.04187817258883249
8 0.8478571428571429 0.3623096446700508 0.06285714285714286 0.044416243654822336
8 0.9785714285714285 0.4276649746192893 0.04285714285714286 0.10406091370558376
8 0.6742857142857143 0.4213197969543147 0.02142857142857143 0.08883248730964467
3 0.8482142857142857 0.2918781725888325 0.013571428571428571 0.02030456852791878
3 0.8339285714285715 0.2753807106598985 0.010714285714285714 0.017766497461928935
3 0.8228571428571428 0.26015228426395937 0.008571428571428572 0.017766497461928935
3 0.8110714285714286 0.24619289340101522 0.012142857142857143 0.02030456852791878
8 0.8446428571428571 0.258248730964467 0.025 0.03934010152284264
3 0.8235714285714286 0.23413705583756345 0.017142857142857144 0.024111675126903553
3 0.795 0.22144670050761422 0.012857142857142857 0.024111675126903553
8 0.78 0.19733502538071065 0.018571428571428572 0.03426395939086294
5 0.7610714285714286 0.17576142131979697 0.015 0.031725888324873094
3 0.7478571428571429 0.16370558375634517 0.008571428571428572 0.012690355329949238
8 0.7371428571428571 0.14022842639593908 0.022857142857142857 0.031725888324873094
8 0.7225 0.12119289340101523 0.020714285714285713 0.03680203045685279
8 0.7214285714285714 0.0901015228426396 0.03571428571428571 0.025380710659898477
8 0.6792857142857143 0.10596446700507614 0.03 0.0266497461928934
8 0.6592857142857143 0.0932741116751269 0.03 0.021573604060913704
4 0.6971428571428572 0.19035532994923857 0.011428571428571429 0.025380710659898477
4 0.7171428571428572 0.22588832487309646 0.014285714285714285 0.025380710659898477
4 0.6357142857142857 0.27347715736040606 0.02 0.024111675126903553
4 0.5814285714285714 0.24873096446700507 0.014285714285714285 0.02030456852791878
4 0.5535714285714286 0.27982233502538073 0.02 0.021573604060913704
4 0.5496428571428571 0.19289340101522842 0.009285714285714286 0.017766497461928935
4 0.5767857142857142 0.1732233502538071 0.009285714285714286 0.0266497461928934
3 0.5307142857142857 0.1681472081218274 0.01 0.01903553299492386
3 0.5239285714285714 0.13705583756345177 0.012142857142857143 0.017766497461928935
3 0.6742857142857143 0.19416243654822335 0.01 0.02030456852791878
4 0.6853571428571429 0.17385786802030456 0.012142857142857143 0.025380710659898477
4 0.6567857142857143 0.11802030456852793 0.009285714285714286 0.02030456852791878
4 0.6392857142857142 0.09644670050761421 0.012857142857142857 0.017766497461928935
4 0.6296428571428572 0.09390862944162437 0.010714285714285714 0.012690355329949238
4 0.6225 0.08883248730964467 0.015 0.02030456852791878
4 0.6085714285714285 0.08692893401015228 0.012857142857142857 0.01903553299492386
3 0.5564285714285714 0.14593908629441624 0.008571428571428572 0.017766497461928935
8 0.5367857142857143 0.07233502538071065 0.010714285714285714 0.027918781725888325
8 0.5289285714285714 0.04631979695431472 0.010714285714285714 0.0266497461928934
4 0.5210714285714285 0.12563451776649745 0.012142857142857143 0.012690355329949238
4 0.5192857142857142 0.12055837563451777 0.011428571428571429 0.012690355329949238
4 0.5160714285714286 0.108502538071066 0.010714285714285714 0.011421319796954314
4 0.5157142857142857 0.10152284263959391 0.012857142857142857 0.015228426395939087
3 0.5232142857142857 0.09454314720812183 0.0064285714285714285 0.013959390862944163
3 0.5367857142857143 0.01649746192893401 0.015 0.012690355329949238
5 0.5228571428571429 0.024111675126903553 0.007142857142857143 0.02284263959390863
8 0.5175 0.04568527918781726 0.007857142857142858 0.02030456852791878
3 0.5103571428571428 0.04251269035532995 0.007857142857142858 0.013959390862944163
3 0.6053571428571428 0.12373096446700507 0.0064285714285714285 0.013959390862944163
4 0.46464285714285714 0.15228426395939088 0.012142857142857143 0.027918781725888325
5 0.38285714285714284 0.1751269035532995 0.018571428571428572 0.04568527918781726
3 0.3985714285714286 0.13071065989847716 0.011428571428571429 0.017766497461928935
8 0.4117857142857143 0.09771573604060914 0.010714285714285714 0.027918781725888325
3 0.3992857142857143 0.07233502538071065 0.008571428571428572 0.015228426395939087
3 0.4317857142857143 0.07487309644670051 0.0064285714285714285 0.015228426395939087
3 0.4564285714285714 0.08439086294416244 0.01 0.01903553299492386
4 0.45071428571428573 0.03426395939086294 0.008571428571428572 0.017766497461928935
5 0.3871428571428571 0.03553299492385787 0.011428571428571429 0.025380710659898477
5 0.4 0.01649746192893401 0.01 0.025380710659898477
4 0.7135714285714285 0.15862944162436549 0.008571428571428572 0.015228426395939087
3 0.705 0.14784263959390864 0.01 0.01649746192893401