0 0.35803757828810023 0.961038961038961 0.022964509394572025 0.06679035250463822
7 0.4658141962421712 0.961038961038961 0.09133611691022965 0.07606679035250463
9 0.3872651356993737 0.6595547309833024 0.03653444676409186 0.055658627087198514
0 0.4592901878914405 0.6419294990723562 0.020876826722338204 0.06493506493506493
0 0.49191022964509395 0.6326530612244898 0.02139874739039666 0.07050092764378478
0 0.48434237995824636 0.5936920222634509 0.018789144050104383 0.06493506493506493
0 0.5375782881002088 0.5064935064935064 0.018789144050104383 0.061224489795918366
1 0.7220772442588727 0.7309833024118738 0.02139874739039666 0.055658627087198514
1 0.7181628392484343 0.7843228200371057 0.026096033402922755 0.05473098330241188
9 0.7176409185803758 0.7402597402597403 0.04592901878914405 0.05194805194805195
9 0.7163361169102297 0.7940630797773655 0.05375782881002088 0.04638218923933209
1 0.683455114822547 0.35064935064935066 0.01826722338204593 0.03710575139146568
1 0.6954592901878914 0.3362708719851577 0.015135699373695199 0.039888682745825604
1 0.6798016701461378 0.3362708719851577 0.014091858037578288 0.038033395176252316
1 0.7022442588726514 0.362708719851577 0.019311064718162838 0.04267161410018553
1 0.7079853862212944 0.34786641929499074 0.019311064718162838 0.04267161410018553
1 0.7181628392484343 0.36595547309833026 0.016701461377870562 0.045454545454545456
1 0.7207724425887265 0.3687384044526902 0.013569937369519834 0.06215213358070501
9 0.9076200417536534 0.39332096474953615 0.024008350730688934 0.059369202226345084
9 0.9825156576200418 0.4035250463821892 0.03392484342379958 0.029684601113172542
6 0.9801670146137788 0.424860853432282 0.038622129436325675 0.04638218923933209