5 0.79525 0.07833333333333334 0.0395 0.014
3 0.85725 0.08366666666666667 0.0095 0.006
3 0.888 0.16066666666666668 0.012 0.014666666666666666
1 0.7725 0.132 0.003 0.006666666666666667
9 0.77225 0.135 0.0035 0.007333333333333333
4 0.943 0.324 0.03 0.03866666666666667
3 0.047 0.6273333333333333 0.094 0.07733333333333334
3 0.09725 0.58 0.1135 0.084
3 0.1555 0.5423333333333333 0.098 0.06466666666666666
3 0.19975 0.5123333333333333 0.0945 0.062
3 0.23975 0.4776666666666667 0.0855 0.06866666666666667
3 0.28125 0.45466666666666666 0.0815 0.056
3 0.3135 0.43866666666666665 0.075 0.04933333333333333
3 0.342 0.412 0.079 0.04533333333333334
3 0.36825 0.39166666666666666 0.0675 0.05
3 0.39275 0.381 0.0645 0.043333333333333335
3 0.41675 0.31233333333333335 0.0445 0.03133333333333333
3 0.12575 0.22633333333333333 0.0315 0.018
3 0.15575 0.25966666666666666 0.0415 0.023333333333333334
3 0.19575 0.24633333333333332 0.0405 0.026
3 0.23425 0.241 0.0235 0.023333333333333334
3 0.24075 0.22433333333333333 0.0425 0.027333333333333334
3 0.2855 0.22266666666666668 0.02 0.021333333333333333
3 0.18925 0.215 0.0425 0.023333333333333334
3 0.149 0.20933333333333334 0.044 0.02666666666666667
4 0.1875 0.232 0.027 0.02666666666666667
4 0.21 0.232 0.025 0.02666666666666667
3 0.25525 0.24766666666666667 0.0205 0.023333333333333334
3 0.2855 0.24966666666666668 0.024 0.027333333333333334
3 0.3125 0.253 0.024 0.026
3 0.336 0.26 0.028 0.02666666666666667
3 0.363 0.2623333333333333 0.021 0.026
3 0.31425 0.224 0.0185 0.02266666666666667
3 0.34 0.227 0.017 0.023333333333333334
3 0.36325 0.232 0.0195 0.02266666666666667
3 0.393 0.23833333333333334 0.025 0.024666666666666667
3 0.36425 0.29833333333333334 0.0415 0.03
3 0.3535 0.30633333333333335 0.037 0.03666666666666667
3 0.4715 0.26866666666666666 0.028 0.03333333333333333
3 0.4975 0.2773333333333333 0.023 0.029333333333333333
3 0.48025 0.32133333333333336 0.0575 0.03333333333333333
3 0.46025 0.24533333333333332 0.0265 0.024
3 0.48575 0.24733333333333332 0.0315 0.025333333333333333
3 0.525 0.282 0.023 0.028
5 0.414 0.2773333333333333 0.072 0.06266666666666666
8 0.254 0.314 0.141 0.09333333333333334
8 0.289 0.2996666666666667 0.138 0.08466666666666667
3 0.6205 0.23066666666666666 0.025 0.02266666666666667
3 0.6455 0.25466666666666665 0.041 0.02266666666666667
3 0.61125 0.2986666666666667 0.0505 0.03333333333333333
3 0.57925 0.3406666666666667 0.0655 0.030666666666666665
3 0.573 0.36 0.072 0.044
3 0.56275 0.38333333333333336 0.0715 0.04
3 0.545 0.4 0.078 0.042666666666666665
3 0.52325 0.4186666666666667 0.0825 0.044
3 0.511 0.44366666666666665 0.081 0.05
5 0.69175 0.29833333333333334 0.0805 0.07666666666666666
5 0.67775 0.352 0.0765 0.056
4 0.78275 0.333 0.0285 0.046
3 0.4885 0.5126666666666667 0.098 0.06533333333333333
3 0.46425 0.545 0.1005 0.07
3 0.44975 0.593 0.1135 0.07933333333333334
3 0.3705 0.687 0.111 0.09266666666666666
1 0.7285 0.43233333333333335 0.016 0.03133333333333333
9 0.72925 0.44133333333333336 0.0135 0.03333333333333333