3 0.5753571428571429 0.9156091370558376 0.017857142857142856 0.06979695431472081
4 0.4392857142857143 0.608502538071066 0.037142857142857144 0.04949238578680203
3 0.4475 0.5894670050761421 0.030714285714285715 0.03680203045685279
3 0.4564285714285714 0.5685279187817259 0.03428571428571429 0.03807106598984772
3 0.4614285714285714 0.5463197969543148 0.03571428571428571 0.044416243654822336
3 0.4689285714285714 0.5266497461928934 0.03357142857142857 0.03807106598984772
3 0.4764285714285714 0.5031725888324873 0.02857142857142857 0.03934010152284264
3 0.4782142857142857 0.48096446700507617 0.029285714285714286 0.03553299492385787
4 0.4832142857142857 0.4612944162436548 0.03357142857142857 0.044416243654822336
3 0.4928571428571429 0.4467005076142132 0.03571428571428571 0.04060913705583756
3 0.495 0.42449238578680204 0.03 0.03680203045685279
4 0.5010714285714286 0.4073604060913706 0.03214285714285714 0.04060913705583756
4 0.5078571428571429 0.3895939086294416 0.03142857142857143 0.03807106598984772
3 0.5117857142857143 0.3756345177664975 0.030714285714285715 0.03299492385786802
3 0.5132142857142857 0.35596446700507617 0.03214285714285714 0.03426395939086294
4 0.5189285714285714 0.3362944162436548 0.03214285714285714 0.03553299492385787
3 0.5260714285714285 0.3267766497461929 0.029285714285714286 0.031725888324873094
3 0.5285714285714286 0.3096446700507614 0.03 0.030456852791878174
3 0.5321428571428571 0.2918781725888325 0.027142857142857142 0.030456852791878174
3 0.5375 0.27918781725888325 0.025 0.030456852791878174
4 0.5485714285714286 0.3381979695431472 0.02 0.046954314720812185
0 0.5557142857142857 0.1916243654822335 0.004285714285714286 0.017766497461928935
5 0.3703571428571429 0.141497461928934 0.027857142857142858 0.05456852791878172
3 0.07535714285714286 0.8458121827411168 0.03214285714285714 0.05203045685279188
3 0.24928571428571428 0.42258883248730966 0.022857142857142857 0.03807106598984772
0 0.2225 0.4530456852791878 0.007857142857142858 0.02030456852791878
3 0.9785714285714285 0.5704314720812182 0.02857142857142857 0.031725888324873094
3 0.8757142857142857 0.29949238578680204 0.027142857142857142 0.027918781725888325
3 0.8660714285714286 0.08756345177664974 0.029285714285714286 0.02284263959390863
3 0.8628571428571429 0.07233502538071065 0.02857142857142857 0.02030456852791878
3 0.8757142857142857 0.053934010152284266 0.027142857142857142 0.021573604060913704
3 0.8682142857142857 0.038705583756345176 0.029285714285714286 0.01903553299492386