3 0.44285714285714284 0.8426395939086294 0.022857142857142857 0.06345177664974619
3 0.45071428571428573 0.9708121827411168 0.047142857142857146 0.05583756345177665
3 0.5957142857142858 0.7043147208121827 0.018571428571428572 0.050761421319796954
3 0.6235714285714286 0.631979695431472 0.018571428571428572 0.050761421319796954
3 0.6607142857142857 0.6637055837563451 0.018571428571428572 0.050761421319796954
3 0.7992857142857143 0.7176395939086294 0.027142857142857142 0.05710659898477157
3 0.6364285714285715 0.49428934010152287 0.018571428571428572 0.031725888324873094
3 0.6814285714285714 0.565989847715736 0.03 0.027918781725888325
3 0.7592857142857142 0.5399746192893401 0.018571428571428572 0.03680203045685279
3 0.8460714285714286 0.6567258883248731 0.03785714285714286 0.031725888324873094
3 0.8203571428571429 0.5964467005076142 0.04214285714285714 0.027918781725888325
3 0.8096428571428571 0.5710659898477157 0.03642857142857143 0.030456852791878174
3 0.7282142857142857 0.5628172588832487 0.04214285714285714 0.02918781725888325
3 0.6610714285714285 0.4676395939086294 0.02214285714285714 0.021573604060913704
3 0.5739285714285715 0.49555837563451777 0.03357142857142857 0.024111675126903553
3 0.5321428571428571 0.7804568527918782 0.04428571428571428 0.048223350253807105
3 0.5242857142857142 0.9625634517766497 0.05 0.046954314720812185
3 0.3796428571428571 0.9498730964467005 0.04357142857142857 0.07233502538071065
3 0.5385714285714286 0.6338832487309645 0.03142857142857143 0.03426395939086294
3 0.5442857142857143 0.4530456852791878 0.011428571428571429 0.03553299492385787
3 0.5435714285714286 0.41814720812182743 0.012857142857142857 0.02918781725888325
3 0.5414285714285715 0.37880710659898476 0.011428571428571429 0.02918781725888325
3 0.545 0.3166243654822335 0.011428571428571429 0.0266497461928934
3 0.5457142857142857 0.25951776649746194 0.01 0.024111675126903553
3 0.5621428571428572 0.20304568527918782 0.02142857142857143 0.017766497461928935
3 0.5946428571428571 0.21763959390862944 0.010714285714285714 0.024111675126903553
3 0.6228571428571429 0.35913705583756345 0.02142857142857143 0.02030456852791878
3 0.6207142857142857 0.34073604060913704 0.024285714285714285 0.021573604060913704
3 0.6578571428571428 0.4517766497461929 0.03 0.02030456852791878
3 0.6525 0.43781725888324874 0.030714285714285715 0.02030456852791878
3 0.6525 0.4200507614213198 0.030714285714285715 0.02030456852791878
3 0.6457142857142857 0.40482233502538073 0.03 0.025380710659898477
3 0.6346428571428572 0.3864213197969543 0.02214285714285714 0.024111675126903553
3 0.6246428571428572 0.37753807106598986 0.019285714285714285 0.024111675126903553
3 0.62 0.3248730964467005 0.024285714285714285 0.02030456852791878
3 0.6171428571428571 0.31281725888324874 0.02142857142857143 0.01903553299492386
3 0.6171428571428571 0.3020304568527919 0.02142857142857143 0.017766497461928935
3 0.615 0.2893401015228426 0.025714285714285714 0.025380710659898477
3 0.6103571428571428 0.2779187817258883 0.02214285714285714 0.02030456852791878
3 0.6135714285714285 0.2633248730964467 0.02 0.021573604060913704
3 0.6092857142857143 0.2563451776649746 0.02142857142857143 0.025380710659898477
4 0.6121428571428571 0.24428934010152284 0.018571428571428572 0.021573604060913704
3 0.6096428571428572 0.23286802030456852 0.016428571428571428 0.01649746192893401
3 0.6064285714285714 0.21954314720812182 0.012857142857142857 0.02030456852791878
3 0.605 0.19923857868020303 0.014285714285714285 0.017766497461928935
3 0.6046428571428571 0.1865482233502538 0.023571428571428573 0.017766497461928935
3 0.6025 0.17576142131979697 0.019285714285714285 0.01649746192893401
3 0.5578571428571428 0.15101522842639595 0.02 0.017766497461928935
3 0.5992857142857143 0.13769035532994925 0.018571428571428572 0.01649746192893401
3 0.5982142857142857 0.1313451776649746 0.019285714285714285 0.013959390862944163
3 0.5978571428571429 0.12373096446700507 0.012857142857142857 0.011421319796954314
4 0.5617857142857143 0.141497461928934 0.015 0.01649746192893401
3 0.5560714285714285 0.16307106598984772 0.017857142857142856 0.013959390862944163
3 0.5596428571428571 0.18464467005076143 0.02214285714285714 0.01649746192893401
3 0.5564285714285714 0.19733502538071065 0.017142857142857144 0.01649746192893401
3 0.5828571428571429 0.2201776649746193 0.011428571428571429 0.01649746192893401
4 0.5692857142857143 0.22398477157360405 0.02 0.01903553299492386
3 0.5646428571428571 0.23477157360406092 0.019285714285714285 0.012690355329949238
3 0.5675 0.24048223350253808 0.020714285714285713 0.01649746192893401
3 0.565 0.24746192893401014 0.02 0.012690355329949238
3 0.5653571428571429 0.2563451776649746 0.02214285714285714 0.017766497461928935
3 0.5682142857142857 0.2760152284263959 0.023571428571428573 0.013959390862944163
3 0.5642857142857143 0.2836294416243655 0.02142857142857143 0.01649746192893401
3 0.5653571428571429 0.29314720812182743 0.02214285714285714 0.017766497461928935
3 0.5660714285714286 0.3039340101522843 0.023571428571428573 0.01649746192893401
3 0.5664285714285714 0.3115482233502538 0.02142857142857143 0.013959390862944163
3 0.5667857142857143 0.3210659898477157 0.025 0.015228426395939087
3 0.5678571428571428 0.33248730964467005 0.022857142857142857 0.015228426395939087
3 0.5682142857142857 0.342005076142132 0.02214285714285714 0.013959390862944163
3 0.5675 0.35279187817258884 0.025 0.017766497461928935
3 0.5703571428571429 0.36421319796954316 0.025 0.017766497461928935
3 0.5703571428571429 0.3756345177664975 0.02642857142857143 0.015228426395939087
3 0.5689285714285715 0.3864213197969543 0.027857142857142858 0.01903553299492386
3 0.5692857142857143 0.39593908629441626 0.02142857142857143 0.017766497461928935
3 0.5685714285714286 0.40926395939086296 0.027142857142857142 0.021573604060913704
3 0.5710714285714286 0.4251269035532995 0.03214285714285714 0.02030456852791878
3 0.57 0.4397208121827411 0.03 0.021573604060913704
3 0.5717857142857142 0.45241116751269034 0.027857142857142858 0.013959390862944163
3 0.5760714285714286 0.46446700507614214 0.027857142857142858 0.025380710659898477
3 0.5728571428571428 0.48096446700507617 0.03142857142857143 0.017766497461928935
3 0.6171428571428571 0.0850253807106599 0.007142857142857143 0.012690355329949238
3 0.5932142857142857 0.06535532994923858 0.0064285714285714285 0.013959390862944163
3 0.5896428571428571 0.02728426395939086 0.0064285714285714285 0.013959390862944163
5 0.5964285714285714 0.08058375634517767 0.01 0.024111675126903553
3 0.485 0.38388324873096447 0.014285714285714285 0.031725888324873094
3 0.4807142857142857 0.3534263959390863 0.011428571428571429 0.02918781725888325
3 0.4810714285714286 0.33058375634517767 0.010714285714285714 0.02918781725888325
0 0.5371428571428571 0.2233502538071066 0.004285714285714286 0.015228426395939087
0 0.5435714285714286 0.22144670050761422 0.002857142857142857 0.013959390862944163
0 0.6228571428571429 0.5095177664974619 0.004285714285714286 0.01903553299492386
0 0.6160714285714286 0.5120558375634517 0.0035714285714285713 0.01903553299492386
0 0.6175 0.5 0.0035714285714285713 0.017766497461928935
3 0.5357142857142857 0.5621827411167513 0.03 0.030456852791878174
3 0.5339285714285714 0.5856598984771574 0.03214285714285714 0.0266497461928934
3 0.5332142857142858 0.6065989847715736 0.03785714285714286 0.027918781725888325
3 0.5332142857142858 0.6605329949238579 0.027857142857142858 0.02918781725888325
3 0.5335714285714286 0.6852791878172588 0.037142857142857144 0.03807106598984772
3 0.5364285714285715 0.7157360406091371 0.037142857142857144 0.03807106598984772
3 0.5328571428571428 0.7436548223350253 0.041428571428571426 0.04568527918781726
3 0.36428571428571427 0.9200507614213198 0.04 0.07106598984771574
3 0.3442857142857143 0.8953045685279187 0.041428571428571426 0.07233502538071065
3 0.4067857142857143 0.9815989847715736 0.04214285714285714 0.03426395939086294
3 0.5257142857142857 0.9892131979695431 0.04428571428571428 0.01903553299492386
0 0.9632142857142857 0.9841370558375635 0.010714285714285714 0.024111675126903553
9 0.8732142857142857 0.41243654822335024 0.007857142857142858 0.02030456852791878
3 0.5432142857142858 0.3477157360406091 0.013571428571428571 0.03553299492385787