3 0.6792857142857143 0.9720812182741116 0.054285714285714284 0.048223350253807105
8 0.7482142857142857 0.868020304568528 0.027857142857142858 0.09390862944162437
3 0.5189285714285714 0.9809644670050761 0.047857142857142855 0.03553299492385787
3 0.6717857142857143 0.9263959390862944 0.045 0.04060913705583756
3 0.6682142857142858 0.8794416243654822 0.05071428571428571 0.04314720812182741
4 0.6646428571428571 0.8331218274111675 0.05071428571428571 0.044416243654822336
3 0.7303571428571428 0.7074873096446701 0.02642857142857143 0.08756345177664974
3 0.7110714285714286 0.49238578680203043 0.02214285714285714 0.06852791878172589
3 0.6896428571428571 0.49746192893401014 0.019285714285714285 0.07360406091370558
3 0.6664285714285715 0.4949238578680203 0.018571428571428572 0.06598984771573604
3 0.645 0.491751269035533 0.02 0.06979695431472081
3 0.6207142857142857 0.4930203045685279 0.02142857142857143 0.07487309644670051
3 0.5978571428571429 0.49111675126903553 0.02 0.06852791878172589
3 0.5757142857142857 0.49238578680203043 0.018571428571428572 0.07360406091370558
3 0.5525 0.47906091370558374 0.02214285714285714 0.06979695431472081
3 0.5325 0.49428934010152287 0.017857142857142856 0.06218274111675127
5 0.43607142857142855 0.6015228426395939 0.047857142857142855 0.116751269035533
3 0.31464285714285717 0.9098984771573604 0.030714285714285715 0.11421319796954314
3 0.2625 0.40482233502538073 0.02214285714285714 0.07360406091370558
3 0.3375 0.30076142131979694 0.023571428571428573 0.07106598984771574
3 0.3217857142857143 0.1434010152284264 0.019285714285714285 0.06091370558375635
3 0.2675 0.19035532994923857 0.023571428571428573 0.07360406091370558
3 0.30214285714285716 0.01967005076142132 0.018571428571428572 0.03934010152284264