3 0.028 0.676 0.056 0.1
3 0.07675 0.435 0.1375 0.08733333333333333
3 0.11 0.13566666666666666 0.102 0.05533333333333333
3 0.6265 0.674 0.147 0.10933333333333334
3 0.543 0.226 0.109 0.06933333333333333
3 0.3955 0.263 0.104 0.06466666666666666
1 0.40375 0.6956666666666667 0.0265 0.04466666666666667
2 0.40725 0.7043333333333334 0.0555 0.038
1 0.7785 0.24166666666666667 0.021 0.048666666666666664
9 0.77575 0.24133333333333334 0.0435 0.032
2 0.90075 0.25533333333333336 0.0315 0.034666666666666665
1 0.90875 0.24166666666666667 0.0205 0.03933333333333333