9 0.16127348643006262 0.4141929499072356 0.016701461377870562 0.038033395176252316
7 0.1771920668058455 0.5134508348794063 0.04018789144050104 0.05102040816326531
6 0.14274530271398747 0.4976808905380334 0.02139874739039666 0.06215213358070501
6 0.0975991649269311 0.5088126159554731 0.060542797494780795 0.05473098330241188
3 0.045668058455114825 0.44387755102040816 0.04123173277661795 0.09183673469387756
6 0.22964509394572025 0.813543599257885 0.037578288100208766 0.06307977736549165
1 0.20120041753653445 0.8854359925788498 0.01826722338204593 0.021335807050092765
1 0.21529227557411273 0.884508348794063 0.01826722338204593 0.0287569573283859
7 0.23068893528183715 0.5412801484230055 0.04697286012526096 0.04916512059369202
7 0.24112734864300625 0.4935064935064935 0.04697286012526096 0.05009276437847866
0 0.2612212943632568 0.7792207792207793 0.014091858037578288 0.027829313543599257
0 0.270615866388309 0.8070500927643784 0.01722338204592902 0.029684601113172542
0 0.3136743215031315 0.8065862708719852 0.012526096033402923 0.036178107606679034
0 0.3342901878914405 0.8186456400742115 0.016179540709812108 0.039888682745825604
1 0.322286012526096 0.7342300556586271 0.010960334029227558 0.03432282003710575
6 0.3322025052192067 0.7323747680890538 0.05688935281837161 0.04730983302411874
6 0.27009394572025053 0.8608534322820037 0.024530271398747392 0.07606679035250463
0 0.4144050104384134 0.9169758812615956 0.011482254697286013 0.026901669758812616
9 0.7019832985386222 0.9749536178107606 0.018789144050104383 0.04823747680890538
3 0.7552192066805845 0.8965677179962894 0.04697286012526096 0.1345083487940631
1 0.7126826722338204 0.7031539888682746 0.012004175365344467 0.027829313543599257
1 0.7377348643006263 0.7263450834879406 0.015135699373695199 0.027829313543599257
9 0.7116388308977035 0.711038961038961 0.027661795407098122 0.02504638218923933
9 0.7372129436325678 0.7319109461966605 0.0255741127348643 0.029684601113172542
6 0.9227557411273486 0.5222634508348795 0.04697286012526096 0.04823747680890538
9 0.6975469728601252 0.4819109461966605 0.015135699373695199 0.04359925788497217
7 0.6471816283924844 0.5584415584415584 0.0511482254697286 0.055658627087198514
7 0.5339248434237995 0.5473098330241187 0.08455114822546973 0.07977736549165121
0 0.5125260960334029 0.48515769944341375 0.013569937369519834 0.04267161410018553
1 0.32828810020876825 0.601113172541744 0.012526096033402923 0.029684601113172542
1 0.38413361169102295 0.5255102040816326 0.010438413361169102 0.036178107606679034
1 0.3859603340292276 0.5269016697588126 0.007828810020876827 0.025974025974025976
0 0.3914405010438413 0.5097402597402597 0.012526096033402923 0.03432282003710575
2 0.39065762004175364 0.5069573283858998 0.024530271398747392 0.03432282003710575
9 0.38517745302713985 0.5282931354359925 0.018789144050104383 0.0287569573283859
6 0.3345511482254697 0.6057513914656771 0.03966597077244259 0.03710575139146568
0 0.2784446764091858 0.4090909090909091 0.010960334029227558 0.029684601113172542
6 0.2873173277661795 0.4007421150278293 0.016179540709812108 0.05009276437847866
0 0.305062630480167 0.47912801484230055 0.014091858037578288 0.0287569573283859
0 0.3079331941544885 0.400278293135436 0.012526096033402923 0.023191094619666047
0 0.305062630480167 0.3803339517625232 0.012004175365344467 0.03153988868274583
0 0.3076722338204593 0.3538961038961039 0.012004175365344467 0.03432282003710575
0 0.3846555323590814 0.45408163265306123 0.011482254697286013 0.03432282003710575
6 0.31758872651356995 0.4679962894248609 0.024530271398747392 0.05844155844155844
6 0.3277661795407098 0.44434137291280146 0.024008350730688934 0.04452690166975881
6 0.3168058455114823 0.40120593692022266 0.015657620041753653 0.03432282003710575
7 0.3616910229645094 0.3984230055658627 0.019832985386221295 0.06771799628942486
9 0.34237995824634654 0.37012987012987014 0.012526096033402923 0.03710575139146568
0 0.34159707724425886 0.36363636363636365 0.014091858037578288 0.03339517625231911
0 0.2745302713987474 0.27087198515769945 0.011482254697286013 0.03339517625231911
0 0.2849686847599165 0.2625231910946197 0.013569937369519834 0.03710575139146568
9 0.33402922755741127 0.24675324675324675 0.013569937369519834 0.03339517625231911
6 0.32620041753653445 0.2189239332096475 0.015657620041753653 0.04267161410018553
7 0.3246346555323591 0.1660482374768089 0.020876826722338204 0.059369202226345084
6 0.34707724425887265 0.16651205936920221 0.016701461377870562 0.05287569573283859
7 0.3444676409185804 0.11549165120593692 0.016701461377870562 0.04730983302411874
0 0.36247390396659707 0.1280148423005566 0.007828810020876827 0.03339517625231911
7 0.32332985386221297 0.07467532467532467 0.016179540709812108 0.045454545454545456
9 0.27322546972860123 0.3200371057513915 0.01826722338204593 0.02411873840445269