3 0.086 0.7503333333333333 0.172 0.23666666666666666
3 0.35125 0.4 0.1185 0.12666666666666668
3 0.4405 0.4106666666666667 0.101 0.12266666666666666
3 0.3445 0.25066666666666665 0.119 0.076
6 0.35625 0.21333333333333335 0.0705 0.044
3 0.40375 0.199 0.1045 0.062
4 0.61575 0.333 0.1115 0.08866666666666667
4 0.5945 0.26866666666666666 0.108 0.096
3 0.6735 0.30966666666666665 0.122 0.078
3 0.7315 0.2803333333333333 0.125 0.07533333333333334
4 0.64 0.21166666666666667 0.087 0.086
4 0.6215 0.163 0.057 0.06866666666666667
4 0.72375 0.179 0.1185 0.08066666666666666
2 0.69825 0.213 0.0275 0.042
4 0.701 0.151 0.094 0.062
4 0.684 0.13366666666666666 0.077 0.056666666666666664
3 0.6435 0.09766666666666667 0.049 0.04466666666666667
4 0.7275 0.09166666666666666 0.08 0.056666666666666664
3 0.7445 0.08433333333333333 0.071 0.04466666666666667
3 0.709 0.06433333333333334 0.083 0.03666666666666667
4 0.74325 0.05 0.0525 0.04933333333333333
3 0.74325 0.041 0.0685 0.04066666666666666
3 0.73625 0.029 0.0645 0.035333333333333335
3 0.7435 0.022 0.049 0.029333333333333333
0 0.72725 0.009666666666666667 0.0075 0.019333333333333334
3 0.4905 0.08733333333333333 0.063 0.04533333333333334
4 0.50175 0.06366666666666666 0.0655 0.048666666666666664
3 0.5115 0.054 0.061 0.034666666666666665
3 0.52475 0.044333333333333336 0.0685 0.038
3 0.57875 0.044333333333333336 0.0315 0.03933333333333333
0 0.239 0.3473333333333333 0.024 0.06933333333333333
0 0.23825 0.3343333333333333 0.0215 0.059333333333333335
2 0.3215 0.333 0.042 0.046
2 0.34675 0.2836666666666667 0.0375 0.046
0 0.53925 0.25066666666666665 0.0195 0.06
0 0.83775 0.5476666666666666 0.0265 0.07
1 0.8915 0.5263333333333333 0.033 0.059333333333333335
9 0.89725 0.5353333333333333 0.0665 0.068
1 0.66575 0.495 0.0285 0.051333333333333335
1 0.71725 0.4136666666666667 0.0245 0.042
9 0.70125 0.384 0.0215 0.06133333333333333
0 0.7405 0.31066666666666665 0.017 0.058666666666666666
9 0.7525 0.239 0.04 0.048666666666666664
6 0.80275 0.17933333333333334 0.0445 0.037333333333333336
8 0.55425 0.012 0.0635 0.024