4 0.125 0.157994923857868 0.017142857142857144 0.013959390862944163
3 0.1475 0.12753807106598986 0.016428571428571428 0.013959390862944163
3 0.13107142857142856 0.27347715736040606 0.015 0.021573604060913704
3 0.13214285714285715 0.3401015228426396 0.018571428571428572 0.03553299492385787
3 0.27285714285714285 0.02918781725888325 0.01 0.017766497461928935
4 0.23464285714285715 0.2296954314720812 0.012142857142857143 0.025380710659898477
4 0.23107142857142857 0.2887055837563452 0.012142857142857143 0.04187817258883249
3 0.15178571428571427 0.11928934010152284 0.013571428571428571 0.01015228426395939
3 0.15464285714285714 0.1148477157360406 0.017857142857142856 0.011421319796954314
3 0.15892857142857142 0.10786802030456853 0.015 0.012690355329949238
3 0.16214285714285714 0.10215736040609137 0.012857142857142857 0.011421319796954314
3 0.16714285714285715 0.09390862944162437 0.012857142857142857 0.015228426395939087
3 0.17285714285714285 0.08248730964467005 0.015714285714285715 0.01015228426395939
3 0.17785714285714285 0.07677664974619289 0.014285714285714285 0.011421319796954314
3 0.18821428571428572 0.05456852791878172 0.015 0.007614213197969543
5 0.023928571428571428 0.4467005076142132 0.03214285714285714 0.0532994923857868
3 0.07035714285714285 0.5812182741116751 0.02642857142857143 0.02030456852791878
8 0.23714285714285716 0.6897208121827412 0.041428571428571426 0.031725888324873094
5 0.29392857142857143 0.6789340101522843 0.04071428571428572 0.03807106598984772
0 0.028214285714285713 0.8775380710659898 0.0064285714285714285 0.013959390862944163
2 0.047857142857142855 0.850253807106599 0.012857142857142857 0.01015228426395939
3 0.4282142857142857 0.01649746192893401 0.009285714285714286 0.02030456852791878
3 0.43714285714285717 0.04060913705583756 0.008571428571428572 0.015228426395939087
5 0.4492857142857143 0.06916243654822335 0.015714285714285715 0.03426395939086294
3 0.47714285714285715 0.14276649746192893 0.011428571428571429 0.01903553299492386
2 0.5132142857142857 0.5996192893401016 0.009285714285714286 0.011421319796954314
0 0.5135714285714286 0.5964467005076142 0.004285714285714286 0.01015228426395939
3 0.725 0.030456852791878174 0.014285714285714285 0.012690355329949238
3 0.7053571428571429 0.030456852791878174 0.012142857142857143 0.012690355329949238
3 0.6971428571428572 0.02601522842639594 0.011428571428571429 0.011421319796954314
3 0.6942857142857143 0.020939086294416244 0.012857142857142857 0.011421319796954314
3 0.6917857142857143 0.013959390862944163 0.013571428571428571 0.01015228426395939
3 0.7185714285714285 0.025380710659898477 0.011428571428571429 0.01015228426395939
3 0.7135714285714285 0.02030456852791878 0.011428571428571429 0.01015228426395939
3 0.7082142857142857 0.00951776649746193 0.012142857142857143 0.011421319796954314
3 0.7396428571428572 0.0266497461928934 0.013571428571428571 0.012690355329949238
3 0.7342857142857143 0.022208121827411168 0.012857142857142857 0.008883248730964468
3 0.7289285714285715 0.013959390862944163 0.015 0.012690355329949238
3 0.7260714285714286 0.007614213197969543 0.012142857142857143 0.01015228426395939
3 0.7207142857142858 0.005076142131979695 0.012857142857142857 0.01015228426395939
4 0.7607142857142857 0.14784263959390864 0.014285714285714285 0.0266497461928934
3 0.7475 0.11104060913705584 0.015 0.013959390862944163
3 0.7439285714285714 0.10406091370558376 0.016428571428571428 0.012690355329949238
3 0.7546428571428572 0.11802030456852793 0.013571428571428571 0.015228426395939087
3 0.7575 0.12690355329949238 0.015 0.012690355329949238
3 0.7657142857142857 0.13451776649746192 0.012857142857142857 0.012690355329949238
5 0.7785714285714286 0.29758883248730966 0.04 0.044416243654822336
8 0.9382142857142857 0.09771573604060914 0.03642857142857143 0.050761421319796954
5 0.9839285714285714 0.1446700507614213 0.025 0.04060913705583756
5 0.9846428571428572 0.19098984771573604 0.019285714285714285 0.044416243654822336
4 0.9435714285714286 0.22715736040609136 0.02 0.025380710659898477
4 0.8910714285714286 0.23096446700507614 0.02214285714285714 0.02030456852791878
0 0.9103571428571429 0.47081218274111675 0.005 0.012690355329949238
0 0.8835714285714286 0.5786802030456852 0.004285714285714286 0.01015228426395939
0 0.9392857142857143 0.5545685279187818 0.004285714285714286 0.012690355329949238
0 0.9442857142857143 0.5406091370558376 0.004285714285714286 0.012690355329949238