0 0.2557142857142857 0.02284263959390863 0.007142857142857143 0.030456852791878174
0 0.2642857142857143 0.02601522842639594 0.008571428571428572 0.02918781725888325
0 0.2692857142857143 0.008883248730964468 0.007142857142857143 0.017766497461928935
0 0.2735714285714286 0.024111675126903553 0.007142857142857143 0.030456852791878174
0 0.2832142857142857 0.02982233502538071 0.0064285714285714285 0.021573604060913704
0 0.2892857142857143 0.01649746192893401 0.01 0.03299492385786802
0 0.2892857142857143 0.008248730964467006 0.007142857142857143 0.01649746192893401
0 0.3032142857142857 0.057741116751269035 0.0064285714285714285 0.024111675126903553
0 0.3175 0.2151015228426396 0.007857142857142858 0.02918781725888325
0 0.30964285714285716 0.19606598984771573 0.0064285714285714285 0.021573604060913704
0 0.31857142857142856 0.19225888324873097 0.007142857142857143 0.0266497461928934
0 0.32357142857142857 0.2100253807106599 0.004285714285714286 0.01903553299492386
0 0.31857142857142856 0.19289340101522842 0.007142857142857143 0.027918781725888325
0 0.3271428571428571 0.20304568527918782 0.005714285714285714 0.027918781725888325
0 0.365 0.23286802030456852 0.007142857142857143 0.024111675126903553
0 0.33535714285714285 0.3217005076142132 0.009285714285714286 0.0266497461928934
0 0.38571428571428573 0.4156091370558376 0.005714285714285714 0.0266497461928934
0 0.44107142857142856 0.5977157360406091 0.007857142857142858 0.02284263959390863
0 0.4417857142857143 0.6116751269035533 0.0064285714285714285 0.02030456852791878
0 0.41535714285714287 0.6935279187817259 0.007857142857142858 0.01903553299492386
0 0.39285714285714285 0.692258883248731 0.007142857142857143 0.021573604060913704
1 0.3867857142857143 0.6954314720812182 0.005 0.015228426395939087
0 0.38392857142857145 0.7163705583756346 0.007857142857142858 0.01649746192893401
0 0.36964285714285716 0.7442893401015228 0.007857142857142858 0.013959390862944163
0 0.4135714285714286 0.7480964467005076 0.01 0.021573604060913704
0 0.3414285714285714 0.7722081218274112 0.01 0.01903553299492386
0 0.11178571428571428 0.8705583756345178 0.019285714285714285 0.015228426395939087
0 0.03857142857142857 0.9263959390862944 0.018571428571428572 0.025380710659898477
3 0.15285714285714286 0.9682741116751269 0.08 0.06091370558375635
3 0.29285714285714287 0.9606598984771574 0.07571428571428572 0.07614213197969544
3 0.25892857142857145 0.9086294416243654 0.07214285714285715 0.08121827411167512
0 0.9896428571428572 0.9860406091370558 0.019285714285714285 0.017766497461928935
4 0.9860714285714286 0.7810913705583756 0.027857142857142858 0.06979695431472081
3 0.9675 0.7024111675126904 0.065 0.0799492385786802
0 0.7453571428571428 0.5355329949238579 0.010714285714285714 0.03299492385786802
0 0.7421428571428571 0.5063451776649747 0.007142857142857143 0.02030456852791878
1 0.7460714285714286 0.5209390862944162 0.009285714285714286 0.0266497461928934
0 0.7535714285714286 0.5025380710659898 0.012857142857142857 0.02030456852791878
0 0.7725 0.5266497461928934 0.009285714285714286 0.02030456852791878
0 0.7782142857142857 0.5215736040609137 0.010714285714285714 0.02030456852791878
0 0.7914285714285715 0.5241116751269036 0.011428571428571429 0.02284263959390863
0 0.7310714285714286 0.46383248730964466 0.009285714285714286 0.024111675126903553
0 0.6675 0.309010152284264 0.0064285714285714285 0.024111675126903553
0 0.6835714285714286 0.35786802030456855 0.007142857142857143 0.027918781725888325
0 0.7139285714285715 0.42258883248730966 0.010714285714285714 0.02284263959390863
0 0.7475 0.43083756345177665 0.007857142857142858 0.021573604060913704
0 0.7382142857142857 0.4543147208121827 0.009285714285714286 0.017766497461928935
1 0.7453571428571428 0.47081218274111675 0.005 0.012690355329949238
0 0.7792857142857142 0.4581218274111675 0.012857142857142857 0.02284263959390863
0 0.7828571428571428 0.501269035532995 0.012857142857142857 0.02284263959390863
0 0.79 0.48096446700507617 0.011428571428571429 0.02030456852791878
0 0.8014285714285714 0.47652284263959394 0.014285714285714285 0.021573604060913704
0 0.7975 0.5057106598984772 0.012142857142857143 0.024111675126903553
3 0.485 0.4873096446700508 0.037142857142857144 0.09644670050761421
3 0.5371428571428571 0.49682741116751267 0.03857142857142857 0.09517766497461928