9 0.08011482254697286 0.34879406307977734 0.02139874739039666 0.04081632653061224
3 0.1343945720250522 0.31539888682745826 0.04018789144050104 0.0686456400742115
3 0.17066805845511482 0.3293135435992579 0.037578288100208766 0.07050092764378478
3 0.21659707724425886 0.3409090909090909 0.03966597077244259 0.06957328385899815
3 0.07489561586638831 0.6484230055658627 0.05167014613778706 0.1150278293135436
0 0.34055323590814196 0.7546382189239332 0.016179540709812108 0.038033395176252316
0 0.14744258872651356 0.9397031539888683 0.024530271398747392 0.04452690166975881
0 0.15657620041753653 0.9141929499072357 0.022964509394572025 0.04730983302411874
7 0.3770876826722338 0.9253246753246753 0.038100208768267224 0.1437847866419295
0 0.3123695198329854 0.3269944341372913 0.010960334029227558 0.036178107606679034
1 0.3387265135699374 0.45037105751391465 0.010438413361169102 0.026901669758812616
9 0.3397703549060543 0.4559369202226345 0.015657620041753653 0.039888682745825604
7 0.3674321503131524 0.38868274582560297 0.017745302713987474 0.059369202226345084
1 0.32515657620041755 0.12152133580705009 0.007306889352818371 0.02411873840445269
2 0.32541753653444677 0.12755102040816327 0.008872651356993737 0.0287569573283859
3 0.34029227557411273 0.1456400742115028 0.021920668058455117 0.04267161410018553
9 0.352035490605428 0.10667903525046382 0.014091858037578288 0.02040816326530612
9 0.302713987473904 0.09740259740259741 0.009394572025052192 0.022263450834879406
9 0.3040187891440501 0.08673469387755102 0.01722338204592902 0.017625231910946195
9 0.305062630480167 0.07977736549165121 0.015135699373695199 0.01855287569573284
9 0.3068893528183716 0.07328385899814471 0.016701461377870562 0.02040816326530612
9 0.3575156576200417 0.05983302411873841 0.015657620041753653 0.015769944341372914
9 0.3585594989561587 0.05705009276437848 0.015657620041753653 0.015769944341372914
9 0.35934237995824636 0.05287569573283859 0.015135699373695199 0.016697588126159554
9 0.36038622129436326 0.048701298701298704 0.016179540709812108 0.015769944341372914
9 0.35934237995824636 0.041280148423005564 0.015135699373695199 0.015769944341372914
9 0.36143006263048016 0.036178107606679034 0.015135699373695199 0.016697588126159554
9 0.36247390396659707 0.03200371057513915 0.014091858037578288 0.017625231910946195
1 0.5756784968684759 0.15584415584415584 0.007306889352818371 0.02411873840445269
1 0.5751565762004175 0.15445269016697588 0.006263048016701462 0.023191094619666047
9 0.574634655532359 0.16048237476808905 0.007306889352818371 0.027829313543599257
1 0.5955114822546973 0.24582560296846012 0.009394572025052192 0.025974025974025976
9 0.5957724425887265 0.25185528756957326 0.006784968684759917 0.03432282003710575
1 0.6868475991649269 0.7963821892393321 0.014613778705636743 0.032467532467532464
1 0.68580375782881 0.786178107606679 0.011482254697286013 0.03432282003710575
2 0.6871085594989561 0.8047309833024119 0.01722338204592902 0.05287569573283859