5 0.09035714285714286 0.013959390862944163 0.03357142857142857 0.027918781725888325
5 0.11964285714285715 0.04568527918781726 0.03642857142857143 0.06345177664974619
3 0.15285714285714286 0.08312182741116751 0.037142857142857144 0.02918781725888325
3 0.19964285714285715 0.16053299492385786 0.019285714285714285 0.046954314720812185
4 0.2292857142857143 0.19606598984771573 0.025714285714285714 0.05203045685279188
4 0.25107142857142856 0.2519035532994924 0.025 0.06218274111675127
4 0.16178571428571428 0.1998730964467005 0.02642857142857143 0.04949238578680203
0 0.20392857142857143 0.10088832487309644 0.0064285714285714285 0.021573604060913704
0 0.23107142857142857 0.1199238578680203 0.007857142857142858 0.021573604060913704
0 0.2596428571428571 0.2151015228426396 0.005 0.024111675126903553
0 0.2735714285714286 0.25317258883248733 0.005714285714285714 0.021573604060913704
0 0.22285714285714286 0.22842639593908629 0.005714285714285714 0.02284263959390863
4 0.2671428571428571 0.3299492385786802 0.022857142857142857 0.05583756345177665
3 0.2507142857142857 0.43781725888324874 0.03 0.06091370558375635
3 0.2932142857142857 0.5380710659898477 0.03357142857142857 0.06852791878172589
1 0.002857142857142857 0.3737309644670051 0.004285714285714286 0.013959390862944163
0 0.0032142857142857142 0.37119289340101524 0.005 0.01649746192893401
0 0.0032142857142857142 0.3635786802030457 0.005 0.01649746192893401
0 0.017142857142857144 0.37817258883248733 0.01 0.02284263959390863
0 0.02892857142857143 0.3946700507614213 0.009285714285714286 0.02030456852791878
0 0.07785714285714286 0.9219543147208121 0.01 0.024111675126903553
0 0.08642857142857142 0.8692893401015228 0.01 0.015228426395939087
3 0.36357142857142855 0.8071065989847716 0.037142857142857144 0.09137055837563451
5 0.4775 0.9670050761421319 0.06642857142857143 0.06345177664974619
0 0.8767857142857143 0.5869289340101523 0.010714285714285714 0.024111675126903553
0 0.6453571428571429 0.524746192893401 0.009285714285714286 0.031725888324873094
0 0.6775 0.4854060913705584 0.009285714285714286 0.02918781725888325
0 0.6828571428571428 0.44923857868020306 0.007142857142857143 0.03299492385786802
0 0.925 0.048223350253807105 0.005714285714285714 0.02030456852791878
0 0.8875 0.10215736040609137 0.009285714285714286 0.024111675126903553
8 0.905 0.1319796954314721 0.06285714285714286 0.116751269035533
3 0.8696428571428572 0.21256345177664976 0.027857142857142858 0.03934010152284264
3 0.8385714285714285 0.25317258883248733 0.037142857142857144 0.04949238578680203
8 0.8071428571428572 0.3229695431472081 0.07714285714285714 0.1484771573604061
8 0.7721428571428571 0.47652284263959394 0.09285714285714286 0.1916243654822335
8 0.6714285714285714 0.6072335025380711 0.07571428571428572 0.14593908629441624
4 0.9389285714285714 0.07550761421319797 0.02642857142857143 0.04187817258883249
4 0.28 0.39276649746192893 0.025714285714285714 0.06218274111675127