3 0.5441022964509394 0.8719851576994434 0.04749478079331942 0.19480519480519481
3 0.5341858037578288 0.6442486085343229 0.05375782881002088 0.1567717996289425
7 0.5835073068893528 0.3803339517625232 0.021920668058455117 0.06493506493506493
7 0.5174843423799582 0.36410018552875695 0.024530271398747392 0.06771799628942486
1 0.5610647181628392 0.28385899814471244 0.008350730688935281 0.03525046382189239
6 0.5587160751565762 0.29730983302411873 0.014091858037578288 0.04359925788497217
3 0.6367432150313153 0.08998144712430427 0.061586638830897704 0.05380333951762523
9 0.634133611691023 0.14981447124304267 0.013569937369519834 0.04730983302411874
9 0.6756263048016702 0.15630797773654917 0.02244258872651357 0.02504638218923933
9 0.6881524008350731 0.16512059369202226 0.02348643006263048 0.02411873840445269
9 0.6881524008350731 0.3070500927643785 0.030793319415448852 0.029684601113172542
9 0.6779749478079332 0.3761595547309833 0.025052192066805846 0.030612244897959183
9 0.6931106471816284 0.44990723562152135 0.030271398747390398 0.027829313543599257
9 0.666231732776618 0.6289424860853432 0.029749478079331943 0.05009276437847866
9 0.3324634655532359 0.8140074211502782 0.028183716075156576 0.05844155844155844
3 0.3410751565762004 0.274582560296846 0.0662839248434238 0.06493506493506493
9 0.3418580375782881 0.19990723562152132 0.024008350730688934 0.030612244897959183
0 0.33611691022964507 0.16975881261595546 0.010438413361169102 0.03339517625231911
0 0.45120041753653445 0.10528756957328386 0.006784968684759917 0.032467532467532464
0 0.4412839248434238 0.10111317254174397 0.005741127348643006 0.03896103896103896
7 0.45668058455114824 0.06910946196660482 0.022964509394572025 0.07142857142857142
9 0.4261482254697286 0.37430426716141 0.008872651356993737 0.041743970315398886
1 0.4264091858037578 0.36131725417439703 0.009394572025052192 0.030612244897959183
1 0.4016179540709812 0.8724489795918368 0.01722338204592902 0.039888682745825604
1 0.4057933194154488 0.8404452690166976 0.01722338204592902 0.029684601113172542
6 0.40735908141962424 0.859925788497217 0.027661795407098122 0.11317254174397032
1 0.4715553235908142 0.7091836734693877 0.014091858037578288 0.030612244897959183
9 0.47103340292275575 0.7064007421150278 0.013048016701461378 0.05658627087198516
0 0.6784968684759917 0.4893320964749536 0.013569937369519834 0.026901669758812616
0 0.691544885177453 0.5236549165120594 0.012526096033402923 0.038033395176252316
0 0.6821503131524008 0.5681818181818182 0.009394572025052192 0.038033395176252316
1 0.6920668058455115 0.5408163265306123 0.007306889352818371 0.027829313543599257
9 0.6850208768267223 0.06539888682745826 0.02244258872651357 0.03432282003710575
9 0.6860647181628392 0.05612244897959184 0.02244258872651357 0.02504638218923933