3 0.3632142857142857 0.48350253807106597 0.023571428571428573 0.08883248730964467
3 0.3939285714285714 0.4847715736040609 0.020714285714285713 0.08883248730964467
3 0.4307142857142857 0.4847715736040609 0.025714285714285714 0.09644670050761421
3 0.4639285714285714 0.4663705583756345 0.023571428571428573 0.08248730964467005
3 0.4992857142857143 0.47652284263959394 0.02142857142857143 0.07487309644670051
3 0.5296428571428572 0.4714467005076142 0.027857142857142858 0.0901015228426396
3 0.5642857142857143 0.46383248730964466 0.025714285714285714 0.09263959390862944
3 0.5982142857142857 0.467005076142132 0.03357142857142857 0.09898477157360407
3 0.6357142857142857 0.4663705583756345 0.03428571428571429 0.09771573604060914
3 0.7978571428571428 0.4631979695431472 0.024285714285714285 0.09390862944162437
3 0.83 0.45621827411167515 0.027142857142857142 0.08756345177664974
3 0.8346428571428571 0.6973350253807107 0.05071428571428571 0.0850253807106599
3 0.88 0.6687817258883249 0.05142857142857143 0.08375634517766498
3 0.8064285714285714 0.7544416243654822 0.05 0.08248730964467005
3 0.7842857142857143 0.7937817258883249 0.047142857142857146 0.0799492385786802
3 0.7060714285714286 0.6535532994923858 0.052142857142857144 0.04060913705583756
4 0.9689285714285715 0.649746192893401 0.04928571428571429 0.03807106598984772
4 0.9610714285714286 0.42576142131979694 0.03785714285714286 0.07233502538071065
4 0.9857142857142858 0.4384517766497462 0.02857142857142857 0.08756345177664974
5 0.8892857142857142 0.407994923857868 0.08571428571428572 0.05456852791878172
3 0.15607142857142858 0.47588832487309646 0.056428571428571425 0.04314720812182741
3 0.08785714285714286 0.4847715736040609 0.055714285714285716 0.04060913705583756
3 0.23642857142857143 0.37944162436548223 0.025714285714285714 0.10152284263959391
3 0.20892857142857144 0.383248730964467 0.025 0.09898477157360407
3 0.1775 0.3737309644670051 0.025 0.09263959390862944
3 0.15071428571428572 0.3870558375634518 0.025714285714285714 0.09898477157360407
3 0.12321428571428572 0.3946700507614213 0.02642857142857143 0.10406091370558376
3 0.08892857142857143 0.39403553299492383 0.02642857142857143 0.11040609137055837
3 0.05785714285714286 0.40482233502538073 0.03 0.09390862944162437
3 0.02892857142857143 0.4029187817258883 0.025 0.0799492385786802
3 0.21964285714285714 0.19098984771573604 0.04928571428571429 0.04949238578680203
3 0.44607142857142856 0.24111675126903553 0.052142857142857144 0.04314720812182741
3 0.5471428571428572 0.31916243654822335 0.05285714285714286 0.03680203045685279
3 0.48178571428571426 0.15101522842639595 0.052142857142857144 0.04568527918781726
3 0.3392857142857143 0.07360406091370558 0.025714285714285714 0.07868020304568528
3 0.16392857142857142 0.1065989847715736 0.029285714285714286 0.08121827411167512
3 0.1325 0.11040609137055837 0.027857142857142858 0.10152284263959391
3 0.10535714285714286 0.12309644670050761 0.029285714285714286 0.1065989847715736
3 0.06928571428571428 0.12246192893401016 0.032857142857142856 0.10025380710659898
3 0.03214285714285714 0.14022842639593908 0.037142857142857144 0.09771573604060914
3 0.007857142857142858 0.407994923857868 0.015714285714285715 0.10025380710659898
3 0.02035714285714286 0.7030456852791879 0.039285714285714285 0.05583756345177665
0 0.21714285714285714 0.125 0.012857142857142857 0.01903553299492386
0 0.22964285714285715 0.11230964467005077 0.012142857142857143 0.01903553299492386
0 0.22714285714285715 0.08756345177664974 0.012857142857142857 0.012690355329949238
9 0.8739285714285714 0.35913705583756345 0.023571428571428573 0.04568527918781726