3 0.4614285714285714 0.7772842639593909 0.017142857142857144 0.05203045685279188
3 0.5 0.6541878172588832 0.012857142857142857 0.044416243654822336
3 0.4675 0.549492385786802 0.015 0.03299492385786802
3 0.4828571428571429 0.5050761421319797 0.011428571428571429 0.030456852791878174
3 0.49857142857142855 0.5145939086294417 0.011428571428571429 0.031725888324873094
3 0.48178571428571426 0.4029187817258883 0.009285714285714286 0.024111675126903553
3 0.445 0.25888324873096447 0.007142857142857143 0.015228426395939087
3 0.4589285714285714 0.25317258883248733 0.0064285714285714285 0.01649746192893401
3 0.4471428571428571 0.233502538071066 0.007142857142857143 0.015228426395939087
3 0.48857142857142855 0.2068527918781726 0.005714285714285714 0.015228426395939087
3 0.4546428571428571 0.14276649746192893 0.005 0.011421319796954314
3 0.4782142857142857 0.16370558375634517 0.005 0.012690355329949238
3 0.48714285714285716 0.17766497461928935 0.005714285714285714 0.012690355329949238
3 0.4860714285714286 0.16053299492385786 0.0064285714285714285 0.011421319796954314
3 0.4764285714285714 0.14593908629441624 0.004285714285714286 0.012690355329949238
3 0.48428571428571426 0.09644670050761421 0.005714285714285714 0.007614213197969543
3 0.48392857142857143 0.1116751269035533 0.0035714285714285713 0.01015228426395939
3 0.4757142857142857 0.1116751269035533 0.004285714285714286 0.01015228426395939
3 0.4757142857142857 0.09581218274111675 0.004285714285714286 0.008883248730964468
3 0.48142857142857143 0.044416243654822336 0.004285714285714286 0.007614213197969543
3 0.4767857142857143 0.031091370558375634 0.0035714285714285713 0.006345177664974619
3 0.4757142857142857 0.0532994923857868 0.004285714285714286 0.012690355329949238
8 0.4564285714285714 0.053934010152284266 0.008571428571428572 0.01903553299492386
4 0.45714285714285713 0.021573604060913704 0.004285714285714286 0.007614213197969543
4 0.44642857142857145 0.13959390862944163 0.004285714285714286 0.012690355329949238
4 0.46214285714285713 0.0901015228426396 0.004285714285714286 0.01015228426395939
4 0.4607142857142857 0.2100253807106599 0.005714285714285714 0.01649746192893401
4 0.47714285714285715 0.19923857868020303 0.007142857142857143 0.017766497461928935
8 0.4860714285714286 0.14403553299492386 0.007857142857142858 0.02918781725888325
4 0.4760714285714286 0.08312182741116751 0.0035714285714285713 0.008883248730964468
4 0.4789285714285714 0.3413705583756345 0.009285714285714286 0.025380710659898477
4 0.47785714285714287 0.233502538071066 0.007142857142857143 0.02030456852791878
3 0.4764285714285714 0.26776649746192893 0.007142857142857143 0.017766497461928935
3 0.4928571428571429 0.3483502538071066 0.01 0.021573604060913704
3 0.49607142857142855 0.4333756345177665 0.009285714285714286 0.02918781725888325
4 0.5053571428571428 0.8375634517766497 0.017857142857142856 0.0583756345177665
4 0.46 0.8946700507614214 0.017142857142857144 0.06345177664974619
4 0.5110714285714286 0.9695431472081218 0.019285714285714285 0.0583756345177665
5 0.49392857142857144 0.1319796954314721 0.0064285714285714285 0.02284263959390863
3 0.495 0.15736040609137056 0.005714285714285714 0.012690355329949238
3 0.495 0.14720812182741116 0.007142857142857143 0.01015228426395939
3 0.4825 0.05901015228426396 0.0035714285714285713 0.006345177664974619
3 0.4664285714285714 0.07614213197969544 0.004285714285714286 0.01015228426395939
3 0.5067857142857143 0.33058375634517767 0.009285714285714286 0.0266497461928934
3 0.48892857142857143 0.2652284263959391 0.007857142857142858 0.02030456852791878
3 0.48892857142857143 0.23794416243654823 0.009285714285714286 0.01903553299492386
3 0.49142857142857144 0.30774111675126903 0.01 0.021573604060913704
5 0.4514285714285714 0.18527918781725888 0.008571428571428572 0.02284263959390863
3 0.5239285714285714 0.7011421319796954 0.015 0.05456852791878172
8 0.9185714285714286 0.43718274111675126 0.02857142857142857 0.04949238578680203
3 0.8242857142857143 0.31281725888324874 0.01 0.013959390862944163