0 0.35214285714285715 0.7563451776649747 0.008571428571428572 0.03807106598984772
3 0.39785714285714285 0.8197969543147208 0.07 0.09137055837563451
3 0.5657142857142857 0.7722081218274112 0.05714285714285714 0.0799492385786802
3 0.6239285714285714 0.6865482233502538 0.055 0.07360406091370558
3 0.5757142857142857 0.6865482233502538 0.055714285714285716 0.07360406091370558
3 0.5525 0.6434010152284264 0.05357142857142857 0.06852791878172589
3 0.48964285714285716 0.7125634517766497 0.05785714285714286 0.07741116751269035
0 0.8635714285714285 0.8489847715736041 0.014285714285714285 0.03807106598984772
9 0.8860714285714286 0.9581218274111675 0.016428571428571428 0.06091370558375635
1 0.8878571428571429 0.9651015228426396 0.01 0.0266497461928934
1 0.8857142857142857 0.9473350253807107 0.015714285714285715 0.03426395939086294
2 0.8285714285714286 0.766497461928934 0.022857142857142857 0.03553299492385787
1 0.8307142857142857 0.7538071065989848 0.012857142857142857 0.03553299492385787
0 0.9782142857142857 0.6751269035532995 0.012142857142857143 0.03299492385786802
0 0.6746428571428571 0.6230964467005076 0.010714285714285714 0.03299492385786802
0 0.6310714285714286 0.3680203045685279 0.007857142857142858 0.030456852791878174
2 0.5925 0.3876903553299492 0.015 0.024111675126903553
1 0.5921428571428572 0.37944162436548223 0.01 0.025380710659898477
5 0.9107142857142857 0.3819796954314721 0.06 0.09137055837563451
3 0.9725 0.43083756345177665 0.030714285714285715 0.04949238578680203
3 0.9889285714285714 0.3946700507614213 0.02214285714285714 0.050761421319796954
0 0.6082142857142857 0.2233502538071066 0.005 0.017766497461928935
4 0.6067857142857143 0.18591370558375633 0.03357142857142857 0.044416243654822336