0 0.0918580375782881 0.5176252319109462 0.014613778705636743 0.04081632653061224
0 0.17901878914405012 0.5083487940630798 0.013569937369519834 0.027829313543599257
0 0.21633611691022964 0.4842300556586271 0.012004175365344467 0.03896103896103896
0 0.23538622129436326 0.46289424860853434 0.007306889352818371 0.03153988868274583
0 0.25835073068893527 0.4842300556586271 0.012526096033402923 0.03153988868274583
0 0.27792275574112735 0.45964749536178107 0.006784968684759917 0.032467532467532464
0 0.13883089770354906 0.1901669758812616 0.006263048016701462 0.02040816326530612
0 0.13752609603340293 0.039888682745825604 0.0036534446764091857 0.012987012987012988
0 0.15866388308977036 0.18274582560296845 0.005219206680584551 0.022263450834879406
0 0.1599686847599165 0.18181818181818182 0.004697286012526096 0.022263450834879406
0 0.1390918580375783 0.17161410018552875 0.0036534446764091857 0.016697588126159554
0 0.5394050104384134 0.6150278293135436 0.009916492693110648 0.04638218923933209
0 0.5548016701461378 0.6201298701298701 0.007306889352818371 0.026901669758812616
0 0.55741127348643 0.6103896103896104 0.008350730688935281 0.029684601113172542
0 0.5438413361169102 0.5848794063079777 0.016701461377870562 0.039888682745825604
0 0.49765135699373697 0.35760667903525045 0.005741127348643006 0.026901669758812616
0 0.5080897703549061 0.35667903525046385 0.006784968684759917 0.032467532467532464
0 0.5052192066805845 0.3529684601113173 0.0041753653444676405 0.0287569573283859