8 0.8892857142857142 0.9041878172588832 0.14714285714285713 0.17639593908629442
8 0.7610714285714286 0.9498730964467005 0.08357142857142857 0.09771573604060914
8 0.7332142857142857 0.6440355329949239 0.05928571428571429 0.1713197969543147
8 0.7421428571428571 0.501269035532995 0.05285714285714286 0.12436548223350254
8 0.6425 0.8147208121827412 0.08642857142857142 0.12944162436548223
8 0.5421428571428571 0.9276649746192893 0.09285714285714286 0.14213197969543148
8 0.6182142857142857 0.5469543147208121 0.03785714285714286 0.1116751269035533
8 0.3921428571428571 0.8445431472081218 0.08 0.11802030456852793
8 0.30107142857142855 0.7696700507614214 0.07785714285714286 0.10786802030456853
8 0.37142857142857144 0.7055837563451777 0.07142857142857142 0.10406091370558376
8 0.43642857142857144 0.6491116751269036 0.06571428571428571 0.10025380710659898
8 0.4953571428571429 0.5881979695431472 0.05785714285714286 0.10279187817258884
8 0.5475 0.5266497461928934 0.05071428571428571 0.10152284263959391
8 0.5257142857142857 0.49746192893401014 0.05285714285714286 0.09137055837563451
8 0.47214285714285714 0.5501269035532995 0.06142857142857143 0.0850253807106599
8 0.4135714285714286 0.6008883248730964 0.06571428571428571 0.0901015228426396
8 0.3492857142857143 0.6554568527918782 0.07 0.10279187817258884
8 0.28035714285714286 0.7157360406091371 0.07642857142857143 0.10152284263959391
4 0.24607142857142858 0.6053299492385786 0.05071428571428571 0.0583756345177665
3 0.2 0.5812182741116751 0.037142857142857144 0.0532994923857868
3 0.6364285714285715 0.4739847715736041 0.037142857142857144 0.0266497461928934
3 0.6314285714285715 0.43718274111675126 0.05142857142857143 0.03934010152284264
3 0.5803571428571429 0.3477157360406091 0.03785714285714286 0.050761421319796954
3 0.6689285714285714 0.25380710659898476 0.027857142857142858 0.050761421319796954
3 0.5167857142857143 0.2779187817258883 0.03214285714285714 0.04568527918781726
3 0.5453571428571429 0.15228426395939088 0.019285714285714285 0.03553299492385787
3 0.5682142857142857 0.1649746192893401 0.015 0.03553299492385787
3 0.5914285714285714 0.17449238578680204 0.015714285714285715 0.03934010152284264
3 0.6189285714285714 0.1802030456852792 0.02642857142857143 0.04314720812182741
3 0.6378571428571429 0.20114213197969544 0.025714285714285714 0.03680203045685279
4 0.6610714285714285 0.21065989847715735 0.03642857142857143 0.050761421319796954
5 0.6692857142857143 0.11294416243654823 0.05285714285714286 0.06852791878172589
4 0.4575 0.1782994923857868 0.04071428571428572 0.04187817258883249
5 0.33035714285714285 0.26903553299492383 0.065 0.048223350253807105
5 0.021785714285714287 0.39911167512690354 0.04071428571428572 0.05964467005076142
5 0.33714285714285713 0.19796954314720813 0.06 0.048223350253807105
4 0.25821428571428573 0.23540609137055837 0.04357142857142857 0.03680203045685279
3 0.3992857142857143 0.16370558375634517 0.018571428571428572 0.03299492385786802
5 0.4135714285714286 0.2519035532994924 0.02 0.04949238578680203
5 0.46785714285714286 0.25380710659898476 0.03142857142857143 0.048223350253807105
5 0.49357142857142855 0.26015228426395937 0.02857142857142857 0.0583756345177665
4 0.5425 0.1865482233502538 0.039285714285714285 0.050761421319796954
3 0.7592857142857142 0.4479695431472081 0.04 0.0532994923857868