3 0.28575156576200417 0.019016697588126158 0.024530271398747392 0.038033395176252316
3 0.2802713987473904 0.15816326530612246 0.038622129436325675 0.039888682745825604
3 0.2797494780793319 0.22170686456400743 0.0407098121085595 0.04267161410018553
3 0.3695198329853862 0.08116883116883117 0.0407098121085595 0.038033395176252316
3 0.37760960334029225 0.11085343228200371 0.038100208768267224 0.036178107606679034
3 0.3781315240083507 0.15352504638218925 0.042275574112734866 0.038033395176252316
3 0.3778705636743215 0.1859925788497217 0.04488517745302714 0.039888682745825604
3 0.3752609603340292 0.2193877551020408 0.04384133611691023 0.04359925788497217
3 0.37656576200417535 0.2560296846011132 0.04645093945720251 0.04081632653061224
3 0.2927974947807933 0.5078849721706865 0.05323590814196242 0.04730983302411874
3 0.39848643006263046 0.6493506493506493 0.027661795407098122 0.08534322820037106
3 0.3102818371607516 0.8098330241187384 0.055845511482254695 0.05380333951762523
3 0.4459812108559499 0.9285714285714286 0.029749478079331943 0.10018552875695733
3 0.4822546972860125 0.9401669758812616 0.031315240083507306 0.10667903525046382
3 0.5756784968684759 0.891465677179963 0.05845511482254697 0.0575139146567718
3 0.6085594989561587 0.7291280148423006 0.026096033402922755 0.10018552875695733
1 0.6487473903966597 0.6859925788497218 0.008350730688935281 0.015769944341372914
3 0.6417014613778705 0.6089981447124304 0.05688935281837161 0.05844155844155844
7 0.6644050104384134 0.436456400742115 0.024008350730688934 0.05473098330241188
3 0.014091858037578288 0.9726345083487941 0.028183716075156576 0.05287569573283859
3 0.7473903966597077 0.05473098330241188 0.037578288100208766 0.06307977736549165
3 0.8614300626304802 0.09879406307977737 0.04123173277661795 0.038033395176252316
3 0.8671711899791231 0.13126159554730985 0.044363256784968684 0.04359925788497217