3 0.455 0.905 0.111 0.12866666666666668
3 0.4185 0.8433333333333334 0.104 0.116
3 0.32975 0.757 0.0975 0.10066666666666667
3 0.308 0.9433333333333334 0.128 0.112
3 0.25975 0.8776666666666667 0.1125 0.11933333333333333
3 0.266 0.7276666666666667 0.097 0.09133333333333334
3 0.2095 0.7073333333333334 0.091 0.07466666666666667
3 0.2 0.6693333333333333 0.095 0.07466666666666667
0 0.351 0.5463333333333333 0.008 0.03266666666666666
0 0.3585 0.5396666666666666 0.009 0.03133333333333333
0 0.32675 0.488 0.0115 0.028
0 0.313 0.499 0.007 0.03
0 0.2945 0.5086666666666667 0.01 0.028
0 0.24225 0.45 0.0085 0.028
0 0.23075 0.435 0.0115 0.027333333333333334
0 0.20475 0.43566666666666665 0.0075 0.03133333333333333
0 0.28125 0.406 0.0065 0.028
0 0.2565 0.4013333333333333 0.011 0.028
0 0.532 0.6633333333333333 0.015 0.03866666666666667
3 0.53625 0.61 0.0625 0.07066666666666667
3 0.57725 0.6356666666666667 0.0605 0.06466666666666666
0 0.6535 0.6896666666666667 0.066 0.074
0 0.69125 0.605 0.0535 0.06466666666666666
3 0.8905 0.261 0.024 0.020666666666666667
3 0.81075 0.49 0.0695 0.042666666666666665
3 0.93 0.26966666666666667 0.024 0.020666666666666667
3 0.95525 0.275 0.0225 0.022
1 0.91725 0.7666666666666667 0.0175 0.032
9 0.9145 0.7786666666666666 0.016 0.04533333333333334
3 0.7855 0.6503333333333333 0.058 0.07
3 0.173 0.59 0.07 0.04533333333333334
3 0.16975 0.6286666666666667 0.0655 0.03866666666666667
3 0.9935 0.284 0.013 0.02266666666666667
3 0.83675 0.35 0.0295 0.029333333333333333
2 0.79175 0.43166666666666664 0.0205 0.018
2 0.81675 0.43166666666666664 0.0175 0.019333333333333334
2 0.811 0.44233333333333336 0.019 0.018
2 0.8255 0.44666666666666666 0.021 0.02
3 0.7705 0.5233333333333333 0.066 0.04133333333333333