5 0.24607142857142858 0.9555837563451777 0.039285714285714285 0.08629441624365482
4 0.3142857142857143 0.9727157360406091 0.03 0.05203045685279188
9 0.33 0.9263959390862944 0.017142857142857144 0.025380710659898477
9 0.3389285714285714 0.9054568527918782 0.007857142857142858 0.03426395939086294
3 0.3575 0.7963197969543148 0.04214285714285714 0.03426395939086294
3 0.35964285714285715 0.7557106598984772 0.04071428571428572 0.03426395939086294
4 0.36178571428571427 0.7144670050761421 0.04357142857142857 0.03553299492385787
3 0.37607142857142856 0.6345177664974619 0.03214285714285714 0.03299492385786802
3 0.3707142857142857 0.5932741116751269 0.041428571428571426 0.03426395939086294
3 0.3732142857142857 0.5120558375634517 0.04214285714285714 0.03426395939086294
4 0.37642857142857145 0.4720812182741117 0.04 0.03299492385786802
4 0.37857142857142856 0.43210659898477155 0.03571428571428571 0.031725888324873094
5 0.33285714285714285 0.19289340101522842 0.04 0.17766497461928935
5 0.35964285714285715 0.24048223350253808 0.04071428571428572 0.15862944162436549
5 0.38607142857142857 0.25571065989847713 0.027857142857142858 0.11802030456852793
5 0.3732142857142857 0.0901015228426396 0.030714285714285715 0.12690355329949238
3 0.38785714285714284 0.02030456852791878 0.02142857142857143 0.04060913705583756
4 0.44571428571428573 0.025380710659898477 0.015714285714285715 0.050761421319796954
3 0.4710714285714286 0.10723350253807107 0.016428571428571428 0.07233502538071065
3 0.4689285714285714 0.2982233502538071 0.016428571428571428 0.07360406091370558
8 0.43785714285714283 0.4270304568527919 0.03142857142857143 0.1814720812182741
4 0.4675 0.4784263959390863 0.017857142857142856 0.07106598984771574
4 0.4617857142857143 0.6808375634517766 0.016428571428571428 0.07741116751269035
4 0.46 0.8147208121827412 0.015714285714285715 0.07106598984771574
3 0.425 0.7620558375634517 0.017142857142857144 0.07741116751269035
3 0.42678571428571427 0.949238578680203 0.016428571428571428 0.08121827411167512
3 0.46 0.9486040609137056 0.018571428571428572 0.0799492385786802
0 0.8646428571428572 0.7062182741116751 0.007857142857142858 0.01649746192893401
0 0.8678571428571429 0.6916243654822335 0.008571428571428572 0.01015228426395939
0 0.8760714285714286 0.6954314720812182 0.007857142857142858 0.01015228426395939
3 0.7939285714285714 0.4200507614213198 0.020714285714285713 0.06598984771573604
0 0.8717857142857143 0.15228426395939088 0.009285714285714286 0.017766497461928935
0 0.8421428571428572 0.03553299492385787 0.007142857142857143 0.015228426395939087
0 0.8353571428571429 0.010786802030456852 0.005 0.013959390862944163
0 0.8521428571428571 0.025380710659898477 0.008571428571428572 0.012690355329949238
0 0.8614285714285714 0.008248730964467006 0.007142857142857143 0.013959390862944163
0 0.85 0.006979695431472081 0.007142857142857143 0.011421319796954314
8 0.5817857142857142 0.27284263959390864 0.02642857142857143 0.20050761421319796