4 0.9625 0.7006666666666667 0.075 0.06666666666666667
4 0.834 0.552 0.082 0.048
3 0.8985 0.49733333333333335 0.047 0.036
9 0.856 0.462 0.01 0.018666666666666668
3 0.7835 0.507 0.06 0.03
3 0.7765 0.49466666666666664 0.061 0.029333333333333333
3 0.736 0.46 0.053 0.02666666666666667
3 0.724 0.4483333333333333 0.045 0.023333333333333334
2 0.76625 0.39966666666666667 0.0115 0.011333333333333334
3 0.7435 0.39366666666666666 0.035 0.019333333333333334
2 0.71175 0.358 0.0095 0.009333333333333334
0 0.7175 0.355 0.003 0.015333333333333332
3 0.739 0.37333333333333335 0.033 0.018666666666666668
3 0.73825 0.351 0.0285 0.015333333333333332
6 0.68325 0.392 0.0155 0.013333333333333334
9 0.6855 0.40066666666666667 0.017 0.012
5 0.428 0.7273333333333334 0.06 0.144
3 0.444 0.5583333333333333 0.031 0.042
5 0.5 0.59 0.051 0.172
3 0.461 0.426 0.018 0.024
3 0.49275 0.422 0.0185 0.02266666666666667
3 0.44825 0.2876666666666667 0.0065 0.008666666666666666
3 0.45525 0.2946666666666667 0.0075 0.012
3 0.48125 0.296 0.0085 0.009333333333333334
3 0.47475 0.29133333333333333 0.0065 0.008
3 0.4765 0.2856666666666667 0.007 0.008666666666666666
3 0.476 0.2783333333333333 0.007 0.007333333333333333
4 0.4865 0.2866666666666667 0.007 0.009333333333333334
4 0.48575 0.276 0.0055 0.009333333333333334
4 0.47475 0.272 0.0055 0.008
1 0.4905 0.267 0.002 0.004666666666666667
9 0.49025 0.26866666666666666 0.0025 0.005333333333333333
5 0.47825 0.25266666666666665 0.0065 0.012
5 0.48625 0.25433333333333336 0.0065 0.015333333333333332
3 0.46675 0.231 0.0025 0.0033333333333333335
3 0.4705 0.23066666666666666 0.003 0.0026666666666666666
3 0.4805 0.23566666666666666 0.002 0.0033333333333333335
3 0.47725 0.23566666666666666 0.0025 0.0033333333333333335
5 0.4785 0.23566666666666666 0.003 0.006
3 0.6355 0.2986666666666667 0.019 0.010666666666666666
3 0.60375 0.2906666666666667 0.0145 0.008
3 0.59175 0.25766666666666665 0.0045 0.006
3 0.585 0.279 0.008 0.007333333333333333
3 0.59075 0.27366666666666667 0.0135 0.006
3 0.582 0.27266666666666667 0.009 0.006666666666666667
3 0.5765 0.271 0.006 0.007333333333333333
5 0.582 0.26766666666666666 0.007 0.008666666666666666
8 0.55675 0.21733333333333332 0.0095 0.005333333333333333
3 0.50525 0.21833333333333332 0.0055 0.0033333333333333335
3 0.49075 0.219 0.0065 0.0033333333333333335
3 0.3605 0.221 0.006 0.0033333333333333335
3 0.3545 0.22166666666666668 0.006 0.0033333333333333335