0 0.4144050104384134 0.6855287569573284 0.021920668058455117 0.09647495361781076
7 0.5041753653444676 0.7337662337662337 0.03444676409185804 0.17625231910946196
0 0.5044363256784968 0.25 0.007828810020876827 0.041743970315398886
0 0.4979123173277662 0.22912801484230055 0.007306889352818371 0.03896103896103896
0 0.49295407098121086 0.24489795918367346 0.004697286012526096 0.027829313543599257
0 0.48851774530271397 0.26159554730983303 0.006263048016701462 0.025974025974025976
0 0.47651356993736954 0.25834879406307976 0.009394572025052192 0.03432282003710575
2 0.5198329853862212 0.26716141001855287 0.011482254697286013 0.029684601113172542
3 0.4955636743215031 0.05519480519480519 0.02661795407098121 0.01948051948051948
4 0.5537578288100209 0.0575139146567718 0.026096033402922755 0.022263450834879406
0 0.5634133611691023 0.17857142857142858 0.005741127348643006 0.026901669758812616
0 0.5678496868475992 0.18320964749536178 0.0041753653444676405 0.017625231910946195
3 0.7239039665970772 0.36178107606679033 0.0918580375782881 0.061224489795918366
0 0.6471816283924844 0.11038961038961038 0.005219206680584551 0.025974025974025976
0 0.5863778705636743 0.02458256029684601 0.0036534446764091857 0.017625231910946195
9 0.5532359081419624 0.08766233766233766 0.003131524008350731 0.01948051948051948
9 0.6518789144050104 0.7040816326530612 0.028183716075156576 0.07421150278293136
6 0.7468684759916493 0.9438775510204082 0.12630480167014613 0.11038961038961038
3 0.8963987473903967 0.686456400742115 0.09968684759916492 0.20408163265306123
9 0.9843423799582464 0.7973098330241187 0.030271398747390398 0.08256029684601113
3 0.29436325678496866 0.924860853432282 0.1722338204592902 0.14285714285714285
5 0.5610647181628392 0.03571428571428571 0.005219206680584551 0.015769944341372914
1 0.6479645093945721 0.6948051948051948 0.029749478079331943 0.08719851576994433
1 0.5532359081419624 0.08302411873840446 0.003131524008350731 0.017625231910946195
9 0.5621085594989561 0.07977736549165121 0.006263048016701462 0.016697588126159554
1 0.5621085594989561 0.07421150278293136 0.006263048016701462 0.016697588126159554
6 0.467901878914405 0.0950834879406308 0.019311064718162838 0.01948051948051948