3 0.477035490605428 0.011131725417439703 0.005219206680584551 0.00927643784786642
3 0.4835594989561587 0.029684601113172542 0.006784968684759917 0.014842300556586271
5 0.4812108559498956 0.050556586270871985 0.008350730688935281 0.01948051948051948
5 0.5101774530271399 0.09554730983302412 0.016179540709812108 0.05194805194805195
3 0.5086116910229646 0.14749536178107606 0.009916492693110648 0.016697588126159554
3 0.4545929018789144 0.2750463821892393 0.015657620041753653 0.032467532467532464
3 0.4485908141962422 0.3140074211502783 0.01826722338204593 0.032467532467532464
3 0.4470250521920668 0.4067717996289425 0.02035490605427975 0.04916512059369202
4 0.5407098121085595 0.4461966604823748 0.021920668058455117 0.05009276437847866
3 0.5501043841336117 0.5190166975881262 0.022964509394572025 0.04916512059369202
3 0.4373695198329854 0.4837662337662338 0.020876826722338204 0.04359925788497217
4 0.43241127348643005 0.5853432282003711 0.02244258872651357 0.07235621521335807
3 0.42379958246346555 0.6437847866419295 0.024008350730688934 0.061224489795918366
3 0.5594989561586639 0.6920222634508348 0.028183716075156576 0.07235621521335807
3 0.42275574112734865 0.7300556586270872 0.027139874739039668 0.08348794063079777
7 0.40657620041753656 0.8297773654916512 0.022964509394572025 0.06957328385899815
7 0.55741127348643 0.5626159554730983 0.016701461377870562 0.04730983302411874
7 0.4470250521920668 0.5185528756957328 0.019311064718162838 0.03896103896103896
7 0.467901878914405 0.4972170686456401 0.01722338204592902 0.04638218923933209
9 0.37760960334029225 0.4782003710575139 0.016179540709812108 0.01948051948051948
9 0.5106993736951984 0.5097402597402597 0.007828810020876827 0.0287569573283859
9 0.5227035490605428 0.5074211502782932 0.008872651356993737 0.029684601113172542
9 0.4112734864300626 0.30565862708719854 0.007306889352818371 0.017625231910946195
9 0.4164926931106472 0.2945269016697588 0.011482254697286013 0.012059369202226345
9 0.40944676409185804 0.2898886827458256 0.007828810020876827 0.017625231910946195
1 0.5099164926931107 0.5032467532467533 0.009394572025052192 0.023191094619666047
1 0.5221816283924844 0.5032467532467533 0.009916492693110648 0.021335807050092765
1 0.514874739039666 0.3033395176252319 0.005741127348643006 0.016697588126159554
9 0.514874739039666 0.3075139146567718 0.004697286012526096 0.01948051948051948
1 0.5093945720250522 0.20964749536178107 0.006263048016701462 0.014842300556586271
1 0.4535490605427975 0.24118738404452691 0.005219206680584551 0.011131725417439703
1 0.4780793319415449 0.1396103896103896 0.0041753653444676405 0.01020408163265306
1 0.4953027139874739 0.04916512059369202 0.003131524008350731 0.00927643784786642
1 0.4733820459290188 0.032467532467532464 0.003131524008350731 0.0074211502782931356
1 0.49765135699373697 0.015769944341372914 0.0026096033402922755 0.0055658627087198514
1 0.5 0.013450834879406308 0.0041753653444676405 0.008348794063079777
1 0.46894572025052195 0.012523191094619666 0.0026096033402922755 0.006493506493506494
9 0.4981732776617954 0.018089053803339517 0.0026096033402922755 0.006493506493506494
9 0.5 0.014842300556586271 0.003131524008350731 0.0055658627087198514
9 0.4953027139874739 0.05009276437847866 0.003131524008350731 0.0055658627087198514
9 0.47286012526096033 0.03525046382189239 0.003131524008350731 0.0074211502782931356
9 0.4694676409185804 0.013914656771799629 0.0026096033402922755 0.0055658627087198514
9 0.4780793319415449 0.14285714285714285 0.0041753653444676405 0.00927643784786642
9 0.5093945720250522 0.21521335807050093 0.006263048016701462 0.01855287569573284
0 0.40866388308977036 0.2625231910946197 0.005219206680584551 0.01855287569573284
0 0.4177974947807933 0.26205936920222633 0.004697286012526096 0.023191094619666047
0 0.41179540709812107 0.2597402597402597 0.003131524008350731 0.016697588126159554
1 0.41414405010438415 0.25742115027829315 0.004697286012526096 0.013914656771799629
9 0.4136221294363257 0.2597402597402597 0.006784968684759917 0.012987012987012988
0 0.41727557411273486 0.22217068645640073 0.0036534446764091857 0.01948051948051948
0 0.4146659707724426 0.22077922077922077 0.0036534446764091857 0.016697588126159554
0 0.41283924843423797 0.22263450834879406 0.0041753653444676405 0.016697588126159554
6 0.4525052192066806 0.24489795918367346 0.011482254697286013 0.014842300556586271
9 0.45668058455114824 0.2537105751391466 0.008350730688935281 0.013914656771799629
9 0.45015657620041755 0.2541743970315399 0.008872651356993737 0.016697588126159554
7 0.4626826722338205 0.21428571428571427 0.008872651356993737 0.025974025974025976
7 0.45876826722338204 0.17717996289424862 0.007306889352818371 0.02040816326530612
4 0.4251043841336117 0.22031539888682747 0.016179540709812108 0.04359925788497217
4 0.4618997912317328 0.150278293135436 0.009394572025052192 0.02040816326530612
0 0.46764091858037576 0.08998144712430427 0.0041753653444676405 0.011131725417439703
2 0.46633611691022964 0.09044526901669758 0.0036534446764091857 0.01020408163265306
0 0.5122651356993737 0.14703153988868276 0.0036534446764091857 0.013914656771799629
0 0.5151356993736952 0.14749536178107606 0.0041753653444676405 0.016697588126159554
1 0.49504175365344466 0.09090909090909091 0.0036534446764091857 0.0074211502782931356
4 0.656054279749478 0.07096474953617811 0.021920668058455117 0.021335807050092765
3 0.6704070981210856 0.09647495361781076 0.01826722338204593 0.014842300556586271
3 0.6677974947807933 0.09276437847866419 0.016179540709812108 0.016697588126159554
3 0.8212421711899791 0.30241187384044527 0.02870563674321503 0.03710575139146568
3 0.7805323590814196 0.3752319109461967 0.02244258872651357 0.039888682745825604
3 0.8637787056367432 0.3529684601113173 0.029227557411273485 0.038033395176252316
3 0.8397703549060542 0.35528756957328383 0.027139874739039668 0.03710575139146568
3 0.8186325678496869 0.35528756957328383 0.02139874739039666 0.03525046382189239
3 0.8585594989561587 0.5236549165120594 0.0407098121085595 0.04359925788497217
3 0.8982254697286013 0.6057513914656771 0.05010438413361169 0.04081632653061224
3 0.9626826722338204 0.49257884972170685 0.04540709812108559 0.03710575139146568
3 0.8830897703549061 0.577922077922078 0.054279749478079335 0.04638218923933209
3 0.9566805845511482 0.7175324675324676 0.07306889352818371 0.05287569573283859
3 0.9772964509394572 0.7694805194805194 0.044363256784968684 0.04916512059369202