3 0.5471428571428572 0.9352791878172588 0.032857142857142856 0.09137055837563451
3 0.5653571428571429 0.7855329949238579 0.045 0.07614213197969544
3 0.6028571428571429 0.5704314720812182 0.022857142857142857 0.05964467005076142
3 0.4714285714285714 0.6656091370558376 0.02857142857142857 0.05964467005076142
3 0.45107142857142857 0.6046954314720813 0.029285714285714286 0.06725888324873096
3 0.22071428571428572 0.6408629441624365 0.03571428571428571 0.07614213197969544
3 0.2960714285714286 0.4156091370558376 0.029285714285714286 0.05456852791878172
3 0.515 0.4403553299492386 0.022857142857142857 0.03807106598984772
5 0.15714285714285714 0.23730964467005075 0.032857142857142856 0.07868020304568528
3 0.22035714285714286 0.18972081218274112 0.020714285714285713 0.03934010152284264
5 0.1492857142857143 0.16370558375634517 0.022857142857142857 0.05583756345177665
3 0.12357142857142857 0.14593908629441624 0.012857142857142857 0.027918781725888325
5 0.12035714285714286 0.09390862944162437 0.02214285714285714 0.04568527918781726
3 0.15107142857142858 0.05964467005076142 0.012142857142857143 0.02030456852791878
3 0.2067857142857143 0.028553299492385786 0.012142857142857143 0.01903553299492386
3 0.16428571428571428 0.01713197969543147 0.014285714285714285 0.01903553299492386
3 0.4614285714285714 0.2703045685279188 0.02 0.030456852791878174
3 0.48428571428571426 0.2506345177664975 0.018571428571428572 0.0266497461928934
3 0.4471428571428571 0.25253807106598986 0.02 0.030456852791878174
3 0.4092857142857143 0.22144670050761422 0.022857142857142857 0.0266497461928934
3 0.6014285714285714 0.19225888324873097 0.011428571428571429 0.0266497461928934
3 0.5867857142857142 0.1935279187817259 0.015 0.0266497461928934
3 0.5742857142857143 0.19098984771573604 0.014285714285714285 0.02918781725888325
4 0.5439285714285714 0.15609137055837563 0.013571428571428571 0.03299492385786802
3 0.5314285714285715 0.1598984771573604 0.012857142857142857 0.025380710659898477
4 0.5935714285714285 0.1484771573604061 0.01 0.030456852791878174
3 0.6632142857142858 0.11230964467005077 0.025 0.02918781725888325
3 0.6103571428571428 0.07360406091370558 0.010714285714285714 0.02284263959390863
7 0.2671428571428571 0.18274111675126903 0.02142857142857143 0.04568527918781726
3 0.25392857142857145 0.09200507614213198 0.016428571428571428 0.01649746192893401
3 0.26535714285714285 0.037436548223350255 0.013571428571428571 0.01649746192893401
3 0.6042857142857143 0.048223350253807105 0.01 0.027918781725888325
4 0.6121428571428571 0.017766497461928935 0.01 0.02030456852791878
4 0.6164285714285714 0.04631979695431472 0.011428571428571429 0.024111675126903553
3 0.5535714285714286 0.05012690355329949 0.01 0.01903553299492386
4 0.5407142857142857 0.050761421319796954 0.01 0.017766497461928935
4 0.5321428571428571 0.05012690355329949 0.008571428571428572 0.01903553299492386
4 0.5071428571428571 0.06091370558375635 0.008571428571428572 0.015228426395939087
3 0.49785714285714283 0.05710659898477157 0.008571428571428572 0.012690355329949238
3 0.48964285714285716 0.07804568527918782 0.013571428571428571 0.01903553299492386
3 0.47964285714285715 0.05710659898477157 0.009285714285714286 0.017766497461928935
3 0.5514285714285714 0.024746192893401017 0.011428571428571429 0.01649746192893401
3 0.5567857142857143 0.006979695431472081 0.009285714285714286 0.011421319796954314
3 0.5310714285714285 0.028553299492385786 0.010714285714285714 0.013959390862944163
3 0.45357142857142857 0.22398477157360405 0.032857142857142856 0.02918781725888325
3 0.2667857142857143 0.011421319796954314 0.016428571428571428 0.017766497461928935
3 0.3142857142857143 0.022208121827411168 0.011428571428571429 0.01649746192893401
5 0.4042857142857143 0.03236040609137056 0.017142857142857144 0.031725888324873094
5 0.3821428571428571 0.05901015228426396 0.02 0.02918781725888325
5 0.37392857142857144 0.030456852791878174 0.016428571428571428 0.03553299492385787
5 0.36 0.06281725888324872 0.02142857142857143 0.03426395939086294
5 0.3475 0.06281725888324872 0.019285714285714285 0.04187817258883249
5 0.3367857142857143 0.06281725888324872 0.019285714285714285 0.03426395939086294
5 0.32285714285714284 0.06598984771573604 0.018571428571428572 0.03807106598984772
5 0.3057142857142857 0.0583756345177665 0.018571428571428572 0.030456852791878174
5 0.36142857142857143 0.028553299492385786 0.017142857142857144 0.03426395939086294
5 0.3425 0.02982233502538071 0.020714285714285713 0.03680203045685279
3 0.5253571428571429 0.15418781725888325 0.019285714285714285 0.021573604060913704
3 0.5289285714285714 0.14784263959390864 0.027857142857142858 0.01903553299492386
3 0.5275 0.141497461928934 0.023571428571428573 0.0266497461928934
3 0.2864285714285714 0.23540609137055837 0.027142857142857142 0.044416243654822336