0 0.1767857142857143 0.6288071065989848 0.015 0.05203045685279188
0 0.21 0.565989847715736 0.015714285714285715 0.030456852791878174
0 0.22464285714285714 0.5513959390862944 0.010714285714285714 0.044416243654822336
0 0.2914285714285714 0.5152284263959391 0.02 0.04568527918781726
0 0.29642857142857143 0.506979695431472 0.01 0.031725888324873094
0 0.3314285714285714 0.6110406091370558 0.01 0.04187817258883249
0 0.34464285714285714 0.6230964467005076 0.012142857142857143 0.04568527918781726
0 0.36214285714285716 0.6376903553299492 0.01 0.044416243654822336
0 0.3407142857142857 0.6700507614213198 0.01 0.04314720812182741
0 0.32785714285714285 0.7379441624365483 0.017142857142857144 0.05203045685279188
0 0.34714285714285714 0.7645939086294417 0.015714285714285715 0.05710659898477157
0 0.3517857142857143 0.7163705583756346 0.010714285714285714 0.04949238578680203
0 0.3628571428571429 0.7322335025380711 0.01 0.04568527918781726
0 0.3807142857142857 0.7461928934010152 0.012857142857142857 0.04568527918781726
0 0.37785714285714284 0.7093908629441624 0.011428571428571429 0.04568527918781726
0 0.3692857142857143 0.7195431472081218 0.01 0.04568527918781726
0 0.39464285714285713 0.7588832487309645 0.013571428571428571 0.06091370558375635
0 0.41678571428571426 0.6846446700507615 0.009285714285714286 0.03934010152284264
0 0.45357142857142857 0.8534263959390863 0.012857142857142857 0.04949238578680203
0 0.4610714285714286 0.8293147208121827 0.016428571428571428 0.05203045685279188
0 0.5717857142857142 0.6434010152284264 0.016428571428571428 0.04568527918781726
0 0.6685714285714286 0.4270304568527919 0.014285714285714285 0.044416243654822336
0 0.6407142857142857 0.5145939086294417 0.014285714285714285 0.04187817258883249
0 0.645 0.49682741116751267 0.012857142857142857 0.046954314720812185
0 0.6617857142857143 0.5171319796954315 0.010714285714285714 0.044416243654822336
0 0.7089285714285715 0.5697969543147208 0.015 0.027918781725888325
0 0.7192857142857143 0.5932741116751269 0.02142857142857143 0.044416243654822336
0 0.7303571428571428 0.6091370558375635 0.010714285714285714 0.03299492385786802
0 0.7539285714285714 0.6427664974619289 0.019285714285714285 0.04949238578680203
0 0.7735714285714286 0.6656091370558376 0.02142857142857143 0.046954314720812185
0 0.7971428571428572 0.6960659898477157 0.017142857142857144 0.046954314720812185
0 0.8189285714285715 0.690989847715736 0.012142857142857143 0.05456852791878172
0 0.83 0.7366751269035533 0.018571428571428572 0.03934010152284264
0 0.8775 0.7944162436548223 0.017857142857142856 0.04568527918781726
0 0.9314285714285714 0.9263959390862944 0.025714285714285714 0.06345177664974619
0 0.9532142857142857 0.932741116751269 0.012142857142857143 0.03807106598984772
0 0.9571428571428572 0.9130710659898477 0.022857142857142857 0.05710659898477157
0 0.9803571428571428 0.9314720812182741 0.017857142857142856 0.03807106598984772
0 0.9889285714285714 0.9010152284263959 0.016428571428571428 0.03299492385786802
0 0.9917857142857143 0.9841370558375635 0.016428571428571428 0.02918781725888325
0 0.46214285714285713 0.43083756345177665 0.01 0.02918781725888325
0 0.5546428571428571 0.2696700507614213 0.009285714285714286 0.02918781725888325
0 0.5632142857142857 0.2766497461928934 0.007857142857142858 0.03299492385786802
0 0.5864285714285714 0.28426395939086296 0.005714285714285714 0.027918781725888325
0 0.10857142857142857 0.9232233502538071 0.02 0.044416243654822336
0 0.1707142857142857 0.9498730964467005 0.024285714285714285 0.05456852791878172