3 0.4017857142857143 0.34581218274111675 0.015 0.02918781725888325
3 0.43357142857142855 0.4346446700507614 0.017142857142857144 0.044416243654822336
3 0.46 0.45748730964467005 0.02 0.044416243654822336
3 0.43214285714285716 0.18083756345177665 0.012857142857142857 0.021573604060913704
3 0.43107142857142855 0.14022842639593908 0.010714285714285714 0.021573604060913704
3 0.4471428571428571 0.13261421319796954 0.01 0.021573604060913704
3 0.44642857142857145 0.09771573604060914 0.008571428571428572 0.017766497461928935
3 0.4228571428571429 0.061548223350253804 0.008571428571428572 0.01903553299492386
5 0.4635714285714286 0.03236040609137056 0.015714285714285715 0.031725888324873094
5 0.39 0.14911167512690354 0.012857142857142857 0.04187817258883249
5 0.5817857142857142 0.2398477157360406 0.039285714285714285 0.03553299492385787
8 0.38357142857142856 0.2626903553299492 0.02142857142857143 0.07868020304568528
3 0.4425 0.8972081218274112 0.029285714285714286 0.09137055837563451
3 0.5132142857142857 0.6097715736040609 0.017857142857142856 0.06472081218274112
3 0.5210714285714285 0.3293147208121827 0.013571428571428571 0.02918781725888325
3 0.4953571428571429 0.3248730964467005 0.012142857142857143 0.025380710659898477
3 0.485 0.2766497461928934 0.011428571428571429 0.02284263959390863
3 0.4735714285714286 0.1700507614213198 0.007142857142857143 0.017766497461928935
3 0.4667857142857143 0.14086294416243655 0.012142857142857143 0.017766497461928935
8 0.585 0.5704314720812182 0.025714285714285714 0.10025380710659898
8 0.5446428571428571 0.43781725888324874 0.025 0.09137055837563451
8 0.6117857142857143 0.5881979695431472 0.025 0.12055837563451777
8 0.5732142857142857 0.49238578680203043 0.027857142857142858 0.08883248730964467
8 0.6010714285714286 0.491751269035533 0.02642857142857143 0.09263959390862944
8 0.5646428571428571 0.42449238578680204 0.027857142857142858 0.08756345177664974
8 0.5896428571428571 0.4270304568527919 0.029285714285714286 0.0850253807106599
8 0.5739285714285715 0.37880710659898476 0.016428571428571428 0.05456852791878172
8 0.5375 0.3800761421319797 0.019285714285714285 0.05964467005076142
8 0.5525 0.36484771573604063 0.023571428571428573 0.06979695431472081
8 0.5471428571428572 0.31789340101522845 0.02 0.06218274111675127
8 0.4764285714285714 0.2068527918781726 0.014285714285714285 0.050761421319796954
8 0.49464285714285716 0.4010152284263959 0.02642857142857143 0.08121827411167512
8 0.4878571428571429 0.34581218274111675 0.015714285714285715 0.046954314720812185
0 0.49857142857142855 0.2899746192893401 0.002857142857142857 0.01649746192893401
0 0.5014285714285714 0.2899746192893401 0.004285714285714286 0.01903553299492386
0 0.5414285714285715 0.28109137055837563 0.002857142857142857 0.011421319796954314
0 0.5471428571428572 0.47906091370558374 0.005714285714285714 0.01903553299492386
0 0.2882142857142857 0.8083756345177665 0.0064285714285714285 0.03553299492385787
0 0.2985714285714286 0.7246192893401016 0.007142857142857143 0.025380710659898477
0 0.2935714285714286 0.7176395939086294 0.007142857142857143 0.0266497461928934
0 0.26607142857142857 0.8845177664974619 0.0064285714285714285 0.025380710659898477
8 0.4685714285714286 0.11294416243654823 0.011428571428571429 0.03553299492385787