3 0.6060714285714286 0.5552030456852792 0.045 0.046954314720812185
3 0.765 0.5399746192893401 0.04428571428571428 0.04187817258883249
4 0.6210714285714286 0.616751269035533 0.052142857142857144 0.0583756345177665
3 0.6517857142857143 0.8705583756345178 0.025 0.0583756345177665
3 0.7846428571428572 0.8889593908629442 0.05785714285714286 0.06725888324873096
3 0.7017857142857142 0.8375634517766497 0.052142857142857144 0.06091370558375635
3 0.6921428571428572 0.9118020304568528 0.02857142857142857 0.0901015228426396
3 0.72 0.9321065989847716 0.03 0.10025380710659898
3 0.7507142857142857 0.9447969543147208 0.025714285714285714 0.09263959390862944
3 0.48142857142857143 0.7379441624365483 0.045714285714285714 0.05710659898477157
3 0.6075 0.6453045685279187 0.047857142857142855 0.046954314720812185
3 0.6832142857142857 0.6567258883248731 0.05071428571428571 0.06218274111675127
3 0.6517857142857143 0.6738578680203046 0.03785714285714286 0.0532994923857868
3 0.6357142857142857 0.748730964467005 0.04857142857142857 0.048223350253807105
3 0.49464285714285716 0.9137055837563451 0.04928571428571429 0.06345177664974619
3 0.4760714285714286 0.8324873096446701 0.04928571428571429 0.0532994923857868
3 0.5221428571428571 0.9397208121827412 0.06571428571428571 0.07233502538071065
4 0.6435714285714286 0.7988578680203046 0.054285714285714284 0.06725888324873096
3 0.7939285714285714 0.950507614213198 0.05928571428571429 0.06345177664974619
3 0.6964285714285714 0.7722081218274112 0.06714285714285714 0.0799492385786802
3 0.7110714285714286 0.7347715736040609 0.062142857142857146 0.07614213197969544
5 0.7703571428571429 0.623730964467005 0.10642857142857143 0.10786802030456853
5 0.785 0.6935279187817259 0.05714285714285714 0.06979695431472081
3 0.9332142857142857 0.5253807106598984 0.025 0.06345177664974619
3 0.9675 0.583756345177665 0.04928571428571429 0.0532994923857868
3 0.9717857142857143 0.5609137055837563 0.04928571428571429 0.04568527918781726
3 0.9592857142857143 0.39593908629441626 0.04428571428571428 0.04060913705583756
3 0.9689285714285715 0.48286802030456855 0.04642857142857143 0.03680203045685279
3 0.9739285714285715 0.5088832487309645 0.052142857142857144 0.050761421319796954
3 0.965 0.4619289340101523 0.045714285714285714 0.03807106598984772
3 0.9628571428571429 0.4384517766497462 0.04428571428571428 0.03934010152284264
3 0.9725 0.4251269035532995 0.04928571428571429 0.04314720812182741
3 0.8585714285714285 0.25571065989847713 0.018571428571428572 0.05710659898477157
3 0.9121428571428571 0.29378172588832485 0.02142857142857143 0.05203045685279188
3 0.9267857142857143 0.33058375634517767 0.017857142857142856 0.06218274111675127
3 0.9457142857142857 0.2950507614213198 0.017142857142857144 0.044416243654822336
5 0.9814285714285714 0.35406091370558374 0.037142857142857144 0.050761421319796954
8 0.8871428571428571 0.29314720812182743 0.03571428571428571 0.13705583756345177
3 0.45107142857142857 0.108502538071066 0.019285714285714285 0.044416243654822336
3 0.4675 0.10532994923857868 0.017857142857142856 0.03807106598984772
3 0.5828571428571429 0.07931472081218274 0.03 0.02918781725888325
3 0.5775 0.04949238578680203 0.030714285714285715 0.030456852791878174
3 0.6192857142857143 0.04251269035532995 0.02857142857142857 0.031725888324873094
3 0.6489285714285714 0.09390862944162437 0.027857142857142858 0.025380710659898477
3 0.6539285714285714 0.07550761421319797 0.029285714285714286 0.03426395939086294
3 0.5360714285714285 0.02030456852791878 0.029285714285714286 0.027918781725888325
4 0.5192857142857142 0.02918781725888325 0.02857142857142857 0.03553299492385787
8 0.7682142857142857 0.12753807106598986 0.085 0.0799492385786802
3 0.8396428571428571 0.12436548223350254 0.035 0.03299492385786802
3 0.8867857142857143 0.15355329949238578 0.035 0.03807106598984772
4 0.4682142857142857 0.7963197969543148 0.047857142857142855 0.05203045685279188
4 0.46964285714285714 0.6935279187817259 0.04214285714285714 0.044416243654822336
4 0.4278571428571429 0.550761421319797 0.03857142857142857 0.03553299492385787
4 0.4328571428571429 0.49111675126903553 0.04428571428571428 0.04568527918781726
3 0.4282142857142857 0.5228426395939086 0.03785714285714286 0.03553299492385787
3 0.42392857142857143 0.45114213197969544 0.03785714285714286 0.03934010152284264
3 0.4157142857142857 0.4219543147208122 0.04 0.03426395939086294
3 0.4032142857142857 0.3013959390862944 0.019285714285714285 0.04949238578680203
3 0.3846428571428571 0.24048223350253808 0.020714285714285713 0.05203045685279188
3 0.37535714285714283 0.2068527918781726 0.013571428571428571 0.03299492385786802
3 0.3675 0.2836294416243655 0.035 0.03426395939086294
3 0.3585714285714286 0.2652284263959391 0.03428571428571429 0.030456852791878174
3 0.35535714285714287 0.25 0.030714285714285715 0.03553299492385787
3 0.3510714285714286 0.23223350253807107 0.03357142857142857 0.027918781725888325
3 0.34964285714285714 0.21890862944162437 0.029285714285714286 0.02918781725888325
3 0.3489285714285714 0.20304568527918782 0.02642857142857143 0.030456852791878174
3 0.36428571428571427 0.18210659898477158 0.024285714285714285 0.02918781725888325
3 0.3575 0.17385786802030456 0.027857142857142858 0.030456852791878174
3 0.35285714285714287 0.157994923857868 0.03142857142857143 0.0266497461928934