4 0.317 0.9293333333333333 0.205 0.14133333333333334
9 0.25575 0.841 0.0685 0.059333333333333335
9 0.28775 0.8223333333333334 0.0605 0.059333333333333335
9 0.33425 0.7946666666666666 0.0655 0.056
2 0.2195 0.799 0.066 0.03933333333333333
9 0.2295 0.7756666666666666 0.063 0.05533333333333333
9 0.24 0.7186666666666667 0.055 0.04666666666666667
9 0.27275 0.7076666666666667 0.0575 0.05
2 0.274 0.74 0.061 0.05333333333333334
6 0.343 0.7143333333333334 0.106 0.074
2 0.3915 0.8033333333333333 0.055 0.04533333333333334
9 0.38725 0.772 0.0625 0.048
9 0.43 0.7423333333333333 0.058 0.051333333333333335
0 0.4735 0.7633333333333333 0.022 0.06533333333333333
0 0.51025 0.725 0.0235 0.062
1 0.54175 0.5806666666666667 0.0175 0.04533333333333334
2 0.54175 0.5986666666666667 0.0165 0.05333333333333334
3 0.61375 0.5796666666666667 0.0695 0.13266666666666665
0 0.71375 0.961 0.0315 0.078
0 0.74325 0.9516666666666667 0.0215 0.05
0 0.71075 0.867 0.0345 0.07666666666666666
9 0.81525 0.9306666666666666 0.0535 0.11466666666666667
2 0.887 0.919 0.053 0.09933333333333333
0 0.8425 0.8226666666666667 0.041 0.068
9 0.84475 0.8476666666666667 0.0625 0.051333333333333335
0 0.8255 0.7943333333333333 0.032 0.06733333333333333
0 0.84925 0.7993333333333333 0.0335 0.07333333333333333
0 0.8765 0.7923333333333333 0.028 0.06866666666666667
0 0.69025 0.5096666666666667 0.0155 0.048666666666666664
2 0.7305 0.5123333333333333 0.026 0.042
0 0.5 0.471 0.012 0.046
0 0.45175 0.45966666666666667 0.0105 0.046
0 0.4705 0.42733333333333334 0.015 0.044
0 0.46225 0.41833333333333333 0.0085 0.046
0 0.51525 0.38766666666666666 0.0145 0.046
4 0.6125 0.4003333333333333 0.06 0.07266666666666667
8 0.557 0.3536666666666667 0.041 0.09133333333333334
0 0.49625 0.347 0.0065 0.03266666666666666
0 0.50325 0.34 0.0095 0.03866666666666667
0 0.5165 0.341 0.01 0.03933333333333333
0 0.4865 0.332 0.011 0.04
1 0.49125 0.31866666666666665 0.0065 0.017333333333333333
0 0.47475 0.30766666666666664 0.0105 0.03266666666666666
0 0.47575 0.30433333333333334 0.0085 0.03
0 0.4875 0.30466666666666664 0.008 0.030666666666666665
9 0.48025 0.33466666666666667 0.0175 0.02666666666666667
0 0.6515 0.4056666666666667 0.013 0.04466666666666667
9 0.6865 0.3903333333333333 0.032 0.023333333333333334
9 0.69625 0.376 0.0285 0.02666666666666667
0 0.62475 0.354 0.0115 0.03866666666666667
9 0.63775 0.33766666666666667 0.0305 0.024666666666666667
0 0.66725 0.325 0.0095 0.028666666666666667
0 0.62225 0.31833333333333336 0.0095 0.03933333333333333
0 0.62775 0.31433333333333335 0.0075 0.03666666666666667
0 0.6185 0.30033333333333334 0.013 0.03266666666666666
2 0.6165 0.308 0.01 0.025333333333333333
0 0.56675 0.30966666666666665 0.0095 0.03666666666666667
0 0.591 0.2896666666666667 0.012 0.034
0 0.60975 0.25133333333333335 0.0085 0.032
0 0.62625 0.24966666666666668 0.0125 0.03
1 0.5695 0.27666666666666667 0.012 0.024
1 0.57725 0.26866666666666666 0.0095 0.030666666666666665
1 0.5455 0.2833333333333333 0.009 0.034666666666666665
1 0.5275 0.2846666666666667 0.011 0.024
1 0.54825 0.26766666666666666 0.0135 0.03
9 0.577 0.291 0.022 0.020666666666666667
9 0.56825 0.2833333333333333 0.0205 0.02
9 0.577 0.27166666666666667 0.018 0.024666666666666667
2 0.54575 0.291 0.0135 0.020666666666666667
2 0.55025 0.275 0.0235 0.019333333333333334
6 0.525 0.29 0.017 0.03333333333333333
0 0.54975 0.2743333333333333 0.0105 0.034
0 0.5355 0.26466666666666666 0.01 0.03333333333333333
1 0.60225 0.263 0.0095 0.03
9 0.602 0.26766666666666666 0.017 0.020666666666666667
0 0.5285 0.24866666666666667 0.009 0.032
0 0.54125 0.25 0.0075 0.030666666666666665
0 0.53075 0.239 0.0075 0.03
0 0.54425 0.24533333333333332 0.0075 0.030666666666666665
0 0.54525 0.234 0.0085 0.025333333333333333
0 0.57325 0.22966666666666666 0.0065 0.026
0 0.58375 0.23466666666666666 0.0065 0.032
0 0.588 0.235 0.006 0.028666666666666667
3 0.56525 0.24666666666666667 0.0265 0.037333333333333336
0 0.47275 0.2723333333333333 0.0075 0.034
0 0.49675 0.23966666666666667 0.0045 0.028666666666666667
1 0.4785 0.249 0.01 0.018
0 0.48475 0.23 0.0055 0.025333333333333333
0 0.53425 0.21566666666666667 0.0065 0.027333333333333334
0 0.5205 0.20266666666666666 0.009 0.028
0 0.47275 0.232 0.0075 0.021333333333333333
0 0.465 0.19633333333333333 0.005 0.020666666666666667
0 0.46975 0.199 0.0045 0.023333333333333334
0 0.473 0.208 0.006 0.018666666666666668
0 0.47525 0.17966666666666667 0.0065 0.023333333333333334
0 0.4655 0.17933333333333334 0.006 0.02266666666666667
0 0.45075 0.17433333333333334 0.0065 0.016666666666666666
0 0.457 0.175 0.006 0.016666666666666666
0 0.49125 0.19033333333333333 0.0075 0.019333333333333334
4 0.50025 0.20333333333333334 0.0265 0.034666666666666665
9 0.492 0.19466666666666665 0.015 0.016
4 0.5555 0.20466666666666666 0.023 0.04
4 0.524 0.18233333333333332 0.035 0.028666666666666667
9 0.507 0.17933333333333334 0.014 0.010666666666666666
0 0.545 0.17433333333333334 0.007 0.020666666666666667
0 0.55 0.17966666666666667 0.005 0.022
0 0.55825 0.17433333333333334 0.0055 0.024666666666666667
0 0.56175 0.181 0.0065 0.022
0 0.56475 0.182 0.0045 0.013333333333333334
0 0.57225 0.18166666666666667 0.0055 0.023333333333333334
1 0.571 0.177 0.005 0.014
0 0.583 0.17433333333333334 0.006 0.018
4 0.60425 0.166 0.0205 0.024
4 0.59825 0.15533333333333332 0.0175 0.025333333333333333
5 0.573 0.15066666666666667 0.051 0.021333333333333333
0 0.62325 0.17233333333333334 0.0045 0.015333333333333332
0 0.346 0.20666666666666667 0.006 0.02266666666666667
0 0.352 0.209 0.007 0.024666666666666667
0 0.35675 0.21066666666666667 0.0055 0.025333333333333333
0 0.36075 0.20533333333333334 0.0085 0.025333333333333333
0 0.3535 0.276 0.008 0.028
0 0.372 0.273 0.008 0.03
1 0.3815 0.25933333333333336 0.009 0.021333333333333333
4 0.386 0.22533333333333333 0.023 0.024
9 0.39225 0.21233333333333335 0.0085 0.015333333333333332
9 0.39925 0.214 0.0085 0.016
4 0.33525 0.223 0.0405 0.019333333333333334
0 0.33175 0.27 0.0105 0.029333333333333333
0 0.3305 0.2866666666666667 0.008 0.02
5 0.657 0.202 0.047 0.028
4 0.727 0.19733333333333333 0.036 0.034666666666666665
3 0.7655 0.181 0.045 0.027333333333333334
0 0.7825 0.168 0.005 0.018666666666666668
0 0.79025 0.17333333333333334 0.0065 0.018666666666666668
0 0.794 0.15666666666666668 0.007 0.02266666666666667
4 0.778 0.15266666666666667 0.019 0.030666666666666665
0 0.51775 0.15833333333333333 0.0075 0.019333333333333334
0 0.52375 0.15933333333333333 0.0035 0.017333333333333333
1 0.522 0.15633333333333332 0.004 0.011333333333333334
4 0.44525 0.165 0.0285 0.020666666666666667
3 0.41525 0.13733333333333334 0.0255 0.017333333333333333
4 0.3985 0.126 0.016 0.016
3 0.4175 0.12433333333333334 0.014 0.015333333333333332
0 0.4145 0.11466666666666667 0.003 0.010666666666666666
0 0.417 0.115 0.004 0.01
3 0.40625 0.119 0.0145 0.012666666666666666
4 0.43725 0.12933333333333333 0.0115 0.016
4 0.43875 0.12266666666666666 0.0205 0.021333333333333333
4 0.41225 0.10933333333333334 0.0125 0.016
4 0.41675 0.104 0.0105 0.017333333333333333
4 0.449 0.11466666666666667 0.014 0.021333333333333333
4 0.44475 0.09666666666666666 0.0085 0.012
3 0.4215 0.10033333333333333 0.01 0.011333333333333334
4 0.42525 0.09433333333333334 0.0115 0.014
3 0.42875 0.09033333333333333 0.0105 0.01
4 0.434 0.08633333333333333 0.01 0.014
4 0.43625 0.08033333333333334 0.0105 0.012666666666666666
3 0.43975 0.07733333333333334 0.0065 0.009333333333333334
4 0.44125 0.07366666666666667 0.0105 0.01
3 0.44475 0.072 0.0085 0.009333333333333334
3 0.44725 0.06733333333333333 0.0085 0.008
4 0.4495 0.063 0.008 0.008666666666666666
3 0.452 0.06233333333333333 0.006 0.008666666666666666
3 0.4535 0.061 0.006 0.007333333333333333
4 0.45375 0.05733333333333333 0.0075 0.010666666666666666
4 0.45625 0.05533333333333333 0.0055 0.009333333333333334
0 0.3415 0.11733333333333333 0.005 0.010666666666666666
0 0.358 0.10666666666666667 0.004 0.013333333333333334
0 0.36225 0.097 0.0025 0.01
0 0.367 0.091 0.002 0.011333333333333334
4 0.368 0.08466666666666667 0.009 0.014666666666666666
0 0.5505 0.065 0.003 0.01
5 0.59925 0.071 0.0325 0.015333333333333332
3 0.60425 0.06566666666666666 0.0185 0.008666666666666666
3 0.60175 0.06433333333333334 0.0135 0.008666666666666666
5 0.597 0.058333333333333334 0.019 0.014
5 0.59375 0.05266666666666667 0.0215 0.014666666666666666
3 0.5805 0.065 0.015 0.008666666666666666
3 0.606 0.044333333333333336 0.005 0.007333333333333333
4 0.576 0.062 0.012 0.009333333333333334
4 0.57925 0.06366666666666666 0.0145 0.01
3 0.57375 0.059666666666666666 0.0115 0.008666666666666666
3 0.5725 0.059 0.012 0.007333333333333333
3 0.57 0.059666666666666666 0.013 0.008666666666666666
3 0.5725 0.056666666666666664 0.013 0.006666666666666667
3 0.5725 0.05466666666666667 0.014 0.006666666666666667
3 0.5685 0.050666666666666665 0.014 0.008
3 0.5675 0.048666666666666664 0.016 0.006666666666666667
3 0.564 0.046 0.013 0.008
5 0.566 0.041666666666666664 0.018 0.011333333333333334
4 0.57875 0.04533333333333334 0.0165 0.010666666666666666
3 0.58175 0.04733333333333333 0.0185 0.008
3 0.58825 0.050666666666666665 0.0185 0.006666666666666667
3 0.6465 0.058666666666666666 0.015 0.008
3 0.6405 0.055 0.014 0.007333333333333333
5 0.6385 0.051 0.016 0.012666666666666666
3 0.6335 0.051 0.012 0.008666666666666666
3 0.6315 0.04933333333333333 0.013 0.008
5 0.62425 0.04566666666666667 0.0165 0.01
5 0.6225 0.043 0.015 0.014
5 0.61925 0.04133333333333333 0.0185 0.014666666666666666
5 0.60975 0.039 0.0185 0.012666666666666666
5 0.6055 0.036 0.023 0.014666666666666666