3 0.5728571428571428 0.6522842639593909 0.022857142857142857 0.1065989847715736
3 0.5328571428571428 0.6357868020304569 0.027142857142857142 0.09137055837563451
3 0.46214285714285713 0.9390862944162437 0.037142857142857144 0.116751269035533
3 0.4614285714285714 0.7411167512690355 0.03 0.09644670050761421
3 0.47714285714285715 0.5545685279187818 0.025714285714285714 0.07106598984771574
3 0.4496428571428571 0.41941624365482233 0.020714285714285713 0.06979695431472081
9 0.4775 0.3489847715736041 0.009285714285714286 0.030456852791878174
3 0.4742857142857143 0.17385786802030456 0.017142857142857144 0.0532994923857868
3 0.5089285714285714 0.08312182741116751 0.015 0.03680203045685279
3 0.41785714285714287 0.10025380710659898 0.012857142857142857 0.027918781725888325
3 0.40214285714285714 0.09454314720812183 0.014285714285714285 0.03426395939086294
3 0.4185714285714286 0.04949238578680203 0.011428571428571429 0.030456852791878174
8 0.36714285714285716 0.1218274111675127 0.018571428571428572 0.05583756345177665
8 0.34714285714285714 0.10152284263959391 0.024285714285714285 0.07614213197969544
8 0.3582142857142857 0.037436548223350255 0.019285714285714285 0.05456852791878172
8 0.3782142857142857 0.027918781725888325 0.019285714285714285 0.05583756345177665
3 0.3732142857142857 0.07931472081218274 0.009285714285714286 0.0266497461928934
0 0.6489285714285714 0.751269035532995 0.010714285714285714 0.03299492385786802
0 0.5903571428571428 0.3426395939086294 0.0064285714285714285 0.025380710659898477
0 0.5785714285714286 0.23794416243654823 0.004285714285714286 0.01649746192893401
0 0.5764285714285714 0.22144670050761422 0.007142857142857143 0.021573604060913704
9 0.4467857142857143 0.07233502538071065 0.007857142857142858 0.030456852791878174