1 0.70475 0.16066666666666668 0.0115 0.018666666666666668
0 0.493 0.255 0.011 0.027333333333333334
4 0.65375 0.32666666666666666 0.0205 0.04666666666666667
4 0.70875 0.6066666666666667 0.0305 0.072
4 0.748 0.711 0.058 0.048666666666666664
4 0.67525 0.819 0.0295 0.09266666666666666
4 0.5025 0.49966666666666665 0.041 0.06066666666666667
4 0.43625 0.4713333333333333 0.0335 0.04533333333333334
4 0.43125 0.9683333333333334 0.0465 0.06333333333333334
4 0.5745 0.9533333333333334 0.037 0.09333333333333334
3 0.48875 0.9763333333333334 0.0385 0.04733333333333333
3 0.53825 0.953 0.0395 0.094
3 0.55725 0.8496666666666667 0.0375 0.10066666666666667
3 0.63175 0.8136666666666666 0.0335 0.09133333333333334
3 0.61575 0.7023333333333334 0.0285 0.07933333333333334
3 0.57975 0.7353333333333333 0.0295 0.08266666666666667
3 0.54225 0.7433333333333333 0.0345 0.08666666666666667
3 0.52 0.8793333333333333 0.038 0.1
3 0.4625 0.6783333333333333 0.061 0.035333333333333335
3 0.645 0.6213333333333333 0.042 0.072
3 0.89475 0.8133333333333334 0.0665 0.056
3 0.82475 0.7593333333333333 0.0695 0.044
3 0.79725 0.821 0.0765 0.058
3 0.64575 0.4623333333333333 0.0395 0.058
3 0.62925 0.40166666666666667 0.0265 0.056666666666666664
3 0.60525 0.486 0.0275 0.06533333333333333
3 0.5735 0.605 0.029 0.074
3 0.54175 0.5856666666666667 0.0305 0.07133333333333333
3 0.56775 0.4513333333333333 0.0375 0.06133333333333333
3 0.5265 0.436 0.041 0.05333333333333334
3 0.4645 0.531 0.049 0.05
3 0.43375 0.5843333333333334 0.0525 0.04733333333333333
3 0.37575 0.5173333333333333 0.0465 0.04666666666666667
3 0.355 0.5546666666666666 0.046 0.05733333333333333
4 0.407 0.4876666666666667 0.045 0.05
4 0.531 0.38566666666666666 0.022 0.04733333333333333
4 0.5895 0.412 0.036 0.05466666666666667
3 0.48325 0.7973333333333333 0.0435 0.09333333333333334
3 0.47575 0.42933333333333334 0.0375 0.06133333333333333
3 0.438 0.36566666666666664 0.032 0.051333333333333335
3 0.50375 0.3383333333333333 0.0385 0.046
3 0.45975 0.327 0.0355 0.058
3 0.472 0.2843333333333333 0.031 0.04466666666666667
3 0.43275 0.221 0.0305 0.046
3 0.362 0.172 0.026 0.04133333333333333
3 0.3825 0.13733333333333334 0.029 0.04133333333333333
3 0.3165 0.08333333333333333 0.026 0.03866666666666667
4 0.34375 0.07433333333333333 0.0315 0.051333333333333335
4 0.3285 0.04066666666666666 0.029 0.04133333333333333
3 0.31025 0.016666666666666666 0.0255 0.03333333333333333
1 0.2685 0.010333333333333333 0.009 0.019333333333333334
1 0.2715 0.017 0.011 0.020666666666666667
3 0.1865 0.13833333333333334 0.035 0.03266666666666666
4 0.1535 0.11566666666666667 0.032 0.035333333333333335
3 0.10025 0.009333333333333334 0.0265 0.018666666666666668
3 0.11575 0.019333333333333334 0.0315 0.032
3 0.129 0.021333333333333333 0.033 0.02666666666666667
3 0.1375 0.034 0.029 0.030666666666666665
3 0.15125 0.04466666666666667 0.0335 0.034666666666666665
3 0.164 0.049666666666666665 0.025 0.03666666666666667
3 0.1765 0.062 0.03 0.037333333333333336
0 0.36175 0.07666666666666666 0.0105 0.028
0 0.5595 0.47833333333333333 0.01 0.022
0 0.55075 0.48633333333333334 0.0075 0.020666666666666667
0 0.59225 0.4716666666666667 0.0125 0.023333333333333334
0 0.55725 0.522 0.0085 0.02
0 0.62475 0.5636666666666666 0.0085 0.019333333333333334
0 0.64775 0.5663333333333334 0.0085 0.024666666666666667
0 0.65275 0.5436666666666666 0.0105 0.023333333333333334
0 0.66825 0.5646666666666667 0.0095 0.024
1 0.34225 0.463 0.0095 0.020666666666666667
0 0.34525 0.4543333333333333 0.0135 0.019333333333333334
1 0.594 0.5786666666666667 0.007 0.016
1 0.5985 0.5776666666666667 0.007 0.020666666666666667
1 0.60275 0.591 0.0105 0.023333333333333334
6 0.60025 0.591 0.0235 0.042
0 0.6825 0.5976666666666667 0.009 0.014
9 0.8555 0.2623333333333333 0.019 0.023333333333333334
9 0.85775 0.277 0.0155 0.018
9 0.87275 0.27266666666666667 0.0105 0.02
9 0.86925 0.38433333333333336 0.0085 0.027333333333333334
9 0.88275 0.396 0.0105 0.02666666666666667
9 0.90775 0.31766666666666665 0.0115 0.018
9 0.88575 0.349 0.0075 0.023333333333333334
9 0.89675 0.3606666666666667 0.0195 0.014666666666666666
9 0.90575 0.36866666666666664 0.0155 0.016
9 0.9205 0.37433333333333335 0.019 0.012666666666666666
6 0.93625 0.38533333333333336 0.0295 0.021333333333333333
9 0.8995 0.3963333333333333 0.015 0.019333333333333334
9 0.911 0.406 0.016 0.021333333333333333
9 0.9165 0.411 0.018 0.020666666666666667
9 0.92375 0.42233333333333334 0.0165 0.019333333333333334
9 0.93125 0.43233333333333335 0.0145 0.018
9 0.9375 0.441 0.018 0.019333333333333334
9 0.944 0.4483333333333333 0.015 0.018
9 0.966 0.4706666666666667 0.017 0.02
6 0.95325 0.463 0.0155 0.022
6 0.85 0.3536666666666667 0.022 0.03133333333333333
0 0.85125 0.4046666666666667 0.0135 0.014666666666666666
0 0.93525 0.454 0.0135 0.017333333333333333
0 0.9365 0.44766666666666666 0.015 0.018
0 0.9455 0.4226666666666667 0.014 0.018666666666666668
0 0.95275 0.42033333333333334 0.0165 0.018
6 0.9625 0.375 0.023 0.023333333333333334
6 0.9355 0.35 0.025 0.021333333333333333
6 0.896 0.3396666666666667 0.023 0.028666666666666667
6 0.91925 0.3313333333333333 0.0225 0.021333333333333333
6 0.9205 0.49233333333333335 0.027 0.042
4 0.86225 0.485 0.0355 0.05
4 0.926 0.5303333333333333 0.046 0.06333333333333334
4 0.9725 0.5893333333333334 0.055 0.06666666666666667
5 0.88525 0.5023333333333333 0.0475 0.056666666666666664
0 0.97275 0.6423333333333333 0.0185 0.014
1 0.935 0.6903333333333334 0.024 0.016666666666666666
1 0.9285 0.7103333333333334 0.017 0.015333333333333332
1 0.94425 0.7336666666666667 0.0145 0.014
0 0.94775 0.7646666666666667 0.0125 0.010666666666666666
0 0.955 0.772 0.019 0.017333333333333333
0 0.8785 0.8603333333333333 0.019 0.015333333333333332
0 0.982 0.9116666666666666 0.022 0.018
9 0.891 0.9093333333333333 0.018 0.034666666666666665
9 0.938 0.7346666666666667 0.027 0.014666666666666666
0 0.69225 0.6896666666666667 0.0135 0.015333333333333332
1 0.67525 0.7026666666666667 0.0105 0.016
6 0.669 0.698 0.037 0.04133333333333333
1 0.59225 0.8596666666666667 0.0105 0.016666666666666666
1 0.5915 0.87 0.011 0.016