9 0.5279227557411273 0.1572356215213358 0.02244258872651357 0.0287569573283859
3 0.5707202505219207 0.27133580705009275 0.037056367432150315 0.11224489795918367
3 0.4804279749478079 0.49489795918367346 0.024530271398747392 0.10296846011131726
3 0.5237473903966597 0.4902597402597403 0.027661795407098122 0.11224489795918367
3 0.5581941544885177 0.46382189239332094 0.03288100208768267 0.1150278293135436
5 0.5989039665970772 0.4109461966604824 0.030793319415448852 0.14285714285714285
4 0.6085594989561587 0.5454545454545454 0.026096033402922755 0.10018552875695733
3 0.43997912317327764 0.576530612244898 0.06576200417536535 0.05287569573283859
3 0.545929018789144 0.6484230055658627 0.030271398747390398 0.12430426716141002
4 0.4423277661795407 0.7101113172541744 0.06315240083507306 0.05287569573283859
6 0.4287578288100209 0.7755102040816326 0.061064718162839246 0.055658627087198514
2 0.42745302713987476 0.8102968460111317 0.026096033402922755 0.021335807050092765
4 0.430062630480167 0.8589981447124304 0.07306889352818371 0.059369202226345084
3 0.4344989561586639 0.9540816326530612 0.07254697286012526 0.05473098330241188
3 0.5451461377870563 0.8965677179962894 0.030793319415448852 0.1437847866419295
4 0.6265657620041754 0.922077922077922 0.03288100208768267 0.11873840445269017
9 0.5780271398747391 0.9837662337662337 0.016179540709812108 0.030612244897959183
9 0.6766701461377871 0.1396103896103896 0.01826722338204593 0.038033395176252316
9 0.6912839248434238 0.25139146567717996 0.02661795407098121 0.03153988868274583
9 0.701722338204593 0.41512059369202226 0.015135699373695199 0.04359925788497217
9 0.7348643006263048 0.6275510204081632 0.014613778705636743 0.045454545454545456