8 0.6132142857142857 0.8109137055837563 0.04214285714285714 0.15736040609137056
9 0.87 0.7227157360406091 0.032857142857142856 0.03934010152284264
1 0.8678571428571429 0.7246192893401016 0.017142857142857144 0.04314720812182741
3 0.7503571428571428 0.6503807106598984 0.04928571428571429 0.06472081218274112
3 0.30964285714285716 0.8711928934010152 0.07357142857142857 0.07487309644670051
8 0.2842857142857143 0.8039340101522843 0.10142857142857142 0.11040609137055837
3 0.28785714285714287 0.7639593908629442 0.06714285714285714 0.06091370558375635
0 0.43535714285714283 0.7055837563451777 0.009285714285714286 0.03299492385786802
0 0.38785714285714284 0.6694162436548223 0.011428571428571429 0.031725888324873094
0 0.42678571428571427 0.5215736040609137 0.007857142857142858 0.03299492385786802
0 0.5121428571428571 0.5063451776649747 0.011428571428571429 0.025380710659898477
0 0.5860714285714286 0.4860406091370558 0.0064285714285714285 0.030456852791878174
0 0.5796428571428571 0.4714467005076142 0.0064285714285714285 0.031725888324873094
0 0.5964285714285714 0.47588832487309646 0.008571428571428572 0.030456852791878174
0 0.6085714285714285 0.467005076142132 0.01 0.027918781725888325
0 0.51 0.3331218274111675 0.007142857142857143 0.024111675126903553
3 0.6271428571428571 0.12055837563451777 0.02 0.027918781725888325
3 0.6139285714285714 0.1034263959390863 0.02214285714285714 0.0266497461928934
5 0.5767857142857142 0.08756345177664974 0.04214285714285714 0.048223350253807105
3 0.5953571428571428 0.08692893401015228 0.019285714285714285 0.0266497461928934
0 0.6325 0.09771573604060914 0.005 0.02030456852791878