5 0.6531837160751566 0.7286641929499073 0.05688935281837161 0.06771799628942486
3 0.5519311064718163 0.7031539888682746 0.05897703549060543 0.05380333951762523
6 0.5769832985386222 0.550556586270872 0.02661795407098121 0.021335807050092765
4 0.625 0.4689239332096475 0.04540709812108559 0.04730983302411874
3 0.704070981210856 0.3817254174397032 0.05010438413361169 0.045454545454545456
4 0.5788100208768268 0.3427643784786642 0.03966597077244259 0.045454545454545456
4 0.43789144050104384 0.5106679035250464 0.04592901878914405 0.04730983302411874
3 0.4825156576200417 0.44990723562152135 0.048538622129436326 0.04267161410018553
6 0.375 0.5041743970315399 0.024530271398747392 0.021335807050092765
3 0.2802713987473904 0.37430426716141 0.032359081419624215 0.06957328385899815
3 0.26383089770354906 0.4712430426716141 0.05375782881002088 0.04823747680890538
3 0.20876826722338204 0.46335807050092764 0.04801670146137787 0.041743970315398886
3 0.20694154488517746 0.35714285714285715 0.0360125260960334 0.06679035250463822
3 0.28575156576200417 0.11178107606679036 0.0360125260960334 0.05287569573283859
3 0.9318893528183716 0.42764378478664195 0.05688935281837161 0.04081632653061224
5 0.93919624217119 0.46335807050092764 0.06837160751565761 0.05287569573283859
5 0.8546450939457203 0.5941558441558441 0.14352818371607515 0.10111317254174397
5 0.41805845511482254 0.6762523191094619 0.08037578288100208 0.06493506493506493
3 0.20981210855949894 0.6326530612244898 0.059498956158663886 0.05009276437847866
0 0.10777661795407098 0.6224489795918368 0.013048016701461378 0.022263450834879406
4 0.027139874739039668 0.4271799628942486 0.054279749478079335 0.05102040816326531