3 0.54 0.9086294416243654 0.03 0.07868020304568528
3 0.4210714285714286 0.5107868020304569 0.029285714285714286 0.046954314720812185
3 0.44785714285714284 0.4206852791878173 0.024285714285714285 0.03426395939086294
3 0.4925 0.3331218274111675 0.017857142857142856 0.0266497461928934
3 0.6539285714285714 0.5038071065989848 0.019285714285714285 0.03553299492385787
3 0.6135714285714285 0.2880710659898477 0.01 0.02030456852791878
3 0.5835714285714285 0.3401015228426396 0.012857142857142857 0.030456852791878174
3 0.5871428571428572 0.28743654822335024 0.011428571428571429 0.01649746192893401
3 0.5421428571428571 0.24111675126903553 0.012857142857142857 0.02030456852791878
3 0.5792857142857143 0.19923857868020303 0.01 0.017766497461928935
3 0.5625 0.1967005076142132 0.010714285714285714 0.02284263959390863
3 0.5839285714285715 0.14657360406091371 0.010714285714285714 0.01903553299492386
3 0.6160714285714286 0.41116751269035534 0.012142857142857143 0.027918781725888325
3 0.5714285714285714 0.12753807106598986 0.008571428571428572 0.011421319796954314
3 0.5910714285714286 0.1199238578680203 0.0064285714285714285 0.013959390862944163
3 0.5660714285714286 0.10723350253807107 0.007857142857142858 0.013959390862944163
3 0.5964285714285714 0.10152284263959391 0.007142857142857143 0.012690355329949238
3 0.5710714285714286 0.09263959390862944 0.0064285714285714285 0.01015228426395939
3 0.5982142857142857 0.08439086294416244 0.007857142857142858 0.01903553299492386
3 0.5842857142857143 0.05520304568527919 0.007142857142857143 0.011421319796954314
3 0.6078571428571429 0.048223350253807105 0.005714285714285714 0.01015228426395939
3 0.5928571428571429 0.05520304568527919 0.005714285714285714 0.011421319796954314
3 0.5989285714285715 0.03680203045685279 0.0064285714285714285 0.01015228426395939
3 0.6225 0.027918781725888325 0.005 0.007614213197969543
3 0.6392857142857142 0.03362944162436548 0.005714285714285714 0.008883248730964468
3 0.6575 0.02601522842639594 0.0064285714285714285 0.006345177664974619
3 0.6457142857142857 0.0266497461928934 0.007142857142857143 0.01015228426395939
3 0.6917857142857143 0.01713197969543147 0.007857142857142858 0.008883248730964468
3 0.6853571428571429 0.015228426395939087 0.007857142857142858 0.01015228426395939
3 0.7042857142857143 0.2772842639593909 0.012857142857142857 0.01649746192893401
5 0.5592857142857143 0.23730964467005075 0.02 0.04060913705583756
8 0.5742857142857143 0.4619289340101523 0.018571428571428572 0.08883248730964467
8 0.605 0.11040609137055837 0.01 0.03807106598984772
8 0.6078571428571429 0.22081218274111675 0.01 0.030456852791878174
5 0.5892857142857143 0.24175126903553298 0.01 0.03426395939086294
3 0.6035714285714285 0.19860406091370558 0.008571428571428572 0.01649746192893401
0 0.8942857142857142 0.6446700507614214 0.007142857142857143 0.02284263959390863
0 0.805 0.6402284263959391 0.008571428571428572 0.024111675126903553
0 0.9042857142857142 0.6345177664974619 0.01 0.025380710659898477
5 0.18607142857142858 0.8331218274111675 0.09214285714285714 0.17385786802030456
5 0.21714285714285714 0.8946700507614214 0.10714285714285714 0.20812182741116753
3 0.18928571428571428 0.2785532994923858 0.022857142857142857 0.01903553299492386
9 0.36464285714285716 0.44225888324873097 0.010714285714285714 0.0266497461928934
1 0.36464285714285716 0.43718274111675126 0.0064285714285714285 0.01649746192893401
5 0.08428571428571428 0.3083756345177665 0.03857142857142857 0.027918781725888325
3 0.15035714285714286 0.2779187817258883 0.017857142857142856 0.015228426395939087
4 0.6128571428571429 0.056472081218274114 0.007142857142857143 0.013959390862944163
3 0.02142857142857143 0.2519035532994924 0.014285714285714285 0.011421319796954314
4 0.009642857142857142 0.25444162436548223 0.019285714285714285 0.013959390862944163
4 0.005 0.258248730964467 0.01 0.013959390862944163
3 0.0325 0.2468274111675127 0.010714285714285714 0.011421319796954314
3 0.038214285714285715 0.2430203045685279 0.017857142857142856 0.011421319796954314
3 0.045714285714285714 0.23794416243654823 0.017142857142857144 0.011421319796954314
3 0.09321428571428571 0.2182741116751269 0.013571428571428571 0.012690355329949238
3 0.1 0.21637055837563451 0.012857142857142857 0.011421319796954314
3 0.10571428571428572 0.2131979695431472 0.014285714285714285 0.012690355329949238
3 0.11357142857142857 0.20748730964467005 0.014285714285714285 0.011421319796954314
3 0.11964285714285715 0.20621827411167512 0.012142857142857143 0.011421319796954314
3 0.12285714285714286 0.2017766497461929 0.011428571428571429 0.012690355329949238
3 0.13035714285714287 0.19923857868020303 0.010714285714285714 0.012690355329949238
4 0.07285714285714286 0.21129441624365483 0.012857142857142857 0.011421319796954314
4 0.05607142857142857 0.23413705583756345 0.017857142857142856 0.013959390862944163
4 0.06642857142857143 0.2265228426395939 0.017142857142857144 0.013959390862944163
4 0.08035714285714286 0.22144670050761422 0.016428571428571428 0.013959390862944163
4 0.07571428571428572 0.20621827411167512 0.015714285714285715 0.013959390862944163
3 0.13357142857142856 0.19543147208121828 0.01 0.012690355329949238
4 0.1417857142857143 0.19098984771573604 0.012142857142857143 0.011421319796954314
5 0.06035714285714286 0.2131979695431472 0.016428571428571428 0.012690355329949238
5 0.5746428571428571 0.07550761421319797 0.009285714285714286 0.01649746192893401
8 0.5264285714285715 0.1453045685279188 0.01 0.01649746192893401