3 0.26826722338204595 0.563543599257885 0.04175365344467641 0.04359925788497217
5 0.354384133611691 0.424860853432282 0.09916492693110647 0.09647495361781076
3 0.6333507306889353 0.439239332096475 0.01722338204592902 0.036178107606679034
3 0.6727557411273486 0.44063079777365494 0.016701461377870562 0.03339517625231911
3 0.7202505219206681 0.536178107606679 0.037578288100208766 0.04452690166975881
3 0.7249478079331941 0.5208719851576994 0.029227557411273485 0.041743970315398886
3 0.8123695198329853 0.21985157699443414 0.02661795407098121 0.022263450834879406
3 0.8254175365344467 0.21706864564007422 0.02035490605427975 0.01855287569573284
3 0.8277661795407099 0.20640074211502782 0.025052192066805846 0.01948051948051948
3 0.8348121085594989 0.2012987012987013 0.02035490605427975 0.016697588126159554
3 0.8460334029227558 0.19341372912801486 0.022964509394572025 0.021335807050092765
3 0.869258872651357 0.1702226345083488 0.02348643006263048 0.017625231910946195
3 0.8830897703549061 0.15816326530612246 0.021920668058455117 0.017625231910946195
3 0.8969206680584552 0.150278293135436 0.01826722338204593 0.016697588126159554
3 0.9321503131524008 0.3302411873840445 0.031315240083507306 0.022263450834879406
3 0.9504175365344467 0.3450834879406308 0.026096033402922755 0.016697588126159554
3 0.990866388308977 0.37430426716141 0.01722338204592902 0.0287569573283859
3 0.9144050104384134 0.31539888682745826 0.031315240083507306 0.025974025974025976
4 0.9039665970772442 0.29916512059369205 0.029227557411273485 0.026901669758812616
3 0.894572025052192 0.2898886827458256 0.028183716075156576 0.021335807050092765
3 0.8872651356993737 0.28061224489795916 0.033402922755741124 0.0287569573283859
3 0.8880480167014614 0.2717996289424861 0.02348643006263048 0.016697588126159554
3 0.8810020876826722 0.24489795918367346 0.027139874739039668 0.022263450834879406
3 0.8786534446764092 0.23747680890538034 0.027661795407098122 0.01855287569573284
3 0.8849164926931107 0.23098330241187384 0.02870563674321503 0.02411873840445269