3 0.6730167014613778 0.7532467532467533 0.0662839248434238 0.09090909090909091
3 0.6497912317327766 0.6906307977736549 0.06784968684759916 0.07142857142857142
3 0.6349164926931107 0.6247680890538033 0.06210855949895616 0.0862708719851577
3 0.6283924843423799 0.5111317254174397 0.05010438413361169 0.06307977736549165
3 0.6213465553235908 0.475417439703154 0.042275574112734866 0.05287569573283859
3 0.6203027139874739 0.42207792207792205 0.04749478079331942 0.059369202226345084
3 0.7199895615866388 0.40120593692022266 0.043319415448851775 0.06029684601113173
3 0.7270354906054279 0.44990723562152135 0.04488517745302714 0.059369202226345084
3 0.738517745302714 0.4865491651205937 0.05636743215031315 0.0640074211502783
0 0.7494780793319415 0.49814471243042674 0.014613778705636743 0.03339517625231911
3 0.7617432150313153 0.5871985157699443 0.04540709812108559 0.07421150278293136
3 0.7813152400835073 0.7119666048237476 0.06263048016701461 0.07884972170686456
3 0.8079331941544885 0.7871057513914657 0.06889352818371608 0.08441558441558442
7 0.7747912317327766 0.6419294990723562 0.04018789144050104 0.06307977736549165
9 0.7922755741127349 0.6553803339517625 0.017745302713987474 0.036178107606679034
9 0.8517745302713987 0.5909090909090909 0.014613778705636743 0.04452690166975881
9 0.8546450939457203 0.5644712430426716 0.02139874739039666 0.039888682745825604
0 0.7727035490605428 0.3070500927643785 0.007828810020876827 0.03153988868274583
0 0.7719206680584552 0.2945269016697588 0.007306889352818371 0.0287569573283859
1 0.7784446764091858 0.30936920222634506 0.010960334029227558 0.026901669758812616
7 0.7426931106471816 0.30194805194805197 0.033402922755741124 0.04730983302411874
3 0.6933716075156576 0.28061224489795916 0.03914405010438413 0.04916512059369202
3 0.6041231732776617 0.24860853432282004 0.02244258872651357 0.03525046382189239
3 0.6748434237995825 0.161873840445269 0.03653444676409186 0.039888682745825604
3 0.6636221294363257 0.1414656771799629 0.031837160751565764 0.026901669758812616
3 0.5934237995824635 0.1349721706864564 0.032359081419624215 0.0287569573283859
3 0.5913361169102297 0.11595547309833024 0.030271398747390398 0.02411873840445269
9 0.7079853862212944 0.25510204081632654 0.016179540709812108 0.01855287569573284
9 0.7061586638830898 0.24397031539888683 0.015657620041753653 0.01855287569573284
9 0.7124217118997912 0.24257884972170687 0.013569937369519834 0.021335807050092765
9 0.7286012526096033 0.2602040816326531 0.018789144050104383 0.021335807050092765
9 0.7223382045929019 0.2504638218923933 0.012526096033402923 0.02411873840445269
9 0.7280793319415448 0.2453617810760668 0.014613778705636743 0.01948051948051948
9 0.7056367432150313 0.10714285714285714 0.011482254697286013 0.015769944341372914
9 0.6811064718162839 0.06307977736549165 0.012526096033402923 0.012987012987012988
9 0.6868475991649269 0.0663265306122449 0.010438413361169102 0.013914656771799629
9 0.6962421711899791 0.06957328385899815 0.008350730688935281 0.016697588126159554
9 0.6931106471816284 0.06679035250463822 0.011482254697286013 0.016697588126159554
9 0.6938935281837161 0.061224489795918366 0.008872651356993737 0.012987012987012988
9 0.6889352818371608 0.05148423005565863 0.011482254697286013 0.012059369202226345
9 0.6865866388308977 0.04730983302411874 0.012004175365344467 0.014842300556586271
9 0.6401356993736952 0.03571428571428571 0.009916492693110648 0.015769944341372914
9 0.6328288100208769 0.022263450834879406 0.006784968684759917 0.014842300556586271
3 0.5829853862212944 0.022727272727272728 0.028183716075156576 0.023191094619666047
3 0.5816805845511482 0.012523191094619666 0.02661795407098121 0.017625231910946195
3 0.5835073068893528 0.0055658627087198514 0.022964509394572025 0.011131725417439703
1 0.5331419624217119 0.04638218923933209 0.004697286012526096 0.014842300556586271
9 0.5328810020876826 0.05009276437847866 0.0041753653444676405 0.014842300556586271
5 0.48643006263048016 0.04359925788497217 0.013569937369519834 0.03339517625231911
1 0.49295407098121086 0.09322820037105752 0.004697286012526096 0.015769944341372914
1 0.49295407098121086 0.09137291280148423 0.005741127348643006 0.017625231910946195
9 0.49269311064718163 0.09461966604823747 0.006263048016701462 0.02040816326530612
3 0.4671189979123173 0.17532467532467533 0.017745302713987474 0.03525046382189239
4 0.46842379958246344 0.24211502782931354 0.019311064718162838 0.04267161410018553
0 0.45224425887265135 0.4007421150278293 0.008872651356993737 0.029684601113172542
0 0.4527661795407098 0.39053803339517623 0.008872651356993737 0.03153988868274583
0 0.5383611691022965 0.5927643784786641 0.006784968684759917 0.03339517625231911
0 0.5404488517745303 0.685064935064935 0.007828810020876827 0.032467532467532464
0 0.5394050104384134 0.7128942486085343 0.006784968684759917 0.032467532467532464
8 0.4856471816283925 0.5681818181818182 0.04018789144050104 0.1345083487940631
1 0.22938413361169102 0.9851576994434137 0.014091858037578288 0.027829313543599257
6 0.238517745302714 0.9591836734693877 0.03966597077244259 0.07792207792207792
1 0.24164926931106473 0.6321892393320965 0.011482254697286013 0.03432282003710575
1 0.2434759916492693 0.5913729128014842 0.013048016701461378 0.032467532467532464
2 0.2445198329853862 0.6001855287569573 0.01722338204592902 0.029684601113172542
2 0.2434759916492693 0.6461038961038961 0.015135699373695199 0.036178107606679034
7 0.26565762004175364 0.6089981447124304 0.027139874739039668 0.05658627087198516
0 0.29984342379958245 0.3984230055658627 0.007828810020876827 0.03432282003710575
0 0.29436325678496866 0.3910018552875696 0.006263048016701462 0.032467532467532464
1 0.2938413361169102 0.4489795918367347 0.009394572025052192 0.02411873840445269
9 0.2948851774530271 0.45686456400742115 0.011482254697286013 0.0287569573283859
9 0.25260960334029225 0.4489795918367347 0.021920668058455117 0.027829313543599257
9 0.24947807933194155 0.46335807050092764 0.018789144050104383 0.023191094619666047
9 0.24295407098121086 0.474025974025974 0.02139874739039666 0.02411873840445269
9 0.23825678496868477 0.4837662337662338 0.02139874739039666 0.023191094619666047
7 0.22494780793319416 0.5083487940630798 0.028183716075156576 0.06307977736549165
9 0.21633611691022964 0.5593692022263451 0.019311064718162838 0.02411873840445269
6 0.20511482254697286 0.5742115027829313 0.03966597077244259 0.03339517625231911
9 0.1837160751565762 0.6512059369202227 0.026096033402922755 0.025974025974025976
1 0.12760960334029228 0.7268089053803339 0.016179540709812108 0.032467532467532464
9 0.12917536534446764 0.7319109461966605 0.016179540709812108 0.04823747680890538
9 0.1336116910229645 0.8047309833024119 0.03653444676409186 0.04730983302411874
1 0.14326722338204592 0.8344155844155844 0.008872651356993737 0.015769944341372914
7 0.09133611691022965 0.8232838589981447 0.04384133611691023 0.08998144712430427
9 0.10829853862212943 0.8794063079777366 0.014091858037578288 0.04452690166975881
9 0.09994780793319416 0.924860853432282 0.03288100208768267 0.055658627087198514
3 0.42379958246346555 0.3038033395176252 0.03653444676409186 0.05102040816326531
1 0.1448329853862213 0.5677179962894249 0.014091858037578288 0.02411873840445269
0 0.15683716075156576 0.5524118738404453 0.010960334029227558 0.038033395176252316
0 0.16544885177453028 0.5236549165120594 0.012526096033402923 0.036178107606679034
0 0.19180584551148225 0.44990723562152135 0.010960334029227558 0.03153988868274583
0 0.17197286012526097 0.42857142857142855 0.010960334029227558 0.03153988868274583
1 0.20041753653444677 0.4429499072356215 0.011482254697286013 0.032467532467532464
6 0.3092379958246347 0.2815398886827458 0.014091858037578288 0.030612244897959183
0 0.32150313152400833 0.2036178107606679 0.007306889352818371 0.026901669758812616
9 0.2818371607515658 0.21706864564007422 0.007306889352818371 0.022263450834879406
9 0.33402922755741127 0.21289424860853431 0.006263048016701462 0.023191094619666047
2 0.3355949895615866 0.2077922077922078 0.014613778705636743 0.016697588126159554
2 0.346294363256785 0.174860853432282 0.013048016701461378 0.015769944341372914
6 0.3475991649269311 0.1683673469387755 0.011482254697286013 0.01948051948051948
1 0.3551670146137787 0.1614100185528757 0.006784968684759917 0.016697588126159554
1 0.3713465553235908 0.174860853432282 0.005741127348643006 0.017625231910946195
6 0.37343423799582465 0.18042671614100186 0.009916492693110648 0.021335807050092765
6 0.35360125260960334 0.14517625231910947 0.012004175365344467 0.0287569573283859
6 0.3569937369519833 0.1266233766233766 0.018789144050104383 0.021335807050092765
1 0.33950939457202506 0.11270871985157699 0.005741127348643006 0.015769944341372914
9 0.3397703549060543 0.11827458256029684 0.005219206680584551 0.017625231910946195
9 0.328027139874739 0.08858998144712431 0.012004175365344467 0.013914656771799629
2 0.3322025052192067 0.07606679035250463 0.010960334029227558 0.014842300556586271
9 0.3368997912317328 0.0640074211502783 0.007828810020876827 0.014842300556586271
0 0.3533402922755741 0.0287569573283859 0.003131524008350731 0.01855287569573284
1 0.3729123173277662 0.037569573283859 0.006784968684759917 0.015769944341372914
9 0.3731732776617954 0.04313543599257885 0.008350730688935281 0.01948051948051948
9 0.3901356993736952 0.041743970315398886 0.009916492693110648 0.012987012987012988
4 0.3752609603340292 0.06029684601113173 0.014613778705636743 0.03710575139146568
1 0.4042275574112735 0.08858998144712431 0.006784968684759917 0.015769944341372914
9 0.4042275574112735 0.09230055658627087 0.005741127348643006 0.017625231910946195
1 0.3937891440501044 0.09554730983302412 0.005741127348643006 0.016697588126159554
6 0.3945720250521921 0.09879406307977737 0.008350730688935281 0.021335807050092765
1 0.4144050104384134 0.03432282003710575 0.005219206680584551 0.016697588126159554
1 0.41492693110647183 0.03339517625231911 0.005219206680584551 0.016697588126159554
9 0.41492693110647183 0.038033395176252316 0.006263048016701462 0.01855287569573284