3 0.02214285714285714 0.2315989847715736 0.014285714285714285 0.011421319796954314
4 0.08928571428571429 0.41814720812182743 0.011428571428571429 0.024111675126903553
4 0.06392857142857143 0.38388324873096447 0.013571428571428571 0.0266497461928934
3 0.05142857142857143 0.41814720812182743 0.018571428571428572 0.021573604060913704
3 0.04607142857142857 0.4003807106598985 0.016428571428571428 0.01903553299492386
3 0.03892857142857143 0.3756345177664975 0.017857142857142856 0.02284263959390863
4 0.04321428571428571 0.39213197969543145 0.017857142857142856 0.015228426395939087
0 0.07357142857142857 0.37753807106598986 0.004285714285714286 0.013959390862944163
0 0.07642857142857143 0.37753807106598986 0.005714285714285714 0.008883248730964468
0 0.03892857142857143 0.2956852791878173 0.0035714285714285713 0.007614213197969543
4 0.03321428571428572 0.3565989847715736 0.019285714285714285 0.017766497461928935
3 0.03 0.33946700507614214 0.017142857142857144 0.013959390862944163
3 0.026071428571428572 0.33375634517766495 0.015 0.015228426395939087
4 0.025357142857142856 0.32423857868020306 0.017857142857142856 0.01649746192893401
4 0.02142857142857143 0.3134517766497462 0.014285714285714285 0.02284263959390863
4 0.018571428571428572 0.3083756345177665 0.018571428571428572 0.017766497461928935
4 0.016785714285714286 0.2982233502538071 0.017857142857142856 0.017766497461928935
4 0.014285714285714285 0.2918781725888325 0.02 0.015228426395939087
3 0.011785714285714287 0.28553299492385786 0.013571428571428571 0.015228426395939087
3 0.010714285714285714 0.2772842639593909 0.015714285714285715 0.01903553299492386
0 0.002857142857142857 0.25571065989847713 0.004285714285714286 0.008883248730964468
5 0.3578571428571429 0.49619289340101524 0.025714285714285714 0.03299492385786802
5 0.40964285714285714 0.47588832487309646 0.035 0.04314720812182741
5 0.24535714285714286 0.6345177664974619 0.027857142857142858 0.03553299492385787
4 0.11892857142857143 0.7442893401015228 0.019285714285714285 0.0266497461928934
4 0.1475 0.7519035532994924 0.023571428571428573 0.0266497461928934
3 0.015357142857142857 0.8610406091370558 0.02214285714285714 0.0266497461928934
3 0.10392857142857143 0.8381979695431472 0.020714285714285713 0.0266497461928934
3 0.2835714285714286 0.6205583756345178 0.018571428571428572 0.02284263959390863
3 0.2125 0.7277918781725888 0.019285714285714285 0.02918781725888325
4 0.25035714285714283 0.7963197969543148 0.017857142857142856 0.024111675126903553
3 0.24107142857142858 0.8394670050761421 0.019285714285714285 0.0266497461928934
3 0.24535714285714286 0.8540609137055838 0.016428571428571428 0.02284263959390863
3 0.29892857142857143 0.8274111675126904 0.016428571428571428 0.02284263959390863
3 0.2857142857142857 0.7893401015228426 0.017142857142857144 0.025380710659898477
3 0.28 0.7791878172588832 0.017142857142857144 0.025380710659898477
3 0.35892857142857143 0.583756345177665 0.015 0.02284263959390863
3 0.37607142857142856 0.5310913705583756 0.013571428571428571 0.01649746192893401
8 0.33035714285714285 0.6294416243654822 0.027857142857142858 0.03807106598984772
3 0.39714285714285713 0.6897208121827412 0.015714285714285715 0.02918781725888325
5 0.3825 0.741751269035533 0.03214285714285714 0.03680203045685279
3 0.26821428571428574 0.9333756345177665 0.017857142857142856 0.024111675126903553
5 0.4417857142857143 0.8394670050761421 0.023571428571428573 0.11802030456852793
5 0.46535714285714286 0.8318527918781726 0.023571428571428573 0.11548223350253807
5 0.4853571428571429 0.8147208121827412 0.025 0.116751269035533
5 0.5064285714285715 0.800761421319797 0.025714285714285714 0.11421319796954314
5 0.5242857142857142 0.7855329949238579 0.025714285714285714 0.11421319796954314
5 0.5446428571428571 0.7658629441624365 0.027857142857142858 0.11548223350253807
5 0.6010714285714286 0.7170050761421319 0.030714285714285715 0.1116751269035533
5 0.5821428571428572 0.7360406091370558 0.03 0.1065989847715736
5 0.5642857142857143 0.7480964467005076 0.02857142857142857 0.11294416243654823
5 0.6289285714285714 0.7036802030456852 0.027857142857142858 0.05456852791878172
5 0.46 0.6135786802030457 0.02142857142857143 0.03934010152284264
3 0.5017857142857143 0.6338832487309645 0.012142857142857143 0.0266497461928934
5 0.5160714285714286 0.5596446700507615 0.04071428571428572 0.08121827411167512
5 0.47785714285714287 0.5824873096446701 0.03428571428571429 0.06852791878172589
5 0.4682142857142857 0.5977157360406091 0.03357142857142857 0.06598984771573604
5 0.52 0.5425126903553299 0.02142857142857143 0.04949238578680203
5 0.5696428571428571 0.5387055837563451 0.010714285714285714 0.03934010152284264
5 0.5578571428571428 0.5285532994923858 0.01 0.03934010152284264
4 0.5871428571428572 0.550761421319797 0.008571428571428572 0.030456852791878174
4 0.5775 0.5463197969543148 0.007857142857142858 0.0266497461928934
3 0.45571428571428574 0.508248730964467 0.011428571428571429 0.021573604060913704
4 0.45964285714285713 0.4498730964467005 0.015 0.021573604060913704
5 0.4764285714285714 0.41116751269035534 0.032857142857142856 0.04314720812182741
3 0.5360714285714285 0.3597715736040609 0.010714285714285714 0.01649746192893401
3 0.5785714285714286 0.3166243654822335 0.014285714285714285 0.01903553299492386
3 0.5703571428571429 0.3026649746192893 0.012142857142857143 0.01649746192893401
3 0.4617857142857143 0.40418781725888325 0.015 0.01903553299492386
3 0.8525 0.6104060913705583 0.016428571428571428 0.02030456852791878