3 0.13413361169102297 0.5653988868274582 0.033402922755741124 0.08441558441558442
3 0.1589248434237996 0.5194805194805194 0.0360125260960334 0.07235621521335807
3 0.17875782881002086 0.45315398886827457 0.04123173277661795 0.07142857142857142
9 0.059237995824634654 0.12059369202226346 0.01826722338204593 0.03153988868274583
9 0.06263048016701461 0.16465677179962895 0.024008350730688934 0.0287569573283859
4 0.019832985386221295 0.2597402597402597 0.03966597077244259 0.07606679035250463
7 0.043580375782881 0.32421150278293137 0.02870563674321503 0.05102040816326531
7 0.07228601252609604 0.2625231910946197 0.02661795407098121 0.05380333951762523
9 0.028444676409185805 0.37012987012987014 0.016179540709812108 0.029684601113172542
1 0.1484864300626305 0.41233766233766234 0.008872651356993737 0.015769944341372914
1 0.15292275574112735 0.40166975881261596 0.011482254697286013 0.014842300556586271
0 0.14065762004175367 0.4452690166975881 0.016179540709812108 0.016697588126159554
6 0.15266179540709812 0.40538033395176254 0.02139874739039666 0.03896103896103896
5 0.02661795407098121 0.8455473098330241 0.0407098121085595 0.10296846011131726
5 0.35073068893528186 0.6331168831168831 0.059498956158663886 0.12337662337662338
6 0.2794885177453027 0.21289424860853431 0.029749478079331943 0.04916512059369202
1 0.8627348643006263 0.05148423005565863 0.008350730688935281 0.021335807050092765
0 0.8747390396659708 0.03432282003710575 0.015657620041753653 0.01855287569573284
0 0.875 0.07560296846011132 0.013048016701461378 0.015769944341372914
9 0.8734342379958246 0.07838589981447125 0.02661795407098121 0.021335807050092765
3 0.800365344467641 0.26669758812615957 0.02870563674321503 0.08998144712430427
3 0.7755741127348643 0.32653061224489793 0.030271398747390398 0.07977736549165121
5 0.7296450939457203 0.7263450834879406 0.04592901878914405 0.10018552875695733
9 0.3629958246346555 0.9183673469387755 0.016179540709812108 0.03525046382189239
1 0.3616910229645094 0.9211502782931354 0.010438413361169102 0.022263450834879406