3 0.6239285714285714 0.9352791878172588 0.045 0.1065989847715736
3 0.4942857142857143 0.5736040609137056 0.02142857142857143 0.04568527918781726
3 0.44785714285714284 0.41624365482233505 0.015714285714285715 0.03553299492385787
3 0.39714285714285713 0.29758883248730966 0.011428571428571429 0.024111675126903553
4 0.44142857142857145 0.34073604060913704 0.012857142857142857 0.031725888324873094
4 0.5989285714285715 0.8388324873096447 0.039285714285714285 0.09644670050761421
4 0.5775 0.7620558375634517 0.03357142857142857 0.08756345177664974
4 0.5546428571428571 0.6935279187817259 0.029285714285714286 0.07487309644670051
4 0.5353571428571429 0.6338832487309645 0.02642857142857143 0.06218274111675127
4 0.5221428571428571 0.5894670050761421 0.025714285714285714 0.06218274111675127
4 0.5089285714285714 0.5501269035532995 0.02214285714285714 0.05203045685279188
3 0.5010714285714286 0.5177664974619289 0.013571428571428571 0.03299492385786802
0 0.3939285714285714 0.4289340101522843 0.005 0.02030456852791878
0 0.5467857142857143 0.4866751269035533 0.005 0.024111675126903553
0 0.5332142857142858 0.5025380710659898 0.005 0.02284263959390863
0 0.5296428571428572 0.5019035532994924 0.005 0.0266497461928934
0 0.6232142857142857 0.7893401015228426 0.0064285714285714285 0.03299492385786802
0 0.6142857142857143 0.7861675126903553 0.007142857142857143 0.031725888324873094
0 0.47535714285714287 0.350253807106599 0.005 0.015228426395939087
3 0.46714285714285714 0.4130710659898477 0.014285714285714285 0.0266497461928934
0 0.4767857142857143 0.4073604060913706 0.005 0.02284263959390863
0 0.3892857142857143 0.3769035532994924 0.004285714285714286 0.02030456852791878
0 0.4682142857142857 0.33946700507614214 0.0035714285714285713 0.01649746192893401
0 0.46464285714285714 0.32550761421319796 0.0035714285714285713 0.01649746192893401
0 0.4664285714285714 0.34390862944162437 0.002857142857142857 0.012690355329949238
0 0.4617857142857143 0.3293147208121827 0.0035714285714285713 0.013959390862944163
0 0.4625 0.3229695431472081 0.005 0.01649746192893401
0 0.4589285714285714 0.3134517766497462 0.0035714285714285713 0.017766497461928935
0 0.45535714285714285 0.3134517766497462 0.0035714285714285713 0.015228426395939087
0 0.3967857142857143 0.3369289340101523 0.0035714285714285713 0.01649746192893401
0 0.38357142857142856 0.28553299492385786 0.002857142857142857 0.015228426395939087
0 0.3925 0.2201776649746193 0.0035714285714285713 0.011421319796954314
0 0.3992857142857143 0.21763959390862944 0.002857142857142857 0.008883248730964468
0 0.43142857142857144 0.30710659898477155 0.002857142857142857 0.01015228426395939
9 0.4325 0.31281725888324874 0.005 0.011421319796954314
5 0.42714285714285716 0.2918781725888325 0.012857142857142857 0.03299492385786802
0 0.4542857142857143 0.2868020304568528 0.002857142857142857 0.015228426395939087
4 0.4010714285714286 0.19606598984771573 0.017857142857142856 0.01649746192893401
3 0.3775 0.19796954314720813 0.017857142857142856 0.01015228426395939
0 0.41464285714285715 0.47017766497461927 0.005 0.01903553299492386
4 0.6464285714285715 0.983502538071066 0.03428571428571429 0.030456852791878174