3 0.11857142857142858 0.8597715736040609 0.05 0.12563451776649745
3 0.5117857142857143 0.8229695431472082 0.052142857142857144 0.15355329949238578
3 0.7075 0.3756345177664975 0.04214285714285714 0.08883248730964467
3 0.515 0.20812182741116753 0.03 0.06091370558375635
3 0.08892857142857143 0.5647208121827412 0.052142857142857144 0.04314720812182741
3 0.35892857142857143 0.17258883248730963 0.03357142857142857 0.03299492385786802
3 0.2732142857142857 0.17195431472081218 0.017857142857142856 0.03680203045685279
0 0.05 0.5989847715736041 0.014285714285714285 0.030456852791878174
0 0.18 0.7138324873096447 0.012857142857142857 0.03680203045685279
0 0.33285714285714285 0.6782994923857868 0.01 0.04187817258883249
1 0.33285714285714285 0.7868020304568528 0.012857142857142857 0.030456852791878174
0 0.22428571428571428 0.6763959390862944 0.01 0.03553299492385787
0 0.22142857142857142 0.6897208121827412 0.012857142857142857 0.031725888324873094
1 0.3171428571428571 0.8692893401015228 0.008571428571428572 0.02030456852791878
1 0.31642857142857145 0.883248730964467 0.014285714285714285 0.030456852791878174
1 0.31857142857142856 0.9010152284263959 0.017142857142857144 0.025380710659898477
9 0.3467857142857143 0.4156091370558376 0.007857142857142858 0.03426395939086294
0 0.06535714285714286 0.49048223350253806 0.010714285714285714 0.02918781725888325
0 0.06714285714285714 0.6116751269035533 0.011428571428571429 0.03299492385786802
8 0.07 0.7176395939086294 0.12428571428571429 0.2626903553299492
4 0.27464285714285713 0.3686548223350254 0.023571428571428573 0.06218274111675127
4 0.3221428571428571 0.3223350253807107 0.04285714285714286 0.04060913705583756
4 0.3264285714285714 0.2956852791878173 0.03857142857142857 0.03553299492385787
4 0.3342857142857143 0.25761421319796957 0.03857142857142857 0.03553299492385787
4 0.3414285714285714 0.23604060913705585 0.03857142857142857 0.030456852791878174
4 0.34714285714285714 0.217005076142132 0.03857142857142857 0.027918781725888325
4 0.3825 0.08565989847715735 0.016428571428571428 0.031725888324873094
4 0.3703571428571429 0.05520304568527919 0.017857142857142856 0.024111675126903553
4 0.33107142857142857 0.03426395939086294 0.017857142857142856 0.03553299492385787
4 0.05071428571428571 0.13324873096446702 0.032857142857142856 0.048223350253807105
4 0.10035714285714285 0.07296954314720812 0.02642857142857143 0.03426395939086294
4 0.12035714285714286 0.04568527918781726 0.02642857142857143 0.03299492385786802
4 0.13785714285714284 0.024111675126903553 0.022857142857142857 0.03299492385786802