7 0.12656576200417535 0.8126159554730983 0.05375782881002088 0.14100185528756956
7 0.09446764091858037 0.6349721706864564 0.060542797494780795 0.10667903525046382
7 0.14457202505219208 0.5213358070500927 0.06367432150313153 0.1150278293135436
6 0.25260960334029225 0.7337662337662337 0.07828810020876827 0.08348794063079777
9 0.282098121085595 0.6966604823747681 0.048538622129436326 0.04081632653061224
7 0.2781837160751566 0.6484230055658627 0.0709812108559499 0.061224489795918366
4 0.29305845511482254 0.5584415584415584 0.10281837160751565 0.09090909090909091
4 0.29331941544885176 0.48330241187384043 0.08768267223382047 0.07977736549165121
3 0.3188935281837161 0.4174397031539889 0.08455114822546973 0.07421150278293136
7 0.31184759916492694 0.36363636363636365 0.05688935281837161 0.05194805194805195
6 0.27113778705636743 0.3014842300556586 0.043319415448851775 0.0575139146567718
4 0.4647703549060543 0.31586270871985156 0.07045929018789145 0.06957328385899815
3 0.467901878914405 0.38636363636363635 0.08402922755741127 0.08070500927643785
3 0.47520876826722336 0.4735621521335807 0.0861169102296451 0.075139146567718
3 0.48068893528183715 0.550556586270872 0.1022964509394572 0.08070500927643785
3 0.4535490605427975 0.6419294990723562 0.09707724425887265 0.08905380333951762
8 0.5626304801670147 0.8167903525046383 0.06263048016701461 0.3163265306122449
5 0.6406576200417536 0.865491651205937 0.06419624217118998 0.23562152133580705
9 0.7750521920668059 0.8070500927643784 0.04488517745302714 0.03896103896103896
7 0.7497390396659708 0.7518552875695733 0.06315240083507306 0.075139146567718
3 0.7215553235908142 0.5598330241187384 0.0975991649269311 0.08998144712430427
3 0.7100730688935282 0.48794063079777367 0.08924843423799582 0.07421150278293136
3 0.7092901878914405 0.4137291280148423 0.09081419624217119 0.06679035250463822
5 0.7160751565762005 0.35064935064935066 0.10438413361169102 0.08534322820037106
6 0.6255219206680585 0.2750463821892393 0.02870563674321503 0.08812615955473098
6 0.5362734864300627 0.22170686456400743 0.02661795407098121 0.06307977736549165
9 0.5054801670146137 0.19480519480519481 0.02348643006263048 0.03339517625231911
3 0.8134133611691023 0.07142857142857142 0.06941544885177453 0.0575139146567718
7 0.717901878914405 0.041743970315398886 0.04018789144050104 0.05194805194805195
9 0.6484864300626305 0.21614100185528756 0.02348643006263048 0.027829313543599257
9 0.6531837160751566 0.20037105751391465 0.031837160751565764 0.03339517625231911
9 0.6792797494780793 0.05009276437847866 0.012004175365344467 0.03896103896103896
0 0.6317849686847599 0.03432282003710575 0.006784968684759917 0.029684601113172542
9 0.5835073068893528 0.07050092764378478 0.011482254697286013 0.03896103896103896
9 0.55741127348643 0.0663265306122449 0.012526096033402923 0.039888682745825604
2 0.5660229645093946 0.08719851576994433 0.012004175365344467 0.03896103896103896
9 0.5292275574112735 0.07467532467532467 0.013569937369519834 0.038033395176252316
9 0.517223382045929 0.061224489795918366 0.012526096033402923 0.04267161410018553
9 0.48851774530271397 0.060760667903525044 0.009394572025052192 0.039888682745825604
9 0.45876826722338204 0.06539888682745826 0.010438413361169102 0.03432282003710575
9 0.44937369519832987 0.05797773654916512 0.012526096033402923 0.045454545454545456
7 0.5013048016701461 0.0640074211502783 0.02035490605427975 0.061224489795918366
0 0.473643006263048 0.13682745825602968 0.008872651356993737 0.045454545454545456
0 0.47103340292275575 0.1261595547309833 0.012004175365344467 0.04267161410018553
7 0.4605949895615866 0.10714285714285714 0.038100208768267224 0.05287569573283859
9 0.41910229645093944 0.08719851576994433 0.020876826722338204 0.03153988868274583
9 0.40083507306889354 0.0774582560296846 0.020876826722338204 0.026901669758812616
9 0.40501043841336115 0.05983302411873841 0.020876826722338204 0.030612244897959183
9 0.40109603340292277 0.04081632653061224 0.010960334029227558 0.03710575139146568
9 0.3948329853862213 0.03710575139146568 0.008872651356993737 0.04081632653061224
9 0.35386221294363257 0.04359925788497217 0.020876826722338204 0.03339517625231911
9 0.3295929018789144 0.03200371057513915 0.012004175365344467 0.039888682745825604
0 0.28131524008350733 0.1767161410018553 0.011482254697286013 0.04359925788497217
0 0.27609603340292277 0.03293135435992579 0.012526096033402923 0.036178107606679034
0 0.2685281837160752 0.039888682745825604 0.01722338204592902 0.03896103896103896
9 0.2695720250521921 0.04313543599257885 0.02035490605427975 0.0287569573283859
1 0.2265135699373695 0.0640074211502783 0.012526096033402923 0.03896103896103896
6 0.23512526096033404 0.06771799628942486 0.03496868475991649 0.03525046382189239
1 0.2176409185803758 0.11131725417439703 0.011482254697286013 0.03525046382189239
1 0.2254697286012526 0.1303339517625232 0.010438413361169102 0.0287569573283859
9 0.22703549060542796 0.13868274582560297 0.025052192066805846 0.032467532467532464
9 0.2244258872651357 0.10899814471243043 0.037578288100208766 0.04359925788497217
7 0.20485386221294363 0.18089053803339517 0.027661795407098122 0.08348794063079777
9 0.12265135699373696 0.15166975881261596 0.025052192066805846 0.036178107606679034
1 0.04410229645093946 0.12291280148423006 0.016179540709812108 0.030612244897959183
9 0.04801670146137787 0.12894248608534323 0.030271398747390398 0.029684601113172542
7 0.02896659707724426 0.15862708719851576 0.054801670146137786 0.06307977736549165
0 0.05323590814196242 0.015769944341372914 0.016701461377870562 0.03153988868274583
1 0.07437369519832986 0.03153988868274583 0.013048016701461378 0.03339517625231911
9 0.07724425887265135 0.036641929499072357 0.026096033402922755 0.030612244897959183
9 0.10386221294363257 0.04452690166975881 0.021920668058455117 0.03525046382189239
9 0.11143006263048016 0.05241187384044527 0.019311064718162838 0.03432282003710575
9 0.11951983298538622 0.06261595547309833 0.020876826722338204 0.039888682745825604
9 0.12917536534446764 0.03849721706864564 0.019311064718162838 0.036178107606679034