3 0.42964285714285716 0.5945431472081218 0.015 0.03680203045685279
3 0.505 0.6142131979695431 0.012857142857142857 0.03807106598984772
3 0.445 0.46446700507614214 0.01 0.025380710659898477
3 0.4667857142857143 0.4416243654822335 0.009285714285714286 0.02030456852791878
3 0.4735714285714286 0.3769035532994924 0.01 0.02030456852791878
3 0.47928571428571426 0.34073604060913704 0.007142857142857143 0.01649746192893401
3 0.47535714285714287 0.29441624365482233 0.007857142857142858 0.017766497461928935
3 0.4657142857142857 0.2614213197969543 0.008571428571428572 0.017766497461928935
3 0.49178571428571427 0.23223350253807107 0.0064285714285714285 0.015228426395939087
3 0.5089285714285714 0.2398477157360406 0.007857142857142858 0.02030456852791878
3 0.5207142857142857 0.2569796954314721 0.007142857142857143 0.01903553299492386
3 0.4832142857142857 0.18401015228426396 0.0064285714285714285 0.015228426395939087
3 0.5085714285714286 0.18401015228426396 0.007142857142857143 0.015228426395939087
3 0.4878571428571429 0.11230964467005077 0.005714285714285714 0.011421319796954314
3 0.5107142857142857 0.08756345177664974 0.005714285714285714 0.012690355329949238
3 0.4903571428571429 0.07614213197969544 0.005 0.01015228426395939
3 0.4832142857142857 0.06345177664974619 0.005 0.01015228426395939
3 0.49607142857142855 0.05583756345177665 0.005 0.01015228426395939
3 0.5103571428571428 0.0583756345177665 0.005 0.012690355329949238
3 0.5167857142857143 0.01713197969543147 0.005 0.008883248730964468
3 0.4853571428571429 0.022208121827411168 0.0035714285714285713 0.008883248730964468
3 0.5003571428571428 0.0025380710659898475 0.005 0.005076142131979695
3 0.5182142857142857 0.06281725888324872 0.005 0.01649746192893401
3 0.4575 0.3248730964467005 0.007857142857142858 0.017766497461928935
3 0.5360714285714285 0.3946700507614213 0.007857142857142858 0.030456852791878174
4 0.5017857142857143 0.9428934010152284 0.017857142857142856 0.07614213197969544
4 0.45607142857142857 0.5380710659898477 0.012142857142857143 0.025380710659898477
4 0.4832142857142857 0.4720812182741117 0.015 0.030456852791878174
4 0.5067857142857143 0.35723350253807107 0.009285714285714286 0.02918781725888325
4 0.5264285714285715 0.21065989847715735 0.007142857142857143 0.02030456852791878
4 0.4692857142857143 0.2100253807106599 0.007142857142857143 0.01649746192893401
4 0.4739285714285714 0.1732233502538071 0.0064285714285714285 0.013959390862944163
4 0.49642857142857144 0.0932741116751269 0.004285714285714286 0.013959390862944163
4 0.5175 0.03236040609137056 0.005 0.011421319796954314
4 0.4878571428571429 0.012055837563451776 0.004285714285714286 0.008883248730964468
8 0.5232142857142857 0.47588832487309646 0.012142857142857143 0.05583756345177665
0 0.3407142857142857 0.3629441624365482 0.005714285714285714 0.02030456852791878