3 0.6171428571428571 0.9467005076142132 0.09714285714285714 0.10406091370558376
4 0.7185714285714285 0.8026649746192893 0.09142857142857143 0.15101522842639595
8 0.5317857142857143 0.8826142131979695 0.15357142857142858 0.23223350253807107
3 0.6682142857142858 0.7125634517766497 0.09357142857142857 0.14593908629441624
0 0.009642857142857142 0.883248730964467 0.019285714285714285 0.017766497461928935
0 0.01607142857142857 0.8940355329949239 0.025 0.021573604060913704
0 0.01107142857142857 0.8635786802030457 0.020714285714285713 0.01903553299492386
0 0.03142857142857143 0.8800761421319797 0.024285714285714285 0.01649746192893401
0 0.05857142857142857 0.8381979695431472 0.024285714285714285 0.0266497461928934
0 0.10857142857142857 0.7626903553299492 0.022857142857142857 0.030456852791878174
0 0.11607142857142858 0.7791878172588832 0.020714285714285713 0.027918781725888325
0 0.14285714285714285 0.6598984771573604 0.015714285714285715 0.04060913705583756
0 0.15035714285714286 0.6478426395939086 0.019285714285714285 0.02918781725888325
0 0.19 0.5945431472081218 0.024285714285714285 0.03934010152284264
0 0.19607142857142856 0.6897208121827412 0.020714285714285713 0.03426395939086294
0 0.19035714285714286 0.6751269035532995 0.017857142857142856 0.030456852791878174
0 0.18821428571428572 0.6719543147208121 0.019285714285714285 0.03934010152284264
0 0.20357142857142857 0.6351522842639594 0.017142857142857144 0.031725888324873094
0 0.21714285714285714 0.6579949238578681 0.012857142857142857 0.031725888324873094
0 0.22607142857142856 0.6732233502538071 0.017857142857142856 0.031725888324873094
0 0.23142857142857143 0.6148477157360406 0.017142857142857144 0.031725888324873094
0 0.27714285714285714 0.625 0.02142857142857143 0.031725888324873094
0 0.24785714285714286 0.5628172588832487 0.02142857142857143 0.03680203045685279
0 0.28535714285714286 0.5558375634517766 0.019285714285714285 0.04060913705583756
0 0.2932142857142857 0.5678934010152284 0.020714285714285713 0.03934010152284264
0 0.2957142857142857 0.5970812182741116 0.015714285714285715 0.03934010152284264
0 0.31892857142857145 0.6154822335025381 0.016428571428571428 0.03299492385786802
0 0.31892857142857145 0.6269035532994924 0.012142857142857143 0.04314720812182741
0 0.3289285714285714 0.49111675126903553 0.012142857142857143 0.03553299492385787
0 0.34535714285714286 0.5869289340101523 0.013571428571428571 0.03426395939086294
0 0.3475 0.5920050761421319 0.013571428571428571 0.03680203045685279
1 0.3628571428571429 0.574238578680203 0.01 0.01649746192893401
0 0.35642857142857143 0.4936548223350254 0.012857142857142857 0.04060913705583756
0 0.35964285714285715 0.5126903553299492 0.012142857142857143 0.03553299492385787
0 0.3707142857142857 0.49619289340101524 0.015714285714285715 0.03553299492385787
0 0.37 0.4517766497461929 0.012857142857142857 0.03553299492385787
0 0.37535714285714283 0.47715736040609136 0.010714285714285714 0.030456852791878174
0 0.38321428571428573 0.5133248730964467 0.013571428571428571 0.04187817258883249
0 0.39107142857142857 0.5126903553299492 0.010714285714285714 0.03553299492385787
0 0.40214285714285714 0.5222081218274112 0.014285714285714285 0.03426395939086294
0 0.3053571428571429 0.4651015228426396 0.012142857142857143 0.03426395939086294
0 0.3678571428571429 0.40609137055837563 0.008571428571428572 0.048223350253807105
0 0.39357142857142857 0.44416243654822335 0.01 0.03553299492385787
0 0.4085714285714286 0.4517766497461929 0.008571428571428572 0.03299492385786802
0 0.41678571428571426 0.4727157360406091 0.015 0.03934010152284264
0 0.435 0.4847715736040609 0.017142857142857144 0.04314720812182741
0 0.4446428571428571 0.3895939086294416 0.012142857142857143 0.027918781725888325
0 0.4475 0.39847715736040606 0.010714285714285714 0.03807106598984772
0 0.5375 0.42258883248730966 0.009285714285714286 0.048223350253807105
1 0.5685714285714286 0.44352791878172587 0.01 0.0266497461928934
0 0.5553571428571429 0.3413705583756345 0.012142857142857143 0.027918781725888325
0 0.5817857142857142 0.3496192893401015 0.013571428571428571 0.03680203045685279
0 0.6725 0.4130710659898477 0.010714285714285714 0.03680203045685279
0 0.6410714285714286 0.37944162436548223 0.013571428571428571 0.04314720812182741
0 0.6892857142857143 0.40609137055837563 0.014285714285714285 0.03553299492385787
0 0.6960714285714286 0.3870558375634518 0.013571428571428571 0.04060913705583756
0 0.7071428571428572 0.37880710659898476 0.014285714285714285 0.03426395939086294
0 0.6246428571428572 0.2430203045685279 0.009285714285714286 0.03934010152284264
0 0.6321428571428571 0.2512690355329949 0.011428571428571429 0.04314720812182741
0 0.6753571428571429 0.3217005076142132 0.009285714285714286 0.031725888324873094
0 0.6810714285714285 0.3223350253807107 0.007857142857142858 0.027918781725888325
0 0.6860714285714286 0.3115482233502538 0.009285714285714286 0.04187817258883249
0 0.6885714285714286 0.3248730964467005 0.008571428571428572 0.025380710659898477
0 0.8375 0.07360406091370558 0.016428571428571428 0.03807106598984772
4 0.8782142857142857 0.07360406091370558 0.06928571428571428 0.10406091370558376
0 0.7282142857142857 0.13388324873096447 0.010714285714285714 0.03680203045685279
0 0.7307142857142858 0.3369289340101523 0.014285714285714285 0.03426395939086294
0 0.73 0.31852791878172587 0.015714285714285715 0.03553299492385787
0 0.7332142857142857 0.3083756345177665 0.012142857142857143 0.03553299492385787
1 0.7321428571428571 0.258248730964467 0.015714285714285715 0.031725888324873094
0 0.6560714285714285 0.1751269035532995 0.013571428571428571 0.03553299492385787
0 0.6682142857142858 0.16941624365482233 0.012142857142857143 0.03680203045685279
0 0.7139285714285715 0.10786802030456853 0.010714285714285714 0.04060913705583756
0 0.7167857142857142 0.11738578680203046 0.009285714285714286 0.03680203045685279
0 0.705 0.1681472081218274 0.011428571428571429 0.04949238578680203
0 0.7146428571428571 0.17639593908629442 0.013571428571428571 0.03553299492385787
0 0.7032142857142857 0.1935279187817259 0.013571428571428571 0.03934010152284264
0 0.8853571428571428 0.7068527918781726 0.023571428571428573 0.03553299492385787
0 0.9857142857142858 0.8648477157360406 0.02857142857142857 0.04187817258883249