3 0.21571428571428572 0.19035532994923857 0.002857142857142857 0.007614213197969543
4 0.21642857142857144 0.2303299492385787 0.004285714285714286 0.008883248730964468
5 0.18321428571428572 0.24936548223350255 0.016428571428571428 0.013959390862944163
8 0.17 0.2633248730964467 0.03 0.01903553299492386
3 0.21464285714285714 0.25380710659898476 0.0035714285714285713 0.007614213197969543
3 0.22035714285714286 0.25380710659898476 0.0035714285714285713 0.007614213197969543
3 0.24571428571428572 0.24238578680203046 0.008571428571428572 0.007614213197969543
4 0.2625 0.24238578680203046 0.009285714285714286 0.007614213197969543
8 0.24035714285714285 0.24936548223350255 0.015 0.013959390862944163
3 0.2292857142857143 0.2620558375634518 0.005714285714285714 0.008883248730964468
3 0.2282142857142857 0.274746192893401 0.0035714285714285713 0.008883248730964468
4 0.22035714285714286 0.2696700507614213 0.0035714285714285713 0.008883248730964468
4 0.22035714285714286 0.282994923857868 0.005 0.007614213197969543
4 0.23 0.2899746192893401 0.004285714285714286 0.006345177664974619
3 0.22285714285714286 0.2963197969543147 0.004285714285714286 0.008883248730964468
3 0.2307142857142857 0.3032994923857868 0.004285714285714286 0.007614213197969543
3 0.24285714285714285 0.315989847715736 0.005714285714285714 0.01015228426395939
4 0.21821428571428572 0.3102791878172589 0.005 0.011421319796954314
4 0.2317857142857143 0.31281725888324874 0.0035714285714285713 0.008883248730964468
4 0.23214285714285715 0.3229695431472081 0.002857142857142857 0.008883248730964468
3 0.23357142857142857 0.33248730964467005 0.005714285714285714 0.01015228426395939
8 0.24357142857142858 0.33121827411167515 0.005714285714285714 0.02030456852791878
8 0.2532142857142857 0.3401015228426396 0.009285714285714286 0.03299492385786802
8 0.21464285714285714 0.33946700507614214 0.010714285714285714 0.031725888324873094
8 0.2257142857142857 0.3464467005076142 0.005714285714285714 0.02030456852791878
4 0.21892857142857142 0.3604060913705584 0.005 0.01015228426395939
8 0.26035714285714284 0.3883248730964467 0.009285714285714286 0.03553299492385787
3 0.24678571428571427 0.36928934010152287 0.005 0.012690355329949238
4 0.25142857142857145 0.4067258883248731 0.005714285714285714 0.013959390862944163
8 0.2225 0.3946700507614213 0.016428571428571428 0.02284263959390863
4 0.19642857142857142 0.4156091370558376 0.012857142857142857 0.013959390862944163
0 0.20857142857142857 0.4352791878172589 0.002857142857142857 0.007614213197969543
8 0.21535714285714286 0.4473350253807107 0.0064285714285714285 0.021573604060913704
3 0.22357142857142856 0.4397208121827411 0.005714285714285714 0.011421319796954314
3 0.22428571428571428 0.45114213197969544 0.005714285714285714 0.011421319796954314
4 0.22464285714285714 0.4606598984771574 0.0064285714285714285 0.015228426395939087
4 0.22428571428571428 0.47588832487309646 0.005714285714285714 0.015228426395939087
3 0.24392857142857144 0.44225888324873097 0.0064285714285714285 0.011421319796954314
3 0.2357142857142857 0.4447969543147208 0.005714285714285714 0.011421319796954314
3 0.23785714285714285 0.4549492385786802 0.005714285714285714 0.011421319796954314
8 0.24535714285714286 0.4543147208121827 0.007857142857142858 0.02284263959390863
8 0.25 0.47081218274111675 0.008571428571428572 0.02284263959390863
4 0.26142857142857145 0.4714467005076142 0.007142857142857143 0.01903553299492386
3 0.2825 0.47715736040609136 0.007857142857142858 0.012690355329949238
0 0.29428571428571426 0.4733502538071066 0.002857142857142857 0.007614213197969543
0 0.29678571428571426 0.4720812182741117 0.002142857142857143 0.01015228426395939
3 0.2978571428571429 0.5101522842639594 0.01 0.015228426395939087
0 0.32321428571428573 0.5228426395939086 0.0035714285714285713 0.01015228426395939
4 0.3167857142857143 0.5348984771573604 0.009285714285714286 0.021573604060913704
0 0.2042857142857143 0.5139593908629442 0.002857142857142857 0.01015228426395939
3 0.24142857142857144 0.48350253807106597 0.005714285714285714 0.012690355329949238
3 0.24428571428571427 0.4949238578680203 0.005714285714285714 0.012690355329949238
3 0.2532142857142857 0.4936548223350254 0.0064285714285714285 0.012690355329949238
3 0.24642857142857144 0.5120558375634517 0.007142857142857143 0.013959390862944163
3 0.25214285714285717 0.5310913705583756 0.007142857142857143 0.013959390862944163
3 0.2567857142857143 0.5520304568527918 0.007857142857142858 0.015228426395939087
3 0.26857142857142857 0.5539340101522843 0.008571428571428572 0.013959390862944163
4 0.26571428571428574 0.5793147208121827 0.01 0.01903553299492386
8 0.2864285714285714 0.5628172588832487 0.012857142857142857 0.031725888324873094
8 0.30464285714285716 0.6078680203045685 0.015 0.030456852791878174
8 0.21642857142857144 0.625 0.014285714285714285 0.05456852791878172
3 0.12678571428571428 0.5101522842639594 0.017857142857142856 0.015228426395939087
3 0.12892857142857142 0.5203045685279187 0.016428571428571428 0.012690355329949238
3 0.13035714285714287 0.5253807106598984 0.015 0.015228426395939087
4 0.13178571428571428 0.549492385786802 0.017857142857142856 0.02030456852791878
3 0.2735714285714286 0.6040609137055838 0.01 0.015228426395939087
3 0.2857142857142857 0.633248730964467 0.011428571428571429 0.017766497461928935
3 0.295 0.6618020304568528 0.011428571428571429 0.01903553299492386
4 0.30857142857142855 0.6491116751269036 0.011428571428571429 0.021573604060913704
4 0.32 0.7036802030456852 0.012857142857142857 0.021573604060913704
3 0.36678571428571427 0.725253807106599 0.015 0.024111675126903553
3 0.3632142857142857 0.7804568527918782 0.015 0.02284263959390863
3 0.41285714285714287 0.6586294416243654 0.014285714285714285 0.017766497461928935
3 0.41035714285714286 0.7214467005076142 0.007857142857142858 0.0266497461928934
3 0.4032142857142857 0.8489847715736041 0.016428571428571428 0.025380710659898477
8 0.4367857142857143 0.8274111675126904 0.04071428571428572 0.08375634517766498
3 0.5189285714285714 0.9771573604060914 0.020714285714285713 0.03553299492385787
3 0.23892857142857143 0.9739847715736041 0.023571428571428573 0.02918781725888325
0 0.15964285714285714 0.9638324873096447 0.0035714285714285713 0.008883248730964468
0 0.15892857142857142 0.9765228426395939 0.0035714285714285713 0.011421319796954314
0 0.1575 0.9708121827411168 0.0035714285714285713 0.01015228426395939
0 0.20535714285714285 0.9067258883248731 0.002142857142857143 0.011421319796954314
0 0.15928571428571428 0.8718274111675127 0.002857142857142857 0.015228426395939087
0 0.155 0.8972081218274112 0.002857142857142857 0.015228426395939087
0 0.16428571428571428 0.8350253807106599 0.002857142857142857 0.01015228426395939
8 0.16964285714285715 0.868020304568528 0.012142857142857143 0.04314720812182741
8 0.2032142857142857 0.8324873096446701 0.017857142857142856 0.05583756345177665
8 0.21607142857142858 0.8331218274111675 0.012142857142857143 0.04949238578680203
0 0.22428571428571428 0.8204314720812182 0.002857142857142857 0.011421319796954314
8 0.21107142857142858 0.7328680203045685 0.017857142857142856 0.06218274111675127
8 0.22357142857142856 0.7208121827411168 0.011428571428571429 0.04314720812182741
8 0.25857142857142856 0.7062182741116751 0.045714285714285714 0.03680203045685279
8 0.2596428571428571 0.7195431472081218 0.03642857142857143 0.030456852791878174
8 0.2525 0.7328680203045685 0.047857142857142855 0.03426395939086294
8 0.25535714285714284 0.7493654822335025 0.045 0.03934010152284264
8 0.2596428571428571 0.7639593908629442 0.045 0.03807106598984772
8 0.25857142857142856 0.7766497461928934 0.047142857142857146 0.030456852791878174
8 0.26821428571428574 0.7969543147208121 0.027857142857142858 0.025380710659898477
8 0.2621428571428571 0.807741116751269 0.03428571428571429 0.02918781725888325
8 0.2592857142857143 0.8229695431472082 0.05142857142857143 0.031725888324873094
8 0.25821428571428573 0.8394670050761421 0.05071428571428571 0.031725888324873094
8 0.2617857142857143 0.8597715736040609 0.045 0.03426395939086294
3 0.6089285714285714 0.700507614213198 0.019285714285714285 0.015228426395939087
4 0.6792857142857143 0.6865482233502538 0.017142857142857144 0.012690355329949238
3 0.7460714285714286 0.6656091370558376 0.017857142857142856 0.013959390862944163
8 0.7392857142857143 0.7449238578680203 0.04857142857142857 0.048223350253807105
0 0.6982142857142857 0.7455583756345178 0.0035714285714285713 0.011421319796954314
0 0.7925 0.7182741116751269 0.002142857142857143 0.01015228426395939
0 0.8128571428571428 0.7100253807106599 0.002857142857142857 0.008883248730964468
0 0.8167857142857143 0.7157360406091371 0.002142857142857143 0.007614213197969543
0 0.8728571428571429 0.6897208121827412 0.002857142857142857 0.008883248730964468
4 0.8332142857142857 0.6503807106598984 0.017857142857142856 0.01649746192893401
3 0.8317857142857142 0.6630710659898477 0.016428571428571428 0.011421319796954314
3 0.9782142857142857 0.6313451776649747 0.016428571428571428 0.013959390862944163
8 0.9885714285714285 0.6408629441624365 0.022857142857142857 0.02284263959390863
3 0.9553571428571429 0.6459390862944162 0.016428571428571428 0.012690355329949238
8 0.9060714285714285 0.6967005076142132 0.052142857142857144 0.04060913705583756
4 0.9757142857142858 0.7474619289340102 0.02 0.02030456852791878
4 0.9260714285714285 0.7531725888324873 0.019285714285714285 0.01649746192893401
8 0.9575 0.8026649746192893 0.03214285714285714 0.03426395939086294
3 0.9007142857142857 0.7969543147208121 0.022857142857142857 0.017766497461928935
4 0.8928571428571429 0.8350253807106599 0.022857142857142857 0.025380710659898477
3 0.7396428571428572 0.9276649746192893 0.020714285714285713 0.02030456852791878