3 0.4804279749478079 0.04220779220779221 0.02348643006263048 0.032467532467532464
3 0.46659707724425886 0.05890538033395176 0.028183716075156576 0.039888682745825604
3 0.4026617954070981 0.1261595547309833 0.03288100208768267 0.03339517625231911
3 0.36012526096033404 0.17996289424860853 0.028183716075156576 0.03525046382189239
3 0.3475991649269311 0.19944341372912802 0.024008350730688934 0.04081632653061224
3 0.3288100208768267 0.21846011131725418 0.027139874739039668 0.036178107606679034
3 0.31080375782881003 0.237012987012987 0.02870563674321503 0.039888682745825604
3 0.19911273486430062 0.3692022263450835 0.038100208768267224 0.05194805194805195
9 0.1469206680584551 0.3719851576994434 0.008872651356993737 0.02040816326530612
3 0.8230688935281837 0.12523191094619665 0.03549060542797495 0.03896103896103896
3 0.7870563674321504 0.19619666048237477 0.03653444676409186 0.04359925788497217
0 0.7617432150313153 0.21382189239332097 0.0036534446764091857 0.012059369202226345
9 0.7661795407098121 0.20964749536178107 0.008350730688935281 0.011131725417439703
9 0.7520876826722338 0.2012987012987013 0.012526096033402923 0.014842300556586271
9 0.7372129436325678 0.19387755102040816 0.010960334029227558 0.011131725417439703
9 0.7181628392484343 0.17810760667903525 0.012526096033402923 0.016697588126159554
3 0.7085073068893528 0.3432282003710575 0.038100208768267224 0.05194805194805195
0 0.7160751565762005 0.3246753246753247 0.0041753653444676405 0.016697588126159554
3 0.6852818371607515 0.39007421150278293 0.04175365344467641 0.06215213358070501
3 0.6706680584551148 0.4202226345083488 0.03966597077244259 0.055658627087198514
9 0.7920146137787056 0.4165120593692022 0.019311064718162838 0.029684601113172542
3 0.6252609603340292 0.5004638218923934 0.04384133611691023 0.05658627087198516
3 0.6098643006263048 0.5454545454545454 0.044363256784968684 0.0575139146567718
3 0.5615866388308977 0.6558441558441559 0.04384133611691023 0.061224489795918366
3 0.4592901878914405 0.8552875695732839 0.054279749478079335 0.08163265306122448
3 0.3937891440501044 0.8483302411873841 0.04749478079331942 0.08441558441558442
3 0.27139874739039666 0.7884972170686456 0.04801670146137787 0.07792207792207792