4 0.822286012526096 0.5463821892393321 0.037056367432150315 0.03710575139146568
3 0.8400313152400835 0.3339517625231911 0.031837160751565764 0.025974025974025976
3 0.7881002087682673 0.33070500927643787 0.032359081419624215 0.023191094619666047
3 0.9775574112734864 0.3492578849721707 0.03444676409185804 0.021335807050092765
3 0.973643006263048 0.8325602968460112 0.05167014613778706 0.05287569573283859
3 0.8087160751565762 0.2481447124304267 0.013048016701461378 0.017625231910946195
3 0.8233298538622129 0.24582560296846012 0.016179540709812108 0.029684601113172542
3 0.8248956158663883 0.22634508348794063 0.016179540709812108 0.02411873840445269
3 0.7956680584551148 0.2277365491651206 0.016179540709812108 0.026901669758812616
3 0.7849686847599165 0.20871985157699444 0.011482254697286013 0.016697588126159554
3 0.7990605427974948 0.20732838589981448 0.012526096033402923 0.01948051948051948
3 0.7849686847599165 0.1841372912801484 0.011482254697286013 0.02504638218923933
3 0.7719206680584552 0.16558441558441558 0.014613778705636743 0.017625231910946195
3 0.7601774530271399 0.14471243042671614 0.009916492693110648 0.01855287569573284
3 0.7338204592901879 0.11363636363636363 0.009394572025052192 0.015769944341372914
3 0.8115866388308977 0.2230983302411874 0.011482254697286013 0.021335807050092765
3 0.6351774530271399 0.32560296846011133 0.031315240083507306 0.027829313543599257
9 0.33820459290187893 0.851113172541744 0.031315240083507306 0.038033395176252316
9 0.401356993736952 0.6776437847866419 0.026096033402922755 0.026901669758812616
9 0.3990083507306889 0.7077922077922078 0.019311064718162838 0.027829313543599257
9 0.9133611691022965 0.27782931354359924 0.005219206680584551 0.015769944341372914
1 0.9133611691022965 0.2727272727272727 0.0041753653444676405 0.012987012987012988
1 0.7471294363256785 0.237012987012987 0.004697286012526096 0.008348794063079777
9 0.747651356993737 0.23979591836734693 0.005741127348643006 0.013914656771799629
9 0.8400313152400835 0.4744897959183674 0.014091858037578288 0.021335807050092765
1 0.8402922755741128 0.47031539888682744 0.007306889352818371 0.01855287569573284