3 0.07475 0.5353333333333333 0.0425 0.028
3 0.52925 0.267 0.0185 0.016666666666666666
3 0.47675 0.3526666666666667 0.0135 0.024
3 0.47525 0.36933333333333335 0.0145 0.029333333333333333
3 0.47625 0.4013333333333333 0.0145 0.029333333333333333
3 0.47975 0.42866666666666664 0.0155 0.032
3 0.53475 0.3426666666666667 0.0105 0.029333333333333333
3 0.5215 0.35933333333333334 0.016 0.029333333333333333
3 0.51725 0.38166666666666665 0.0155 0.028666666666666667
3 0.52725 0.43633333333333335 0.0275 0.018
3 0.52475 0.45166666666666666 0.0305 0.022
3 0.5205 0.47733333333333333 0.016 0.037333333333333336
3 0.47925 0.5186666666666667 0.0165 0.04133333333333333
3 0.4825 0.5706666666666667 0.017 0.042666666666666665
3 0.4865 0.6226666666666667 0.021 0.05333333333333334
3 0.48775 0.6803333333333333 0.0205 0.054
3 0.4945 0.749 0.026 0.058
3 0.53975 0.6183333333333333 0.0295 0.05
3 0.56725 0.731 0.0345 0.06066666666666667
3 0.6085 0.8163333333333334 0.05 0.07666666666666666
3 0.645 0.9106666666666666 0.042 0.068
3 0.55225 0.938 0.0565 0.04666666666666667
3 0.54375 0.884 0.0605 0.06133333333333333
3 0.516 0.8316666666666667 0.048 0.043333333333333335
3 0.507 0.794 0.055 0.037333333333333336
3 0.5645 0.9806666666666667 0.064 0.03866666666666667
3 0.68925 0.9813333333333333 0.0405 0.037333333333333336
5 0.56175 0.672 0.0565 0.052
5 0.52525 0.5683333333333334 0.0295 0.05533333333333333