0 0.1692857142857143 0.041243654822335024 0.004285714285714286 0.011421319796954314
0 0.1775 0.04949238578680203 0.0035714285714285713 0.007614213197969543
3 0.33035714285714285 0.23096446700507614 0.010714285714285714 0.030456852791878174
3 0.3175 0.22144670050761422 0.010714285714285714 0.0266497461928934
3 0.3057142857142857 0.2182741116751269 0.011428571428571429 0.030456852791878174
3 0.29214285714285715 0.20812182741116753 0.01 0.030456852791878174
3 0.2807142857142857 0.2036802030456853 0.011428571428571429 0.02918781725888325
3 0.26785714285714285 0.1916243654822335 0.011428571428571429 0.027918781725888325
4 0.25357142857142856 0.1814720812182741 0.012857142857142857 0.03299492385786802
4 0.2307142857142857 0.2918781725888325 0.01 0.027918781725888325
3 0.25857142857142856 0.31281725888324874 0.008571428571428572 0.024111675126903553
3 0.27 0.3166243654822335 0.011428571428571429 0.024111675126903553
3 0.2814285714285714 0.3217005076142132 0.01 0.0266497461928934
3 0.3075 0.34073604060913704 0.010714285714285714 0.0266497461928934
3 0.32035714285714284 0.3483502538071066 0.010714285714285714 0.02918781725888325
3 0.33285714285714285 0.3565989847715736 0.01 0.025380710659898477
4 0.11428571428571428 0.37182741116751267 0.018571428571428572 0.02030456852791878
4 0.32285714285714284 0.5310913705583756 0.012857142857142857 0.02918781725888325
5 0.031785714285714285 0.8388324873096447 0.027857142857142858 0.03299492385786802
3 0.21892857142857142 0.8153553299492385 0.017857142857142856 0.021573604060913704
4 0.2332142857142857 0.9479695431472082 0.020714285714285713 0.02284263959390863
3 0.25107142857142856 0.9803299492385786 0.020714285714285713 0.024111675126903553
3 0.18428571428571427 0.9219543147208121 0.022857142857142857 0.0266497461928934
3 0.18857142857142858 0.9029187817258884 0.018571428571428572 0.021573604060913704
3 0.17642857142857143 0.9619289340101523 0.02 0.02030456852791878
4 0.195 0.8838832487309645 0.022857142857142857 0.024111675126903553
4 0.2007142857142857 0.8610406091370558 0.02142857142857143 0.024111675126903553
4 0.2117857142857143 0.833756345177665 0.02214285714285714 0.02030456852791878
3 0.17142857142857143 0.9822335025380711 0.02142857142857143 0.025380710659898477
3 0.24571428571428572 0.993020304568528 0.02142857142857143 0.011421319796954314
3 0.4125 0.891497461928934 0.016428571428571428 0.01903553299492386
3 0.4625 0.9187817258883249 0.020714285714285713 0.02284263959390863
3 0.4907142857142857 0.9111675126903553 0.02142857142857143 0.02284263959390863
3 0.46714285714285714 0.8972081218274112 0.02142857142857143 0.02284263959390863
3 0.4764285714285714 0.8407360406091371 0.02 0.024111675126903553
3 0.49857142857142855 0.8730964467005076 0.018571428571428572 0.02030456852791878
3 0.49357142857142855 0.8895939086294417 0.018571428571428572 0.02284263959390863
3 0.5025 0.8534263959390863 0.019285714285714285 0.021573604060913704
3 0.5032142857142857 0.833756345177665 0.019285714285714285 0.02030456852791878
3 0.5121428571428571 0.7988578680203046 0.018571428571428572 0.021573604060913704
3 0.48714285714285716 0.7829949238578681 0.017142857142857144 0.017766497461928935
3 0.4942857142857143 0.7239847715736041 0.02 0.021573604060913704
3 0.49785714285714283 0.7068527918781726 0.017142857142857144 0.017766497461928935
3 0.4257142857142857 0.6675126903553299 0.018571428571428572 0.017766497461928935
3 0.3775 0.6890862944162437 0.015 0.017766497461928935
3 0.3603571428571429 0.7798223350253807 0.020714285714285713 0.021573604060913704
3 0.3603571428571429 0.758248730964467 0.02214285714285714 0.024111675126903553
3 0.38785714285714284 0.875 0.02 0.024111675126903553
3 0.3914285714285714 0.8521573604060914 0.02 0.021573604060913704
3 0.395 0.8324873096446701 0.02142857142857143 0.02284263959390863
3 0.4235714285714286 0.8096446700507615 0.02 0.02284263959390863
3 0.43107142857142855 0.7703045685279187 0.016428571428571428 0.017766497461928935
3 0.43892857142857145 0.733502538071066 0.017857142857142856 0.02284263959390863
3 0.4417857142857143 0.7176395939086294 0.019285714285714285 0.021573604060913704
3 0.4442857142857143 0.6986040609137056 0.02 0.021573604060913704
3 0.4228571428571429 0.6865482233502538 0.02 0.02030456852791878
4 0.4139285714285714 0.7392131979695431 0.020714285714285713 0.01903553299492386
4 0.4025 0.7969543147208121 0.019285714285714285 0.02284263959390863
4 0.40535714285714286 0.7772842639593909 0.017857142857142856 0.021573604060913704
4 0.40964285714285714 0.7601522842639594 0.019285714285714285 0.02284263959390863
4 0.3514285714285714 0.8178934010152284 0.02142857142857143 0.021573604060913704
4 0.4492857142857143 0.6789340101522843 0.02 0.02284263959390863
4 0.49357142857142855 0.7455583756345178 0.02 0.021573604060913704
4 0.4903571428571429 0.7645939086294417 0.019285714285714285 0.021573604060913704
4 0.5128571428571429 0.7791878172588832 0.018571428571428572 0.02030456852791878
3 0.355 0.24111675126903553 0.01 0.02284263959390863
3 0.34464285714285714 0.35913705583756345 0.009285714285714286 0.025380710659898477
3 0.4210714285714286 0.40926395939086296 0.010714285714285714 0.02918781725888325
3 0.4617857142857143 0.4365482233502538 0.012142857142857143 0.03299492385786802
3 0.37 0.37817258883248733 0.012857142857142857 0.030456852791878174
3 0.4060714285714286 0.2772842639593909 0.010714285714285714 0.02918781725888325
3 0.3678571428571429 0.25 0.01 0.025380710659898477
3 0.3807142857142857 0.26078680203045684 0.011428571428571429 0.031725888324873094
3 0.45964285714285713 0.31281725888324874 0.012142857142857143 0.02918781725888325
3 0.4714285714285714 0.31725888324873097 0.012857142857142857 0.027918781725888325
3 0.4835714285714286 0.32423857868020306 0.01 0.02918781725888325
3 0.4967857142857143 0.3331218274111675 0.012142857142857143 0.031725888324873094
0 0.435 0.20812182741116753 0.002857142857142857 0.007614213197969543
0 0.53 0.26586294416243655 0.004285714285714286 0.006345177664974619
3 0.6292857142857143 0.35215736040609136 0.017142857142857144 0.01649746192893401
3 0.3925 0.5697969543147208 0.012142857142857143 0.03299492385786802
3 0.4064285714285714 0.5748730964467005 0.011428571428571429 0.027918781725888325
3 0.425 0.5843908629441624 0.011428571428571429 0.02918781725888325
3 0.44357142857142856 0.5964467005076142 0.011428571428571429 0.03553299492385787
3 0.465 0.6059644670050761 0.011428571428571429 0.031725888324873094
3 0.4825 0.6224619289340102 0.012142857142857143 0.03426395939086294
3 0.49357142857142855 0.6199238578680203 0.008571428571428572 0.0266497461928934
3 0.5121428571428571 0.6351522842639594 0.014285714285714285 0.03680203045685279
3 0.5610714285714286 0.6618020304568528 0.010714285714285714 0.031725888324873094
3 0.5896428571428571 0.6795685279187818 0.012142857142857143 0.03680203045685279
3 0.5803571428571429 0.6732233502538071 0.010714285714285714 0.031725888324873094
3 0.5707142857142857 0.6668781725888325 0.011428571428571429 0.03680203045685279
3 0.6107142857142858 0.6897208121827412 0.01 0.03426395939086294
3 0.6203571428571428 0.6947969543147208 0.010714285714285714 0.03426395939086294
3 0.6310714285714286 0.7017766497461929 0.010714285714285714 0.03299492385786802
3 0.6407142857142857 0.7017766497461929 0.008571428571428572 0.030456852791878174
4 0.6 0.684010152284264 0.01 0.03299492385786802
4 0.5521428571428572 0.6554568527918782 0.014285714285714285 0.03680203045685279
4 0.5410714285714285 0.6503807106598984 0.010714285714285714 0.03426395939086294
4 0.5321428571428571 0.641497461928934 0.011428571428571429 0.03426395939086294
0 0.8739285714285714 0.10913705583756345 0.0035714285714285713 0.01015228426395939
0 0.8307142857142857 0.14657360406091371 0.002857142857142857 0.006345177664974619
0 0.8703571428571428 0.1116751269035533 0.005 0.007614213197969543
0 0.8896428571428572 0.06408629441624365 0.0035714285714285713 0.006345177664974619
0 0.8871428571428571 0.0583756345177665 0.002857142857142857 0.007614213197969543
0 0.895 0.0583756345177665 0.004285714285714286 0.007614213197969543
0 0.8857142857142857 0.057741116751269035 0.004285714285714286 0.008883248730964468