5 0.5264285714285715 0.7062182741116751 0.03 0.12563451776649745
3 0.5292857142857142 0.6218274111675127 0.018571428571428572 0.0583756345177665
4 0.5285714285714286 0.5647208121827412 0.018571428571428572 0.06091370558375635
3 0.5282142857142857 0.5203045685279187 0.017857142857142856 0.04568527918781726
3 0.5296428571428572 0.46890862944162437 0.017857142857142856 0.05710659898477157
3 0.4635714285714286 0.33756345177664976 0.015714285714285715 0.04060913705583756
3 0.4682142857142857 0.19796954314720813 0.023571428571428573 0.02030456852791878
3 0.5442857142857143 0.16624365482233502 0.018571428571428572 0.02284263959390863
3 0.5310714285714285 0.15355329949238578 0.009285714285714286 0.02030456852791878
3 0.6021428571428571 0.1833756345177665 0.03142857142857143 0.024111675126903553
3 0.6310714285714286 0.18718274111675126 0.025 0.021573604060913704
3 0.6592857142857143 0.19098984771573604 0.025714285714285714 0.021573604060913704
3 0.6860714285714286 0.1947969543147208 0.023571428571428573 0.01903553299492386
3 0.755 0.20621827411167512 0.02 0.021573604060913704
5 0.7260714285714286 0.1916243654822335 0.03357142857142857 0.03553299492385787
5 0.7796428571428572 0.2049492385786802 0.027857142857142858 0.02918781725888325
3 0.8082142857142857 0.20812182741116753 0.015 0.017766497461928935
4 0.8485714285714285 0.2049492385786802 0.018571428571428572 0.024111675126903553
3 0.8571428571428571 0.2963197969543147 0.018571428571428572 0.04949238578680203
3 0.8010714285714285 0.18718274111675126 0.016428571428571428 0.024111675126903553
8 0.7864285714285715 0.16307106598984772 0.02142857142857143 0.031725888324873094
3 0.5317857142857143 0.13324873096446702 0.013571428571428571 0.027918781725888325
3 0.5296428571428572 0.11421319796954314 0.009285714285714286 0.02030456852791878
3 0.5285714285714286 0.09390862944162437 0.008571428571428572 0.02284263959390863
4 0.5292857142857142 0.08058375634517767 0.008571428571428572 0.021573604060913704