3 0.3901356993736952 0.8956400742115028 0.04123173277661795 0.12523191094619665
3 0.41388308977035493 0.6948051948051948 0.031315240083507306 0.10760667903525047
7 0.427713987473904 0.3854359925788497 0.030793319415448852 0.06215213358070501
3 0.38413361169102295 0.362708719851577 0.03549060542797495 0.0686456400742115
3 0.31419624217118997 0.32421150278293137 0.03549060542797495 0.05844155844155844
4 0.35803757828810023 0.3390538033395176 0.04175365344467641 0.08812615955473098
1 0.4733820459290188 0.45315398886827457 0.007306889352818371 0.01948051948051948
1 0.4866910229645094 0.4109461966604824 0.005741127348643006 0.01855287569573284
2 0.4890396659707724 0.4076994434137291 0.012526096033402923 0.017625231910946195
9 0.4877348643006263 0.47634508348794063 0.015135699373695199 0.03432282003710575
9 0.5067849686847599 0.4290352504638219 0.013569937369519834 0.030612244897959183
1 0.4979123173277662 0.4517625231910946 0.007306889352818371 0.016697588126159554
9 0.4981732776617954 0.5282931354359925 0.019311064718162838 0.032467532467532464
3 0.6082985386221295 0.5514842300556586 0.03392484342379958 0.0862708719851577
3 0.6424843423799582 0.5705009276437848 0.03444676409185804 0.08534322820037106
3 0.7554801670146137 0.6386827458256029 0.03496868475991649 0.09925788497217068
3 0.22416492693110648 0.28061224489795916 0.0360125260960334 0.05287569573283859
3 0.2027661795407098 0.2592764378478664 0.042275574112734866 0.05844155844155844