0 0.25785714285714284 0.7633248730964467 0.015714285714285715 0.03934010152284264
0 0.24321428571428572 0.7836294416243654 0.010714285714285714 0.031725888324873094
0 0.25214285714285717 0.700507614213198 0.017142857142857144 0.04314720812182741
1 0.39321428571428574 0.7538071065989848 0.016428571428571428 0.03553299492385787
0 0.4764285714285714 0.8426395939086294 0.012857142857142857 0.04060913705583756
0 0.2914285714285714 0.48350253807106597 0.015714285714285715 0.03553299492385787
0 0.285 0.49111675126903553 0.011428571428571429 0.04060913705583756
0 0.4471428571428571 0.19543147208121828 0.01 0.03807106598984772
0 0.48928571428571427 0.28426395939086296 0.008571428571428572 0.04060913705583756
0 0.4975 0.17766497461928935 0.009285714285714286 0.04060913705583756
0 0.24928571428571428 0.057741116751269035 0.011428571428571429 0.03934010152284264
0 0.24142857142857144 0.05901015228426396 0.008571428571428572 0.03680203045685279
0 0.21071428571428572 0.24048223350253808 0.01 0.031725888324873094
0 0.2007142857142857 0.24619289340101522 0.012857142857142857 0.03807106598984772
0 0.13142857142857142 0.35786802030456855 0.015714285714285715 0.03553299492385787
0 0.12964285714285714 0.37055837563451777 0.019285714285714285 0.025380710659898477
0 0.14107142857142857 0.7728426395939086 0.017857142857142856 0.04060913705583756
0 0.15 0.7645939086294417 0.015714285714285715 0.03426395939086294
0 0.13464285714285715 0.7550761421319797 0.012142857142857143 0.03553299492385787
0 0.145 0.7379441624365483 0.015714285714285715 0.03426395939086294
0 0.13428571428571429 0.7296954314720813 0.017142857142857144 0.03807106598984772
1 0.2525 0.9689086294416244 0.015 0.0266497461928934
1 0.2557142857142857 0.9321065989847716 0.022857142857142857 0.024111675126903553
1 0.4089285714285714 0.5406091370558376 0.013571428571428571 0.030456852791878174
1 0.4107142857142857 0.524746192893401 0.014285714285714285 0.031725888324873094