0 0.22464285714285714 0.4467005076142132 0.016428571428571428 0.03553299492385787
0 0.21428571428571427 0.46383248730964466 0.018571428571428572 0.05964467005076142
0 0.2567857142857143 0.8565989847715736 0.020714285714285713 0.03299492385786802
0 0.25535714285714284 0.8248730964467005 0.019285714285714285 0.027918781725888325
0 0.255 0.7982233502538071 0.02142857142857143 0.030456852791878174
0 0.2 0.616751269035533 0.017142857142857144 0.04568527918781726
0 0.19214285714285714 0.5729695431472082 0.015714285714285715 0.03934010152284264
0 0.18071428571428572 0.5704314720812182 0.014285714285714285 0.046954314720812185
0 0.7017857142857142 0.3362944162436548 0.009285714285714286 0.048223350253807105
0 0.6928571428571428 0.3369289340101523 0.01 0.05203045685279188
0 0.6789285714285714 0.02284263959390863 0.013571428571428571 0.04568527918781726
8 0.6139285714285714 0.20050761421319796 0.09785714285714285 0.31725888324873097
8 0.7664285714285715 0.8692893401015228 0.13285714285714287 0.25888324873096447
5 0.5921428571428572 0.649746192893401 0.10142857142857142 0.3020304568527919
2 0.5067857142857143 0.5234771573604061 0.012142857142857143 0.05964467005076142
2 0.5064285714285715 0.41941624365482233 0.02 0.05964467005076142
2 0.4525 0.03553299492385787 0.012142857142857143 0.0532994923857868
1 0.5075 0.5152284263959391 0.013571428571428571 0.04314720812182741
1 0.5046428571428572 0.4118020304568528 0.016428571428571428 0.044416243654822336
1 0.4514285714285714 0.030456852791878174 0.01 0.04568527918781726
0 0.4125 0.17956852791878172 0.013571428571428571 0.044416243654822336