3 0.20746346555323592 0.6034322820037106 0.03288100208768267 0.075139146567718
3 0.2753131524008351 0.6094619666048238 0.030793319415448852 0.09276437847866419
3 0.30532359081419624 0.6173469387755102 0.029227557411273485 0.09369202226345083
3 0.40109603340292277 0.62291280148423 0.027661795407098122 0.09554730983302412
3 0.4339770354906054 0.6238404452690167 0.027661795407098122 0.09925788497217068
4 0.46737995824634654 0.6247680890538033 0.024530271398747392 0.10853432282003711
9 0.4240605427974948 0.3817254174397032 0.005741127348643006 0.030612244897959183
3 0.4650313152400835 0.39935064935064934 0.021920668058455117 0.07328385899814471
3 0.5 0.3942486085343228 0.022964509394572025 0.07050092764378478
3 0.5764613778705637 0.39239332096474955 0.02244258872651357 0.06493506493506493
3 0.6187369519832986 0.6080705009276438 0.02661795407098121 0.09183673469387756
3 0.6166492693110647 0.3891465677179963 0.02244258872651357 0.075139146567718
3 0.6503131524008351 0.3914656771799629 0.021920668058455117 0.07235621521335807
9 0.7074634655532359 0.38404452690166974 0.008872651356993737 0.04452690166975881
3 0.7406054279749478 0.6103896103896104 0.032359081419624215 0.09090909090909091
3 0.7729645093945721 0.615491651205937 0.032359081419624215 0.08812615955473098
3 0.6098643006263048 0.8868274582560297 0.02870563674321503 0.08348794063079777
6 0.6505741127348643 0.9211502782931354 0.0255741127348643 0.06679035250463822
5 0.6886743215031316 0.9489795918367347 0.029749478079331943 0.08905380333951762
5 0.7218162839248434 0.9457328385899815 0.038622129436325675 0.09925788497217068
3 0.8024530271398748 0.9401669758812616 0.044363256784968684 0.11595547309833024
6 0.8418580375782881 0.9100185528756958 0.037578288100208766 0.10760667903525047
3 0.8496868475991649 0.7731910946196661 0.06367432150313153 0.05658627087198516
3 0.8870041753653445 0.62847866419295 0.03496868475991649 0.08256029684601113
3 0.872651356993737 0.5500927643784786 0.027139874739039668 0.07606679035250463
7 0.8622129436325678 0.26855287569573283 0.025052192066805846 0.045454545454545456
5 0.8820459290187892 0.32792207792207795 0.05323590814196242 0.08812615955473098
3 0.9308455114822547 0.35992578849721707 0.031837160751565764 0.07421150278293136
3 0.9605949895615866 0.3696660482374768 0.029749478079331943 0.06215213358070501
3 0.4572025052192067 0.937847866419295 0.030271398747390398 0.11131725417439703
3 0.4167536534446764 0.9443413729128015 0.030793319415448852 0.10204081632653061
3 0.34237995824634654 0.9485157699443414 0.03444676409185804 0.09925788497217068