3 0.579070981210856 0.9262523191094619 0.019311064718162838 0.06771799628942486
3 0.6059498956158664 0.9554730983302412 0.017745302713987474 0.06679035250463822
3 0.5785490605427975 0.8297773654916512 0.0360125260960334 0.04359925788497217
3 0.7865344467640919 0.6289424860853432 0.032359081419624215 0.027829313543599257
3 0.7766179540709812 0.7212430426716141 0.032359081419624215 0.05102040816326531
3 0.8014091858037579 0.5004638218923934 0.016179540709812108 0.039888682745825604
3 0.8181106471816284 0.4387755102040816 0.027661795407098122 0.027829313543599257
3 0.7620041753653445 0.41187384044526903 0.027139874739039668 0.03153988868274583
3 0.7541753653444676 0.4336734693877551 0.028183716075156576 0.026901669758812616
3 0.7192066805845512 0.41187384044526903 0.021920668058455117 0.025974025974025976
0 0.47573068893528186 0.7282003710575139 0.005741127348643006 0.014842300556586271
3 0.41492693110647183 0.7963821892393321 0.026096033402922755 0.05287569573283859
3 0.572286012526096 0.30565862708719854 0.02139874739039666 0.021335807050092765
3 0.5853340292275574 0.28664192949907236 0.02244258872651357 0.02040816326530612
3 0.22834029227557412 0.16975881261595546 0.019311064718162838 0.02040816326530612
3 0.19624217118997914 0.15584415584415584 0.013569937369519834 0.01855287569573284
3 0.20093945720250522 0.6219851576994434 0.027139874739039668 0.04359925788497217
3 0.1534446764091858 0.4615027829313544 0.016701461377870562 0.023191094619666047
4 0.3804801670146138 0.8919294990723562 0.032359081419624215 0.04730983302411874
3 0.7638308977035491 0.0839517625231911 0.009916492693110648 0.026901669758812616
3 0.7312108559498957 0.07606679035250463 0.008350730688935281 0.022263450834879406
5 0.673277661795407 0.06029684601113173 0.009394572025052192 0.025974025974025976
3 0.6440501043841336 0.059369202226345084 0.008350730688935281 0.016697588126159554
3 0.6315240083507306 0.05519480519480519 0.008350730688935281 0.01948051948051948
3 0.5707202505219207 0.08766233766233766 0.009916492693110648 0.017625231910946195
3 0.5511482254697286 0.08209647495361781 0.008350730688935281 0.015769944341372914
5 0.4877348643006263 0.06493506493506493 0.03496868475991649 0.027829313543599257
3 0.4780793319415449 0.03385899814471243 0.014613778705636743 0.013914656771799629
3 0.48329853862212946 0.020871985157699443 0.016701461377870562 0.013914656771799629
3 0.4342379958246347 0.00510204081632653 0.015657620041753653 0.01020408163265306
3 0.40762004175365346 0.008348794063079777 0.016701461377870562 0.012987012987012988
3 0.40109603340292277 0.05009276437847866 0.010960334029227558 0.02040816326530612
3 0.3883089770354906 0.04359925788497217 0.012526096033402923 0.02040816326530612