4 0.6338726513569938 0.7954545454545454 0.08298538622129437 0.16975881261595546
4 0.8637787056367432 0.9294990723562152 0.10855949895615867 0.1391465677179963
9 0.7907098121085595 0.87847866419295 0.05323590814196242 0.08348794063079777
6 0.8256784968684759 0.8696660482374768 0.09081419624217119 0.09369202226345083
3 0.7604384133611691 0.7453617810760668 0.0824634655532359 0.1345083487940631
3 0.6975469728601252 0.5357142857142857 0.04749478079331942 0.08998144712430427
3 0.4068371607515658 0.6382189239332097 0.10386221294363257 0.11317254174397032
4 0.2794885177453027 0.6312615955473099 0.10386221294363257 0.09554730983302412
4 0.28444676409185804 0.5904452690166976 0.08872651356993737 0.08256029684601113
4 0.37995824634655534 0.5853432282003711 0.09081419624217119 0.09461966604823747
4 0.6367432150313153 0.3738404452690167 0.027139874739039668 0.06307977736549165
3 0.6064718162839249 0.29730983302411873 0.025052192066805846 0.045454545454545456
3 0.4859081419624217 0.3098330241187384 0.04801670146137787 0.03710575139146568
3 0.4365866388308977 0.287569573283859 0.050626304801670144 0.03153988868274583
9 0.24399791231732776 0.9086270871985158 0.05375782881002088 0.09369202226345083
9 0.2528705636743215 0.5774582560296846 0.04540709812108559 0.041743970315398886
9 0.26670146137787054 0.5194805194805194 0.030271398747390398 0.03525046382189239
9 0.276356993736952 0.5227272727272727 0.0360125260960334 0.03432282003710575
0 0.3170668058455115 0.4109461966604824 0.012004175365344467 0.05009276437847866
0 0.5203549060542797 0.25742115027829315 0.006263048016701462 0.026901669758812616
0 0.5334029227557411 0.2592764378478664 0.007306889352818371 0.023191094619666047
9 0.40605427974947805 0.28617810760667906 0.006263048016701462 0.021335807050092765
9 0.5422755741127349 0.5264378478664193 0.012526096033402923 0.04916512059369202
9 0.5294885177453027 0.3070500927643785 0.007828810020876827 0.022263450834879406
9 0.5446242171189979 0.17857142857142858 0.004697286012526096 0.012059369202226345
9 0.5545407098121086 0.17810760667903525 0.0036534446764091857 0.00927643784786642
9 0.5686325678496869 0.23562152133580705 0.006784968684759917 0.016697588126159554
9 0.56419624217119 0.17393320964749537 0.005219206680584551 0.01020408163265306
9 0.5762004175365344 0.17207792207792208 0.003131524008350731 0.01020408163265306
9 0.5655010438413361 0.14795918367346939 0.0026096033402922755 0.006493506493506494
1 0.5655010438413361 0.1461038961038961 0.0026096033402922755 0.006493506493506494
1 0.5759394572025052 0.16883116883116883 0.0036534446764091857 0.00927643784786642
1 0.5639352818371608 0.17115027829313545 0.0036534446764091857 0.012059369202226345
1 0.5545407098121086 0.17439703153988867 0.0036534446764091857 0.00927643784786642
1 0.5451461377870563 0.17578849721706866 0.004697286012526096 0.012059369202226345
1 0.5683716075156576 0.23191094619666047 0.006263048016701462 0.01855287569573284
1 0.528705636743215 0.30241187384044527 0.008350730688935281 0.02040816326530612
9 0.37108559498956156 0.3362708719851577 0.015657620041753653 0.023191094619666047
1 0.5420146137787056 0.5148423005565863 0.014091858037578288 0.04638218923933209
5 0.615866388308977 0.49211502782931354 0.07411273486430063 0.15306122448979592
3 0.4509394572025052 0.2722634508348794 0.04488517745302714 0.032467532467532464
4 0.4551148225469729 0.25788497217068646 0.04279749478079332 0.03896103896103896
3 0.4545929018789144 0.2504638218923933 0.03444676409185804 0.03339517625231911
7 0.4509394572025052 0.24304267161410018 0.022964509394572025 0.027829313543599257
7 0.4525052192066806 0.2017625231910946 0.020876826722338204 0.021335807050092765
7 0.477035490605428 0.20640074211502782 0.010438413361169102 0.02504638218923933
7 0.4671189979123173 0.2012987012987013 0.011482254697286013 0.02040816326530612
7 0.4825156576200417 0.19805194805194806 0.016179540709812108 0.021335807050092765
7 0.45981210855949894 0.19434137291280149 0.014613778705636743 0.01948051948051948
7 0.46346555323590816 0.18460111317254174 0.011482254697286013 0.016697588126159554
7 0.49373695198329853 0.17810760667903525 0.015657620041753653 0.02040816326530612
7 0.4835594989561587 0.1614100185528757 0.009916492693110648 0.016697588126159554
6 0.5882045929018789 0.23933209647495363 0.014613778705636743 0.025974025974025976
7 0.5441022964509394 0.1614100185528757 0.014091858037578288 0.014842300556586271
3 0.49373695198329853 0.20686456400742115 0.018789144050104383 0.022263450834879406
3 0.5060020876826722 0.19155844155844157 0.024530271398747392 0.015769944341372914
3 0.48721294363256784 0.18645640074211503 0.02348643006263048 0.016697588126159554
4 0.47781837160751567 0.18181818181818182 0.0255741127348643 0.02040816326530612
4 0.4812108559498956 0.17346938775510204 0.017745302713987474 0.01855287569573284
4 0.5020876826722338 0.16233766233766234 0.016701461377870562 0.016697588126159554
3 0.5208768267223383 0.16558441558441558 0.019832985386221295 0.013914656771799629
3 0.5174843423799582 0.1614100185528757 0.016179540709812108 0.014842300556586271
6 0.5975991649269311 0.26855287569573283 0.012526096033402923 0.026901669758812616
5 0.5845511482254697 0.22634508348794063 0.016701461377870562 0.04638218923933209
1 0.471294363256785 0.20408163265306123 0.005219206680584551 0.011131725417439703
0 0.4814718162839248 0.20222634508348794 0.004697286012526096 0.02040816326530612
1 0.46007306889352817 0.1790352504638219 0.004697286012526096 0.00927643784786642
0 0.46320459290187893 0.17857142857142858 0.0036534446764091857 0.013914656771799629
9 0.4869519832985386 0.16326530612244897 0.007306889352818371 0.00927643784786642
9 0.49269311064718163 0.16651205936920221 0.007306889352818371 0.013914656771799629
0 0.5274008350730689 0.16326530612244897 0.0026096033402922755 0.016697588126159554
4 0.5430584551148225 0.1567717996289425 0.014091858037578288 0.016697588126159554
7 0.5644572025052192 0.16326530612244897 0.006784968684759917 0.014842300556586271
7 0.5751565762004175 0.16558441558441558 0.006263048016701462 0.015769944341372914
6 0.583768267223382 0.16558441558441558 0.004697286012526096 0.012059369202226345
1 0.5835073068893528 0.15862708719851576 0.003131524008350731 0.00927643784786642
0 0.5626304801670147 0.15445269016697588 0.0020876826722338203 0.008348794063079777
0 0.566544885177453 0.1549165120593692 0.0026096033402922755 0.011131725417439703
0 0.56419624217119 0.1549165120593692 0.003131524008350731 0.012987012987012988
1 0.5652400835073069 0.14007421150278293 0.0020876826722338203 0.0074211502782931356
9 0.5649791231732777 0.14192949907235622 0.0026096033402922755 0.0055658627087198514
3 0.5701983298538622 0.1414656771799629 0.006784968684759917 0.008348794063079777
7 0.5696764091858038 0.13543599257884972 0.007828810020876827 0.00927643784786642
5 0.5798538622129437 0.11734693877551021 0.010438413361169102 0.023191094619666047