3 0.12175 0.9006666666666666 0.1675 0.156
4 0.4205 0.7896666666666666 0.096 0.19666666666666666
3 0.11825 0.657 0.1445 0.098
3 0.17025 0.5446666666666666 0.0565 0.08933333333333333
3 0.96 0.5833333333333334 0.077 0.1
3 0.842 0.506 0.07 0.06933333333333333
3 0.72225 0.44333333333333336 0.0775 0.058666666666666666
3 0.66625 0.4003333333333333 0.0635 0.05
3 0.61725 0.36433333333333334 0.0535 0.03933333333333333
3 0.5765 0.33366666666666667 0.044 0.03666666666666667
4 0.4075 0.30766666666666664 0.032 0.038
3 0.8585 0.25633333333333336 0.045 0.023333333333333334
3 0.83275 0.22166666666666668 0.0415 0.022
3 0.87275 0.218 0.0355 0.02266666666666667
3 0.95675 0.242 0.0415 0.02
3 0.89975 0.21333333333333335 0.0325 0.025333333333333333
3 0.94425 0.21 0.0335 0.021333333333333333
3 0.97825 0.20733333333333334 0.0355 0.018666666666666668
3 0.98925 0.237 0.0215 0.023333333333333334
5 0.315 0.38366666666666666 0.048 0.058
4 0.1535 0.4663333333333333 0.033 0.074
3 0.153 0.41933333333333334 0.04 0.052
3 0.17875 0.30033333333333334 0.0265 0.035333333333333335
0 0.129 0.47833333333333333 0.014 0.04466666666666667
0 0.13125 0.4716666666666667 0.0095 0.046
0 0.115 0.4816666666666667 0.019 0.046
0 0.092 0.48233333333333334 0.015 0.043333333333333335
0 0.108 0.4736666666666667 0.008 0.038
0 0.11775 0.453 0.0165 0.042
9 0.21825 0.4553333333333333 0.0125 0.03333333333333333
9 0.2455 0.443 0.012 0.03
1 0.21775 0.447 0.0125 0.03266666666666666
1 0.24575 0.43233333333333335 0.0125 0.03133333333333333
0 0.09625 0.4013333333333333 0.0175 0.037333333333333336
2 0.091 0.3943333333333333 0.028 0.020666666666666667
2 0.089 0.3863333333333333 0.025 0.018
3 0.1015 0.239 0.04 0.022
3 0.11075 0.22766666666666666 0.0485 0.020666666666666667
3 0.105 0.21833333333333332 0.044 0.019333333333333334
3 0.11325 0.21133333333333335 0.0355 0.017333333333333333
5 0.1555 0.16033333333333333 0.041 0.03933333333333333
3 0.09875 0.20366666666666666 0.0405 0.018
3 0.09825 0.2 0.0445 0.017333333333333333
3 0.103 0.194 0.043 0.016
3 0.10725 0.18933333333333333 0.0405 0.016
3 0.107 0.184 0.044 0.016
3 0.1315 0.196 0.019 0.021333333333333333
6 0.4665 0.246 0.012 0.018666666666666668
4 0.35 0.242 0.041 0.028
3 0.3515 0.20366666666666666 0.019 0.020666666666666667
0 0.39 0.182 0.005 0.018666666666666668
4 0.369 0.17866666666666667 0.015 0.021333333333333333
3 0.10425 0.18 0.0355 0.013333333333333334
3 0.10825 0.16966666666666666 0.0275 0.018
3 0.116 0.152 0.025 0.014666666666666666
3 0.011 0.214 0.022 0.018666666666666668
3 0.0135 0.208 0.027 0.017333333333333333
3 0.015 0.201 0.03 0.018
3 0.0185 0.19866666666666666 0.037 0.016
3 0.01875 0.19833333333333333 0.0375 0.015333333333333332
3 0.03775 0.184 0.0385 0.016
3 0.08825 0.145 0.0135 0.015333333333333332
3 0.0475 0.169 0.016 0.014
3 0.00775 0.159 0.0155 0.014
9 0.16975 0.12233333333333334 0.0035 0.007333333333333333
1 0.17 0.12 0.004 0.009333333333333334
3 0.18825 0.10233333333333333 0.0085 0.01
4 0.1735 0.09633333333333334 0.008 0.01
3 0.226 0.09133333333333334 0.008 0.008