8 0.3917857142857143 0.7728426395939086 0.052142857142857144 0.17766497461928935
3 0.41892857142857143 0.5222081218274112 0.025 0.07741116751269035
3 0.4032142857142857 0.39911167512690354 0.025 0.06472081218274112
3 0.3821428571428571 0.33946700507614214 0.04428571428571428 0.046954314720812185
3 0.3717857142857143 0.28616751269035534 0.04214285714285714 0.03680203045685279
4 0.5825 0.8775380710659898 0.055 0.06218274111675127
3 0.5753571428571429 0.8109137055837563 0.04928571428571429 0.07106598984771574
3 0.5653571428571429 0.7626903553299492 0.05071428571428571 0.05583756345177665
3 0.5567857142857143 0.6954314720812182 0.05357142857142857 0.0532994923857868
3 0.5503571428571429 0.6421319796954315 0.04214285714285714 0.048223350253807105
3 0.5385714285714286 0.5989847715736041 0.05285714285714286 0.05583756345177665
3 0.5321428571428571 0.5532994923857868 0.05285714285714286 0.050761421319796954
5 0.5128571428571429 0.506979695431472 0.05857142857142857 0.06218274111675127
3 0.5132142857142857 0.46256345177664976 0.052142857142857144 0.03680203045685279
3 0.5078571428571429 0.4352791878172589 0.04428571428571428 0.04568527918781726
3 0.49214285714285716 0.37055837563451777 0.04 0.03807106598984772
3 0.4682142857142857 0.31091370558375636 0.039285714285714285 0.03553299492385787
4 0.4392857142857143 0.217005076142132 0.03428571428571429 0.050761421319796954
3 0.4367857142857143 0.12246192893401016 0.039285714285714285 0.03680203045685279
4 0.4228571428571429 0.10532994923857868 0.03428571428571429 0.03299492385786802
4 0.41678571428571426 0.060279187817258884 0.04071428571428572 0.03934010152284264
3 0.425 0.08883248730964467 0.03571428571428571 0.025380710659898477
3 0.40964285714285714 0.028553299492385786 0.03357142857142857 0.021573604060913704
3 0.3989285714285714 0.018401015228426396 0.035 0.031725888324873094
4 0.3796428571428571 0.06535532994923858 0.019285714285714285 0.044416243654822336
3 0.26535714285714285 0.025380710659898477 0.017857142857142856 0.048223350253807105
3 0.14357142857142857 0.10532994923857868 0.02 0.048223350253807105
3 0.14857142857142858 0.5513959390862944 0.03 0.07487309644670051
3 0.15178571428571427 0.649746192893401 0.03214285714285714 0.09390862944162437
3 0.16285714285714287 0.8870558375634517 0.06285714285714286 0.06345177664974619
3 0.4875 0.958756345177665 0.030714285714285715 0.0799492385786802
0 0.4589285714285714 0.8718274111675127 0.009285714285714286 0.030456852791878174
0 0.4425 0.8648477157360406 0.009285714285714286 0.02918781725888325
0 0.44892857142857145 0.7531725888324873 0.007857142857142858 0.031725888324873094
0 0.18107142857142858 0.366751269035533 0.009285714285714286 0.027918781725888325
0 0.18357142857142858 0.47017766497461927 0.012857142857142857 0.024111675126903553
0 0.16142857142857142 0.49746192893401014 0.012857142857142857 0.02284263959390863
0 0.33214285714285713 0.24175126903553298 0.008571428571428572 0.0266497461928934
0 0.3435714285714286 0.3083756345177665 0.007142857142857143 0.025380710659898477
0 0.35035714285714287 0.3052030456852792 0.005 0.024111675126903553
9 0.46464285714285714 0.5145939086294417 0.009285714285714286 0.024111675126903553
0 0.48678571428571427 0.5647208121827412 0.005 0.02030456852791878
0 0.6660714285714285 0.8312182741116751 0.012142857142857143 0.027918781725888325
0 0.6867857142857143 0.8293147208121827 0.007857142857142858 0.024111675126903553
0 0.6778571428571428 0.8134517766497462 0.007142857142857143 0.02284263959390863
0 0.6657142857142857 0.8121827411167513 0.008571428571428572 0.025380710659898477
0 0.6632142857142858 0.7404822335025381 0.007857142857142858 0.024111675126903553
0 0.6621428571428571 0.6903553299492385 0.004285714285714286 0.02030456852791878
0 0.6307142857142857 0.6389593908629442 0.008571428571428572 0.01903553299492386
0 0.6292857142857143 0.6072335025380711 0.005714285714285714 0.0266497461928934
0 0.6035714285714285 0.5691624365482234 0.005714285714285714 0.0266497461928934
0 0.5960714285714286 0.5704314720812182 0.0064285714285714285 0.021573604060913704
0 0.5814285714285714 0.541243654822335 0.007142857142857143 0.0266497461928934
0 0.5582142857142857 0.5120558375634517 0.007857142857142858 0.024111675126903553
0 0.4589285714285714 0.0583756345177665 0.007857142857142858 0.02284263959390863
1 0.5021428571428571 0.24111675126903553 0.007142857142857143 0.017766497461928935
0 0.5139285714285714 0.27347715736040606 0.0064285714285714285 0.0266497461928934
0 0.5221428571428571 0.22525380710659898 0.005714285714285714 0.024111675126903553
0 0.5317857142857143 0.2233502538071066 0.005 0.02284263959390863
0 0.5296428571428572 0.29949238578680204 0.005 0.02284263959390863
0 0.5353571428571429 0.2956852791878173 0.0035714285714285713 0.017766497461928935
0 0.5392857142857143 0.3401015228426396 0.005714285714285714 0.02284263959390863
0 0.5339285714285714 0.3413705583756345 0.005 0.02284263959390863
0 0.5317857142857143 0.37944162436548223 0.005 0.017766497461928935
1 0.5892857142857143 0.4733502538071066 0.008571428571428572 0.025380710659898477
9 0.5914285714285714 0.4720812182741117 0.008571428571428572 0.027918781725888325
9 0.5764285714285714 0.43274111675126903 0.008571428571428572 0.02284263959390863
9 0.5139285714285714 0.33185279187817257 0.009285714285714286 0.0266497461928934
9 0.5025 0.31218274111675126 0.015 0.027918781725888325
9 0.49642857142857144 0.2296954314720812 0.005714285714285714 0.030456852791878174
9 0.4825 0.23921319796954316 0.015 0.021573604060913704
9 0.5103571428571428 0.2017766497461929 0.007857142857142858 0.027918781725888325
9 0.49642857142857144 0.14086294416243655 0.007142857142857143 0.027918781725888325
9 0.48035714285714287 0.08058375634517767 0.005 0.021573604060913704
2 0.4614285714285714 0.141497461928934 0.007142857142857143 0.0266497461928934
0 0.9078571428571428 0.35786802030456855 0.01 0.03553299492385787
0 0.9367857142857143 0.3864213197969543 0.010714285714285714 0.024111675126903553
0 0.9321428571428572 0.3902284263959391 0.011428571428571429 0.0266497461928934