4 0.19 0.21065989847715735 0.011428571428571429 0.01015228426395939
4 0.16428571428571428 0.2265228426395939 0.011428571428571429 0.008883248730964468
3 0.1775 0.21954314720812182 0.010714285714285714 0.01015228426395939
4 0.16107142857142856 0.2766497461928934 0.007857142857142858 0.017766497461928935
3 0.16464285714285715 0.2893401015228426 0.0064285714285714285 0.015228426395939087
5 0.1392857142857143 0.32043147208121825 0.015714285714285715 0.0266497461928934
5 0.14607142857142857 0.3223350253807107 0.016428571428571428 0.02284263959390863
5 0.15285714285714286 0.3267766497461929 0.015714285714285715 0.024111675126903553
4 0.17857142857142858 0.33375634517766495 0.01 0.02030456852791878
5 0.2692857142857143 0.315989847715736 0.018571428571428572 0.015228426395939087
5 0.31357142857142856 0.3236040609137056 0.018571428571428572 0.02030456852791878
5 0.31464285714285717 0.315989847715736 0.019285714285714285 0.02030456852791878
5 0.2817857142857143 0.3052030456852792 0.012142857142857143 0.021573604060913704
4 0.29464285714285715 0.3197969543147208 0.013571428571428571 0.012690355329949238
5 0.17535714285714285 0.3730964467005076 0.023571428571428573 0.02030456852791878
4 0.18642857142857142 0.35215736040609136 0.015714285714285715 0.013959390862944163
3 0.13392857142857142 0.3699238578680203 0.009285714285714286 0.01649746192893401
4 0.1407142857142857 0.3680203045685279 0.011428571428571429 0.02030456852791878
5 0.1467857142857143 0.375 0.015 0.024111675126903553
4 0.155 0.37753807106598986 0.011428571428571429 0.01903553299492386
3 0.20285714285714285 0.35723350253807107 0.012857142857142857 0.011421319796954314
5 0.24071428571428571 0.3680203045685279 0.02142857142857143 0.017766497461928935
5 0.2692857142857143 0.342005076142132 0.011428571428571429 0.024111675126903553
3 0.26142857142857145 0.342005076142132 0.007142857142857143 0.013959390862944163
3 0.26 0.3604060913705584 0.007142857142857143 0.012690355329949238
3 0.2810714285714286 0.3623096446700508 0.007857142857142858 0.01649746192893401
3 0.2789285714285714 0.34454314720812185 0.007857142857142858 0.013959390862944163
4 0.28785714285714287 0.34517766497461927 0.01 0.017766497461928935
4 0.29464285714285715 0.3470812182741117 0.009285714285714286 0.01903553299492386
4 0.3007142857142857 0.35088832487309646 0.01 0.01649746192893401
4 0.27214285714285713 0.35850253807106597 0.01 0.021573604060913704
3 0.09785714285714285 0.3039340101522843 0.015714285714285715 0.013959390862944163
4 0.06428571428571428 0.4486040609137056 0.015714285714285715 0.01649746192893401
8 0.14142857142857143 0.7189086294416244 0.018571428571428572 0.046954314720812185
3 0.16214285714285714 0.7626903553299492 0.01 0.030456852791878174
4 0.1682142857142857 0.8699238578680203 0.009285714285714286 0.03426395939086294
3 0.6010714285714286 0.9847715736040609 0.013571428571428571 0.027918781725888325
2 0.8146428571428571 0.8654822335025381 0.007857142857142858 0.01015228426395939
1 0.8157142857142857 0.8635786802030457 0.004285714285714286 0.008883248730964468
4 0.5310714285714285 0.583756345177665 0.013571428571428571 0.027918781725888325
3 0.5507142857142857 0.5139593908629442 0.017142857142857144 0.017766497461928935
0 0.4467857142857143 0.5209390862944162 0.002142857142857143 0.008883248730964468
3 0.49464285714285716 0.16878172588832488 0.009285714285714286 0.01015228426395939
4 0.5264285714285715 0.21256345177664976 0.007142857142857143 0.01649746192893401
4 0.5285714285714286 0.22081218274111675 0.011428571428571429 0.01015228426395939
8 0.4367857142857143 0.2652284263959391 0.013571428571428571 0.02030456852791878
8 0.44285714285714284 0.25761421319796957 0.014285714285714285 0.02030456852791878
8 0.44857142857142857 0.25444162436548223 0.014285714285714285 0.01903553299492386
8 0.4539285714285714 0.2519035532994924 0.015 0.01903553299492386
8 0.44357142857142856 0.2766497461928934 0.03 0.025380710659898477
8 0.4575 0.3147208121827411 0.03214285714285714 0.025380710659898477
8 0.4764285714285714 0.36421319796954316 0.03 0.027918781725888325
8 0.4857142857142857 0.39086294416243655 0.02857142857142857 0.02284263959390863
8 0.4975 0.4168781725888325 0.02214285714285714 0.031725888324873094
8 0.5753571428571429 0.32423857868020306 0.015 0.01649746192893401
4 0.5535714285714286 0.2760152284263959 0.011428571428571429 0.011421319796954314
4 0.5310714285714285 0.22525380710659898 0.010714285714285714 0.008883248730964468
4 0.5328571428571428 0.2296954314720812 0.011428571428571429 0.01015228426395939
4 0.5342857142857143 0.233502538071066 0.011428571428571429 0.01015228426395939
4 0.5360714285714285 0.23921319796954316 0.012142857142857143 0.011421319796954314
4 0.5382142857142858 0.2430203045685279 0.012142857142857143 0.011421319796954314
4 0.5421428571428571 0.2512690355329949 0.011428571428571429 0.012690355329949238
4 0.5439285714285714 0.25761421319796957 0.010714285714285714 0.01015228426395939
4 0.5471428571428572 0.2614213197969543 0.012857142857142857 0.012690355329949238
4 0.5510714285714285 0.27220812182741116 0.012142857142857143 0.011421319796954314
4 0.5010714285714286 0.21446700507614214 0.009285714285714286 0.017766497461928935
8 0.49642857142857144 0.21637055837563451 0.012857142857142857 0.01903553299492386
8 0.48714285714285716 0.22398477157360405 0.012857142857142857 0.01903553299492386
8 0.48178571428571426 0.22842639593908629 0.013571428571428571 0.017766497461928935
8 0.4732142857142857 0.23604060913705585 0.012142857142857143 0.02030456852791878
8 0.4635714285714286 0.2430203045685279 0.012857142857142857 0.01903553299492386
5 0.49142857142857144 0.25317258883248733 0.015714285714285715 0.024111675126903553
5 0.49607142857142855 0.2645939086294416 0.016428571428571428 0.021573604060913704
5 0.49892857142857144 0.2703045685279188 0.019285714285714285 0.025380710659898477
5 0.5010714285714286 0.27918781725888325 0.019285714285714285 0.02030456852791878
5 0.5053571428571428 0.2823604060913706 0.015 0.01903553299492386
5 0.5075 0.28743654822335024 0.016428571428571428 0.021573604060913704
5 0.51 0.29378172588832485 0.017142857142857144 0.021573604060913704
5 0.5125 0.3039340101522843 0.013571428571428571 0.01903553299492386
8 0.5139285714285714 0.30710659898477155 0.016428571428571428 0.02030456852791878
5 0.5210714285714285 0.32741116751269034 0.016428571428571428 0.02284263959390863
5 0.5239285714285714 0.3343908629441624 0.017857142857142856 0.0266497461928934
8 0.5285714285714286 0.3432741116751269 0.018571428571428572 0.024111675126903553
5 0.5317857142857143 0.350253807106599 0.017857142857142856 0.02284263959390863
5 0.5378571428571428 0.3565989847715736 0.022857142857142857 0.030456852791878174
8 0.5421428571428571 0.36611675126903553 0.018571428571428572 0.024111675126903553
8 0.5475 0.3356598984771574 0.016428571428571428 0.01903553299492386
4 0.5525 0.3426395939086294 0.016428571428571428 0.017766497461928935
8 0.5432142857142858 0.3293147208121827 0.016428571428571428 0.01903553299492386
8 0.5407142857142857 0.3223350253807107 0.014285714285714285 0.017766497461928935
8 0.5371428571428571 0.315989847715736 0.014285714285714285 0.017766497461928935
8 0.54 0.30583756345177665 0.015714285714285715 0.015228426395939087
8 0.5321428571428571 0.3032994923857868 0.015714285714285715 0.017766497461928935
8 0.5282142857142857 0.29885786802030456 0.015 0.01903553299492386
8 0.525 0.2893401015228426 0.015714285714285715 0.02284263959390863
8 0.5221428571428571 0.28045685279187815 0.017142857142857144 0.02030456852791878
8 0.5175 0.26903553299492383 0.015 0.02030456852791878
8 0.5107142857142857 0.25888324873096447 0.014285714285714285 0.017766497461928935
8 0.5071428571428571 0.2550761421319797 0.015714285714285715 0.017766497461928935
8 0.5053571428571428 0.25 0.012142857142857143 0.017766497461928935
3 0.20785714285714285 0.03616751269035533 0.008571428571428572 0.008883248730964468