7 0.3705636743215031 0.3678107606679035 0.028183716075156576 0.05287569573283859
3 0.3778705636743215 0.3047309833024119 0.020876826722338204 0.04359925788497217
5 0.40005219206680587 0.23562152133580705 0.029749478079331943 0.09461966604823747
3 0.49739039665970775 0.3320964749536178 0.022964509394572025 0.05009276437847866
7 0.5798538622129437 0.4197588126159555 0.017745302713987474 0.04916512059369202
0 0.615866388308977 0.37662337662337664 0.007306889352818371 0.03153988868274583
0 0.6265657620041754 0.37987012987012986 0.005741127348643006 0.032467532467532464
0 0.6239561586638831 0.37291280148423006 0.007828810020876827 0.029684601113172542
9 0.6495302713987474 0.39981447124304265 0.008872651356993737 0.029684601113172542
6 0.5772442588726514 0.05797773654916512 0.015657620041753653 0.015769944341372914
7 0.6584029227557411 0.5904452690166976 0.050626304801670144 0.05473098330241188
7 0.7398225469728601 0.8186456400742115 0.037056367432150315 0.09369202226345083