5 0.08820459290187892 0.449443413729128 0.018789144050104383 0.038033395176252316
5 0.1343945720250522 0.424860853432282 0.03914405010438413 0.029684601113172542
3 0.293580375782881 0.4647495361781076 0.04123173277661795 0.03710575139146568
9 0.09029227557411273 0.3854359925788497 0.007306889352818371 0.01948051948051948
9 0.09603340292275574 0.40630797773654914 0.007306889352818371 0.02040816326530612
5 0.4099686847599165 0.6173469387755102 0.11638830897703549 0.11781076066790352
3 0.48329853862212946 0.5111317254174397 0.04384133611691023 0.04452690166975881
4 0.730427974947808 0.20315398886827457 0.01826722338204593 0.02040816326530612
6 0.7045929018789144 0.21428571428571427 0.014613778705636743 0.016697588126159554
9 0.6951983298538622 0.21799628942486085 0.005219206680584551 0.011131725417439703
5 0.8306367432150313 0.18506493506493507 0.02348643006263048 0.038033395176252316
5 0.8543841336116911 0.16929499072356216 0.0511482254697286 0.030612244897959183
3 0.8580375782881002 0.1572356215213358 0.019832985386221295 0.017625231910946195
3 0.8763048016701461 0.3075139146567718 0.030271398747390398 0.026901669758812616
4 0.8669102296450939 0.21521335807050093 0.022964509394572025 0.02411873840445269
5 0.8917014613778705 0.20500927643784786 0.024530271398747392 0.02411873840445269
5 0.4692066805845512 0.8534322820037106 0.17849686847599164 0.22448979591836735
3 0.9869519832985386 0.28432282003710574 0.025052192066805846 0.030612244897959183
5 0.9457202505219207 0.1261595547309833 0.037578288100208766 0.027829313543599257
4 0.9344989561586639 0.1377551020408163 0.02661795407098121 0.017625231910946195
3 0.9433716075156576 0.18274582560296845 0.02139874739039666 0.02040816326530612
1 0.7708768267223383 0.7884972170686456 0.011482254697286013 0.022263450834879406
9 0.7698329853862212 0.7973098330241187 0.019832985386221295 0.0287569573283859
1 0.7776617954070981 0.8181818181818182 0.011482254697286013 0.025974025974025976
9 0.778705636743215 0.8242115027829313 0.015657620041753653 0.030612244897959183
2 0.8332463465553236 0.7963821892393321 0.019311064718162838 0.030612244897959183
1 0.833768267223382 0.7866419294990723 0.008872651356993737 0.03153988868274583
0 0.008872651356993737 0.47588126159554733 0.007306889352818371 0.02411873840445269