3 0.4329331941544885 0.6507421150278293 0.05897703549060543 0.05287569573283859
3 0.4592901878914405 0.538961038961039 0.05219206680584551 0.04638218923933209
3 0.4671189979123173 0.5139146567717996 0.05323590814196242 0.04267161410018553
3 0.5375782881002088 0.43413729128014844 0.021920668058455117 0.05009276437847866
4 0.6724947807933194 0.25834879406307976 0.016179540709812108 0.036178107606679034
4 0.4997390396659708 0.37337662337662336 0.04018789144050104 0.032467532467532464
4 0.4997390396659708 0.3464749536178108 0.03288100208768267 0.0287569573283859
3 0.524008350730689 0.32606679035250463 0.037578288100208766 0.026901669758812616
4 0.5292275574112735 0.3010204081632653 0.028183716075156576 0.026901669758812616
3 0.5276617954070981 0.288961038961039 0.030271398747390398 0.0287569573283859
3 0.534446764091858 0.274582560296846 0.028183716075156576 0.02040816326530612
3 0.5842901878914405 0.23098330241187384 0.016179540709812108 0.03153988868274583
3 0.5540187891440501 0.1859925788497217 0.02661795407098121 0.023191094619666047
4 0.5623695198329853 0.16929499072356216 0.027661795407098122 0.026901669758812616
4 0.5623695198329853 0.14842300556586271 0.02870563674321503 0.02411873840445269
4 0.5712421711899791 0.12105751391465677 0.019311064718162838 0.021335807050092765
3 0.5785490605427975 0.11085343228200371 0.02244258872651357 0.013914656771799629
3 0.7225991649269311 0.06910946196660482 0.008872651356993737 0.01948051948051948
3 0.7361691022964509 0.02458256029684601 0.01722338204592902 0.013914656771799629
3 0.7700939457202505 0.036178107606679034 0.019311064718162838 0.016697588126159554
3 0.7998434237995825 0.03385899814471243 0.02244258872651357 0.013914656771799629
3 0.8473382045929019 0.031076066790352505 0.02348643006263048 0.013914656771799629
3 0.8243736951983298 0.040352504638218926 0.02139874739039666 0.01948051948051948
3 0.6865866388308977 0.022727272727272728 0.019311064718162838 0.013914656771799629
3 0.6380480167014614 0.013914656771799629 0.01826722338204593 0.014842300556586271
4 0.572286012526096 0.05890538033395176 0.015135699373695199 0.017625231910946195
2 0.41701461377870563 0.7212430426716141 0.020876826722338204 0.026901669758812616
9 0.4211899791231733 0.4707792207792208 0.009394572025052192 0.030612244897959183
9 0.43241127348643005 0.39007421150278293 0.019311064718162838 0.015769944341372914
9 0.4488517745302714 0.3538961038961039 0.015657620041753653 0.017625231910946195
0 0.5908141962421712 0.15862708719851576 0.003131524008350731 0.014842300556586271
0 0.5926409185803758 0.14795918367346939 0.0036534446764091857 0.012059369202226345
0 0.5952505219206681 0.15445269016697588 0.0036534446764091857 0.015769944341372914
9 0.3188935281837161 0.9735621521335807 0.022964509394572025 0.036178107606679034
1 0.903705636743215 0.5134508348794063 0.005741127348643006 0.015769944341372914
1 0.9329331941544885 0.6038961038961039 0.010960334029227558 0.012987012987012988
9 0.9024008350730689 0.5287569573283859 0.011482254697286013 0.027829313543599257
9 0.9295407098121086 0.6150278293135436 0.013569937369519834 0.03153988868274583
9 0.4825156576200417 0.26716141001855287 0.014091858037578288 0.014842300556586271
3 0.569937369519833 0.08348794063079777 0.008350730688935281 0.014842300556586271