3 0.6403571428571428 0.09073604060913705 0.04642857142857143 0.07487309644670051
3 0.8389285714285715 0.1446700507614213 0.04357142857142857 0.07868020304568528
3 0.7439285714285714 0.4403553299492386 0.052142857142857144 0.09390862944162437
3 0.6492857142857142 0.5031725888324873 0.054285714285714284 0.09263959390862944
3 0.52 0.7271573604060914 0.05857142857142857 0.1065989847715736
3 0.6764285714285714 0.5729695431472082 0.047142857142857146 0.08756345177664974
3 0.5857142857142857 0.7144670050761421 0.05142857142857143 0.09390862944162437
4 0.5460714285714285 0.38515228426395937 0.056428571428571425 0.09771573604060914
4 0.7371428571428571 0.3496192893401015 0.04285714285714286 0.07233502538071065
4 0.7846428571428572 0.26015228426395937 0.05357142857142857 0.09137055837563451
4 0.815 0.541243654822335 0.04285714285714286 0.10786802030456853
4 0.465 0.06408629441624365 0.047142857142857146 0.0850253807106599
4 0.4539285714285714 0.9568527918781726 0.062142857142857146 0.08375634517766498
4 0.3939285714285714 0.9536802030456852 0.05785714285714286 0.0901015228426396
8 0.8392857142857143 0.2512690355329949 0.10714285714285714 0.2436548223350254
0 0.2092857142857143 0.46383248730964466 0.011428571428571429 0.02918781725888325
3 0.3 0.2956852791878173 0.05285714285714286 0.07360406091370558