3 0.4757142857142857 0.8083756345177665 0.03142857142857143 0.08629441624365482
3 0.5046428571428572 0.6364213197969543 0.03214285714285714 0.0799492385786802
3 0.5292857142857142 0.5266497461928934 0.025714285714285714 0.06598984771573604
3 0.5889285714285715 0.15862944162436549 0.019285714285714285 0.04314720812182741
3 0.5675 0.2366751269035533 0.019285714285714285 0.05203045685279188
3 0.5639285714285714 0.2868020304568528 0.02214285714285714 0.05583756345177665
5 0.5539285714285714 0.3483502538071066 0.03357142857142857 0.0901015228426396
4 0.6060714285714286 0.07043147208121828 0.015 0.044416243654822336
3 0.64 0.012055837563451776 0.03428571428571429 0.024111675126903553
3 0.6885714285714286 0.012055837563451776 0.03428571428571429 0.024111675126903553
3 0.7925 0.012055837563451776 0.03357142857142857 0.024111675126903553
3 0.8457142857142858 0.01903553299492386 0.03142857142857143 0.03807106598984772
3 0.9089285714285714 0.017766497461928935 0.03214285714285714 0.03553299492385787
3 0.9346428571428571 0.01903553299492386 0.03357142857142857 0.03807106598984772
4 0.8807142857142857 0.01903553299492386 0.03142857142857143 0.03807106598984772
0 0.48142857142857143 0.6300761421319797 0.011428571428571429 0.024111675126903553
0 0.5085714285714286 0.5145939086294417 0.008571428571428572 0.02918781725888325