3 0.22416492693110648 0.46938775510204084 0.03288100208768267 0.029684601113172542
3 0.45902922755741127 0.48886827458256027 0.03288100208768267 0.03153988868274583
3 0.5339248434237995 0.4865491651205937 0.031315240083507306 0.0287569573283859
3 0.4595511482254697 0.47309833024118736 0.027661795407098122 0.02411873840445269
3 0.4754697286012526 0.449443413729128 0.030271398747390398 0.030612244897959183
3 0.4848643006263048 0.43460111317254174 0.028183716075156576 0.023191094619666047
3 0.4911273486430063 0.42578849721706863 0.030271398747390398 0.02040816326530612
3 0.49739039665970775 0.40630797773654914 0.024008350730688934 0.022263450834879406
3 0.5046972860125261 0.3965677179962894 0.024008350730688934 0.01948051948051948
3 0.5133089770354906 0.3821892393320965 0.024530271398747392 0.022263450834879406
4 0.5506263048016702 0.4387755102040816 0.028183716075156576 0.029684601113172542
3 0.6876304801670147 0.26855287569573283 0.009916492693110648 0.015769944341372914
3 0.6213465553235908 0.29684601113172543 0.02035490605427975 0.014842300556586271
3 0.627348643006263 0.28664192949907236 0.020876826722338204 0.02040816326530612
3 0.6278705636743215 0.27736549165120594 0.017745302713987474 0.014842300556586271
4 0.5534968684759917 0.30565862708719854 0.01722338204592902 0.017625231910946195
4 0.6276096033402923 0.274582560296846 0.02139874739039666 0.014842300556586271
3 0.6323068893528184 0.2680890538033395 0.02244258872651357 0.01855287569573284
3 0.6354384133611691 0.2606679035250464 0.01826722338204593 0.014842300556586271
3 0.636482254697286 0.2537105751391466 0.019311064718162838 0.013914656771799629
3 0.6568371607515657 0.2653061224489796 0.02035490605427975 0.014842300556586271
0 0.5978601252609603 0.2606679035250464 0.0026096033402922755 0.011131725417439703
3 0.555062630480167 0.2963821892393321 0.02139874739039666 0.015769944341372914
4 0.6375260960334029 0.24582560296846012 0.02035490605427975 0.016697588126159554
3 0.6578810020876826 0.2592764378478664 0.019311064718162838 0.017625231910946195
3 0.6584029227557411 0.2523191094619666 0.019311064718162838 0.011131725417439703
3 0.659446764091858 0.2481447124304267 0.019311064718162838 0.013914656771799629
3 0.6649269311064718 0.22727272727272727 0.008350730688935281 0.012987012987012988
3 0.6865866388308977 0.22866419294990722 0.007828810020876827 0.015769944341372914
3 0.6965031315240083 0.2305194805194805 0.008872651356993737 0.013914656771799629
4 0.6393528183716075 0.22077922077922077 0.008350730688935281 0.022263450834879406
1 0.596294363256785 0.274582560296846 0.0036534446764091857 0.0074211502782931356
9 0.5957724425887265 0.2810760667903525 0.0036534446764091857 0.011131725417439703
3 0.6317849686847599 0.19109461966604824 0.007828810020876827 0.014842300556586271
3 0.6474425887265136 0.2036178107606679 0.016179540709812108 0.01020408163265306
3 0.6503131524008351 0.20037105751391465 0.013569937369519834 0.011131725417439703
3 0.6482254697286013 0.19526901669758812 0.013569937369519834 0.01020408163265306