0 0.13 0.34390862944162437 0.015714285714285715 0.04060913705583756
0 0.14535714285714285 0.2785532994923858 0.012142857142857143 0.031725888324873094
0 0.15857142857142856 0.31091370558375636 0.014285714285714285 0.03299492385786802
0 0.2392857142857143 0.4796954314720812 0.011428571428571429 0.04060913705583756
0 0.23642857142857143 0.6586294416243654 0.018571428571428572 0.04060913705583756
0 0.2814285714285714 0.550761421319797 0.012857142857142857 0.03807106598984772
0 0.2960714285714286 0.5196700507614214 0.012142857142857143 0.04187817258883249
0 0.3075 0.5031725888324873 0.009285714285714286 0.044416243654822336
0 0.3482142857142857 0.4936548223350254 0.013571428571428571 0.030456852791878174
0 0.3264285714285714 0.47588832487309646 0.015714285714285715 0.03553299492385787
0 0.30642857142857144 0.47017766497461927 0.012857142857142857 0.03934010152284264
0 0.2882142857142857 0.4403553299492386 0.012142857142857143 0.03807106598984772
0 0.3460714285714286 0.3032994923857868 0.015 0.03553299492385787
0 0.37464285714285717 0.2645939086294416 0.009285714285714286 0.03680203045685279
0 0.5692857142857143 0.7709390862944162 0.012857142857142857 0.046954314720812185
0 0.4282142857142857 0.1947969543147208 0.009285714285714286 0.04187817258883249
0 0.45285714285714285 0.29949238578680204 0.005714285714285714 0.025380710659898477
0 0.4942857142857143 0.3134517766497462 0.01 0.03553299492385787
0 0.49857142857142855 0.13769035532994925 0.005714285714285714 0.03934010152284264
0 0.5239285714285714 0.1916243654822335 0.009285714285714286 0.04060913705583756
8 0.7285714285714285 0.40545685279187815 0.14285714285714285 0.30583756345177665