5 0.5085714285714286 0.9428934010152284 0.018571428571428572 0.06852791878172589
3 0.43642857142857144 0.7861675126903553 0.015714285714285715 0.03934010152284264
4 0.5303571428571429 0.6110406091370558 0.012142857142857143 0.03426395939086294
3 0.5142857142857142 0.6097715736040609 0.01 0.0266497461928934
3 0.5310714285714285 0.501269035532995 0.009285714285714286 0.017766497461928935
3 0.5446428571428571 0.4663705583756345 0.007857142857142858 0.01903553299492386
3 0.49964285714285717 0.4397208121827411 0.007857142857142858 0.01649746192893401
3 0.52 0.440989847715736 0.007142857142857143 0.01903553299492386
3 0.5439285714285714 0.4137055837563452 0.0064285714285714285 0.015228426395939087
4 0.5282142857142857 0.39847715736040606 0.007857142857142858 0.017766497461928935
3 0.5410714285714285 0.39086294416243655 0.0064285714285714285 0.017766497461928935
3 0.5417857142857143 0.3756345177664975 0.0064285714285714285 0.012690355329949238
4 0.5303571428571429 0.37182741116751267 0.0064285714285714285 0.017766497461928935
4 0.5192857142857142 0.35786802030456855 0.007142857142857143 0.017766497461928935
4 0.5028571428571429 0.33756345177664976 0.007142857142857143 0.012690355329949238
3 0.5321428571428571 0.3464467005076142 0.005714285714285714 0.012690355329949238
3 0.52 0.34390862944162437 0.005714285714285714 0.01015228426395939
3 0.5207142857142857 0.3350253807106599 0.005714285714285714 0.01015228426395939
3 0.5192857142857142 0.3236040609137056 0.004285714285714286 0.007614213197969543
3 0.53 0.31091370558375636 0.005714285714285714 0.012690355329949238
3 0.5196428571428572 0.3147208121827411 0.005 0.01015228426395939
4 0.53 0.2950507614213198 0.005714285714285714 0.013959390862944163
3 0.4235714285714286 0.36421319796954316 0.015714285714285715 0.01015228426395939
3 0.3989285714285714 0.3629441624365482 0.016428571428571428 0.01015228426395939
3 0.4589285714285714 0.37055837563451777 0.017857142857142856 0.012690355329949238
3 0.5085714285714286 0.27411167512690354 0.005714285714285714 0.01015228426395939
5 0.53 0.2715736040609137 0.007142857142857143 0.02284263959390863
3 0.5107142857142857 0.2398477157360406 0.004285714285714286 0.007614213197969543
3 0.5010714285714286 0.2506345177664975 0.005 0.011421319796954314
3 0.5296428571428572 0.21129441624365483 0.0035714285714285713 0.008883248730964468
3 0.5307142857142857 0.2036802030456853 0.004285714285714286 0.006345177664974619
4 0.5485714285714286 0.49428934010152287 0.01 0.0266497461928934
0 0.7646428571428572 0.9282994923857868 0.005 0.0266497461928934
0 0.7589285714285714 0.9524111675126904 0.005 0.01903553299492386
0 0.7492857142857143 0.9213197969543148 0.005714285714285714 0.02030456852791878
0 0.7439285714285714 0.9149746192893401 0.007857142857142858 0.02284263959390863
0 0.7510714285714286 0.9676395939086294 0.0064285714285714285 0.021573604060913704
0 0.7467857142857143 0.9543147208121827 0.0064285714285714285 0.025380710659898477