4 0.5592857142857143 0.9549492385786802 0.027142857142857142 0.08756345177664974
3 0.4903571428571429 0.7963197969543148 0.029285714285714286 0.11040609137055837
5 0.5242857142857142 0.4498730964467005 0.022857142857142857 0.0901015228426396
3 0.4442857142857143 0.4206852791878173 0.02142857142857143 0.05203045685279188
8 0.4092857142857143 0.46383248730964466 0.03142857142857143 0.10532994923857868
3 0.37642857142857145 0.45748730964467005 0.022857142857142857 0.05964467005076142
3 0.3964285714285714 0.28616751269035534 0.022857142857142857 0.046954314720812185
3 0.5257142857142857 0.22461928934010153 0.017142857142857144 0.0532994923857868
5 0.555 0.13007614213197968 0.025714285714285714 0.10532994923857868
5 0.5053571428571428 0.07487309644670051 0.019285714285714285 0.06091370558375635
5 0.44857142857142857 0.037436548223350255 0.024285714285714285 0.05203045685279188
3 0.5275 0.0799492385786802 0.015 0.04060913705583756
3 0.425 0.050761421319796954 0.015714285714285715 0.03299492385786802
3 0.2710714285714286 0.39403553299492383 0.029285714285714286 0.04187817258883249
3 0.135 0.9689086294416244 0.03571428571428571 0.05964467005076142
3 0.1757142857142857 0.6465736040609137 0.032857142857142856 0.05456852791878172
3 0.14642857142857144 0.7722081218274112 0.03428571428571429 0.06472081218274112
3 0.12857142857142856 0.49048223350253806 0.027142857142857142 0.044416243654822336
4 0.11107142857142857 0.3686548223350254 0.04214285714285714 0.03934010152284264
4 0.20142857142857143 0.4156091370558376 0.037142857142857144 0.05456852791878172
8 0.08821428571428572 0.11802030456852793 0.07642857142857143 0.050761421319796954
8 0.030714285714285715 0.1649746192893401 0.06142857142857143 0.0532994923857868
8 0.03857142857142857 0.14657360406091371 0.06571428571428571 0.05456852791878172
8 0.06714285714285714 0.07106598984771574 0.07 0.048223350253807105
8 0.14892857142857144 0.07677664974619289 0.062142857142857146 0.05203045685279188
8 0.09321428571428571 0.056472081218274114 0.07214285714285715 0.05203045685279188
8 0.11392857142857143 0.03299492385786802 0.07357142857142857 0.04314720812182741
3 0.4742857142857143 0.03807106598984772 0.014285714285714285 0.03553299492385787