8 0.38321428571428573 0.02284263959390863 0.052142857142857144 0.04314720812182741
4 0.5357142857142857 0.6097715736040609 0.024285714285714285 0.08248730964467005
4 0.5435714285714286 0.5088832487309645 0.02142857142857143 0.07106598984771574
3 0.5475 0.434010152284264 0.019285714285714285 0.0532994923857868
3 0.5728571428571428 0.4873096446700508 0.018571428571428572 0.05583756345177665
3 0.5510714285714285 0.37246192893401014 0.016428571428571428 0.046954314720812185
3 0.5803571428571429 0.3565989847715736 0.015 0.050761421319796954
3 0.5539285714285714 0.3134517766497462 0.019285714285714285 0.04314720812182741
3 0.8442857142857143 0.26586294416243655 0.041428571428571426 0.044416243654822336
3 0.8092857142857143 0.2151015228426396 0.03857142857142857 0.04187817258883249
3 0.6642857142857143 0.17956852791878172 0.037142857142857144 0.044416243654822336
3 0.5235714285714286 0.10406091370558376 0.03428571428571429 0.03553299492385787
3 0.5114285714285715 0.04314720812182741 0.015714285714285715 0.03299492385786802
3 0.49785714285714283 0.0133248730964467 0.017142857142857144 0.0266497461928934
4 0.5657142857142857 0.0450507614213198 0.015714285714285715 0.03934010152284264
3 0.5225 0.8153553299492385 0.023571428571428573 0.08756345177664974
4 0.5542857142857143 0.8331218274111675 0.024285714285714285 0.09771573604060914
3 0.9464285714285714 0.9390862944162437 0.06428571428571428 0.05583756345177665
3 0.9814285714285714 0.9282994923857868 0.03428571428571429 0.08756345177664974
3 0.9685714285714285 0.9847715736040609 0.06285714285714286 0.027918781725888325