3 0.31210855949895616 0.9090909090909091 0.05741127348643006 0.06307977736549165
3 0.47494780793319413 0.22866419294990722 0.009394572025052192 0.015769944341372914
3 0.4668580375782881 0.24721706864564008 0.007828810020876827 0.015769944341372914
3 0.4603340292275574 0.26716141001855287 0.009394572025052192 0.01855287569573284
3 0.5232254697286013 0.3228200371057514 0.012004175365344467 0.025974025974025976
9 0.5 0.3274582560296846 0.011482254697286013 0.011131725417439703
4 0.5576722338204593 0.3144712430426716 0.010960334029227558 0.03153988868274583
3 0.5636743215031316 0.2820037105751391 0.018789144050104383 0.014842300556586271
3 0.5660229645093946 0.275974025974026 0.01826722338204593 0.012059369202226345
3 0.5634133611691023 0.2690166975881262 0.01722338204592902 0.012987012987012988
3 0.5910751565762005 0.3209647495361781 0.010960334029227558 0.01855287569573284
3 0.6176931106471816 0.32142857142857145 0.010960334029227558 0.01948051948051948
3 0.6304801670146137 0.32189239332096475 0.011482254697286013 0.02040816326530612
3 0.6286534446764092 0.3914656771799629 0.012004175365344467 0.022263450834879406
3 0.5879436325678496 0.39007421150278293 0.02661795407098121 0.01948051948051948
3 0.5407098121085595 0.48608534322820035 0.033402922755741124 0.02411873840445269
3 0.5454070981210856 0.4582560296846011 0.029227557411273485 0.02411873840445269
3 0.5519311064718163 0.4332096474953618 0.029749478079331943 0.022263450834879406
3 0.5521920668058455 0.41836734693877553 0.026096033402922755 0.01855287569573284
3 0.550365344467641 0.41187384044526903 0.02870563674321503 0.022263450834879406
3 0.5563674321503131 0.39935064935064934 0.028183716075156576 0.01948051948051948
3 0.5589770354906054 0.38636363636363635 0.026096033402922755 0.02504638218923933
3 0.558455114822547 0.37105751391465674 0.026096033402922755 0.01855287569573284
4 0.5587160751565762 0.3557513914656772 0.029749478079331943 0.021335807050092765
3 0.5887265135699373 0.37940630797773656 0.027139874739039668 0.02040816326530612
4 0.5868997912317327 0.37059369202226344 0.01722338204592902 0.017625231910946195
3 0.5863778705636743 0.3673469387755102 0.0255741127348643 0.01855287569573284
3 0.587160751565762 0.35946196660482377 0.026096033402922755 0.01948051948051948
1 0.5874217118997912 0.33812615955473097 0.004697286012526096 0.012059369202226345
9 0.5876826722338204 0.34137291280148424 0.010438413361169102 0.00927643784786642
9 0.5741127348643006 0.3232838589981447 0.003131524008350731 0.012059369202226345
9 0.5701983298538622 0.3042671614100185 0.0036534446764091857 0.011131725417439703
9 0.5662839248434238 0.300556586270872 0.003131524008350731 0.011131725417439703
6 0.6002087682672234 0.300556586270872 0.010438413361169102 0.014842300556586271
3 0.3872651356993737 0.6836734693877551 0.04175365344467641 0.04081632653061224
3 0.36978079331941544 0.724025974025974 0.04645093945720251 0.036178107606679034
3 0.3585594989561587 0.7551020408163265 0.04279749478079332 0.03896103896103896
3 0.3452505219206681 0.8130797773654916 0.05271398747390397 0.04359925788497217
3 0.33194154488517746 0.8492578849721707 0.054279749478079335 0.04916512059369202
4 0.2471294363256785 0.864100185528757 0.03288100208768267 0.09740259740259741
3 0.27687891440501045 0.9865491651205937 0.05375782881002088 0.02504638218923933
4 0.453027139874739 0.8483302411873841 0.05219206680584551 0.05658627087198516
3 0.46346555323590816 0.8163265306122449 0.04488517745302714 0.03896103896103896
3 0.4791231732776618 0.7393320964749536 0.04697286012526096 0.03525046382189239
3 0.4801670146137787 0.7054730983302412 0.04488517745302714 0.032467532467532464
3 0.5341858037578288 0.5468460111317254 0.031837160751565764 0.02504638218923933
3 0.5375782881002088 0.5296846011131725 0.029227557411273485 0.02411873840445269
3 0.4418058455114823 0.5106679035250464 0.03392484342379958 0.032467532467532464
3 0.4470250521920668 0.4897959183673469 0.030793319415448852 0.029684601113172542
3 0.45120041753653445 0.47912801484230055 0.03288100208768267 0.023191094619666047
3 0.453027139874739 0.4652133580705009 0.029227557411273485 0.026901669758812616
1 0.46320459290187893 0.5463821892393321 0.005741127348643006 0.014842300556586271
9 0.46242171189979125 0.5551948051948052 0.005219206680584551 0.017625231910946195
0 0.5075678496868476 0.387291280148423 0.0036534446764091857 0.017625231910946195