3 0.64825 0.67 0.0715 0.10933333333333334
8 0.51225 0.30266666666666664 0.1045 0.16666666666666666
7 0.5205 0.498 0.029 0.068
5 0.71525 0.9033333333333333 0.4915 0.19333333333333333
5 0.968 0.7403333333333333 0.064 0.114
3 0.1085 0.49833333333333335 0.043 0.09133333333333334
3 0.24225 0.32366666666666666 0.0755 0.042
3 0.22975 0.278 0.0325 0.04933333333333333
3 0.27275 0.2776666666666667 0.0335 0.05266666666666667
3 0.395 0.217 0.029 0.046
3 0.38225 0.178 0.0285 0.042666666666666665
3 0.47725 0.19733333333333333 0.0335 0.044
4 0.426 0.19966666666666666 0.027 0.05266666666666667
3 0.441 0.12466666666666666 0.028 0.03866666666666667
3 0.393 0.10233333333333333 0.026 0.038
3 0.602 0.13833333333333334 0.036 0.03266666666666666
3 0.562 0.08566666666666667 0.028 0.026
7 0.56525 0.14 0.0215 0.03333333333333333
1 0.40175 0.07366666666666667 0.0065 0.019333333333333334
2 0.40125 0.07966666666666666 0.0075 0.012666666666666666
3 0.44875 0.06533333333333333 0.0395 0.025333333333333333
3 0.43725 0.05433333333333333 0.0395 0.026
3 0.42775 0.03266666666666666 0.0395 0.02266666666666667
3 0.508 0.021666666666666667 0.024 0.024666666666666667
3 0.4695 0.032 0.031 0.024
3 0.35575 0.034666666666666665 0.0225 0.02266666666666667
3 0.3835 0.012333333333333333 0.02 0.024666666666666667
2 0.37425 0.2786666666666667 0.0225 0.018666666666666668