3 0.032359081419624215 0.6887755102040817 0.022964509394572025 0.012059369202226345
0 0.042014613778705634 0.7091836734693877 0.0036534446764091857 0.013914656771799629
0 0.03549060542797495 0.7091836734693877 0.003131524008350731 0.013914656771799629
0 0.031315240083507306 0.7101113172541744 0.003131524008350731 0.013914656771799629
0 0.019832985386221295 0.7096474953617811 0.003131524008350731 0.014842300556586271
0 0.017484342379958245 0.7156771799628943 0.0026096033402922755 0.015769944341372914
0 0.011221294363256785 0.7073283858998145 0.005741127348643006 0.017625231910946195
0 0.01174321503131524 0.7258812615955473 0.004697286012526096 0.015769944341372914
0 0.02348643006263048 0.6609461966604824 0.0041753653444676405 0.01020408163265306
3 0.006524008350730689 0.6623376623376623 0.013048016701461378 0.012987012987012988
4 0.059498956158663886 0.6920222634508348 0.021920668058455117 0.011131725417439703
3 0.0644572025052192 0.6897031539888683 0.024530271398747392 0.012059369202226345
9 0.05167014613778706 0.6836734693877551 0.008350730688935281 0.00927643784786642
0 0.05271398747390397 0.6818181818181818 0.003131524008350731 0.014842300556586271
0 0.03262004175365345 0.6641929499072357 0.0036534446764091857 0.011131725417439703
0 0.05610647181628393 0.6688311688311688 0.0026096033402922755 0.00927643784786642
9 0.05610647181628393 0.6711502782931354 0.005741127348643006 0.006493506493506494
3 0.0824634655532359 0.6595547309833024 0.013569937369519834 0.011131725417439703
5 0.10125260960334029 0.6539888682745826 0.016701461377870562 0.014842300556586271
3 0.11638830897703549 0.6516697588126159 0.014613778705636743 0.012059369202226345
6 0.10829853862212943 0.6771799628942486 0.012004175365344467 0.00927643784786642
0 0.10542797494780794 0.6753246753246753 0.0041753653444676405 0.011131725417439703
3 0.09968684759916492 0.6934137291280148 0.021920668058455117 0.013914656771799629
3 0.1278705636743215 0.6897031539888683 0.021920668058455117 0.013914656771799629
0 0.13752609603340293 0.7012987012987013 0.004697286012526096 0.011131725417439703
0 0.14352818371607515 0.7012987012987013 0.0041753653444676405 0.014842300556586271
0 0.16127348643006262 0.700834879406308 0.0041753653444676405 0.01020408163265306
0 0.18867432150313151 0.7022263450834879 0.004697286012526096 0.014842300556586271
0 0.19493736951983298 0.7017625231910947 0.0036534446764091857 0.015769944341372914
0 0.12317327766179541 0.6590909090909091 0.0041753653444676405 0.012059369202226345
0 0.16831941544885176 0.6396103896103896 0.0036534446764091857 0.013914656771799629
0 0.14665970772442588 0.6637291280148423 0.003131524008350731 0.012059369202226345
0 0.151356993736952 0.6637291280148423 0.003131524008350731 0.012059369202226345
0 0.16310020876826722 0.6665120593692022 0.0036534446764091857 0.012059369202226345
8 0.1581419624217119 0.6873840445269017 0.05010438413361169 0.025974025974025976
0 0.20198329853862212 0.6999072356215214 0.003131524008350731 0.012059369202226345
0 0.1865866388308977 0.6716141001855288 0.0036534446764091857 0.012987012987012988
3 0.07776617954070981 0.6493506493506493 0.017745302713987474 0.012987012987012988
3 0.3355949895615866 0.6892393320964749 0.016701461377870562 0.011131725417439703
0 0.3940501043841336 0.7082560296846011 0.0041753653444676405 0.015769944341372914
0 0.40866388308977036 0.7091836734693877 0.0041753653444676405 0.013914656771799629
0 0.41283924843423797 0.7096474953617811 0.003131524008350731 0.016697588126159554
0 0.4167536534446764 0.7091836734693877 0.0026096033402922755 0.013914656771799629
0 0.4201461377870564 0.7096474953617811 0.0020876826722338203 0.011131725417439703
0 0.3768267223382046 0.7082560296846011 0.003131524008350731 0.015769944341372914
0 0.37004175365344466 0.7096474953617811 0.0041753653444676405 0.014842300556586271
0 0.3342901878914405 0.7064007421150278 0.0036534446764091857 0.012059369202226345
0 0.3068893528183716 0.7068645640074211 0.003131524008350731 0.012987012987012988
0 0.3011482254697286 0.7059369202226345 0.003131524008350731 0.014842300556586271
3 0.40005219206680587 0.7036178107606679 0.019311064718162838 0.013914656771799629
3 0.39535490605427975 0.6915584415584416 0.01826722338204593 0.012059369202226345
3 0.45328810020876825 0.6957328385899815 0.01722338204592902 0.011131725417439703
0 0.4329331941544885 0.711038961038961 0.0036534446764091857 0.015769944341372914
0 0.4538100208768267 0.7115027829313544 0.0036534446764091857 0.014842300556586271
3 0.4410229645093946 0.7077922077922078 0.018789144050104383 0.014842300556586271
3 0.5002609603340292 0.7091836734693877 0.019311064718162838 0.012059369202226345
3 0.5112212943632568 0.7068645640074211 0.02035490605427975 0.012987012987012988
3 0.5033924843423799 0.698051948051948 0.01826722338204593 0.012059369202226345
0 0.44363256784968685 0.6827458256029685 0.003131524008350731 0.012987012987012988
0 0.4321503131524008 0.6836734693877551 0.0041753653444676405 0.012987012987012988
0 0.47677453027139877 0.712430426716141 0.0026096033402922755 0.011131725417439703
0 0.4791231732776618 0.7119666048237476 0.003131524008350731 0.012059369202226345
0 0.4835594989561587 0.6832096474953617 0.004697286012526096 0.012059369202226345
6 0.49164926931106473 0.6924860853432282 0.011482254697286013 0.012059369202226345
0 0.4900835073068894 0.6887755102040817 0.0041753653444676405 0.015769944341372914
0 0.4997390396659708 0.6841372912801484 0.0026096033402922755 0.012059369202226345
0 0.6096033402922756 0.7509276437847866 0.003131524008350731 0.015769944341372914
0 0.6221294363256785 0.7504638218923934 0.0041753653444676405 0.014842300556586271
0 0.6294363256784968 0.7504638218923934 0.003131524008350731 0.014842300556586271
0 0.6458768267223383 0.7694805194805194 0.0036534446764091857 0.015769944341372914
0 0.6667536534446764 0.851113172541744 0.005741127348643006 0.023191094619666047
0 0.5915970772442589 0.7411873840445269 0.0036534446764091857 0.014842300556586271
0 0.6062108559498957 0.7365491651205937 0.0036534446764091857 0.014842300556586271
0 0.6129958246346555 0.7379406307977736 0.0036534446764091857 0.013914656771799629
0 0.6020354906054279 0.7360853432282004 0.0026096033402922755 0.015769944341372914
0 0.6007306889352818 0.725417439703154 0.0041753653444676405 0.014842300556586271
0 0.5970772442588727 0.7263450834879406 0.003131524008350731 0.014842300556586271
0 0.5947286012526096 0.7230983302411874 0.0036534446764091857 0.015769944341372914
0 0.5884655532359081 0.7198515769944341 0.0036534446764091857 0.014842300556586271
0 0.613517745302714 0.7179962894248608 0.0036534446764091857 0.011131725417439703
3 0.6578810020876826 0.6679035250463822 0.010960334029227558 0.00927643784786642
8 0.6385699373695198 0.7152133580705009 0.037056367432150315 0.03153988868274583
8 0.6124739039665971 0.6929499072356216 0.04018789144050104 0.02411873840445269
3 0.5879436325678496 0.711038961038961 0.019311064718162838 0.012059369202226345
3 0.5555845511482255 0.698051948051948 0.019311064718162838 0.012059369202226345
0 0.5819415448851775 0.6883116883116883 0.003131524008350731 0.014842300556586271
0 0.5670668058455115 0.6883116883116883 0.0036534446764091857 0.012987012987012988
0 0.5610647181628392 0.6869202226345084 0.003131524008350731 0.012059369202226345
0 0.5558455114822547 0.686456400742115 0.003131524008350731 0.011131725417439703
0 0.5438413361169102 0.686456400742115 0.005219206680584551 0.012987012987012988
0 0.5370563674321504 0.6841372912801484 0.003131524008350731 0.012059369202226345
0 0.6051670146137788 0.6762523191094619 0.0026096033402922755 0.012987012987012988
0 0.7147703549060542 0.87708719851577 0.004697286012526096 0.02504638218923933
0 0.6743215031315241 0.7142857142857143 0.0041753653444676405 0.014842300556586271
4 0.6889352818371608 0.6697588126159555 0.011482254697286013 0.011131725417439703
0 0.7095511482254697 0.6711502782931354 0.0026096033402922755 0.01020408163265306
3 0.7137265135699373 0.6794990723562152 0.012004175365344467 0.01020408163265306
3 0.7286012526096033 0.6799628942486086 0.013569937369519834 0.00927643784786642
0 0.7549582463465553 0.6901669758812616 0.0036534446764091857 0.012987012987012988
3 0.7664405010438413 0.7337662337662337 0.013048016701461378 0.016697588126159554
4 0.7447807933194155 0.7411873840445269 0.012526096033402923 0.027829313543599257
3 0.7419102296450939 0.7736549165120594 0.013048016701461378 0.02411873840445269
3 0.7560020876826722 0.7634508348794063 0.010960334029227558 0.02040816326530612
3 0.764874739039666 0.7954545454545454 0.014091858037578288 0.02504638218923933
8 0.7541753653444676 0.8163265306122449 0.027139874739039668 0.05009276437847866
0 0.7993215031315241 0.7796846011131725 0.0036534446764091857 0.017625231910946195
0 0.802713987473904 0.7592764378478665 0.003131524008350731 0.013914656771799629
0 0.798277661795407 0.7588126159554731 0.0026096033402922755 0.014842300556586271
3 0.7922755741127349 0.7462894248608535 0.017745302713987474 0.015769944341372914
0 0.7766179540709812 0.7458256029684601 0.0041753653444676405 0.014842300556586271
3 0.8136743215031316 0.9299628942486086 0.029227557411273485 0.041743970315398886
3 0.8092379958246346 0.8951762523191095 0.02348643006263048 0.029684601113172542
3 0.7995824634655533 0.9689239332096475 0.032359081419624215 0.038033395176252316
4 0.7742693110647182 0.9313543599257885 0.027661795407098122 0.04267161410018553
3 0.7580897703549061 0.9086270871985158 0.02139874739039666 0.032467532467532464
3 0.7317327766179541 0.859925788497217 0.021920668058455117 0.029684601113172542
4 0.7270354906054279 0.7782931354359925 0.012526096033402923 0.02411873840445269
0 0.860125260960334 0.8803339517625232 0.005219206680584551 0.02040816326530612
8 0.8118475991649269 0.8557513914656771 0.04540709812108559 0.06957328385899815
5 0.9282359081419624 0.987012987012987 0.038100208768267224 0.02411873840445269
0 0.8006263048016702 0.6966604823747681 0.003131524008350731 0.014842300556586271
0 0.7969728601252609 0.6934137291280148 0.003131524008350731 0.01020408163265306
0 0.7941022964509394 0.6948051948051948 0.0026096033402922755 0.011131725417439703
0 0.8040187891440501 0.6887755102040817 0.0026096033402922755 0.013914656771799629
0 0.80741127348643 0.6929499072356216 0.003131524008350731 0.011131725417439703
0 0.7873173277661796 0.686456400742115 0.0036534446764091857 0.014842300556586271
6 0.7857515657620042 0.6892393320964749 0.010960334029227558 0.011131725417439703
4 0.7711377870563675 0.6897031539888683 0.02035490605427975 0.017625231910946195
9 0.7129436325678496 0.7096474953617811 0.005219206680584551 0.0055658627087198514
0 0.7118997912317327 0.7054730983302412 0.0020876826722338203 0.008348794063079777
9 0.721294363256785 0.7036178107606679 0.007306889352818371 0.006493506493506494
0 0.7207724425887265 0.7012987012987013 0.003131524008350731 0.011131725417439703
9 0.7447807933194155 0.7207792207792207 0.010438413361169102 0.00927643784786642
0 0.7439979123173278 0.7179962894248608 0.0036534446764091857 0.011131725417439703
0 0.6591858037578288 0.6512059369202227 0.003131524008350731 0.00927643784786642
0 0.5712421711899791 0.7170686456400742 0.0026096033402922755 0.012987012987012988
0 0.5688935281837161 0.7152133580705009 0.003131524008350731 0.016697588126159554
0 0.5660229645093946 0.7161410018552876 0.0036534446764091857 0.016697588126159554
0 0.5592379958246346 0.7175324675324676 0.0036534446764091857 0.013914656771799629
0 0.5328810020876826 0.7152133580705009 0.003131524008350731 0.012987012987012988
0 0.5404488517745303 0.7166048237476809 0.0026096033402922755 0.013914656771799629
0 0.5086116910229646 0.7147495361781077 0.0036534446764091857 0.013914656771799629
0 0.4997390396659708 0.712430426716141 0.0026096033402922755 0.012987012987012988
0 0.5180062630480167 0.7142857142857143 0.0036534446764091857 0.012987012987012988
0 0.56758872651357 0.6655844155844156 0.0026096033402922755 0.015769944341372914
3 0.49086638830897705 0.5825602968460112 0.0036534446764091857 0.0074211502782931356
3 0.4945198329853862 0.5807050092764379 0.0036534446764091857 0.0074211502782931356
3 0.25156576200417535 0.6957328385899815 0.021920668058455117 0.011131725417439703
0 0.24634655532359082 0.6781076066790352 0.0041753653444676405 0.012987012987012988
0 0.21555323590814196 0.6762523191094619 0.003131524008350731 0.012987012987012988
0 0.2849686847599165 0.6776437847866419 0.0020876826722338203 0.01020408163265306
0 0.2828810020876827 0.6781076066790352 0.0041753653444676405 0.011131725417439703
0 0.2774008350730689 0.6785714285714286 0.0036534446764091857 0.012059369202226345
0 0.27113778705636743 0.6762523191094619 0.0036534446764091857 0.012987012987012988
0 0.2661795407098121 0.6757884972170687 0.003131524008350731 0.012059369202226345
0 0.28157620041753656 0.7050092764378478 0.0026096033402922755 0.012987012987012988
0 0.27113778705636743 0.7040816326530612 0.0026096033402922755 0.012987012987012988
0 0.2784446764091858 0.7045454545454546 0.0036534446764091857 0.013914656771799629