0 0.14821428571428572 0.4346446700507614 0.0035714285714285713 0.011421319796954314
0 0.16142857142857142 0.4206852791878173 0.002857142857142857 0.013959390862944163
0 0.20464285714285715 0.41243654822335024 0.0035714285714285713 0.012690355329949238
0 0.36392857142857143 0.3635786802030457 0.0035714285714285713 0.011421319796954314
0 0.3992857142857143 0.35913705583756345 0.002857142857142857 0.012690355329949238
3 0.3757142857142857 0.4543147208121827 0.017142857142857144 0.017766497461928935
3 0.26 0.47588832487309646 0.02142857142857143 0.02030456852791878
3 0.04607142857142857 0.5076142131979695 0.025 0.02030456852791878
3 0.07321428571428572 0.5678934010152284 0.02642857142857143 0.024111675126903553
3 0.17642857142857143 0.5310913705583756 0.025714285714285714 0.024111675126903553
5 0.016785714285714286 0.5780456852791879 0.03357142857142857 0.044416243654822336
3 0.007142857142857143 0.5596446700507615 0.014285714285714285 0.015228426395939087
5 0.12357142857142857 0.5260152284263959 0.037142857142857144 0.03934010152284264
1 0.07 0.46383248730964466 0.004285714285714286 0.008883248730964468
2 0.06964285714285715 0.467005076142132 0.007857142857142858 0.01015228426395939
8 0.25821428571428573 0.5038071065989848 0.03214285714285714 0.030456852791878174
3 0.32107142857142856 0.4866751269035533 0.017857142857142856 0.01903553299492386
8 0.40035714285714286 0.4593908629441624 0.030714285714285715 0.03553299492385787
4 0.4471428571428571 0.41941624365482233 0.02 0.021573604060913704
4 0.4810714285714286 0.4365482233502538 0.02214285714285714 0.02030456852791878
3 0.5271428571428571 0.4276649746192893 0.02 0.02030456852791878
3 0.5353571428571429 0.4016497461928934 0.019285714285714285 0.01649746192893401
4 0.5864285714285714 0.39720812182741116 0.025714285714285714 0.017766497461928935
5 0.6028571428571429 0.4003807106598985 0.045714285714285714 0.03934010152284264
3 0.6410714285714286 0.4016497461928934 0.019285714285714285 0.01903553299492386
4 0.6571428571428571 0.38388324873096447 0.02 0.01903553299492386
8 0.6853571428571429 0.3350253807106599 0.030714285714285715 0.02030456852791878
3 0.7157142857142857 0.3686548223350254 0.018571428571428572 0.01649746192893401
0 0.5778571428571428 0.3102791878172589 0.002857142857142857 0.008883248730964468
0 0.6175 0.2614213197969543 0.0035714285714285713 0.012690355329949238
0 0.48857142857142855 0.33375634517766495 0.002857142857142857 0.01015228426395939
0 0.5232142857142857 0.3229695431472081 0.0035714285714285713 0.013959390862944163
1 0.4525 0.35152284263959394 0.002142857142857143 0.007614213197969543
2 0.4517857142857143 0.3553299492385787 0.0064285714285714285 0.01015228426395939
2 0.6807142857142857 0.6091370558375635 0.008571428571428572 0.012690355329949238
2 0.6760714285714285 0.6015228426395939 0.009285714285714286 0.012690355329949238
4 0.7575 0.37119289340101524 0.02214285714285714 0.021573604060913704
4 0.85 0.18083756345177665 0.011428571428571429 0.021573604060913704
3 0.8507142857142858 0.19796954314720813 0.011428571428571429 0.017766497461928935
4 0.8614285714285714 0.19416243654822335 0.01 0.02030456852791878
5 0.8764285714285714 0.20812182741116753 0.02 0.03553299492385787
3 0.8625 0.2131979695431472 0.010714285714285714 0.02030456852791878
3 0.8714285714285714 0.22715736040609136 0.011428571428571429 0.012690355329949238
8 0.8835714285714286 0.24238578680203046 0.018571428571428572 0.03299492385786802
4 0.8664285714285714 0.23286802030456852 0.011428571428571429 0.024111675126903553
3 0.88 0.2550761421319797 0.011428571428571429 0.02030456852791878
3 0.8903571428571428 0.2753807106598985 0.010714285714285714 0.02284263959390863
3 0.8971428571428571 0.2696700507614213 0.01 0.01903553299492386
4 0.7303571428571428 0.3102791878172589 0.016428571428571428 0.01649746192893401
5 0.745 0.3147208121827411 0.03142857142857143 0.025380710659898477
3 0.7453571428571428 0.3426395939086294 0.016428571428571428 0.012690355329949238
3 0.7614285714285715 0.33121827411167515 0.015714285714285715 0.01015228426395939
3 0.7682142857142857 0.3413705583756345 0.019285714285714285 0.012690355329949238
4 0.7571428571428571 0.30583756345177665 0.015714285714285715 0.015228426395939087
3 0.7610714285714286 0.2969543147208122 0.017857142857142856 0.01015228426395939
3 0.7842857142857143 0.2963197969543147 0.015714285714285715 0.011421319796954314
3 0.7817857142857143 0.30583756345177665 0.015 0.012690355329949238
4 0.7764285714285715 0.3166243654822335 0.017142857142857144 0.01649746192893401
5 0.7867857142857143 0.3248730964467005 0.02642857142857143 0.02284263959390863
5 0.7975 0.3343908629441624 0.023571428571428573 0.01903553299492386
8 0.7957142857142857 0.37055837563451777 0.05142857142857143 0.03553299492385787
3 0.8114285714285714 0.32550761421319796 0.015714285714285715 0.008883248730964468
3 0.8232142857142857 0.35215736040609136 0.015 0.01649746192893401
3 0.8246428571428571 0.3369289340101523 0.015 0.01649746192893401
3 0.8035714285714286 0.31789340101522845 0.015714285714285715 0.011421319796954314
3 0.7989285714285714 0.315989847715736 0.012142857142857143 0.015228426395939087
3 0.8053571428571429 0.2956852791878173 0.015 0.012690355329949238
3 0.8142857142857143 0.3039340101522843 0.014285714285714285 0.011421319796954314
4 0.8232142857142857 0.3147208121827411 0.017857142857142856 0.015228426395939087
4 0.8314285714285714 0.32423857868020306 0.015714285714285715 0.01649746192893401
0 0.815 0.8686548223350253 0.005714285714285714 0.013959390862944163
0 0.7828571428571428 0.809010152284264 0.004285714285714286 0.013959390862944163
0 0.7789285714285714 0.8001269035532995 0.0035714285714285713 0.01649746192893401
0 0.7746428571428572 0.7975888324873096 0.0035714285714285713 0.01649746192893401
0 0.7828571428571428 0.7969543147208121 0.004285714285714286 0.015228426395939087
1 0.9010714285714285 0.9663705583756346 0.005 0.011421319796954314
2 0.8985714285714286 0.9695431472081218 0.008571428571428572 0.02284263959390863
3 0.9521428571428572 0.3699238578680203 0.018571428571428572 0.01649746192893401
3 0.9182142857142858 0.3604060913705584 0.016428571428571428 0.015228426395939087
3 0.9885714285714285 0.35913705583756345 0.02142857142857143 0.015228426395939087
5 0.895 0.23794416243654823 0.024285714285714285 0.046954314720812185
5 0.9864285714285714 0.4803299492385787 0.027142857142857142 0.06472081218274112
3 0.9671428571428572 0.47779187817258884 0.018571428571428572 0.03426395939086294