3 0.4561586638830898 0.8325602968460112 0.03549060542797495 0.04916512059369202
0 0.37265135699373697 0.9090909090909091 0.012526096033402923 0.029684601113172542
3 0.3068893528183716 0.5983302411873841 0.04592901878914405 0.04638218923933209
3 0.31393528183716074 0.4577922077922078 0.02348643006263048 0.05287569573283859
3 0.27792275574112735 0.43089053803339517 0.038100208768267224 0.038033395176252316
3 0.2544363256784969 0.312152133580705 0.03496868475991649 0.036178107606679034
0 0.27583507306889354 0.0774582560296846 0.004697286012526096 0.013914656771799629
0 0.2677453027139875 0.07467532467532467 0.006263048016701462 0.015769944341372914
3 0.2045929018789144 0.13126159554730985 0.021920668058455117 0.036178107606679034
3 0.8134133611691023 0.46938775510204084 0.037056367432150315 0.04081632653061224
3 0.7432150313152401 0.5088126159554731 0.03444676409185804 0.041743970315398886
3 0.7296450939457203 0.48330241187384043 0.033402922755741124 0.04267161410018553
3 0.7406054279749478 0.362708719851577 0.030271398747390398 0.03525046382189239
3 0.7056367432150313 0.3167903525046382 0.032359081419624215 0.030612244897959183
6 0.680062630480167 0.2680890538033395 0.030271398747390398 0.03339517625231911
3 0.6450939457202505 0.24211502782931354 0.030271398747390398 0.029684601113172542
3 0.5876826722338204 0.15769944341372913 0.026096033402922755 0.02411873840445269
4 0.5808977035490606 0.14285714285714285 0.021920668058455117 0.022263450834879406
3 0.5615866388308977 0.03153988868274583 0.020876826722338204 0.01855287569573284
3 0.5396659707724426 0.036641929499072357 0.020876826722338204 0.01948051948051948