3 0.8307142857142857 0.8407360406091371 0.03857142857142857 0.05456852791878172
3 0.9871428571428571 0.8889593908629442 0.024285714285714285 0.05456852791878172
3 0.6675 0.7030456852791879 0.029285714285714286 0.05583756345177665
3 0.6285714285714286 0.675761421319797 0.02857142857142857 0.05456852791878172
3 0.6307142857142857 0.6129441624365483 0.02142857142857143 0.03553299492385787
3 0.6107142857142858 0.5748730964467005 0.024285714285714285 0.03807106598984772
5 0.42892857142857144 0.9314720812182741 0.04071428571428572 0.12690355329949238
3 0.42392857142857143 0.6338832487309645 0.016428571428571428 0.05203045685279188
3 0.33535714285714285 0.9346446700507615 0.023571428571428573 0.0901015228426396
3 0.39321428571428574 0.6351522842639594 0.017857142857142856 0.05710659898477157
3 0.3242857142857143 0.6078680203045685 0.018571428571428572 0.05583756345177665
3 0.425 0.5209390862944162 0.02 0.044416243654822336
3 0.3360714285714286 0.43083756345177665 0.015 0.04187817258883249
5 0.4207142857142857 0.3813451776649746 0.02142857142857143 0.08756345177664974
3 0.36428571428571427 0.33248730964467005 0.014285714285714285 0.03553299492385787
3 0.39714285714285713 0.29378172588832485 0.014285714285714285 0.03680203045685279
3 0.41928571428571426 0.21256345177664976 0.011428571428571429 0.03934010152284264
3 0.365 0.13071065989847716 0.011428571428571429 0.02284263959390863
3 0.4210714285714286 0.07550761421319797 0.010714285714285714 0.024111675126903553
3 0.4014285714285714 0.0532994923857868 0.01 0.017766497461928935
8 0.062142857142857146 0.8052030456852792 0.06142857142857143 0.09517766497461928
5 0.12535714285714286 0.7112944162436549 0.075 0.12563451776649745
8 0.17964285714285713 0.6383248730964467 0.045 0.07360406091370558
0 0.155 0.5717005076142132 0.008571428571428572 0.024111675126903553
0 0.1682142857142857 0.5526649746192893 0.009285714285714286 0.0266497461928934
3 0.22178571428571428 0.4651015228426396 0.02214285714285714 0.031725888324873094
3 0.415 0.015862944162436547 0.01 0.01903553299492386
4 0.4685714285714286 0.7138324873096447 0.041428571428571426 0.05203045685279188
4 0.46285714285714286 0.690989847715736 0.03428571428571429 0.03680203045685279
3 0.4589285714285714 0.6763959390862944 0.02642857142857143 0.030456852791878174
3 0.4546428571428571 0.6579949238578681 0.023571428571428573 0.02918781725888325
3 0.45035714285714284 0.631979695431472 0.023571428571428573 0.030456852791878174
3 0.4757142857142857 0.9663705583756346 0.03 0.06218274111675127
0 0.6364285714285715 0.6364213197969543 0.005714285714285714 0.01903553299492386
0 0.5589285714285714 0.3623096446700508 0.007857142857142858 0.01649746192893401
0 0.4785714285714286 0.20304568527918782 0.005714285714285714 0.017766497461928935
0 0.4610714285714286 0.11357868020304568 0.005 0.013959390862944163