3 0.09133611691022965 0.7551020408163265 0.04697286012526096 0.08534322820037106
3 0.7257306889352818 0.9155844155844156 0.042275574112734866 0.09833024118738404
8 0.5469728601252609 0.3469387755102041 0.021920668058455117 0.07421150278293136
8 0.4318893528183716 0.2082560296846011 0.014091858037578288 0.04916512059369202
4 0.44545929018789143 0.37244897959183676 0.013048016701461378 0.039888682745825604
3 0.49295407098121086 0.26391465677179965 0.012004175365344467 0.02504638218923933
3 0.5044363256784968 0.23654916512059368 0.007828810020876827 0.016697588126159554
3 0.4637265135699374 0.16697588126159554 0.009916492693110648 0.01855287569573284
3 0.4572025052192067 0.14332096474953618 0.008350730688935281 0.01948051948051948
3 0.49843423799582465 0.15398886827458255 0.009394572025052192 0.014842300556586271
3 0.49478079331941544 0.10296846011131726 0.007306889352818371 0.011131725417439703
3 0.4877348643006263 0.06771799628942486 0.006784968684759917 0.011131725417439703
3 0.49478079331941544 0.06029684601113173 0.006263048016701462 0.011131725417439703
3 0.4906054279749478 0.03432282003710575 0.005219206680584551 0.00927643784786642
3 0.4934759916492693 0.00927643784786642 0.004697286012526096 0.0074211502782931356
3 0.4859081419624217 0.006029684601113173 0.005219206680584551 0.008348794063079777
3 0.740866388308977 0.7272727272727273 0.05167014613778706 0.04081632653061224
3 0.7319937369519833 0.6776437847866419 0.049582463465553235 0.039888682745825604
4 0.7176409185803758 0.6451762523191095 0.038622129436325675 0.03432282003710575
4 0.7113778705636743 0.5691094619666048 0.03653444676409186 0.036178107606679034
3 0.6988517745302714 0.5477736549165121 0.04279749478079332 0.032467532467532464
3 0.7061586638830898 0.62152133580705 0.04697286012526096 0.03710575139146568
3 0.6132567849686847 0.5060296846011132 0.019832985386221295 0.04359925788497217
3 0.6377870563674322 0.4976808905380334 0.019832985386221295 0.03432282003710575
0 0.653705636743215 0.5139146567717996 0.0036534446764091857 0.02411873840445269
0 0.6589248434237995 0.514378478664193 0.004697286012526096 0.02504638218923933
9 0.7072025052192067 0.4517625231910946 0.007306889352818371 0.025974025974025976
9 0.7573068893528184 0.5538033395176253 0.015657620041753653 0.02411873840445269
9 0.7432150313152401 0.5102040816326531 0.014613778705636743 0.02040816326530612
9 0.7862734864300627 0.62708719851577 0.016179540709812108 0.014842300556586271
9 0.8220250521920668 0.7161410018552876 0.019832985386221295 0.025974025974025976
2 0.8611691022964509 0.8385899814471243 0.020876826722338204 0.025974025974025976
3 0.6602296450939458 0.43413729128014844 0.032359081419624215 0.025974025974025976
3 0.6581419624217119 0.41883116883116883 0.030271398747390398 0.023191094619666047
3 0.6748434237995825 0.37708719851576994 0.032359081419624215 0.026901669758812616
3 0.6396137787056367 0.3747680890538033 0.02870563674321503 0.025974025974025976
9 0.6283924843423799 0.3079777365491651 0.010438413361169102 0.011131725417439703
9 0.6030793319415448 0.2792207792207792 0.008872651356993737 0.012987012987012988
4 0.5835073068893528 0.2750463821892393 0.010438413361169102 0.02504638218923933
4 0.6012526096033403 0.25742115027829315 0.021920668058455117 0.023191094619666047
3 0.5534968684759917 0.13172541743970315 0.008872651356993737 0.014842300556586271
4 0.5501043841336117 0.11873840445269017 0.007306889352818371 0.014842300556586271
3 0.5474947807933194 0.11224489795918367 0.008350730688935281 0.011131725417439703
3 0.5422755741127349 0.08905380333951762 0.008350730688935281 0.011131725417439703
3 0.5404488517745303 0.08302411873840446 0.010960334029227558 0.008348794063079777
4 0.5388830897703549 0.07560296846011132 0.006784968684759917 0.012059369202226345
1 0.5409707724425887 0.16001855287569575 0.0026096033402922755 0.008348794063079777
2 0.5407098121085595 0.16326530612244897 0.0020876826722338203 0.0074211502782931356
1 0.6724947807933194 0.761595547309833 0.004697286012526096 0.02040816326530612
1 0.6962421711899791 0.9058441558441559 0.006263048016701462 0.021335807050092765
9 0.6706680584551148 0.7685528756957328 0.007306889352818371 0.021335807050092765
9 0.6931106471816284 0.9174397031539888 0.010438413361169102 0.027829313543599257
0 0.590553235908142 0.1730055658627087 0.0026096033402922755 0.012059369202226345
1 0.5691544885177453 0.262987012987013 0.0036534446764091857 0.01020408163265306
9 0.5683716075156576 0.2690166975881262 0.003131524008350731 0.00927643784786642
1 0.3447286012526096 0.5088126159554731 0.004697286012526096 0.013914656771799629
9 0.34394572025052195 0.5157699443413729 0.006263048016701462 0.025974025974025976
1 0.4003131524008351 0.16743970315398887 0.0020876826722338203 0.006493506493506494
1 0.4144050104384134 0.13218923933209648 0.0020876826722338203 0.006493506493506494
1 0.41388308977035493 0.12384044526901669 0.0020876826722338203 0.006493506493506494
9 0.4005741127348643 0.1730055658627087 0.0036534446764091857 0.006493506493506494
9 0.41388308977035493 0.12894248608534323 0.003131524008350731 0.0055658627087198514
9 0.41414405010438415 0.137291280148423 0.0015657620041753654 0.0055658627087198514
0 0.5146137787056367 0.020871985157699443 0.0020876826722338203 0.008348794063079777
0 0.5211377870563675 0.04777365491651206 0.0015657620041753654 0.01020408163265306