6 0.26278705636743216 0.23747680890538034 0.03496868475991649 0.07977736549165121
6 0.22938413361169102 0.05287569573283859 0.02348643006263048 0.061224489795918366
6 0.19050104384133612 0.01948051948051948 0.033402922755741124 0.03896103896103896
0 0.22834029227557412 0.011131725417439703 0.013048016701461378 0.022263450834879406
3 0.39744258872651356 0.6289424860853432 0.03914405010438413 0.09647495361781076
4 0.35803757828810023 0.5482374768089053 0.08977035490605428 0.08719851576994433
7 0.47390396659707723 0.6117810760667903 0.03653444676409186 0.13079777365491652
7 0.5605427974947808 0.602504638218924 0.024008350730688934 0.08256029684601113
7 0.5900313152400835 0.6859925788497218 0.02661795407098121 0.09369202226345083
6 0.607776617954071 0.35760667903525045 0.02035490605427975 0.07142857142857142
0 0.4394572025052192 0.2258812615955473 0.009394572025052192 0.038033395176252316
6 0.44937369519832987 0.18970315398886828 0.028183716075156576 0.08070500927643785
6 0.35360125260960334 0.23469387755102042 0.054801670146137786 0.05380333951762523
0 0.3836116910229645 0.2694805194805195 0.014613778705636743 0.03432282003710575
6 0.42588726513569936 0.1859925788497217 0.020876826722338204 0.06586270871985157
9 0.6696242171189979 0.8923933209647495 0.03549060542797495 0.03153988868274583
5 0.7030271398747391 0.9684601113172542 0.12839248434237996 0.061224489795918366
0 0.28444676409185804 0.020871985157699443 0.011482254697286013 0.041743970315398886
0 0.2766179540709812 0.026901669758812616 0.008350730688935281 0.025974025974025976
1 0.16910229645093947 0.06725417439703155 0.010438413361169102 0.023191094619666047
0 0.18345511482254698 0.07235621521335807 0.016179540709812108 0.03896103896103896