3 0.09107142857142857 0.5374365482233503 0.02642857142857143 0.06472081218274112
3 0.1382142857142857 0.5970812182741116 0.029285714285714286 0.07233502538071065
3 0.1717857142857143 0.5881979695431472 0.027857142857142858 0.05456852791878172
3 0.1982142857142857 0.5748730964467005 0.030714285714285715 0.06598984771573604
3 0.026071428571428572 0.626269035532995 0.03357142857142857 0.06725888324873096
3 0.38 0.47081218274111675 0.03571428571428571 0.06852791878172589
3 0.21035714285714285 0.9568527918781726 0.06928571428571428 0.0583756345177665
3 0.28714285714285714 0.9365482233502538 0.06571428571428571 0.0532994923857868
3 0.7267857142857143 0.8401015228426396 0.052142857142857144 0.11928934010152284
3 0.8207142857142857 0.34073604060913704 0.03571428571428571 0.05964467005076142
3 0.8767857142857143 0.1732233502538071 0.030714285714285715 0.04949238578680203
3 0.955 0.23096446700507614 0.03428571428571429 0.050761421319796954
3 0.8642857142857143 0.8642131979695431 0.037142857142857144 0.09898477157360407
3 0.905 0.5824873096446701 0.03428571428571429 0.07106598984771574
4 0.9135714285714286 0.9581218274111675 0.041428571428571426 0.08121827411167512
3 0.023214285714285715 0.4200507614213198 0.04071428571428572 0.0583756345177665
5 0.4714285714285714 0.8064720812182741 0.09285714285714286 0.16624365482233502
0 0.7221428571428572 0.19606598984771573 0.01 0.031725888324873094
0 0.9435714285714286 0.7614213197969543 0.014285714285714285 0.030456852791878174
0 0.9557142857142857 0.7703045685279187 0.015714285714285715 0.03807106598984772
3 0.15285714285714286 0.3876903553299492 0.04285714285714286 0.04187817258883249
3 0.16142857142857142 0.40545685279187815 0.03 0.05203045685279188
3 0.21464285714285714 0.45050761421319796 0.02214285714285714 0.048223350253807105
3 0.2382142857142857 0.4739847715736041 0.023571428571428573 0.044416243654822336