3 0.7710714285714285 0.14213197969543148 0.04214285714285714 0.07614213197969544
3 0.9510714285714286 0.16243654822335024 0.04928571428571429 0.08375634517766498
3 0.9432142857142857 0.050761421319796954 0.039285714285714285 0.07106598984771574
0 0.4114285714285714 0.8876903553299492 0.01 0.031725888324873094
0 0.4132142857142857 0.8274111675126904 0.012142857142857143 0.030456852791878174
0 0.5853571428571429 0.9206852791878173 0.009285714285714286 0.03934010152284264
0 0.5935714285714285 0.9200507614213198 0.011428571428571429 0.03553299492385787
0 0.6021428571428571 0.7848984771573604 0.012857142857142857 0.03426395939086294
0 0.6128571428571429 0.7677664974619289 0.011428571428571429 0.03807106598984772
0 0.41964285714285715 0.7436548223350253 0.012142857142857143 0.03299492385786802
0 0.42964285714285716 0.583756345177665 0.010714285714285714 0.03299492385786802
0 0.4367857142857143 0.5717005076142132 0.009285714285714286 0.031725888324873094
0 0.48 0.020939086294416244 0.007142857142857143 0.024111675126903553
0 0.4853571428571429 0.022208121827411168 0.0064285714285714285 0.01649746192893401
0 0.49714285714285716 0.030456852791878174 0.004285714285714286 0.02284263959390863
0 0.4975 0.0266497461928934 0.007857142857142858 0.030456852791878174
0 0.5446428571428571 0.05456852791878172 0.005 0.017766497461928935
0 0.555 0.07233502538071065 0.008571428571428572 0.017766497461928935
0 0.46464285714285714 0.35152284263959394 0.007857142857142858 0.03807106598984772
0 0.48464285714285715 0.31725888324873097 0.0064285714285714285 0.02030456852791878
0 0.47 0.05710659898477157 0.01 0.015228426395939087
0 0.49107142857142855 0.1148477157360406 0.005 0.0266497461928934
0 0.495 0.1148477157360406 0.005714285714285714 0.021573604060913704
1 0.6089285714285714 0.1865482233502538 0.007857142857142858 0.017766497461928935
0 0.5989285714285715 0.33375634517766495 0.012142857142857143 0.02284263959390863
0 0.565 0.12563451776649745 0.007142857142857143 0.017766497461928935
0 0.4253571428571429 0.674492385786802 0.010714285714285714 0.03426395939086294
0 0.42857142857142855 0.6649746192893401 0.007142857142857143 0.03553299492385787