0 0.4230167014613779 0.8065862708719852 0.029749478079331943 0.0640074211502783
0 0.43136743215031315 0.648886827458256 0.013048016701461378 0.04916512059369202
0 0.43606471816283926 0.6159554730983302 0.019311064718162838 0.07606679035250463
1 0.49582463465553234 0.5561224489795918 0.021920668058455117 0.04359925788497217
1 0.9138830897703549 0.851113172541744 0.027139874739039668 0.039888682745825604
2 0.5060020876826722 0.599721706864564 0.02661795407098121 0.06586270871985157
0 0.6717118997912317 0.3965677179962894 0.010438413361169102 0.045454545454545456
0 0.6466597077244259 0.39517625231910947 0.011482254697286013 0.04081632653061224
1 0.6581419624217119 0.387291280148423 0.011482254697286013 0.015769944341372914
0 0.6646659707724426 0.37894248608534326 0.005741127348643006 0.021335807050092765
1 0.6550104384133612 0.38961038961038963 0.008350730688935281 0.012987012987012988
0 0.15474947807933195 0.5672541743970315 0.02139874739039666 0.08256029684601113
0 0.16362212943632568 0.6498144712430427 0.03288100208768267 0.08441558441558442
0 0.020876826722338204 0.7583487940630798 0.026096033402922755 0.07142857142857142
9 0.45041753653444677 0.36178107606679033 0.025052192066805846 0.055658627087198514