1 0.29097077244258873 0.9346011131725418 0.012004175365344467 0.023191094619666047
1 0.32072025052192066 0.8501855287569573 0.012004175365344467 0.030612244897959183
1 0.31393528183716074 0.936456400742115 0.007828810020876827 0.032467532467532464
1 0.36482254697286015 0.5950834879406308 0.005219206680584551 0.015769944341372914
1 0.6724947807933194 0.7198515769944341 0.007828810020876827 0.022263450834879406
1 0.6419624217118998 0.6679035250463822 0.006263048016701462 0.02411873840445269
1 0.5975991649269311 0.5343228200371057 0.007306889352818371 0.01855287569573284
1 0.7267745302713987 0.7871057513914657 0.009916492693110648 0.021335807050092765
1 0.8264613778705637 0.8205009276437848 0.007828810020876827 0.015769944341372914
1 0.6479645093945721 0.38589981447124305 0.004697286012526096 0.012987012987012988
1 0.5863778705636743 0.21150278293135436 0.004697286012526096 0.00927643784786642
1 0.6218684759916493 0.2787569573283859 0.0036534446764091857 0.012059369202226345
1 0.6239561586638831 0.26159554730983303 0.0036534446764091857 0.0074211502782931356
1 0.4298016701461378 0.29916512059369205 0.004697286012526096 0.008348794063079777
1 0.4321503131524008 0.27411873840445267 0.0041753653444676405 0.012059369202226345
1 0.4603340292275574 0.18970315398886828 0.0020876826722338203 0.006493506493506494
1 0.46320459290187893 0.1767161410018553 0.0026096033402922755 0.01020408163265306
1 0.4725991649269311 0.1679035250463822 0.0026096033402922755 0.00927643784786642
1 0.4953027139874739 0.04267161410018553 0.0020876826722338203 0.0055658627087198514
1 0.4963465553235908 0.030148423005565864 0.0020876826722338203 0.006493506493506494
1 0.49765135699373697 0.01437847866419295 0.0015657620041753654 0.006493506493506494
9 0.4605949895615866 0.19526901669758812 0.0036534446764091857 0.01020408163265306
9 0.4629436325678497 0.18274582560296845 0.003131524008350731 0.00927643784786642
9 0.47286012526096033 0.17393320964749537 0.003131524008350731 0.008348794063079777
9 0.4318893528183716 0.2820037105751391 0.004697286012526096 0.011131725417439703
9 0.4298016701461378 0.3079777365491651 0.0036534446764091857 0.014842300556586271
9 0.3640396659707724 0.6034322820037106 0.006784968684759917 0.015769944341372914
9 0.3191544885177453 0.8696660482374768 0.007828810020876827 0.02504638218923933
9 0.31419624217118997 0.9406307977736549 0.012526096033402923 0.055658627087198514
6 0.2938413361169102 0.936456400742115 0.020876826722338204 0.06215213358070501
9 0.6719728601252609 0.737012987012987 0.008872651356993737 0.021335807050092765
9 0.5973382045929019 0.5408163265306123 0.01722338204592902 0.016697588126159554
6 0.6471816283924844 0.39239332096474955 0.005219206680584551 0.014842300556586271
9 0.5853340292275574 0.2193877551020408 0.0036534446764091857 0.008348794063079777
9 0.6419624217118998 0.6753246753246753 0.015657620041753653 0.03525046382189239
9 0.7252087682672234 0.7959183673469388 0.007828810020876827 0.03339517625231911
9 0.8870041753653445 0.9239332096474954 0.015135699373695199 0.05380333951762523
9 0.8963987473903967 0.9257884972170687 0.014091858037578288 0.04081632653061224
3 0.9065762004175365 0.5176252319109462 0.03653444676409186 0.03153988868274583
9 0.6218684759916493 0.28664192949907236 0.0036534446764091857 0.011131725417439703
9 0.6234342379958246 0.2690166975881262 0.0036534446764091857 0.011131725417439703
9 0.49478079331941544 0.04777365491651206 0.0020876826722338203 0.006493506493506494
9 0.49608559498956156 0.03339517625231911 0.0026096033402922755 0.0055658627087198514
9 0.49765135699373697 0.019016697588126158 0.0015657620041753654 0.00463821892393321
1 0.5762004175365344 0.14935064935064934 0.003131524008350731 0.0074211502782931356
1 0.5759394572025052 0.15445269016697588 0.0026096033402922755 0.01020408163265306
0 0.5738517745302714 0.13404452690166976 0.0036534446764091857 0.015769944341372914
0 0.5832463465553236 0.1507421150278293 0.0026096033402922755 0.01020408163265306
0 0.5822025052192067 0.1461038961038961 0.0026096033402922755 0.012059369202226345
3 0.5529749478079332 0.06771799628942486 0.006784968684759917 0.011131725417439703
3 0.5615866388308977 0.1442486085343228 0.009394572025052192 0.013914656771799629
4 0.545929018789144 0.12430426716141002 0.008350730688935281 0.016697588126159554
3 0.5446242171189979 0.09276437847866419 0.007828810020876827 0.012987012987012988
3 0.541231732776618 0.003246753246753247 0.005219206680584551 0.006493506493506494
0 0.5639352818371608 0.022727272727272728 0.0015657620041753654 0.008348794063079777