5 0.4782142857142857 0.8972081218274112 0.035 0.11421319796954314
5 0.3989285714285714 0.6567258883248731 0.027857142857142858 0.08756345177664974
5 0.4325 0.41053299492385786 0.019285714285714285 0.05710659898477157
5 0.4853571428571429 0.25253807106598986 0.015 0.02284263959390863
5 0.5564285714285714 0.2100253807106599 0.014285714285714285 0.01903553299492386
3 0.6846428571428571 0.8654822335025381 0.030714285714285715 0.07106598984771574
3 0.47 0.6884517766497462 0.02142857142857143 0.046954314720812185
3 0.6353571428571428 0.6986040609137056 0.025 0.05456852791878172
3 0.6253571428571428 0.5901015228426396 0.020714285714285713 0.04060913705583756
3 0.45035714285714284 0.5038071065989848 0.015 0.030456852791878174
3 0.45821428571428574 0.5875634517766497 0.017857142857142856 0.03553299492385787
3 0.4357142857142857 0.6738578680203046 0.02142857142857143 0.04568527918781726
3 0.49785714285714283 0.4885786802030457 0.015714285714285715 0.03299492385786802
3 0.5460714285714285 0.4467005076142132 0.015 0.027918781725888325
3 0.45321428571428574 0.43591370558375636 0.013571428571428571 0.024111675126903553
3 0.5360714285714285 0.407994923857868 0.012142857142857143 0.0266497461928934
3 0.45821428571428574 0.3686548223350254 0.010714285714285714 0.01903553299492386
3 0.48857142857142855 0.3350253807106599 0.01 0.017766497461928935
3 0.4657142857142857 0.3350253807106599 0.008571428571428572 0.015228426395939087
3 0.4714285714285714 0.3166243654822335 0.008571428571428572 0.013959390862944163
3 0.5382142857142858 0.30583756345177665 0.007857142857142858 0.015228426395939087
3 0.5378571428571428 0.28743654822335024 0.01 0.01649746192893401
3 0.5664285714285714 0.24746192893401014 0.008571428571428572 0.012690355329949238
3 0.5078571428571429 0.2614213197969543 0.008571428571428572 0.012690355329949238
3 0.5989285714285715 0.41941624365482233 0.020714285714285713 0.01903553299492386
3 0.585 0.42576142131979694 0.02142857142857143 0.01649746192893401
3 0.5117857142857143 0.23413705583756345 0.009285714285714286 0.013959390862944163
3 0.5185714285714286 0.25253807106598986 0.008571428571428572 0.015228426395939087
3 0.5464285714285714 0.22906091370558376 0.01 0.011421319796954314
3 0.5714285714285714 0.22715736040609136 0.007142857142857143 0.01015228426395939
3 0.5775 0.20939086294416243 0.009285714285714286 0.01015228426395939
4 0.5207142857142857 0.6706852791878173 0.024285714285714285 0.06218274111675127
4 0.46285714285714286 0.3026649746192893 0.008571428571428572 0.01649746192893401
4 0.5475 0.27220812182741116 0.009285714285714286 0.01649746192893401
4 0.46785714285714286 0.2753807106598985 0.011428571428571429 0.017766497461928935
8 0.42642857142857143 0.34454314720812185 0.015714285714285715 0.02918781725888325
9 0.4307142857142857 0.4847715736040609 0.005714285714285714 0.017766497461928935
9 0.44642857142857145 0.3350253807106599 0.005714285714285714 0.017766497461928935
3 0.6092857142857143 0.39911167512690354 0.015714285714285715 0.01649746192893401
5 0.6153571428571428 0.44352791878172587 0.035 0.024111675126903553
5 0.0775 0.4733502538071066 0.035 0.027918781725888325
5 0.08428571428571428 0.5006345177664975 0.045714285714285714 0.03426395939086294
3 0.9292857142857143 0.5862944162436549 0.017142857142857144 0.030456852791878174
3 0.9353571428571429 0.565989847715736 0.016428571428571428 0.025380710659898477
3 0.9407142857142857 0.5526649746192893 0.015714285714285715 0.0266497461928934