0 0.06263048016701461 0.8237476808905381 0.012526096033402923 0.03710575139146568
1 0.07150313152400835 0.8163265306122449 0.021920668058455117 0.04823747680890538
1 0.08950939457202506 0.812152133580705 0.02035490605427975 0.038033395176252316
0 0.34812108559498955 0.6034322820037106 0.010438413361169102 0.04359925788497217
0 0.3397703549060543 0.5542671614100185 0.007306889352818371 0.038033395176252316
0 0.3468162839248434 0.5830241187384044 0.009916492693110648 0.041743970315398886
0 0.3796972860125261 0.5756029684601113 0.009916492693110648 0.026901669758812616
0 0.3990083507306889 0.5663265306122449 0.009916492693110648 0.039888682745825604
0 0.5305323590814196 0.4327458256029685 0.006784968684759917 0.036178107606679034
0 0.5467118997912317 0.4577922077922078 0.009916492693110648 0.0287569573283859
0 0.5427974947807933 0.44805194805194803 0.010438413361169102 0.03339517625231911
0 0.5362734864300627 0.44805194805194803 0.006784968684759917 0.03525046382189239
0 0.5360125260960334 0.44109461966604824 0.007306889352818371 0.03432282003710575
0 0.5863778705636743 0.4049165120593692 0.006784968684759917 0.030612244897959183
0 0.5965553235908142 0.4049165120593692 0.008350730688935281 0.0287569573283859
0 0.6049060542797495 0.39517625231910947 0.006263048016701462 0.029684601113172542
0 0.5973382045929019 0.39981447124304265 0.005741127348643006 0.029684601113172542
0 0.5892484342379958 0.4007421150278293 0.009394572025052192 0.03153988868274583
1 0.4955636743215031 0.3450834879406308 0.005741127348643006 0.016697588126159554
6 0.49269311064718163 0.34833024118738404 0.013569937369519834 0.032467532467532464
0 0.5167014613778705 0.2258812615955473 0.0041753653444676405 0.023191094619666047
0 0.5101774530271399 0.2277365491651206 0.0036534446764091857 0.023191094619666047
0 0.4945198329853862 0.20871985157699444 0.004697286012526096 0.02411873840445269
0 0.4887787056367432 0.2082560296846011 0.005741127348643006 0.021335807050092765
0 0.47573068893528186 0.27087198515769945 0.005741127348643006 0.02411873840445269
0 0.46998956158663885 0.2690166975881262 0.005741127348643006 0.025974025974025976
0 0.7460855949895616 0.34137291280148424 0.006784968684759917 0.027829313543599257
1 0.7471294363256785 0.3232838589981447 0.006784968684759917 0.02504638218923933
5 0.9882567849686847 0.11641929499072357 0.02244258872651357 0.021335807050092765
4 0.9527661795407099 0.11595547309833024 0.029749478079331943 0.02411873840445269
9 0.9123173277661796 0.1261595547309833 0.008350730688935281 0.012987012987012988
9 0.8374217118997912 0.11873840445269017 0.009916492693110648 0.012987012987012988
3 0.7990605427974948 0.11781076066790352 0.024008350730688934 0.016697588126159554
6 0.8943110647181628 0.12523191094619665 0.015135699373695199 0.012987012987012988
0 0.8971816283924844 0.12244897959183673 0.0041753653444676405 0.012987012987012988
3 0.5615866388308977 0.1150278293135436 0.022964509394572025 0.02040816326530612
6 0.5065240083507306 0.11363636363636363 0.01722338204592902 0.015769944341372914
0 0.4856471816283925 0.10992578849721707 0.0026096033402922755 0.017625231910946195
0 0.4791231732776618 0.11131725417439703 0.003131524008350731 0.016697588126159554
0 0.4825156576200417 0.12198515769944342 0.004697286012526096 0.01948051948051948
0 0.48616910229645094 0.12244897959183673 0.004697286012526096 0.02040816326530612
0 0.46894572025052195 0.11085343228200371 0.0026096033402922755 0.013914656771799629
0 0.46529227557411273 0.10946196660482375 0.0026096033402922755 0.012987012987012988
0 0.46346555323590816 0.11085343228200371 0.0041753653444676405 0.012059369202226345
0 0.45772442588726514 0.10992578849721707 0.0020876826722338203 0.01020408163265306
0 0.45876826722338204 0.10899814471243043 0.003131524008350731 0.013914656771799629
1 0.4525052192066806 0.10946196660482375 0.003131524008350731 0.011131725417439703
1 0.4287578288100209 0.10992578849721707 0.0036534446764091857 0.008348794063079777
1 0.42719206680584554 0.11131725417439703 0.0036534446764091857 0.0074211502782931356
1 0.4253653444676409 0.10807050092764378 0.0041753653444676405 0.008348794063079777
0 0.4196242171189979 0.10435992578849722 0.003131524008350731 0.013914656771799629
0 0.4131002087682672 0.10714285714285714 0.0026096033402922755 0.015769944341372914
6 0.46998956158663885 0.11178107606679036 0.010960334029227558 0.008348794063079777
6 0.40866388308977036 0.10853432282003711 0.008350730688935281 0.011131725417439703
0 0.39848643006263046 0.10575139146567718 0.0026096033402922755 0.011131725417439703
0 0.40083507306889354 0.10296846011131726 0.003131524008350731 0.012987012987012988
3 0.40657620041753656 0.10343228200371057 0.014613778705636743 0.017625231910946195
3 0.3846555323590814 0.09925788497217068 0.012526096033402923 0.014842300556586271
3 0.37891440501043844 0.09786641929499072 0.010438413361169102 0.012059369202226345
3 0.3729123173277662 0.09415584415584416 0.009916492693110648 0.013914656771799629
3 0.3653444676409186 0.09137291280148423 0.010438413361169102 0.013914656771799629
3 0.3376826722338205 0.08348794063079777 0.009394572025052192 0.012987012987012988
3 0.3094989561586639 0.08348794063079777 0.008350730688935281 0.011131725417439703
3 0.3134133611691023 0.0862708719851577 0.006784968684759917 0.00927643784786642
3 0.31941544885177453 0.08812615955473098 0.008350730688935281 0.014842300556586271
3 0.3235908141962422 0.09090909090909091 0.009394572025052192 0.012987012987012988
3 0.33376826722338204 0.0950834879406308 0.012004175365344467 0.015769944341372914
3 0.3418580375782881 0.09647495361781076 0.010438413361169102 0.012987012987012988
3 0.3494258872651357 0.09925788497217068 0.012004175365344467 0.014842300556586271
3 0.32411273486430064 0.10714285714285714 0.019832985386221295 0.017625231910946195
7 0.30636743215031315 0.10760667903525047 0.013569937369519834 0.016697588126159554
3 0.007828810020876827 0.12012987012987013 0.015657620041753653 0.02504638218923933
3 0.020615866388308975 0.12337662337662338 0.01722338204592902 0.022263450834879406
7 0.033663883089770356 0.12337662337662338 0.014091858037578288 0.022263450834879406
6 0.031837160751565764 0.11270871985157699 0.014613778705636743 0.013914656771799629
0 0.028444676409185805 0.10899814471243043 0.0036534446764091857 0.013914656771799629
0 0.05506263048016701 0.12523191094619665 0.007828810020876827 0.02040816326530612
0 0.04801670146137787 0.1266233766233766 0.005219206680584551 0.01948051948051948
0 0.04384133611691023 0.12430426716141002 0.006263048016701462 0.02040816326530612
0 0.04149269311064718 0.12337662337662338 0.006784968684759917 0.02040816326530612
0 0.0360125260960334 0.12523191094619665 0.007306889352818371 0.016697588126159554
3 0.06576200417536535 0.12476808905380334 0.016701461377870562 0.01948051948051948
3 0.07802713987473904 0.12476808905380334 0.019311064718162838 0.01948051948051948
4 0.09420668058455114 0.12337662337662338 0.02035490605427975 0.02411873840445269
3 0.10934237995824635 0.1266233766233766 0.01826722338204593 0.021335807050092765
3 0.12447807933194155 0.12569573283858998 0.02139874739039666 0.021335807050092765
3 0.14352818371607515 0.12523191094619665 0.016701461377870562 0.02040816326530612
4 0.1484864300626305 0.10807050092764378 0.01826722338204593 0.023191094619666047
3 0.13230688935281837 0.10760667903525047 0.02035490605427975 0.02040816326530612
5 0.09003131524008351 0.10667903525046382 0.031837160751565764 0.025974025974025976
3 0.1657098121085595 0.11085343228200371 0.014091858037578288 0.021335807050092765
0 0.2205114822546973 0.12012987012987013 0.004697286012526096 0.015769944341372914
4 0.2092901878914405 0.12430426716141002 0.029227557411273485 0.02411873840445269
0 0.29227557411273486 0.12059369202226346 0.005219206680584551 0.01855287569573284
6 0.28992693110647183 0.12291280148423006 0.01722338204592902 0.013914656771799629
6 0.2680062630480167 0.12384044526901669 0.01826722338204593 0.017625231910946195
0 0.2708768267223382 0.12198515769944342 0.0041753653444676405 0.015769944341372914
0 0.2450417536534447 0.12012987012987013 0.0036534446764091857 0.017625231910946195
1 0.2588726513569937 0.10899814471243043 0.005219206680584551 0.015769944341372914
9 0.25835073068893527 0.11085343228200371 0.005219206680584551 0.01020408163265306
0 0.23721294363256784 0.10946196660482375 0.004697286012526096 0.014842300556586271
6 0.2348643006263048 0.11363636363636363 0.015657620041753653 0.015769944341372914
0 0.2818371607515658 0.11410018552875696 0.005219206680584551 0.012987012987012988
0 0.3113256784968685 0.12152133580705009 0.004697286012526096 0.014842300556586271
6 0.3092379958246347 0.12291280148423006 0.01722338204592902 0.017625231910946195
0 0.3295929018789144 0.12105751391465677 0.005741127348643006 0.017625231910946195
0 0.34237995824634654 0.11363636363636363 0.0041753653444676405 0.012059369202226345
3 0.32515657620041755 0.1062152133580705 0.017745302713987474 0.017625231910946195
0 0.3483820459290188 0.12569573283858998 0.0036534446764091857 0.013914656771799629