3 0.5268789144050104 0.1660482374768089 0.008872651356993737 0.016697588126159554
3 0.4762526096033403 0.29267161410018555 0.010960334029227558 0.023191094619666047
3 0.5073068893528184 0.6145640074211502 0.016701461377870562 0.05844155844155844
3 0.47781837160751567 0.647495361781076 0.016179540709812108 0.059369202226345084
3 0.5065240083507306 0.7295918367346939 0.02035490605427975 0.0640074211502783
3 0.4723382045929019 0.7244897959183674 0.021920668058455117 0.07421150278293136
3 0.4671189979123173 0.8269944341372912 0.020876826722338204 0.08070500927643785
3 0.5054801670146137 0.8701298701298701 0.02244258872651357 0.09090909090909091
3 0.46555323590814196 0.9596474953617811 0.031315240083507306 0.07884972170686456
8 0.4835594989561587 0.45640074211502785 0.02244258872651357 0.09833024118738404
1 0.3530793319415449 0.826530612244898 0.006784968684759917 0.014842300556586271
9 0.3522964509394572 0.8469387755102041 0.006263048016701462 0.01855287569573284
0 0.35490605427974947 0.62708719851577 0.006263048016701462 0.02411873840445269
1 0.4232776617954071 0.3269944341372913 0.0041753653444676405 0.006493506493506494
1 0.43997912317327764 0.22912801484230055 0.005219206680584551 0.00927643784786642
0 0.45224425887265135 0.16048237476808905 0.0036534446764091857 0.012987012987012988
9 0.4410229645093946 0.23562152133580705 0.005219206680584551 0.0074211502782931356
9 0.42379958246346555 0.33766233766233766 0.0041753653444676405 0.011131725417439703
9 0.44572025052192066 0.30612244897959184 0.0041753653444676405 0.00927643784786642
1 0.4451983298538622 0.2949907235621521 0.0041753653444676405 0.0055658627087198514