3 0.9480688935281837 0.040352504638218926 0.012004175365344467 0.021335807050092765
3 0.9752087682672234 0.05519480519480519 0.013048016701461378 0.017625231910946195
3 0.9316283924843424 0.036178107606679034 0.012526096033402923 0.01855287569573284
3 0.9532881002087683 0.22217068645640073 0.0255741127348643 0.032467532467532464
3 0.7533924843423799 0.2212430426716141 0.0255741127348643 0.032467532467532464
3 0.7925365344467641 0.25788497217068646 0.029749478079331943 0.03339517625231911
3 0.8275052192066806 0.2829313543599258 0.02870563674321503 0.03339517625231911
3 0.7439979123173278 0.29684601113172543 0.0360125260960334 0.03339517625231911
2 0.6153444676409185 0.33116883116883117 0.011482254697286013 0.011131725417439703
3 0.6552713987473904 0.35667903525046385 0.029749478079331943 0.039888682745825604
5 0.6531837160751566 0.5217996289424861 0.0360125260960334 0.06215213358070501
4 0.6315240083507306 0.5037105751391465 0.030271398747390398 0.055658627087198514
3 0.6127348643006263 0.48886827458256027 0.03444676409185804 0.05380333951762523
3 0.5952505219206681 0.4684601113172542 0.03496868475991649 0.04823747680890538
3 0.6213465553235908 0.4327458256029685 0.03288100208768267 0.04359925788497217
3 0.6774530271398748 0.4782003710575139 0.03444676409185804 0.05287569573283859
0 0.6184759916492694 0.4035250463821892 0.0041753653444676405 0.025974025974025976
0 0.7620041753653445 0.6006493506493507 0.007306889352818371 0.023191094619666047
3 0.7468684759916493 0.7054730983302412 0.03966597077244259 0.07884972170686456
3 0.526356993736952 0.6442486085343229 0.04540709812108559 0.06771799628942486
3 0.38752609603340293 0.8293135435992579 0.050626304801670144 0.07606679035250463
3 0.46529227557411273 0.8218923933209648 0.05688935281837161 0.08348794063079777
3 0.42588726513569936 0.711038961038961 0.05010438413361169 0.05658627087198516
3 0.35255741127348644 0.5667903525046383 0.037056367432150315 0.04267161410018553
0 0.5495824634655533 0.8079777365491652 0.008350730688935281 0.027829313543599257
7 0.14065762004175367 0.8896103896103896 0.043319415448851775 0.061224489795918366