3 0.4767857142857143 0.4130710659898477 0.013571428571428571 0.044416243654822336
3 0.4782142857142857 0.6211928934010152 0.016428571428571428 0.05456852791878172
3 0.5010714285714286 0.7176395939086294 0.016428571428571428 0.06725888324873096
3 0.4235714285714286 0.3965736040609137 0.011428571428571429 0.03426395939086294
3 0.4442857142857143 0.32423857868020306 0.012857142857142857 0.03426395939086294
3 0.43892857142857145 0.06345177664974619 0.009285714285714286 0.017766497461928935
3 0.5085714285714286 0.18527918781725888 0.008571428571428572 0.027918781725888325
3 0.5010714285714286 0.02918781725888325 0.007857142857142858 0.02030456852791878
3 0.4542857142857143 0.02601522842639594 0.007142857142857143 0.01649746192893401
4 0.47928571428571426 0.8096446700507615 0.02 0.08883248730964467
4 0.5339285714285714 0.46954314720812185 0.025 0.0532994923857868
3 0.4303571428571429 0.2036802030456853 0.010714285714285714 0.0266497461928934
4 0.5107142857142857 0.2519035532994924 0.011428571428571429 0.03934010152284264
3 0.49214285714285716 0.2969543147208122 0.014285714285714285 0.04060913705583756
8 0.5167857142857143 0.35850253807106597 0.020714285714285713 0.11802030456852793
4 0.4789285714285714 0.08375634517766498 0.009285714285714286 0.03299492385786802
4 0.4810714285714286 0.025380710659898477 0.007857142857142858 0.02284263959390863
3 0.5032142857142857 0.12373096446700507 0.010714285714285714 0.03426395939086294
3 0.5035714285714286 0.07233502538071065 0.01 0.027918781725888325
3 0.4253571428571429 0.9860406091370558 0.019285714285714285 0.025380710659898477
3 0.7078571428571429 0.5329949238578681 0.04 0.027918781725888325
3 0.8942857142857142 0.4714467005076142 0.03857142857142857 0.024111675126903553
3 0.9485714285714286 0.4714467005076142 0.03857142857142857 0.02918781725888325
4 0.985 0.46446700507614214 0.02857142857142857 0.03299492385786802
3 0.7935714285714286 0.5285532994923858 0.037142857142857144 0.03680203045685279
3 0.7496428571428572 0.5298223350253807 0.03642857142857143 0.024111675126903553
4 0.8396428571428571 0.5190355329949239 0.03785714285714286 0.03299492385786802
3 0.8857142857142857 0.5171319796954315 0.03571428571428571 0.024111675126903553
3 0.9353571428571429 0.5126903553299492 0.035 0.02030456852791878
3 0.9182142857142858 0.491751269035533 0.03357142857142857 0.01903553299492386
3 0.9789285714285715 0.5126903553299492 0.03642857142857143 0.025380710659898477
0 0.7389285714285714 0.8071065989847716 0.009285714285714286 0.017766497461928935
0 0.8510714285714286 0.7658629441624365 0.0064285714285714285 0.01903553299492386
4 0.7496428571428572 0.06979695431472081 0.03214285714285714 0.027918781725888325
8 0.9228571428571428 0.050761421319796954 0.045714285714285714 0.030456852791878174
5 0.4907142857142857 0.16560913705583757 0.015714285714285715 0.06218274111675127