5 0.3628571428571429 0.5780456852791879 0.07428571428571429 0.13578680203045684
5 0.755 0.6465736040609137 0.06571428571428571 0.12563451776649745
5 0.5971428571428572 0.28616751269035534 0.02142857142857143 0.044416243654822336
3 0.4664285714285714 0.641497461928934 0.03428571428571429 0.07741116751269035
3 0.5085714285714286 0.7328680203045685 0.032857142857142856 0.09263959390862944
3 0.5939285714285715 0.8166243654822335 0.029285714285714286 0.06472081218274112
3 0.49142857142857144 0.4727157360406091 0.02142857142857143 0.05203045685279188
3 0.4010714285714286 0.47906091370558374 0.025 0.03934010152284264
3 0.43 0.5107868020304569 0.024285714285714285 0.04949238578680203
3 0.46785714285714286 0.3800761421319797 0.02 0.031725888324873094
3 0.52 0.3115482233502538 0.015714285714285715 0.031725888324873094
3 0.5446428571428571 0.31218274111675126 0.016428571428571428 0.03299492385786802
3 0.4942857142857143 0.27982233502538073 0.014285714285714285 0.024111675126903553
3 0.5278571428571428 0.2652284263959391 0.012857142857142857 0.02284263959390863
3 0.5353571428571429 0.23857868020304568 0.010714285714285714 0.02030456852791878
3 0.5542857142857143 0.2296954314720812 0.012857142857142857 0.02030456852791878
3 0.5117857142857143 0.22208121827411167 0.010714285714285714 0.017766497461928935
3 0.5064285714285715 0.1751269035532995 0.007142857142857143 0.015228426395939087
3 0.5153571428571428 0.19225888324873097 0.007857142857142858 0.01649746192893401
3 0.5392857142857143 0.1916243654822335 0.008571428571428572 0.015228426395939087
3 0.5328571428571428 0.15038071065989847 0.007142857142857143 0.013959390862944163
3 0.5139285714285714 0.14657360406091371 0.0064285714285714285 0.013959390862944163
3 0.5028571428571429 0.13705583756345177 0.007142857142857143 0.012690355329949238
3 0.49857142857142855 0.12246192893401016 0.005714285714285714 0.011421319796954314
3 0.5078571428571429 0.12563451776649745 0.004285714285714286 0.01015228426395939
3 0.5232142857142857 0.1281725888324873 0.0064285714285714285 0.01015228426395939
3 0.5271428571428571 0.1383248730964467 0.005714285714285714 0.012690355329949238
3 0.5342857142857143 0.13324873096446702 0.005714285714285714 0.012690355329949238
3 0.5242857142857142 0.1116751269035533 0.002857142857142857 0.01015228426395939
3 0.5171428571428571 0.11294416243654823 0.005714285714285714 0.015228426395939087
5 0.5696428571428571 0.48921319796954316 0.027857142857142858 0.05710659898477157
3 0.8075 0.5958121827411168 0.029285714285714286 0.04949238578680203
8 0.4421428571428571 0.34517766497461927 0.03571428571428571 0.09137055837563451
5 0.46535714285714286 0.29314720812182743 0.019285714285714285 0.04060913705583756
4 0.010357142857142856 0.26713197969543145 0.017857142857142856 0.013959390862944163
4 0.023928571428571428 0.2626903553299492 0.017857142857142856 0.012690355329949238
4 0.011785714285714287 0.2506345177664975 0.015 0.011421319796954314
4 0.0375 0.25888324873096447 0.015 0.012690355329949238
3 0.04392857142857143 0.25761421319796957 0.012142857142857143 0.01015228426395939
3 0.047142857142857146 0.2550761421319797 0.017142857142857144 0.012690355329949238
3 0.055714285714285716 0.25 0.012857142857142857 0.012690355329949238
3 0.06107142857142857 0.24746192893401014 0.012142857142857143 0.012690355329949238
3 0.07964285714285714 0.23540609137055837 0.016428571428571428 0.011421319796954314
3 0.06642857142857143 0.24428934010152284 0.017142857142857144 0.011421319796954314
3 0.16714285714285715 0.29378172588832485 0.022857142857142857 0.01649746192893401
3 0.12428571428571429 0.2956852791878173 0.018571428571428572 0.015228426395939087