0 0.012857142857142857 0.08312182741116751 0.02 0.046954314720812185
0 0.022857142857142857 0.08058375634517767 0.024285714285714285 0.046954314720812185
0 0.007857142857142858 0.14213197969543148 0.015714285714285715 0.04314720812182741
0 0.0064285714285714285 0.10469543147208121 0.011428571428571429 0.031725888324873094
0 0.007857142857142858 0.1281725888324873 0.015714285714285715 0.03299492385786802
0 0.017142857142857144 0.23794416243654823 0.025714285714285714 0.04187817258883249
0 0.05 0.24746192893401014 0.02142857142857143 0.04314720812182741
0 0.0875 0.2468274111675127 0.020714285714285713 0.04187817258883249
0 0.1075 0.2315989847715736 0.019285714285714285 0.03934010152284264
0 0.12285714285714286 0.22144670050761422 0.02142857142857143 0.044416243654822336
0 0.1 0.28743654822335024 0.02 0.04187817258883249
0 0.14214285714285715 0.2506345177664975 0.02 0.03680203045685279
0 0.16357142857142856 0.26903553299492383 0.017142857142857144 0.04568527918781726
0 0.1682142857142857 0.25253807106598986 0.016428571428571428 0.04060913705583756
0 0.22785714285714287 0.3147208121827411 0.017142857142857144 0.03807106598984772
0 0.1825 0.3565989847715736 0.02214285714285714 0.03807106598984772
0 0.30178571428571427 0.49111675126903553 0.016428571428571428 0.03553299492385787
0 0.3417857142857143 0.46383248730964466 0.017857142857142856 0.031725888324873094
0 0.34214285714285714 0.4416243654822335 0.014285714285714285 0.03299492385786802
1 0.3607142857142857 0.11040609137055837 0.015714285714285715 0.030456852791878174
1 0.475 0.07296954314720812 0.014285714285714285 0.031725888324873094
0 0.4317857142857143 0.4447969543147208 0.007857142857142858 0.044416243654822336
0 0.42642857142857143 0.47779187817258884 0.015714285714285715 0.031725888324873094
0 0.42142857142857143 0.491751269035533 0.017142857142857144 0.031725888324873094
0 0.4139285714285714 0.5177664974619289 0.015 0.030456852791878174
0 0.4139285714285714 0.5285532994923858 0.017857142857142856 0.03426395939086294
0 0.5828571428571429 0.35215736040609136 0.014285714285714285 0.04949238578680203
0 0.5642857142857143 0.44289340101522845 0.012857142857142857 0.03553299492385787
1 0.5867857142857142 0.45050761421319796 0.017857142857142856 0.03553299492385787
1 0.5792857142857143 0.47715736040609136 0.012857142857142857 0.025380710659898477
1 0.5303571428571429 0.7131979695431472 0.015 0.03299492385786802
0 0.53 0.6072335025380711 0.012857142857142857 0.031725888324873094
0 0.5303571428571429 0.5793147208121827 0.015 0.04187817258883249
0 0.5246428571428572 0.6560913705583756 0.010714285714285714 0.030456852791878174
0 0.5503571428571429 0.6586294416243654 0.013571428571428571 0.030456852791878174
0 0.5525 0.5786802030456852 0.015 0.030456852791878174
0 0.5560714285714285 0.6046954314720813 0.012142857142857143 0.0266497461928934
0 0.5496428571428571 0.7341370558375635 0.010714285714285714 0.03934010152284264
0 0.5667857142857143 0.7455583756345178 0.013571428571428571 0.024111675126903553
0 0.5910714285714286 0.766497461928934 0.015 0.03299492385786802
0 0.575 0.6675126903553299 0.011428571428571429 0.03807106598984772
0 0.5714285714285714 0.6338832487309645 0.012857142857142857 0.031725888324873094
0 0.5785714285714286 0.6307106598984772 0.007142857142857143 0.02030456852791878
0 0.5860714285714286 0.6135786802030457 0.015 0.031725888324873094
0 0.6367857142857143 0.623730964467005 0.013571428571428571 0.03680203045685279
0 0.7517857142857143 0.9206852791878173 0.016428571428571428 0.031725888324873094
0 0.7803571428571429 0.9276649746192893 0.025 0.030456852791878174
0 0.8360714285714286 0.9270304568527918 0.027857142857142858 0.024111675126903553
0 0.8875 0.8984771573604061 0.03214285714285714 0.030456852791878174
0 0.9517857142857142 0.9898477157360406 0.029285714285714286 0.017766497461928935
0 0.9464285714285714 0.9530456852791879 0.032857142857142856 0.025380710659898477
0 0.9078571428571428 0.9454314720812182 0.02857142857142857 0.03299492385786802
0 0.8821428571428571 0.9270304568527918 0.03 0.02918781725888325
0 0.8475 0.9651015228426396 0.027857142857142858 0.03426395939086294