0 0.021785714285714287 0.37944162436548223 0.020714285714285713 0.027918781725888325
0 0.01 0.4365482233502538 0.018571428571428572 0.030456852791878174
0 0.0075 0.45558375634517767 0.013571428571428571 0.02284263959390863
0 0.019642857142857142 0.46383248730964466 0.017857142857142856 0.02918781725888325
0 0.0225 0.45558375634517767 0.02214285714285714 0.03299492385786802
0 0.14642857142857144 0.4714467005076142 0.02 0.024111675126903553
0 0.175 0.3730964467005076 0.014285714285714285 0.027918781725888325
0 0.23357142857142857 0.516497461928934 0.011428571428571429 0.02030456852791878
0 0.23464285714285715 0.49619289340101524 0.016428571428571428 0.02030456852791878
0 0.26857142857142857 0.45050761421319796 0.017142857142857144 0.027918781725888325
0 0.35928571428571426 0.49682741116751267 0.01 0.021573604060913704
0 0.3875 0.49428934010152287 0.015 0.024111675126903553
0 0.4035714285714286 0.5133248730964467 0.008571428571428572 0.021573604060913704
0 0.445 0.5158629441624365 0.011428571428571429 0.021573604060913704
0 0.5042857142857143 0.49746192893401014 0.012857142857142857 0.025380710659898477
0 0.5107142857142857 0.4663705583756345 0.007142857142857143 0.02918781725888325
0 0.8628571428571429 0.8553299492385786 0.015714285714285715 0.02284263959390863
0 0.7975 0.7823604060913706 0.017857142857142856 0.021573604060913704
0 0.9025 0.6928934010152284 0.016428571428571428 0.02284263959390863
0 0.6803571428571429 0.3166243654822335 0.009285714285714286 0.031725888324873094
9 0.8664285714285714 0.5368020304568528 0.03428571428571429 0.030456852791878174
9 0.8696428571428572 0.516497461928934 0.04357142857142857 0.03299492385786802
9 0.8728571428571429 0.48223350253807107 0.04428571428571428 0.030456852791878174
9 0.8667857142857143 0.4600253807106599 0.035 0.02918781725888325
9 0.8660714285714286 0.440989847715736 0.03357142857142857 0.024111675126903553
9 0.8675 0.41624365482233505 0.04357142857142857 0.03299492385786802
9 0.8617857142857143 0.40418781725888325 0.04071428571428572 0.031725888324873094
9 0.8614285714285714 0.3819796954314721 0.04 0.03553299492385787
9 0.8592857142857143 0.35406091370558374 0.04 0.03299492385786802
9 0.8610714285714286 0.3426395939086294 0.035 0.030456852791878174
9 0.8617857142857143 0.32043147208121825 0.039285714285714285 0.031725888324873094
9 0.8596428571428572 0.31091370558375636 0.04071428571428572 0.04314720812182741
9 0.8567857142857143 0.2918781725888325 0.039285714285714285 0.04060913705583756
9 0.8582142857142857 0.274746192893401 0.04214285714285714 0.04187817258883249
9 0.8564285714285714 0.2620558375634518 0.04428571428571428 0.03934010152284264
9 0.8585714285714285 0.24555837563451777 0.032857142857142856 0.03426395939086294
9 0.8546428571428571 0.22461928934010153 0.04214285714285714 0.03553299492385787
9 0.8542857142857143 0.20558375634517767 0.03857142857142857 0.03299492385786802
0 0.8964285714285715 0.14911167512690354 0.012857142857142857 0.03426395939086294
0 0.9053571428571429 0.13578680203045684 0.012142857142857143 0.027918781725888325
0 0.9114285714285715 0.1446700507614213 0.01 0.02284263959390863
0 0.8753571428571428 0.10215736040609137 0.013571428571428571 0.031725888324873094
5 0.8460714285714286 0.07931472081218274 0.052142857142857144 0.15862944162436549
3 0.73 0.1319796954314721 0.02857142857142857 0.10152284263959391
4 0.7292857142857143 0.025380710659898477 0.02857142857142857 0.048223350253807105
0 0.6992857142857143 0.17385786802030456 0.011428571428571429 0.030456852791878174