1 0.11534446764091857 0.2054730983302412 0.003131524008350731 0.008348794063079777
9 0.11586638830897704 0.21057513914656772 0.010438413361169102 0.0074211502782931356
3 0.4692066805845512 0.22448979591836735 0.012526096033402923 0.025974025974025976
3 0.45981210855949894 0.1456400742115028 0.010438413361169102 0.022263450834879406
3 0.5245302713987474 0.026901669758812616 0.007306889352818371 0.012987012987012988
4 0.5156576200417536 0.008348794063079777 0.006263048016701462 0.012987012987012988
1 0.4318893528183716 0.17068645640074212 0.0036534446764091857 0.00927643784786642
1 0.4251043841336117 0.21567717996289426 0.0036534446764091857 0.012059369202226345
1 0.5579331941544885 0.15306122448979592 0.003131524008350731 0.012987012987012988
1 0.552713987473904 0.28339517625231914 0.0041753653444676405 0.015769944341372914
1 0.5720250521920668 0.29359925788497215 0.0041753653444676405 0.013914656771799629
1 0.5879436325678496 0.36178107606679033 0.004697286012526096 0.014842300556586271
0 0.5485386221294363 0.08302411873840446 0.003131524008350731 0.015769944341372914
9 0.4318893528183716 0.17996289424860853 0.0036534446764091857 0.011131725417439703
9 0.4251043841336117 0.22356215213358072 0.004697286012526096 0.012987012987012988
9 0.552713987473904 0.29313543599257885 0.0041753653444676405 0.014842300556586271
9 0.5725469728601252 0.30241187384044527 0.0041753653444676405 0.014842300556586271
9 0.5876826722338204 0.3715213358070501 0.0041753653444676405 0.013914656771799629
1 0.37839248434237993 0.4587198515769944 0.006263048016701462 0.017625231910946195
9 0.37917536534446766 0.47031539888682744 0.007828810020876827 0.02411873840445269
1 0.6017745302713987 0.5269016697588126 0.005219206680584551 0.01855287569573284
9 0.6015135699373695 0.5371057513914657 0.005741127348643006 0.022263450834879406
3 0.842901878914405 0.4935064935064935 0.038622129436325675 0.03153988868274583
3 0.8382045929018789 0.4253246753246753 0.03444676409185804 0.0287569573283859
3 0.8363778705636743 0.4095547309833024 0.0360125260960334 0.0287569573283859
5 0.7586116910229646 0.21150278293135436 0.04645093945720251 0.029684601113172542
9 0.5579331941544885 0.1590909090909091 0.0041753653444676405 0.01020408163265306