8 0.45035714285714284 0.2639593908629442 0.0064285714285714285 0.015228426395939087
3 0.45321428571428574 0.2760152284263959 0.005 0.008883248730964468
8 0.455 0.2887055837563452 0.004285714285714286 0.01649746192893401
3 0.455 0.3026649746192893 0.004285714285714286 0.008883248730964468
3 0.46 0.282994923857868 0.004285714285714286 0.01015228426395939
3 0.46 0.31852791878172587 0.004285714285714286 0.01015228426395939
3 0.4539285714285714 0.3134517766497462 0.0035714285714285713 0.007614213197969543
3 0.45321428571428574 0.3223350253807107 0.0035714285714285713 0.01015228426395939
8 0.4382142857142857 0.3769035532994924 0.005 0.015228426395939087
3 0.45285714285714285 0.3331218274111675 0.004285714285714286 0.008883248730964468
3 0.45821428571428574 0.33121827411167515 0.0035714285714285713 0.01015228426395939
3 0.45785714285714285 0.3401015228426396 0.004285714285714286 0.01015228426395939
3 0.4517857142857143 0.3426395939086294 0.0035714285714285713 0.01015228426395939
3 0.4517857142857143 0.35406091370558374 0.0035714285714285713 0.01015228426395939
3 0.45107142857142857 0.366751269035533 0.0035714285714285713 0.01015228426395939
8 0.45714285714285713 0.36548223350253806 0.004285714285714286 0.015228426395939087
8 0.45035714285714284 0.3800761421319797 0.005 0.013959390862944163
3 0.45571428571428574 0.37880710659898476 0.002857142857142857 0.008883248730964468
8 0.44857142857142857 0.40609137055837563 0.004285714285714286 0.02030456852791878
8 0.45357142857142857 0.41878172588832485 0.004285714285714286 0.015228426395939087
8 0.4521428571428571 0.434010152284264 0.005714285714285714 0.015228426395939087
3 0.4475 0.42576142131979694 0.0035714285714285713 0.011421319796954314
3 0.4475 0.43781725888324874 0.0035714285714285713 0.015228426395939087
3 0.2417857142857143 0.5 0.010714285714285714 0.007614213197969543
4 0.23 0.48413705583756345 0.011428571428571429 0.008883248730964468
3 0.245 0.4854060913705584 0.01 0.008883248730964468
3 0.2617857142857143 0.48286802030456855 0.010714285714285714 0.011421319796954314
4 0.2760714285714286 0.4727157360406091 0.015 0.011421319796954314
3 0.3007142857142857 0.47906091370558374 0.014285714285714285 0.011421319796954314
3 0.31285714285714283 0.4860406091370558 0.01 0.01015228426395939
3 0.31642857142857145 0.47588832487309646 0.01 0.01015228426395939
4 0.31392857142857145 0.47017766497461927 0.010714285714285714 0.008883248730964468
3 0.3264285714285714 0.4879441624365482 0.01 0.008883248730964468
4 0.32857142857142857 0.47652284263959394 0.01 0.006345177664974619
3 0.3314285714285714 0.47017766497461927 0.01 0.008883248730964468
3 0.3296428571428571 0.467005076142132 0.007857142857142858 0.007614213197969543
8 0.3475 0.4860406091370558 0.02642857142857143 0.017766497461928935
3 0.3678571428571429 0.49048223350253806 0.01 0.008883248730964468
8 0.3732142857142857 0.4796954314720812 0.025 0.02030456852791878
3 0.38107142857142856 0.49238578680203043 0.010714285714285714 0.007614213197969543
3 0.3410714285714286 0.47715736040609136 0.010714285714285714 0.007614213197969543
3 0.3432142857142857 0.47017766497461927 0.009285714285714286 0.006345177664974619
3 0.345 0.4651015228426396 0.011428571428571429 0.011421319796954314
4 0.3560714285714286 0.46954314720812185 0.009285714285714286 0.007614213197969543
3 0.3539285714285714 0.475253807106599 0.010714285714285714 0.008883248730964468
3 0.36214285714285716 0.4631979695431472 0.01 0.007614213197969543
3 0.37107142857142855 0.46890862944162437 0.010714285714285714 0.008883248730964468
4 0.3825 0.4682741116751269 0.009285714285714286 0.01015228426395939
8 0.38142857142857145 0.4619289340101523 0.015714285714285715 0.012690355329949238
8 0.3942857142857143 0.4936548223350254 0.012857142857142857 0.015228426395939087
3 0.39357142857142857 0.4873096446700508 0.01 0.01015228426395939
3 0.39535714285714285 0.4746192893401015 0.009285714285714286 0.007614213197969543
3 0.39785714285714285 0.46890862944162437 0.01 0.008883248730964468
3 0.3985714285714286 0.4619289340101523 0.008571428571428572 0.01015228426395939
3 0.4675 0.49682741116751267 0.010714285714285714 0.008883248730964468
3 0.5242857142857142 0.5088832487309645 0.01 0.01015228426395939
3 0.5714285714285714 0.5323604060913706 0.01 0.011421319796954314
3 0.9835714285714285 0.5862944162436549 0.011428571428571429 0.01015228426395939
3 0.9314285714285714 0.5704314720812182 0.01 0.011421319796954314
4 0.9314285714285714 0.5812182741116751 0.011428571428571429 0.01015228426395939
5 0.8692857142857143 0.5920050761421319 0.018571428571428572 0.013959390862944163
3 0.8275 0.5736040609137056 0.010714285714285714 0.01015228426395939
3 0.7828571428571428 0.625 0.011428571428571429 0.011421319796954314
3 0.765 0.623730964467005 0.011428571428571429 0.008883248730964468
4 0.7282142857142857 0.6034263959390863 0.013571428571428571 0.013959390862944163
3 0.7242857142857143 0.6192893401015228 0.01 0.007614213197969543
3 0.7071428571428572 0.6129441624365483 0.011428571428571429 0.01015228426395939
3 0.6317857142857143 0.5513959390862944 0.010714285714285714 0.011421319796954314
4 0.6135714285714285 0.5583756345177665 0.012857142857142857 0.015228426395939087
4 0.6189285714285714 0.5748730964467005 0.010714285714285714 0.012690355329949238
4 0.6092857142857143 0.5774111675126904 0.01 0.01015228426395939
3 0.6067857142857143 0.583756345177665 0.010714285714285714 0.012690355329949238
4 0.6032142857142857 0.5653553299492385 0.010714285714285714 0.011421319796954314
3 0.5903571428571428 0.5596446700507615 0.010714285714285714 0.01015228426395939
4 0.5921428571428572 0.5697969543147208 0.01 0.01015228426395939
3 0.5778571428571428 0.5539340101522843 0.01 0.008883248730964468
3 0.5742857142857143 0.5602791878172588 0.01 0.008883248730964468
3 0.5732142857142857 0.5685279187817259 0.010714285714285714 0.007614213197969543
3 0.5589285714285714 0.5628172588832487 0.010714285714285714 0.011421319796954314
3 0.5603571428571429 0.5545685279187818 0.009285714285714286 0.01015228426395939
3 0.5632142857142857 0.5475888324873096 0.010714285714285714 0.011421319796954314
3 0.4253571428571429 0.6173857868020305 0.0064285714285714285 0.013959390862944163
3 0.45035714285714284 0.6161167512690355 0.007857142857142858 0.01649746192893401
3 0.4682142857142857 0.5812182741116751 0.010714285714285714 0.012690355329949238
4 0.5007142857142857 0.5050761421319797 0.008571428571428572 0.01015228426395939
4 0.5032142857142857 0.5222081218274112 0.010714285714285714 0.013959390862944163
4 0.5025 0.5298223350253807 0.009285714285714286 0.008883248730964468
4 0.5325 0.5336294416243654 0.010714285714285714 0.011421319796954314
3 0.5285714285714286 0.5418781725888325 0.01 0.01015228426395939
3 0.5178571428571429 0.5279187817258884 0.01 0.01015228426395939
3 0.5157142857142857 0.5342639593908629 0.01 0.01015228426395939
4 0.5132142857142857 0.5520304568527918 0.009285714285714286 0.007614213197969543
4 0.515 0.5431472081218274 0.01 0.01015228426395939
3 0.4975 0.5469543147208121 0.010714285714285714 0.01015228426395939
3 0.5017857142857143 0.5399746192893401 0.012142857142857143 0.008883248730964468
5 0.4442857142857143 0.6598984771573604 0.008571428571428572 0.030456852791878174
0 0.8932142857142857 0.6941624365482234 0.0035714285714285713 0.007614213197969543
0 0.9264285714285714 0.7817258883248731 0.002857142857142857 0.005076142131979695
0 0.9542857142857143 0.7779187817258884 0.002857142857142857 0.005076142131979695
0 0.35035714285714287 0.8788071065989848 0.002142857142857143 0.006345177664974619
0 0.35678571428571426 0.9701776649746193 0.002142857142857143 0.008883248730964468
4 0.37785714285714284 0.8870558375634517 0.008571428571428572 0.017766497461928935
3 0.425 0.8191624365482234 0.007142857142857143 0.024111675126903553
3 0.4157142857142857 0.9689086294416244 0.005714285714285714 0.024111675126903553
4 0.37892857142857145 0.9695431472081218 0.007857142857142858 0.02284263959390863
3 0.3939285714285714 0.9708121827411168 0.0064285714285714285 0.02284263959390863
3 0.4025 0.983502538071066 0.0064285714285714285 0.02284263959390863
3 0.3846428571428571 0.9219543147208121 0.0064285714285714285 0.024111675126903553
3 0.3975 0.9111675126903553 0.005 0.02284263959390863
3 0.3964285714285714 0.9403553299492385 0.005714285714285714 0.02030456852791878
4 0.40535714285714286 0.9130710659898477 0.005 0.021573604060913704