3 0.8942857142857142 0.9251269035532995 0.03428571428571429 0.04568527918781726
3 0.4517857142857143 0.8965736040609137 0.02214285714285714 0.05203045685279188
8 0.3925 0.675761421319797 0.029285714285714286 0.07487309644670051
4 0.3225 0.383248730964467 0.019285714285714285 0.04568527918781726
3 0.28964285714285715 0.2563451776649746 0.016428571428571428 0.03807106598984772
3 0.25535714285714284 0.2430203045685279 0.015 0.03680203045685279
3 0.26571428571428574 0.1598984771573604 0.012857142857142857 0.03299492385786802
3 0.25642857142857145 0.108502538071066 0.011428571428571429 0.031725888324873094
3 0.22321428571428573 0.12626903553299493 0.015 0.031725888324873094
3 0.21392857142857144 0.08629441624365482 0.013571428571428571 0.025380710659898477
3 0.2042857142857143 0.04949238578680203 0.014285714285714285 0.030456852791878174
3 0.2225 0.04885786802030457 0.012142857142857143 0.024111675126903553
3 0.18857142857142858 0.02728426395939086 0.018571428571428572 0.0266497461928934
3 0.1657142857142857 0.015862944162436547 0.02142857142857143 0.01649746192893401