4 0.02892857142857143 0.14657360406091371 0.017857142857142856 0.013959390862944163
3 0.0325 0.12944162436548223 0.017857142857142856 0.015228426395939087
3 0.039285714285714285 0.11548223350253807 0.014285714285714285 0.015228426395939087
4 0.048214285714285716 0.14911167512690354 0.017857142857142856 0.013959390862944163
4 0.06857142857142857 0.1548223350253807 0.02 0.012690355329949238
4 0.3575 0.8895939086294417 0.029285714285714286 0.06091370558375635
3 0.35642857142857143 0.7715736040609137 0.022857142857142857 0.050761421319796954
3 0.4117857142857143 0.6637055837563451 0.020714285714285713 0.04568527918781726
3 0.4075 0.5983502538071066 0.019285714285714285 0.03934010152284264
3 0.4546428571428571 0.4251269035532995 0.015 0.030456852791878174
3 0.4760714285714286 0.4270304568527919 0.016428571428571428 0.031725888324873094
3 0.5164285714285715 0.44543147208121825 0.015714285714285715 0.03553299492385787
3 0.5467857142857143 0.3001269035532995 0.012142857142857143 0.0266497461928934
3 0.5253571428571429 0.21383248730964466 0.010714285714285714 0.021573604060913704
4 0.5703571428571429 0.19098984771573604 0.010714285714285714 0.02918781725888325
3 0.5625 0.13705583756345177 0.010714285714285714 0.017766497461928935
4 0.5903571428571428 0.10469543147208121 0.009285714285714286 0.024111675126903553
8 0.6075 0.1199238578680203 0.016428571428571428 0.07233502538071065
8 0.6053571428571428 0.0850253807106599 0.010714285714285714 0.02284263959390863
3 0.5617857142857143 0.04885786802030457 0.009285714285714286 0.01903553299492386
3 0.6117857142857143 0.05012690355329949 0.007857142857142858 0.01649746192893401