3 0.01892857142857143 0.050761421319796954 0.02642857142857143 0.030456852791878174
3 0.01607142857142857 0.11738578680203046 0.030714285714285715 0.03934010152284264
4 0.04178571428571429 0.1446700507614213 0.029285714285714286 0.03807106598984772
3 0.08857142857142856 0.19289340101522842 0.03142857142857143 0.03807106598984772
3 0.07928571428571428 0.11230964467005077 0.03 0.03680203045685279
4 0.12642857142857142 0.15862944162436549 0.03142857142857143 0.04060913705583756
4 0.15428571428571428 0.18464467005076143 0.03142857142857143 0.04187817258883249
4 0.19 0.22271573604060912 0.032857142857142856 0.04187817258883249
3 0.205 0.2703045685279188 0.032857142857142856 0.04060913705583756
4 0.17107142857142857 0.27284263959390864 0.03357142857142857 0.04314720812182741
3 0.20285714285714285 0.3052030456852792 0.03428571428571429 0.044416243654822336
3 0.25357142857142856 0.2823604060913706 0.02857142857142857 0.03680203045685279
4 0.29035714285714287 0.31789340101522845 0.030714285714285715 0.04187817258883249
4 0.32535714285714284 0.35406091370558374 0.03785714285714286 0.050761421319796954
3 0.3317857142857143 0.4022842639593909 0.03642857142857143 0.04568527918781726
4 0.36714285714285716 0.3934010152284264 0.037142857142857144 0.048223350253807105
3 0.4032142857142857 0.43083756345177665 0.035 0.044416243654822336
3 0.43892857142857145 0.46890862944162437 0.03785714285714286 0.046954314720812185
3 0.5003571428571428 0.583756345177665 0.039285714285714285 0.0583756345177665
8 0.6335714285714286 0.725253807106599 0.03428571428571429 0.0799492385786802
9 0.6867857142857143 0.6598984771573604 0.012142857142857143 0.027918781725888325
4 0.7228571428571429 0.7290609137055838 0.02857142857142857 0.07487309644670051
4 0.7028571428571428 0.9378172588832487 0.037142857142857144 0.09898477157360407
8 0.8007142857142857 0.6852791878172588 0.07571428571428572 0.20304568527918782
4 0.8039285714285714 0.5279187817258884 0.02642857142857143 0.06345177664974619
3 0.7967857142857143 0.4479695431472081 0.02642857142857143 0.0583756345177665
8 0.8757142857142857 0.3946700507614213 0.06 0.1548223350253807
3 0.7960714285714285 0.21637055837563451 0.023571428571428573 0.04949238578680203
3 0.7657142857142857 0.2182741116751269 0.022857142857142857 0.04314720812182741
3 0.88 0.2614213197969543 0.025714285714285714 0.0583756345177665
0 0.2639285714285714 0.06408629441624365 0.0064285714285714285 0.01903553299492386
0 0.27464285714285713 0.06281725888324872 0.005 0.013959390862944163
0 0.2425 0.0450507614213198 0.0064285714285714285 0.01903553299492386
0 0.2332142857142857 0.03426395939086294 0.005 0.012690355329949238
0 0.2542857142857143 0.02982233502538071 0.007142857142857143 0.01903553299492386
0 0.23892857142857143 0.0266497461928934 0.005 0.012690355329949238
0 0.23892857142857143 0.008883248730964468 0.0035714285714285713 0.012690355329949238
0 0.24285714285714285 0.0133248730964467 0.005714285714285714 0.008883248730964468
0 0.2425 0.005710659898477157 0.0035714285714285713 0.011421319796954314
0 0.24928571428571428 0.006345177664974619 0.004285714285714286 0.012690355329949238
0 0.31892857142857145 0.03489847715736041 0.005 0.01649746192893401
0 0.21535714285714286 0.12436548223350254 0.005 0.015228426395939087
0 0.32285714285714284 0.025380710659898477 0.005714285714285714 0.017766497461928935
0 0.3817857142857143 0.08312182741116751 0.005 0.01649746192893401
0 0.3410714285714286 0.15355329949238578 0.005 0.017766497461928935
0 0.3767857142857143 0.1935279187817259 0.0064285714285714285 0.013959390862944163
0 0.37285714285714283 0.20875634517766498 0.002857142857142857 0.011421319796954314
0 0.41035714285714286 0.2887055837563452 0.0064285714285714285 0.01903553299492386
0 0.42857142857142855 0.25444162436548223 0.002857142857142857 0.013959390862944163
0 0.4307142857142857 0.26078680203045684 0.002857142857142857 0.011421319796954314
0 0.45035714285714284 0.25761421319796957 0.0035714285714285713 0.012690355329949238
0 0.4542857142857143 0.24238578680203046 0.002857142857142857 0.012690355329949238
0 0.43964285714285717 0.23540609137055837 0.0035714285714285713 0.011421319796954314
0 0.47928571428571426 0.23857868020304568 0.002857142857142857 0.012690355329949238
0 0.4539285714285714 0.22461928934010153 0.0035714285714285713 0.015228426395939087
0 0.4382142857142857 0.22588832487309646 0.0064285714285714285 0.015228426395939087
0 0.44357142857142856 0.24428934010152284 0.004285714285714286 0.011421319796954314
0 0.4471428571428571 0.23921319796954316 0.004285714285714286 0.011421319796954314
0 0.45071428571428573 0.23604060913705585 0.002857142857142857 0.012690355329949238
0 0.47785714285714287 0.27411167512690354 0.002857142857142857 0.012690355329949238
0 0.48892857142857143 0.2982233502538071 0.005 0.017766497461928935
0 0.4942857142857143 0.2696700507614213 0.007142857142857143 0.01649746192893401
0 0.4925 0.28743654822335024 0.0035714285714285713 0.013959390862944163
0 0.4957142857142857 0.03680203045685279 0.004285714285714286 0.012690355329949238
0 0.5010714285714286 0.04060913705583756 0.0035714285714285713 0.01015228426395939
0 0.5032142857142857 0.04187817258883249 0.0035714285714285713 0.015228426395939087
0 0.5082142857142857 0.046954314720812185 0.0035714285714285713 0.012690355329949238
0 0.5203571428571429 0.06345177664974619 0.005 0.017766497461928935
0 0.5089285714285714 0.030456852791878174 0.0035714285714285713 0.012690355329949238
0 0.5064285714285715 0.024746192893401017 0.002857142857142857 0.011421319796954314
0 0.5139285714285714 0.03236040609137056 0.0035714285714285713 0.021573604060913704
0 0.5117857142857143 0.02918781725888325 0.005 0.017766497461928935
0 0.5867857142857142 0.15101522842639595 0.0035714285714285713 0.012690355329949238
0 0.5810714285714286 0.1713197969543147 0.0035714285714285713 0.012690355329949238
0 0.5742857142857143 0.17766497461928935 0.002857142857142857 0.012690355329949238
0 0.5635714285714286 0.07677664974619289 0.005714285714285714 0.013959390862944163
0 0.5671428571428572 0.08629441624365482 0.002857142857142857 0.01015228426395939
0 0.5889285714285715 0.08058375634517767 0.005 0.01649746192893401
0 0.5928571428571429 0.08058375634517767 0.002857142857142857 0.013959390862944163
0 0.5932142857142857 0.07106598984771574 0.0035714285714285713 0.012690355329949238
0 0.6235714285714286 0.13451776649746192 0.005714285714285714 0.017766497461928935
0 0.5982142857142857 0.025380710659898477 0.0064285714285714285 0.017766497461928935
0 0.6082142857142857 0.03362944162436548 0.005 0.01649746192893401