4 0.3975 0.4397208121827411 0.029285714285714286 0.06979695431472081
4 0.17 0.9428934010152284 0.06714285714285714 0.08629441624365482
4 0.10071428571428571 0.42258883248730966 0.05 0.06598984771573604
4 0.5103571428571428 0.3864213197969543 0.047857142857142855 0.05456852791878172
3 0.4882142857142857 0.3413705583756345 0.04928571428571429 0.0532994923857868
3 0.43142857142857144 0.17893401015228427 0.03142857142857143 0.08121827411167512
3 0.5628571428571428 0.6123096446700508 0.04857142857142857 0.05964467005076142
3 0.6632142857142858 0.934010152284264 0.05357142857142857 0.08629441624365482
3 0.6089285714285714 0.7379441624365483 0.04642857142857143 0.05964467005076142
3 0.35964285714285715 0.9606598984771574 0.05071428571428571 0.07614213197969544
3 0.32142857142857145 0.8851522842639594 0.05714285714285714 0.0901015228426396
3 0.2789285714285714 0.7633248730964467 0.039285714285714285 0.09517766497461928
3 0.2017857142857143 0.27093908629441626 0.04357142857142857 0.06218274111675127
3 0.2382142857142857 0.06345177664974619 0.029285714285714286 0.07360406091370558
3 0.1757142857142857 0.17956852791878172 0.047142857142857146 0.06979695431472081
3 0.16357142857142856 0.14657360406091371 0.03571428571428571 0.05710659898477157
3 0.15214285714285714 0.05520304568527919 0.04857142857142857 0.06472081218274112
3 0.14714285714285713 0.8458121827411168 0.06142857142857143 0.08756345177664974
3 0.16071428571428573 0.7791878172588832 0.05857142857142857 0.07868020304568528
3 0.13428571428571429 0.6986040609137056 0.041428571428571426 0.05456852791878172
3 0.13214285714285715 0.6522842639593909 0.05714285714285714 0.07868020304568528
3 0.12714285714285714 0.6097715736040609 0.054285714285714284 0.07487309644670051
3 0.12 0.5050761421319797 0.055714285714285716 0.07360406091370558
3 0.10678571428571429 0.47017766497461927 0.05357142857142857 0.07741116751269035
3 0.08571428571428572 0.399746192893401 0.05 0.06852791878172589
3 0.08357142857142857 0.35215736040609136 0.05285714285714286 0.06472081218274112
3 0.06857142857142857 0.2880710659898477 0.05285714285714286 0.06598984771573604
3 0.06678571428571428 0.25317258883248733 0.05071428571428571 0.06725888324873096
3 0.05678571428571429 0.22398477157360405 0.052142857142857144 0.06218274111675127
3 0.04964285714285714 0.19035532994923857 0.04642857142857143 0.06345177664974619
3 0.04642857142857143 0.15609137055837563 0.04857142857142857 0.048223350253807105
3 0.055 0.06852791878172589 0.047142857142857146 0.0583756345177665
3 0.06607142857142857 0.03236040609137056 0.047857142857142855 0.05964467005076142
3 0.18535714285714286 0.9784263959390863 0.06357142857142857 0.04060913705583756
3 0.15714285714285714 0.36928934010152287 0.03 0.08883248730964467
9 0.015 0.05520304568527919 0.011428571428571429 0.0266497461928934
9 0.15035714285714286 0.0901015228426396 0.015 0.027918781725888325
9 0.17 0.22715736040609136 0.02 0.025380710659898477
9 0.047142857142857146 0.35152284263959394 0.02142857142857143 0.02284263959390863
9 0.225 0.5107868020304569 0.02142857142857143 0.03680203045685279
9 0.26607142857142857 0.5241116751269036 0.012142857142857143 0.04568527918781726
9 0.24285714285714285 0.567258883248731 0.024285714285714285 0.017766497461928935
9 0.24428571428571427 0.5875634517766497 0.024285714285714285 0.017766497461928935
9 0.29035714285714287 0.5736040609137056 0.009285714285714286 0.04568527918781726
1 0.29214285714285715 0.5736040609137056 0.014285714285714285 0.02284263959390863
0 0.27214285714285713 0.5831218274111675 0.008571428571428572 0.024111675126903553
0 0.28214285714285714 0.5932741116751269 0.008571428571428572 0.01903553299492386
0 0.2725 0.6123096446700508 0.012142857142857143 0.021573604060913704
0 0.25892857142857145 0.600253807106599 0.009285714285714286 0.02284263959390863
0 0.27071428571428574 0.5634517766497462 0.012857142857142857 0.017766497461928935
0 0.2621428571428571 0.557741116751269 0.01 0.021573604060913704
0 0.2507142857142857 0.5545685279187818 0.011428571428571429 0.02284263959390863
0 0.0325 0.5158629441624365 0.015 0.021573604060913704
0 0.040357142857142855 0.4289340101522843 0.013571428571428571 0.025380710659898477
0 0.40964285714285714 0.2315989847715736 0.007857142857142858 0.0266497461928934
0 0.41785714285714287 0.2296954314720812 0.008571428571428572 0.027918781725888325
0 0.42392857142857143 0.22398477157360405 0.007857142857142858 0.03680203045685279
0 0.07714285714285714 0.7519035532994924 0.015714285714285715 0.021573604060913704
0 0.02857142857142857 0.7246192893401016 0.017142857142857144 0.02284263959390863
9 0.048214285714285716 0.9232233502538071 0.016428571428571428 0.044416243654822336
9 0.0325 0.7963197969543148 0.012142857142857143 0.04187817258883249
9 0.03892857142857143 0.6916243654822335 0.012142857142857143 0.04314720812182741
9 0.025 0.7055837563451777 0.008571428571428572 0.03553299492385787