3 0.3082142857142857 0.924492385786802 0.035 0.10532994923857868
0 0.26035714285714284 0.9016497461928934 0.007857142857142858 0.031725888324873094
0 0.295 0.7055837563451777 0.007142857142857143 0.030456852791878174
3 0.33107142857142857 0.758248730964467 0.03214285714285714 0.08756345177664974
3 0.4139285714285714 0.6770304568527918 0.029285714285714286 0.0901015228426396
3 0.4625 0.6865482233502538 0.027857142857142858 0.08883248730964467
3 0.21071428571428572 0.43591370558375636 0.02857142857142857 0.046954314720812185
0 0.3142857142857143 0.6592639593908629 0.005714285714285714 0.024111675126903553
0 0.3335714285714286 0.6554568527918782 0.005714285714285714 0.0266497461928934
0 0.33285714285714285 0.6503807106598984 0.005714285714285714 0.0266497461928934
0 0.33785714285714286 0.631979695431472 0.005714285714285714 0.025380710659898477
0 0.3507142857142857 0.6465736040609137 0.008571428571428572 0.024111675126903553
0 0.35214285714285715 0.6313451776649747 0.004285714285714286 0.024111675126903553
0 0.35928571428571426 0.618020304568528 0.008571428571428572 0.025380710659898477
0 0.375 0.6104060913705583 0.005714285714285714 0.025380710659898477
0 0.37464285714285717 0.6015228426395939 0.005 0.027918781725888325
0 0.3732142857142857 0.5894670050761421 0.009285714285714286 0.0266497461928934
8 0.3867857142857143 0.2982233502538071 0.023571428571428573 0.07106598984771574
4 0.39571428571428574 0.1998730964467005 0.014285714285714285 0.031725888324873094
4 0.41785714285714287 0.2436548223350254 0.014285714285714285 0.04060913705583756
4 0.42 0.18210659898477158 0.014285714285714285 0.02918781725888325
3 0.4496428571428571 0.03807106598984772 0.012142857142857143 0.02284263959390863
4 0.5053571428571428 0.17449238578680204 0.016428571428571428 0.04187817258883249
4 0.5571428571428572 0.15736040609137056 0.014285714285714285 0.03807106598984772
3 0.5967857142857143 0.13007614213197968 0.013571428571428571 0.02918781725888325
4 0.6103571428571428 0.2182741116751269 0.016428571428571428 0.03299492385786802
0 0.5982142857142857 0.27220812182741116 0.005 0.021573604060913704
4 0.5653571428571429 0.2366751269035533 0.016428571428571428 0.046954314720812185
4 0.5621428571428572 0.20050761421319796 0.014285714285714285 0.04060913705583756
0 0.6792857142857143 0.33058375634517767 0.005714285714285714 0.01903553299492386
0 0.7646428571428572 0.33121827411167515 0.0064285714285714285 0.017766497461928935
4 0.8325 0.22461928934010153 0.03357142857142857 0.03299492385786802
4 0.8407142857142857 0.2398477157360406 0.03857142857142857 0.03299492385786802
3 0.9239285714285714 0.18464467005076143 0.02214285714285714 0.03934010152284264
3 0.9239285714285714 0.26015228426395937 0.025 0.03553299492385787
0 0.9589285714285715 0.3153553299492386 0.0064285714285714285 0.01903553299492386
3 0.985 0.4346446700507614 0.03 0.03426395939086294
3 0.9089285714285714 0.4416243654822335 0.04071428571428572 0.03553299492385787
0 0.8521428571428571 0.3096446700507614 0.007142857142857143 0.02030456852791878
0 0.7842857142857143 0.3147208121827411 0.008571428571428572 0.02284263959390863
3 0.7957142857142857 0.4593908629441624 0.047142857142857146 0.03553299492385787
3 0.7510714285714286 0.4365482233502538 0.047857142857142855 0.03807106598984772
3 0.6375 0.4727157360406091 0.045 0.03426395939086294
3 0.6392857142857142 0.44416243654822335 0.03571428571428571 0.03299492385786802
0 0.6917857142857143 0.40926395939086296 0.005 0.021573604060913704
0 0.6846428571428571 0.4143401015228426 0.005 0.021573604060913704
0 0.6375 0.5095177664974619 0.005 0.024111675126903553
3 0.6435714285714286 0.6389593908629442 0.03 0.06979695431472081
3 0.6457142857142857 0.9118020304568528 0.027142857142857142 0.09263959390862944