8 0.43964285714285717 0.05203045685279188 0.020714285714285713 0.09390862944162437
3 0.4232142857142857 0.17195431472081218 0.015 0.046954314720812185
3 0.4992857142857143 0.046954314720812185 0.015714285714285715 0.048223350253807105
3 0.49392857142857144 0.14911167512690354 0.016428571428571428 0.05964467005076142
3 0.44642857142857145 0.22208121827411167 0.014285714285714285 0.04568527918781726
3 0.4521428571428571 0.3730964467005076 0.015714285714285715 0.0583756345177665
3 0.5296428571428572 0.22461928934010153 0.016428571428571428 0.06091370558375635
5 0.5007142857142857 0.27284263959390864 0.02142857142857143 0.09644670050761421
5 0.5382142857142858 0.38578680203045684 0.023571428571428573 0.10913705583756345
5 0.5242857142857142 0.5361675126903553 0.03 0.11040609137055837
5 0.5275 0.8020304568527918 0.025 0.09390862944162437
4 0.5742857142857143 0.9600253807106599 0.02142857142857143 0.07741116751269035
3 0.5667857142857143 0.8470812182741116 0.019285714285714285 0.07741116751269035
3 0.4357142857142857 0.7055837563451777 0.018571428571428572 0.06598984771573604
3 0.4160714285714286 0.01015228426395939 0.013571428571428571 0.02030456852791878