4 0.35678571428571426 0.9746192893401016 0.030714285714285715 0.048223350253807105
3 0.46285714285714286 0.8673857868020305 0.025714285714285714 0.05964467005076142
3 0.3575 0.8604060913705583 0.025 0.04568527918781726
9 0.43214285714285716 0.7525380710659898 0.01 0.025380710659898477
1 0.43107142857142855 0.7506345177664975 0.009285714285714286 0.024111675126903553
9 0.5167857142857143 0.7741116751269036 0.009285714285714286 0.027918781725888325
1 0.5164285714285715 0.7671319796954315 0.008571428571428572 0.024111675126903553
3 0.5125 0.7049492385786802 0.019285714285714285 0.04187817258883249
3 0.4828571428571429 0.6078680203045685 0.017142857142857144 0.030456852791878174
3 0.5775 0.5571065989847716 0.016428571428571428 0.04060913705583756
3 0.575 0.4980964467005076 0.014285714285714285 0.03426395939086294
3 0.5271428571428571 0.48286802030456855 0.014285714285714285 0.0266497461928934
3 0.5517857142857143 0.41053299492385786 0.013571428571428571 0.024111675126903553
3 0.5510714285714285 0.38388324873096447 0.012142857142857143 0.021573604060913704
8 0.6164285714285714 0.4137055837563452 0.015714285714285715 0.04060913705583756
3 0.64 0.2906091370558376 0.01 0.017766497461928935
5 0.6557142857142857 0.274746192893401 0.012857142857142857 0.03426395939086294
3 0.6517857142857143 0.258248730964467 0.007857142857142858 0.01649746192893401
3 0.6589285714285714 0.22715736040609136 0.007857142857142858 0.015228426395939087
3 0.6739285714285714 0.21065989847715735 0.007857142857142858 0.015228426395939087
3 0.6775 0.19098984771573604 0.007857142857142858 0.013959390862944163
3 0.6642857142857143 0.2049492385786802 0.007142857142857143 0.013959390862944163
3 0.6667857142857143 0.1916243654822335 0.007857142857142858 0.012690355329949238
3 0.6246428571428572 0.19289340101522842 0.0064285714285714285 0.012690355329949238
3 0.6757142857142857 0.13769035532994925 0.007142857142857143 0.013959390862944163