3 0.8146428571428571 0.5063451776649747 0.03214285714285714 0.09644670050761421
3 0.7725 0.49111675126903553 0.039285714285714285 0.09390862944162437
3 0.7371428571428571 0.4733502538071066 0.03428571428571429 0.09137055837563451
3 0.6546428571428572 0.5304568527918782 0.04071428571428572 0.10406091370558376
3 0.6210714285714286 0.5050761421319797 0.04071428571428572 0.09644670050761421
3 0.5575 0.4733502538071066 0.04071428571428572 0.09390862944162437
3 0.5746428571428571 0.6802030456852792 0.039285714285714285 0.09390862944162437
3 0.5096428571428572 0.6383248730964467 0.04642857142857143 0.09644670050761421
3 0.4142857142857143 0.5843908629441624 0.054285714285714284 0.10532994923857868
3 0.5821428571428572 0.40482233502538073 0.037142857142857144 0.08121827411167512
3 0.6142857142857143 0.41053299492385786 0.032857142857142856 0.0850253807106599
3 0.6453571428571429 0.4270304568527919 0.03214285714285714 0.07487309644670051
3 0.6796428571428571 0.43718274111675126 0.03642857142857143 0.0850253807106599
3 0.5557142857142857 0.375 0.04 0.0850253807106599
3 0.5253571428571429 0.36548223350253806 0.035 0.07106598984771574
3 0.6757142857142857 0.29251269035532995 0.03 0.0799492385786802
3 0.7346428571428572 0.31281725888324874 0.030714285714285715 0.0799492385786802
3 0.6196428571428572 0.2652284263959391 0.030714285714285715 0.07868020304568528
3 0.5953571428571428 0.25317258883248733 0.035 0.07233502538071065
3 0.5403571428571429 0.22779187817258884 0.03357142857142857 0.08248730964467005
3 0.5132142857142857 0.20748730964467005 0.03785714285714286 0.07741116751269035
3 0.5360714285714285 0.1567258883248731 0.039285714285714285 0.06725888324873096
3 0.5642857142857143 0.16687817258883247 0.037142857142857144 0.05964467005076142
3 0.5885714285714285 0.18464467005076143 0.03 0.06218274111675127
3 0.6125 0.1935279187817259 0.035 0.06979695431472081
3 0.6653571428571429 0.2182741116751269 0.027857142857142858 0.0583756345177665
3 0.6925 0.22906091370558376 0.03357142857142857 0.06725888324873096
3 0.7221428571428572 0.23540609137055837 0.03142857142857143 0.06979695431472081
3 0.7460714285714286 0.25317258883248733 0.030714285714285715 0.06218274111675127
3 0.8064285714285714 0.282994923857868 0.032857142857142856 0.06598984771573604
3 0.7957142857142857 0.15291878172588833 0.02857142857142857 0.07487309644670051
3 0.6660714285714285 0.10279187817258884 0.027857142857142858 0.06091370558375635
3 0.3475 0.15101522842639595 0.03785714285714286 0.05583756345177665
3 0.4517857142857143 0.10088832487309644 0.047857142857142855 0.05456852791878172
3 0.4282142857142857 0.04060913705583756 0.04357142857142857 0.04060913705583756
3 0.3271428571428571 0.0450507614213198 0.05 0.046954314720812185
3 0.18571428571428572 0.07931472081218274 0.045714285714285714 0.05203045685279188
3 0.14785714285714285 0.06408629441624365 0.03857142857142857 0.05456852791878172
3 0.2225 0.0901015228426396 0.039285714285714285 0.0532994923857868
3 0.24285714285714285 0.10469543147208121 0.04285714285714286 0.05710659898477157
3 0.28464285714285714 0.12055837563451777 0.035 0.048223350253807105
3 0.32142857142857145 0.14593908629441624 0.032857142857142856 0.0532994923857868
3 0.38857142857142857 0.1751269035532995 0.03428571428571429 0.0583756345177665
3 0.46464285714285714 0.07868020304568528 0.04214285714285714 0.03807106598984772
3 0.4957142857142857 0.020939086294416244 0.047142857142857146 0.04187817258883249
3 0.5914285714285714 0.025380710659898477 0.03428571428571429 0.050761421319796954
3 0.5003571428571428 0.4416243654822335 0.039285714285714285 0.10152284263959391
4 0.4639285714285714 0.4213197969543147 0.04071428571428572 0.10152284263959391
3 0.5010714285714286 0.3470812182741117 0.030714285714285715 0.07233502538071065
3 0.4657142857142857 0.33185279187817257 0.03 0.06979695431472081
4 0.5435714285714286 0.6560913705583756 0.04285714285714286 0.10913705583756345
4 0.8235714285714286 0.15291878172588833 0.03 0.0799492385786802
4 0.6928571428571428 0.10977157360406091 0.027142857142857142 0.06725888324873096
4 0.6446428571428572 0.08565989847715735 0.03357142857142857 0.07487309644670051
4 0.6207142857142857 0.07677664974619289 0.032857142857142856 0.07487309644670051
4 0.5939285714285715 0.07296954314720812 0.030714285714285715 0.0799492385786802
4 0.5721428571428572 0.06218274111675127 0.03142857142857143 0.06852791878172589
4 0.475 0.0532994923857868 0.05 0.0583756345177665
4 0.41035714285714286 0.18083756345177665 0.039285714285714285 0.06979695431472081
4 0.7714285714285715 0.017766497461928935 0.024285714285714285 0.03553299492385787
4 0.7946428571428571 0.021573604060913704 0.02642857142857143 0.04314720812182741
4 0.8203571428571429 0.024746192893401017 0.02642857142857143 0.04949238578680203
4 0.8457142857142858 0.02918781725888325 0.03 0.0583756345177665
4 0.8717857142857143 0.031725888324873094 0.030714285714285715 0.06345177664974619
4 0.3367857142857143 0.022208121827411168 0.055 0.044416243654822336
3 0.21714285714285714 0.01649746192893401 0.047142857142857146 0.03299492385786802
5 0.24535714285714286 0.43908629441624364 0.085 0.13959390862944163
5 0.17892857142857144 0.4067258883248731 0.09357142857142857 0.13578680203045684
5 0.1925 0.16116751269035534 0.075 0.14213197969543148
5 0.2717857142857143 0.18464467005076143 0.065 0.13324873096446702
5 0.3482142857142857 0.22906091370558376 0.056428571428571425 0.1281725888324873
5 0.24 0.17956852791878172 0.07 0.13578680203045684
5 0.14785714285714285 0.39911167512690354 0.09285714285714286 0.16116751269035534
5 0.10892857142857143 0.4016497461928934 0.07214285714285715 0.15609137055837563
5 0.07892857142857143 0.38451776649746194 0.07214285714285715 0.13705583756345177
5 0.055 0.3680203045685279 0.07142857142857142 0.13451776649746192
5 0.0375 0.34517766497461927 0.075 0.15228426395939088
8 0.28035714285714286 0.8972081218274112 0.19357142857142856 0.20304568527918782
0 0.17035714285714285 0.5501269035532995 0.017857142857142856 0.03426395939086294
0 0.1667857142857143 0.5279187817258884 0.010714285714285714 0.03807106598984772
3 0.985 0.5463197969543148 0.03 0.09517766497461928
3 0.9835714285714285 0.45621827411167515 0.032857142857142856 0.0799492385786802