3 0.51 0.8661167512690355 0.012857142857142857 0.044416243654822336
3 0.5014285714285714 0.7125634517766497 0.01 0.031725888324873094
3 0.5142857142857142 0.6072335025380711 0.017142857142857144 0.0266497461928934
3 0.48178571428571426 0.5710659898477157 0.012142857142857143 0.027918781725888325
3 0.5121428571428571 0.5203045685279187 0.017142857142857144 0.02030456852791878
3 0.5614285714285714 0.5355329949238579 0.02142857142857143 0.017766497461928935
4 0.5475 0.5209390862944162 0.017857142857142856 0.01649746192893401
3 0.3025 0.48921319796954316 0.019285714285714285 0.01903553299492386
3 0.3217857142857143 0.4866751269035533 0.017857142857142856 0.01649746192893401
8 0.32357142857142857 0.5152284263959391 0.03428571428571429 0.030456852791878174
3 0.4282142857142857 0.5133248730964467 0.019285714285714285 0.01649746192893401
3 0.4107142857142857 0.48921319796954316 0.015714285714285715 0.013959390862944163
4 0.1957142857142857 0.49555837563451777 0.015714285714285715 0.01649746192893401