0 0.2774008350730689 0.04313543599257885 0.006784968684759917 0.023191094619666047
4 0.29592901878914407 0.06215213358070501 0.024008350730688934 0.04452690166975881
3 0.278705636743215 0.07931354359925788 0.025052192066805846 0.038033395176252316
3 0.25704592901878914 0.08812615955473098 0.02348643006263048 0.03896103896103896
3 0.33585594989561585 0.42207792207792205 0.02661795407098121 0.059369202226345084
3 0.3598643006263048 0.40816326530612246 0.030793319415448852 0.061224489795918366
3 0.5062630480167014 0.9786641929499073 0.037578288100208766 0.04081632653061224
3 0.5874217118997912 0.8849721706864564 0.055845511482254695 0.1038961038961039
3 0.7622651356993737 0.511595547309833 0.037056367432150315 0.07884972170686456
3 0.7873173277661796 0.47959183673469385 0.044363256784968684 0.07606679035250463
4 0.8564718162839249 0.42207792207792205 0.04488517745302714 0.05009276437847866