3 0.0275 0.6345177664974619 0.019285714285714285 0.03299492385786802
3 0.06357142857142857 0.5 0.022857142857142857 0.030456852791878174
3 0.1432142857142857 0.38451776649746194 0.023571428571428573 0.030456852791878174
3 0.1682142857142857 0.3616751269035533 0.023571428571428573 0.025380710659898477
3 0.19071428571428573 0.3362944162436548 0.02 0.02284263959390863
9 0.20714285714285716 0.3197969543147208 0.007142857142857143 0.012690355329949238
1 0.20714285714285716 0.315989847715736 0.005714285714285714 0.01015228426395939
0 0.06571428571428571 0.31408629441624364 0.005714285714285714 0.013959390862944163
0 0.07392857142857143 0.31281725888324874 0.005 0.01649746192893401
0 0.08 0.3153553299492386 0.004285714285714286 0.013959390862944163
0 0.08535714285714285 0.3096446700507614 0.005 0.015228426395939087
0 0.06892857142857142 0.32550761421319796 0.005 0.013959390862944163
3 0.5467857142857143 0.5444162436548223 0.016428571428571428 0.048223350253807105
3 0.5382142857142858 0.37817258883248733 0.012142857142857143 0.03553299492385787
3 0.5475 0.3362944162436548 0.010714285714285714 0.027918781725888325
3 0.5310714285714285 0.2817258883248731 0.010714285714285714 0.02284263959390863
3 0.5257142857142857 0.23857868020304568 0.011428571428571429 0.02030456852791878
8 0.6396428571428572 0.26776649746192893 0.060714285714285714 0.06091370558375635
3 0.49464285714285716 0.1446700507614213 0.007857142857142858 0.015228426395939087
3 0.4878571428571429 0.12309644670050761 0.008571428571428572 0.012690355329949238
3 0.5192857142857142 0.08946700507614214 0.008571428571428572 0.013959390862944163
8 0.8575 0.3013959390862944 0.06928571428571428 0.05203045685279188
8 0.78 0.3052030456852792 0.054285714285714284 0.04187817258883249