3 0.4968684759916493 0.9369202226345084 0.033402922755741124 0.10575139146567718
3 0.5725469728601252 0.9072356215213359 0.030271398747390398 0.09647495361781076
3 0.6544885177453027 0.9211502782931354 0.028183716075156576 0.08163265306122448
3 0.659446764091858 0.6985157699443414 0.02348643006263048 0.059369202226345084
3 0.5868997912317327 0.6790352504638218 0.024530271398747392 0.0575139146567718
3 0.5386221294363257 0.5983302411873841 0.024008350730688934 0.0575139146567718
3 0.5915970772442589 0.599721706864564 0.01826722338204593 0.04916512059369202
3 0.5670668058455115 0.563543599257885 0.019311064718162838 0.05473098330241188
3 0.6270876826722338 0.5783858998144712 0.019311064718162838 0.041743970315398886
3 0.5775052192066806 0.4782003710575139 0.01722338204592902 0.04359925788497217
3 0.5568893528183716 0.4359925788497217 0.016701461377870562 0.03896103896103896
3 0.3703027139874739 0.45732838589981445 0.03496868475991649 0.03153988868274583
3 0.43345511482254695 0.39564007421150277 0.037056367432150315 0.026901669758812616
3 0.6320459290187892 0.4615027829313544 0.016701461377870562 0.036178107606679034
3 0.6563152400835073 0.4517625231910946 0.01722338204592902 0.03896103896103896
3 0.8596033402922756 0.5157699443413729 0.04279749478079332 0.03339517625231911
3 0.5701983298538622 0.3719851576994434 0.014091858037578288 0.03339517625231911
3 0.5882045929018789 0.3942486085343228 0.016701461377870562 0.03710575139146568
3 0.5748956158663883 0.3181818181818182 0.014091858037578288 0.027829313543599257
3 0.5952505219206681 0.32421150278293137 0.012004175365344467 0.026901669758812616
3 0.6351774530271399 0.3200371057513915 0.012526096033402923 0.02411873840445269
3 0.6670146137787056 0.310760667903525 0.014613778705636743 0.02411873840445269
3 0.5827244258872651 0.28385899814471244 0.012004175365344467 0.02411873840445269
3 0.5921189979123174 0.2189239332096475 0.008872651356993737 0.02040816326530612
3 0.6085594989561587 0.18506493506493507 0.009394572025052192 0.017625231910946195
3 0.6492693110647182 0.25510204081632654 0.010438413361169102 0.02040816326530612
5 0.6375260960334029 0.21614100185528756 0.009916492693110648 0.025974025974025976
3 0.6510960334029228 0.212430426716141 0.009916492693110648 0.02040816326530612
3 0.6022964509394572 0.14842300556586271 0.009394572025052192 0.016697588126159554
3 0.6197807933194155 0.13172541743970315 0.006784968684759917 0.01855287569573284
3 0.649008350730689 0.1391465677179963 0.007828810020876827 0.011131725417439703
4 0.6443110647181628 0.1150278293135436 0.007828810020876827 0.014842300556586271
3 0.6385699373695198 0.08116883116883117 0.005741127348643006 0.013914656771799629
3 0.6477035490605428 0.06307977736549165 0.006263048016701462 0.011131725417439703
3 0.7653966597077244 0.2764378478664193 0.02661795407098121 0.02040816326530612
3 0.7364300626304802 0.2435064935064935 0.021920668058455117 0.015769944341372914
4 0.7369519832985386 0.22912801484230055 0.017745302713987474 0.01855287569573284
4 0.7322546972860126 0.20454545454545456 0.024008350730688934 0.021335807050092765
4 0.7257306889352818 0.18831168831168832 0.01826722338204593 0.016697588126159554
3 0.7262526096033403 0.1794990723562152 0.01826722338204593 0.013914656771799629
3 0.7160751565762005 0.14471243042671614 0.015657620041753653 0.014842300556586271
3 0.7176409185803758 0.13868274582560297 0.014613778705636743 0.01020408163265306
4 0.7118997912317327 0.13218923933209648 0.014613778705636743 0.012059369202226345
4 0.7168580375782881 0.12105751391465677 0.014091858037578288 0.013914656771799629
3 0.7129436325678496 0.11873840445269017 0.014613778705636743 0.011131725417439703
3 0.7092901878914405 0.09833024118738404 0.012526096033402923 0.00927643784786642
3 0.7085073068893528 0.09461966604823747 0.014091858037578288 0.0074211502782931356
3 0.7223382045929019 0.08673469387755102 0.014613778705636743 0.012059369202226345
3 0.7056367432150313 0.08487940630797773 0.013569937369519834 0.008348794063079777
4 0.6962421711899791 0.05380333951762523 0.013569937369519834 0.00927643784786642
4 0.6847599164926931 0.05890538033395176 0.006263048016701462 0.012059369202226345
3 0.6965031315240083 0.1637291280148423 0.009916492693110648 0.015769944341372914
3 0.6808455114822547 0.011131725417439703 0.004697286012526096 0.00927643784786642
4 0.6795407098121086 0.00463821892393321 0.0041753653444676405 0.00927643784786642
0 0.68241127348643 0.0686456400742115 0.0015657620041753654 0.00927643784786642
0 0.6813674321503131 0.11085343228200371 0.0026096033402922755 0.01020408163265306
9 0.7147703549060542 0.29916512059369205 0.0036534446764091857 0.015769944341372914
1 0.7030271398747391 0.32838589981447125 0.003131524008350731 0.00927643784786642
9 0.701722338204593 0.33302411873840443 0.0036534446764091857 0.014842300556586271
1 0.7447807933194155 0.37244897959183676 0.0020876826722338203 0.012059369202226345
9 0.7439979123173278 0.37894248608534326 0.004697286012526096 0.012059369202226345
1 0.732776617954071 0.41233766233766234 0.0041753653444676405 0.013914656771799629
2 0.7312108559498957 0.41883116883116883 0.0041753653444676405 0.013914656771799629
1 0.6884133611691023 0.4670686456400742 0.005219206680584551 0.015769944341372914
1 0.7622651356993737 0.4642857142857143 0.0036534446764091857 0.013914656771799629
1 0.8243736951983298 0.436456400742115 0.0026096033402922755 0.013914656771799629
1 0.8491649269311065 0.44155844155844154 0.003131524008350731 0.012987012987012988
1 0.8515135699373695 0.44109461966604824 0.0026096033402922755 0.013914656771799629
1 0.8755219206680585 0.4457328385899815 0.0036534446764091857 0.012059369202226345
9 0.8742171189979123 0.45269016697588127 0.014613778705636743 0.012987012987012988
9 0.8481210855949896 0.44758812615955473 0.012526096033402923 0.008348794063079777
9 0.8225469728601252 0.44063079777365494 0.014613778705636743 0.00927643784786642
9 0.7612212943632568 0.4712430426716141 0.005741127348643006 0.016697588126159554
9 0.7309498956158664 0.4197588126159555 0.006784968684759917 0.012059369202226345
9 0.6876304801670147 0.47634508348794063 0.004697286012526096 0.013914656771799629
1 0.7698329853862212 0.8794063079777366 0.006263048016701462 0.01855287569573284
9 0.7664405010438413 0.890074211502783 0.008872651356993737 0.021335807050092765
1 0.4809498956158664 0.4684601113172542 0.004697286012526096 0.012987012987012988
1 0.47677453027139877 0.4225417439703154 0.0036534446764091857 0.01020408163265306
1 0.5127870563674322 0.31493506493506496 0.0036534446764091857 0.008348794063079777
1 0.5232254697286013 0.3014842300556586 0.0026096033402922755 0.011131725417439703
1 0.5323590814196242 0.312152133580705 0.0041753653444676405 0.012059369202226345
1 0.5373173277661796 0.3038033395176252 0.0036534446764091857 0.01020408163265306
9 0.5120041753653445 0.3232838589981447 0.003131524008350731 0.01020408163265306
9 0.5227035490605428 0.30890538033395176 0.0026096033402922755 0.00927643784786642
9 0.5315762004175365 0.3181818181818182 0.004697286012526096 0.012987012987012988
9 0.5367954070981211 0.31307977736549164 0.0036534446764091857 0.012059369202226345
9 0.4762526096033403 0.4327458256029685 0.0036534446764091857 0.013914656771799629
9 0.47964509394572025 0.4800556586270872 0.005219206680584551 0.013914656771799629
9 0.5234864300626305 0.28385899814471244 0.0020876826722338203 0.00927643784786642
1 0.524008350730689 0.27968460111317256 0.0041753653444676405 0.013914656771799629
0 0.6933716075156576 0.11549165120593692 0.0015657620041753654 0.01020408163265306