3 0.07907098121085596 0.6674397031539888 0.05167014613778706 0.032467532467532464
3 0.09159707724425888 0.634508348794063 0.05167014613778706 0.03153988868274583
3 0.48982254697286015 0.1836734693877551 0.009916492693110648 0.02040816326530612
3 0.5367954070981211 0.18970315398886828 0.008872651356993737 0.017625231910946195
3 0.5169624217118998 0.4512987012987013 0.015135699373695199 0.04359925788497217
3 0.4945198329853862 0.4846938775510204 0.012004175365344467 0.039888682745825604
3 0.517223382045929 0.5204081632653061 0.014613778705636743 0.04267161410018553
3 0.4913883089770355 0.5287569573283859 0.015135699373695199 0.05194805194805195
3 0.4877348643006263 0.5885899814471243 0.016179540709812108 0.05287569573283859
3 0.5180062630480167 0.6062152133580705 0.016179540709812108 0.05658627087198516
3 0.4890396659707724 0.6706864564007421 0.021920668058455117 0.06679035250463822
3 0.5174843423799582 0.6910946196660482 0.01722338204592902 0.0575139146567718
3 0.4887787056367432 0.7504638218923934 0.019311064718162838 0.07421150278293136
3 0.48851774530271397 0.849721706864564 0.020876826722338204 0.09276437847866419
3 0.5618475991649269 0.8520408163265306 0.02661795407098121 0.09554730983302412
5 0.5245302713987474 0.8302411873840445 0.025052192066805846 0.10575139146567718
3 0.48408141962421714 0.9707792207792207 0.027661795407098122 0.05658627087198516
4 0.5224425887265136 0.9591836734693877 0.029227557411273485 0.07977736549165121
3 0.5678496868475992 0.9712430426716141 0.026096033402922755 0.055658627087198514
8 0.49765135699373697 0.3010204081632653 0.02035490605427975 0.06586270871985157
1 0.4157098121085595 0.4967532467532468 0.008872651356993737 0.01020408163265306
9 0.41623173277661796 0.5088126159554731 0.007828810020876827 0.01948051948051948