8 0.4953571428571429 0.1434010152284264 0.030714285714285715 0.02284263959390863
8 0.5471428571428572 0.14403553299492386 0.03 0.021573604060913704
8 0.6017857142857143 0.13895939086294415 0.04214285714285714 0.024111675126903553
8 0.6514285714285715 0.1434010152284264 0.03142857142857143 0.02030456852791878
8 0.7007142857142857 0.13959390862944163 0.04428571428571428 0.030456852791878174
0 0.5796428571428571 0.13769035532994925 0.002142857142857143 0.011421319796954314
0 0.5646428571428571 0.1351522842639594 0.002142857142857143 0.011421319796954314
0 0.5664285714285714 0.1446700507614213 0.002857142857142857 0.012690355329949238
0 0.6271428571428571 0.13642131979695432 0.002857142857142857 0.013959390862944163
4 0.7478571428571429 0.1833756345177665 0.011428571428571429 0.024111675126903553
3 0.735 0.1865482233502538 0.008571428571428572 0.015228426395939087
3 0.7235714285714285 0.2468274111675127 0.011428571428571429 0.021573604060913704
3 0.6421428571428571 0.18908629441624367 0.012857142857142857 0.01015228426395939
4 0.6007142857142858 0.18908629441624367 0.014285714285714285 0.012690355329949238
9 0.5714285714285714 0.21446700507614214 0.007142857142857143 0.01015228426395939
9 0.5489285714285714 0.22779187817258884 0.0035714285714285713 0.011421319796954314
0 0.5671428571428572 0.22208121827411167 0.002857142857142857 0.012690355329949238
0 0.6039285714285715 0.20939086294416243 0.0035714285714285713 0.01015228426395939
0 0.5875 0.20621827411167512 0.002142857142857143 0.011421319796954314
0 0.5828571428571429 0.20875634517766498 0.002857142857142857 0.011421319796954314
0 0.5953571428571428 0.20621827411167512 0.002142857142857143 0.011421319796954314
0 0.6171428571428571 0.217005076142132 0.002857142857142857 0.012690355329949238
0 0.5157142857142857 0.258248730964467 0.002857142857142857 0.013959390862944163
0 0.5175 0.26015228426395937 0.0035714285714285713 0.012690355329949238
0 0.6596428571428572 0.25888324873096447 0.002142857142857143 0.015228426395939087
0 0.645 0.2880710659898477 0.002857142857142857 0.015228426395939087
0 0.6485714285714286 0.28553299492385786 0.002857142857142857 0.015228426395939087
0 0.6428571428571429 0.27982233502538073 0.002857142857142857 0.013959390862944163
0 0.645 0.2785532994923858 0.002857142857142857 0.013959390862944163
0 0.6371428571428571 0.3083756345177665 0.002857142857142857 0.015228426395939087
0 0.6314285714285715 0.3115482233502538 0.002857142857142857 0.01649746192893401
0 0.6217857142857143 0.3343908629441624 0.0035714285714285713 0.013959390862944163
0 0.6175 0.33946700507614214 0.005 0.01649746192893401
0 0.6085714285714285 0.34581218274111675 0.004285714285714286 0.01649746192893401
0 0.6132142857142857 0.34517766497461927 0.0035714285714285713 0.017766497461928935
0 0.6292857142857143 0.49746192893401014 0.005714285714285714 0.025380710659898477
0 0.6310714285714286 0.5088832487309645 0.005 0.027918781725888325
0 0.6871428571428572 0.6230964467005076 0.01 0.03299492385786802
0 0.6803571428571429 0.616751269035533 0.0064285714285714285 0.025380710659898477
0 0.6307142857142857 0.5970812182741116 0.007142857142857143 0.031725888324873094
0 0.6346428571428572 0.6389593908629442 0.0064285714285714285 0.031725888324873094
0 0.26035714285714284 0.6802030456852792 0.0064285714285714285 0.03553299492385787
0 0.34785714285714286 0.47715736040609136 0.005714285714285714 0.025380710659898477
0 0.3525 0.47779187817258884 0.005 0.021573604060913704
0 0.4432142857142857 0.3083756345177665 0.005 0.017766497461928935
0 0.4342857142857143 0.32614213197969544 0.004285714285714286 0.017766497461928935
0 0.4042857142857143 0.36548223350253806 0.004285714285714286 0.02284263959390863
0 0.40964285714285714 0.36421319796954316 0.005 0.02284263959390863
0 0.3817857142857143 0.4270304568527919 0.005 0.0266497461928934
5 0.4125 0.4168781725888325 0.029285714285714286 0.05964467005076142
5 0.42928571428571427 0.3813451776649746 0.027142857142857142 0.044416243654822336
4 0.4357142857142857 0.366751269035533 0.022857142857142857 0.027918781725888325
4 0.4610714285714286 0.3153553299492386 0.016428571428571428 0.021573604060913704
4 0.4764285714285714 0.3001269035532995 0.018571428571428572 0.024111675126903553
4 0.4975 0.2893401015228426 0.013571428571428571 0.017766497461928935
3 0.5121428571428571 0.28109137055837563 0.014285714285714285 0.01649746192893401
3 0.45571428571428574 0.33121827411167515 0.024285714285714285 0.017766497461928935