3 0.17642857142857143 0.9581218274111675 0.07428571428571429 0.07614213197969544
3 0.2835714285714286 0.6738578680203046 0.06714285714285714 0.06091370558375635
0 0.40285714285714286 0.4885786802030457 0.011428571428571429 0.02030456852791878
0 0.3867857142857143 0.45685279187817257 0.009285714285714286 0.015228426395939087
0 0.38642857142857145 0.43718274111675126 0.01 0.021573604060913704
3 0.5532142857142858 0.5958121827411168 0.06785714285714285 0.05964467005076142
9 0.5285714285714286 0.506979695431472 0.027142857142857142 0.021573604060913704
0 0.46464285714285714 0.19796954314720813 0.010714285714285714 0.02284263959390863
0 0.7439285714285714 0.866751269035533 0.009285714285714286 0.02030456852791878
3 0.8521428571428571 0.5044416243654822 0.06571428571428571 0.05456852791878172
3 0.6653571428571429 0.4987309644670051 0.06928571428571428 0.06091370558375635