1 0.601 0.921 0.025 0.054
3 0.688 0.881 0.063 0.11666666666666667
9 0.74975 0.983 0.0485 0.034
0 0.681 0.986 0.017 0.028
5 0.333 0.8756666666666667 0.104 0.15133333333333332
0 0.35875 0.8823333333333333 0.0275 0.07133333333333333
5 0.60275 0.737 0.1025 0.066
0 0.5505 0.7246666666666667 0.013 0.03866666666666667
3 0.56 0.6833333333333333 0.032 0.052
9 0.5185 0.7 0.013 0.036
9 0.5245 0.657 0.012 0.026
9 0.49975 0.625 0.0105 0.024666666666666667
9 0.5305 0.6203333333333333 0.011 0.023333333333333334
9 0.54775 0.5406666666666666 0.0065 0.014666666666666666
9 0.54025 0.508 0.0045 0.010666666666666666
1 0.5175 0.698 0.012 0.02666666666666667
1 0.5175 0.689 0.012 0.027333333333333334
1 0.5245 0.6506666666666666 0.01 0.028
1 0.53025 0.614 0.0085 0.021333333333333333
1 0.4985 0.6256666666666667 0.008 0.018
1 0.49975 0.6186666666666667 0.0095 0.025333333333333333
1 0.54675 0.54 0.0055 0.013333333333333334
1 0.5475 0.536 0.005 0.014666666666666666
1 0.54025 0.5036666666666667 0.0045 0.011333333333333334
0 0.5435 0.601 0.007 0.028666666666666667
0 0.55075 0.6006666666666667 0.0075 0.028
0 0.54475 0.585 0.0075 0.024666666666666667
9 0.57775 0.598 0.0135 0.017333333333333333
5 0.56675 0.565 0.0205 0.035333333333333335
5 0.46475 0.639 0.0365 0.05
0 0.44975 0.625 0.0065 0.028666666666666667
0 0.45375 0.6256666666666667 0.0065 0.023333333333333334
4 0.49025 0.572 0.0185 0.032
2 0.51175 0.5683333333333334 0.0045 0.018
2 0.52775 0.5516666666666666 0.0055 0.016666666666666666
0 0.51375 0.5653333333333334 0.0075 0.021333333333333333
1 0.512 0.5623333333333334 0.004 0.011333333333333334
1 0.52725 0.546 0.0055 0.018666666666666668
5 0.479 0.5533333333333333 0.049 0.04
3 0.51225 0.531 0.0175 0.024666666666666667
3 0.5175 0.517 0.027 0.018
5 0.60525 0.5186666666666667 0.0265 0.04533333333333334
3 0.5275 0.49733333333333335 0.012 0.014666666666666666
0 0.5365 0.497 0.004 0.012666666666666666