3 0.6455 0.8183333333333334 0.14 0.12466666666666666
3 0.77775 0.9143333333333333 0.1235 0.17133333333333334
4 0.70225 0.7043333333333334 0.1435 0.13666666666666666
3 0.738 0.6253333333333333 0.138 0.1
0 0.741 0.658 0.021 0.052
3 0.77925 0.5463333333333333 0.1395 0.094
5 0.821 0.4663333333333333 0.13 0.08733333333333333
3 0.861 0.3903333333333333 0.116 0.07666666666666666
3 0.3835 0.3993333333333333 0.124 0.07333333333333333
4 0.4245 0.3263333333333333 0.124 0.08333333333333333
3 0.455 0.2753333333333333 0.086 0.06133333333333333
5 0.55275 0.19333333333333333 0.1405 0.15733333333333333
0 0.47825 0.18766666666666668 0.0075 0.05
3 0.57575 0.15466666666666667 0.0845 0.05466666666666667
3 0.69625 0.059666666666666666 0.0715 0.06466666666666666
3 0.5895 0.9576666666666667 0.172 0.08066666666666666
5 0.8865 0.267 0.184 0.142
4 0.8755 0.21833333333333332 0.13 0.07666666666666666
3 0.946 0.20466666666666666 0.105 0.06
4 0.963 0.148 0.074 0.06533333333333333
1 0.913 0.07166666666666667 0.016 0.024666666666666667
1 0.917 0.061 0.012 0.023333333333333334