3 0.7235714285714285 0.8654822335025381 0.02857142857142857 0.07614213197969544
3 0.7235714285714285 0.5196700507614214 0.015714285714285715 0.03426395939086294
3 0.7217857142857143 0.47715736040609136 0.013571428571428571 0.030456852791878174
3 0.7160714285714286 0.4086294416243655 0.010714285714285714 0.02284263959390863
3 0.67 0.4143401015228426 0.012857142857142857 0.021573604060913704
3 0.6578571428571428 0.5317258883248731 0.015714285714285715 0.025380710659898477
3 0.7060714285714286 0.3217005076142132 0.009285714285714286 0.01903553299492386
3 0.715 0.2836294416243655 0.008571428571428572 0.013959390862944163
3 0.7007142857142857 0.27093908629441626 0.007142857142857143 0.013959390862944163
3 0.7117857142857142 0.25951776649746194 0.0064285714285714285 0.013959390862944163
3 0.7007142857142857 0.25444162436548223 0.007142857142857143 0.011421319796954314
3 0.7110714285714286 0.24048223350253808 0.007857142857142858 0.011421319796954314
3 0.7471428571428571 0.217005076142132 0.007142857142857143 0.01015228426395939
3 0.7925 0.20812182741116753 0.009285714285714286 0.01015228426395939
3 0.7378571428571429 0.21192893401015228 0.01 0.01015228426395939
3 0.7732142857142857 0.2017766497461929 0.009285714285714286 0.01015228426395939
3 0.8039285714285714 0.1935279187817259 0.010714285714285714 0.011421319796954314
3 0.8210714285714286 0.19225888324873097 0.007857142857142858 0.011421319796954314
4 0.7025 0.2887055837563452 0.009285714285714286 0.01903553299492386
3 0.6696428571428571 0.26078680203045684 0.0064285714285714285 0.013959390862944163
3 0.6871428571428572 0.24555837563451777 0.007142857142857143 0.013959390862944163
3 0.7 0.22906091370558376 0.007142857142857143 0.008883248730964468
3 0.7560714285714286 0.2017766497461929 0.009285714285714286 0.01015228426395939
3 0.835 0.18718274111675126 0.01 0.011421319796954314
3 0.8932142857142857 0.1802030456852792 0.007857142857142858 0.01015228426395939
3 0.8775 0.1782994923857868 0.0064285714285714285 0.011421319796954314
3 0.8682142857142857 0.18210659898477158 0.0064285714285714285 0.011421319796954314
3 0.6225 0.4270304568527919 0.009285714285714286 0.01903553299492386
3 0.6242857142857143 0.40926395939086296 0.008571428571428572 0.013959390862944163
3 0.625 0.39911167512690354 0.007142857142857143 0.013959390862944163
3 0.6189285714285714 0.3680203045685279 0.009285714285714286 0.015228426395939087
3 0.49357142857142855 0.49111675126903553 0.025714285714285714 0.017766497461928935
3 0.495 0.4847715736040609 0.022857142857142857 0.017766497461928935
5 0.5039285714285714 0.43210659898477155 0.027857142857142858 0.02918781725888325
5 0.7528571428571429 0.5006345177664975 0.02857142857142857 0.08756345177664974
5 0.6796428571428571 0.3147208121827411 0.013571428571428571 0.03553299492385787
5 0.665 0.3134517766497462 0.011428571428571429 0.030456852791878174
8 0.6646428571428571 0.3432741116751269 0.013571428571428571 0.05456852791878172
8 0.7925 0.4029187817258883 0.017857142857142856 0.04187817258883249
3 0.5889285714285715 0.41751269035532995 0.009285714285714286 0.02030456852791878
4 0.42642857142857143 0.32614213197969544 0.017142857142857144 0.015228426395939087
3 0.4475 0.3210659898477157 0.010714285714285714 0.01015228426395939
3 0.4517857142857143 0.315989847715736 0.013571428571428571 0.01015228426395939
3 0.4575 0.3115482233502538 0.013571428571428571 0.011421319796954314
3 0.4835714285714286 0.41814720812182743 0.012857142857142857 0.021573604060913704
3 0.3892857142857143 0.38261421319796957 0.012857142857142857 0.01903553299492386
9 0.6507142857142857 0.6288071065989848 0.008571428571428572 0.0266497461928934
9 0.7385714285714285 0.42956852791878175 0.005714285714285714 0.01649746192893401
9 0.7164285714285714 0.38071065989847713 0.005714285714285714 0.017766497461928935
3 0.7721428571428571 0.4352791878172589 0.011428571428571429 0.02030456852791878