9 0.2567849686847599 0.07977736549165121 0.008350730688935281 0.027829313543599257
1 0.21137787056367432 0.19758812615955473 0.012526096033402923 0.025974025974025976
9 0.16544885177453028 0.32606679035250463 0.020876826722338204 0.041743970315398886
1 0.20850730688935282 0.4160482374768089 0.02139874739039666 0.05287569573283859
2 0.22077244258872653 0.4104823747680891 0.015657620041753653 0.05658627087198516
7 0.1296972860125261 0.3984230055658627 0.06002087682672234 0.07328385899814471
7 0.09055323590814196 0.4559369202226345 0.05897703549060543 0.06771799628942486
6 0.16022964509394572 0.5793135435992579 0.04697286012526096 0.1345083487940631
6 0.04775574112734864 0.524582560296846 0.05793319415448852 0.075139146567718
6 0.026356993736951984 0.5718923933209648 0.05271398747390397 0.08256029684601113
0 0.014613778705636743 0.5946196660482375 0.021920668058455117 0.06493506493506493
1 0.02583507306889353 0.5769944341372912 0.02035490605427975 0.03525046382189239
1 0.06837160751565761 0.5217996289424861 0.021920668058455117 0.036178107606679034
0 0.12447807933194155 0.46335807050092764 0.01722338204592902 0.05287569573283859
0 0.13178496868475992 0.44109461966604824 0.019311064718162838 0.04916512059369202
0 0.07411273486430063 0.4225417439703154 0.015657620041753653 0.036178107606679034
0 0.08429018789144051 0.42810760667903525 0.015135699373695199 0.036178107606679034
0 0.08559498956158663 0.41233766233766234 0.015657620041753653 0.0287569573283859
0 0.03418580375782881 0.4076994434137291 0.024530271398747392 0.045454545454545456
1 0.03418580375782881 0.44434137291280146 0.016179540709812108 0.025974025974025976
1 0.024008350730688934 0.43506493506493504 0.014613778705636743 0.025974025974025976
1 0.014613778705636743 0.43413729128014844 0.013569937369519834 0.022263450834879406
0 0.008350730688935281 0.3529684601113173 0.016701461377870562 0.03432282003710575
0 0.04514613778705637 0.7685528756957328 0.03392484342379958 0.05473098330241188
0 0.008350730688935281 0.7662337662337663 0.014613778705636743 0.03710575139146568
0 0.07489561586638831 0.7119666048237476 0.016179540709812108 0.06771799628942486
0 0.09081419624217119 0.7282003710575139 0.021920668058455117 0.061224489795918366
1 0.09707724425887265 0.698051948051948 0.020876826722338204 0.05102040816326531
2 0.1761482254697286 0.6335807050092764 0.02244258872651357 0.06493506493506493
2 0.18815240083507306 0.6437847866419295 0.024530271398747392 0.059369202226345084
2 0.20250521920668058 0.6252319109461967 0.024008350730688934 0.04823747680890538
2 0.2035490605427975 0.640074211502783 0.021920668058455117 0.05380333951762523
2 0.20798538622129437 0.6391465677179963 0.02244258872651357 0.055658627087198514
2 0.22390396659707723 0.6419294990723562 0.032359081419624215 0.05380333951762523
2 0.22938413361169102 0.6391465677179963 0.02870563674321503 0.05194805194805195
2 0.2518267223382046 0.6275510204081632 0.02661795407098121 0.05473098330241188
0 0.26383089770354906 0.5496289424860853 0.02348643006263048 0.06029684601113173
0 0.2862734864300626 0.5408163265306123 0.009916492693110648 0.03525046382189239
1 0.29201461377870563 0.5468460111317254 0.016179540709812108 0.039888682745825604
2 0.272964509394572 0.6057513914656771 0.018789144050104383 0.0575139146567718
2 0.2805323590814196 0.6066790352504638 0.02348643006263048 0.06493506493506493
6 0.2640918580375783 0.6679035250463822 0.04801670146137787 0.07977736549165121
1 0.28131524008350733 0.7133580705009277 0.016701461377870562 0.027829313543599257
0 0.3238517745302714 0.7226345083487941 0.02139874739039666 0.055658627087198514
9 0.2291231732776618 0.7968460111317254 0.04175365344467641 0.055658627087198514
6 0.1884133611691023 0.8993506493506493 0.059498956158663886 0.08441558441558442
1 0.22129436325678498 0.8877551020408163 0.03966597077244259 0.04638218923933209
0 0.1951983298538622 0.9707792207792207 0.038622129436325675 0.05473098330241188
0 0.36038622129436326 0.7388682745825603 0.014091858037578288 0.04730983302411874
0 0.35464509394572025 0.7226345083487941 0.014091858037578288 0.04267161410018553
0 0.3627348643006263 0.7077922077922078 0.018789144050104383 0.059369202226345084
1 0.35360125260960334 0.6479591836734694 0.02139874739039666 0.05473098330241188
9 0.3509916492693111 0.6600185528756958 0.02139874739039666 0.0640074211502783
0 0.38752609603340293 0.5964749536178108 0.02035490605427975 0.06679035250463822
0 0.37265135699373697 0.5542671614100185 0.015657620041753653 0.05473098330241188
1 0.3663883089770355 0.5180890538033395 0.016701461377870562 0.039888682745825604
1 0.41518789144050106 0.5825602968460112 0.019311064718162838 0.0575139146567718
1 0.4089248434237996 0.674860853432282 0.012004175365344467 0.045454545454545456
1 0.4110125260960334 0.6706864564007421 0.02139874739039666 0.061224489795918366
9 0.40944676409185804 0.6767161410018553 0.02035490605427975 0.06957328385899815
9 0.4133611691022965 0.5941558441558441 0.024008350730688934 0.06029684601113173
0 0.4068371607515658 0.5227272727272727 0.008872651356993737 0.032467532467532464
1 0.4026617954070981 0.5199443413729128 0.015135699373695199 0.036178107606679034
6 0.3903966597077244 0.487012987012987 0.03966597077244259 0.04823747680890538
1 0.3966597077244259 0.4684601113172542 0.014613778705636743 0.04452690166975881
0 0.41388308977035493 0.4707792207792208 0.014613778705636743 0.05844155844155844
0 0.4264091858037578 0.47680890538033394 0.017745302713987474 0.059369202226345084
6 0.4078810020876827 0.4717068645640074 0.038100208768267224 0.03432282003710575
6 0.4410229645093946 0.4893320964749536 0.025052192066805846 0.075139146567718
0 0.450678496868476 0.5157699443413729 0.015135699373695199 0.05194805194805195
0 0.4637265135699374 0.5287569573283859 0.02035490605427975 0.05194805194805195
6 0.4692066805845512 0.5241187384044527 0.037578288100208766 0.0686456400742115
7 0.4240605427974948 0.43089053803339517 0.049582463465553235 0.0640074211502783
1 0.4519832985386221 0.4197588126159555 0.012526096033402923 0.032467532467532464
0 0.4979123173277662 0.42207792207792205 0.012526096033402923 0.05380333951762523
1 0.46998956158663885 0.4076994434137291 0.013048016701461378 0.041743970315398886
9 0.47207724425887265 0.41512059369202226 0.014091858037578288 0.05658627087198516
9 0.48434237995824636 0.41929499072356213 0.016701461377870562 0.05194805194805195
7 0.43997912317327764 0.37337662337662336 0.04697286012526096 0.06215213358070501
2 0.4801670146137787 0.3817254174397032 0.013569937369519834 0.03432282003710575
1 0.4791231732776618 0.37337662337662336 0.013569937369519834 0.030612244897959183
0 0.44258872651356995 0.3538961038961039 0.012526096033402923 0.039888682745825604
0 0.45041753653444677 0.3450834879406308 0.010438413361169102 0.04638218923933209
0 0.444937369519833 0.34415584415584416 0.010960334029227558 0.04638218923933209
6 0.444937369519833 0.35111317254174396 0.048538622129436326 0.04916512059369202
1 0.45902922755741127 0.3200371057513915 0.01722338204592902 0.04638218923933209
7 0.4514613778705637 0.31307977736549164 0.05323590814196242 0.07142857142857142
3 0.48747390396659707 0.5732838589981447 0.06471816283924843 0.1280148423005566
3 0.447286012526096 0.7439703153988868 0.06680584551148225 0.18181818181818182
0 0.5255741127348643 0.9679962894248608 0.018789144050104383 0.06029684601113173
0 0.5548016701461378 0.9489795918367347 0.016701461377870562 0.06679035250463822
0 0.5808977035490606 0.9559369202226345 0.019832985386221295 0.06586270871985157
0 0.6132567849686847 0.9795918367346939 0.022964509394572025 0.03896103896103896
1 0.5996868475991649 0.9308905380333952 0.018789144050104383 0.05473098330241188
9 0.6028183716075156 0.9448051948051948 0.04592901878914405 0.05844155844155844
1 0.6417014613778705 0.8617810760667903 0.02244258872651357 0.04267161410018553
0 0.5991649269311065 0.8460111317254174 0.027139874739039668 0.0575139146567718
0 0.552713987473904 0.825139146567718 0.016701461377870562 0.06029684601113173
0 0.5448851774530271 0.813543599257885 0.015657620041753653 0.0575139146567718
0 0.6450939457202505 0.8051948051948052 0.018789144050104383 0.0575139146567718
0 0.6531837160751566 0.8260667903525046 0.013048016701461378 0.045454545454545456
0 0.6751043841336117 0.8515769944341373 0.015135699373695199 0.07235621521335807
0 0.6899791231732777 0.87847866419295 0.018789144050104383 0.07606679035250463
0 0.6962421711899791 0.9281076066790352 0.022964509394572025 0.06029684601113173
0 0.7267745302713987 0.8362708719851577 0.01826722338204593 0.045454545454545456
0 0.7398225469728601 0.825139146567718 0.016179540709812108 0.03432282003710575
9 0.5634133611691023 0.8645640074211502 0.04123173277661795 0.0575139146567718
6 0.6051670146137788 0.885899814471243 0.06941544885177453 0.059369202226345084
7 0.5858559498956158 0.8024118738404453 0.07150313152400835 0.10204081632653061
6 0.6012526096033403 0.7713358070500927 0.05636743215031315 0.06215213358070501
7 0.5294885177453027 0.7439703153988868 0.03288100208768267 0.1280148423005566
0 0.5480167014613778 0.6781076066790352 0.016701461377870562 0.055658627087198514
0 0.5143528183716075 0.6493506493506493 0.01722338204592902 0.059369202226345084
9 0.5224425887265136 0.6665120593692022 0.024008350730688934 0.0640074211502783
0 0.5634133611691023 0.6493506493506493 0.014091858037578288 0.0575139146567718
0 0.5688935281837161 0.6368274582560297 0.010438413361169102 0.05844155844155844
7 0.6022964509394572 0.7142857142857143 0.0720250521920668 0.09461966604823747
6 0.6119519832985386 0.6651205936920223 0.06837160751565761 0.07050092764378478
9 0.6033402922755741 0.6753246753246753 0.04175365344467641 0.03525046382189239
9 0.5983820459290188 0.6386827458256029 0.042275574112734866 0.045454545454545456
0 0.5840292275574113 0.6103896103896104 0.013569937369519834 0.05194805194805195
0 0.5662839248434238 0.5825602968460112 0.013569937369519834 0.05380333951762523
0 0.5485386221294363 0.5653988868274582 0.015657620041753653 0.05844155844155844
1 0.5480167014613778 0.5357142857142857 0.018789144050104383 0.04730983302411874
9 0.5469728601252609 0.5500927643784786 0.031315240083507306 0.04081632653061224
0 0.583768267223382 0.5431354359925789 0.01826722338204593 0.05473098330241188
0 0.5994258872651357 0.5681818181818182 0.014091858037578288 0.05844155844155844
7 0.6189979123173278 0.6071428571428571 0.06889352818371608 0.07328385899814471
6 0.5955114822546973 0.5213358070500927 0.05636743215031315 0.0686456400742115
7 0.6500521920668059 0.5120593692022264 0.06210855949895616 0.06493506493506493
6 0.625 0.49165120593692024 0.050626304801670144 0.03525046382189239
6 0.6169102296450939 0.47217068645640076 0.04592901878914405 0.04823747680890538
9 0.5782881002087683 0.4907235621521336 0.026096033402922755 0.055658627087198514
0 0.5801148225469729 0.42115027829313545 0.010960334029227558 0.05009276437847866
1 0.6161273486430062 0.44155844155844154 0.01722338204592902 0.05009276437847866
1 0.6156054279749478 0.4230055658627087 0.015135699373695199 0.04638218923933209
1 0.6315240083507306 0.4155844155844156 0.013569937369519834 0.04452690166975881
9 0.6148225469728601 0.4424860853432282 0.033402922755741124 0.03525046382189239
9 0.6161273486430062 0.43042671614100186 0.03288100208768267 0.03339517625231911
9 0.6291753653444676 0.42439703153988867 0.0360125260960334 0.038033395176252316
9 0.6302192066805845 0.40538033395176254 0.029749478079331943 0.03153988868274583
9 0.6189979123173278 0.39239332096474955 0.029227557411273485 0.03339517625231911
9 0.6310020876826722 0.387291280148423 0.032359081419624215 0.036178107606679034
9 0.6221294363256785 0.36410018552875695 0.028183716075156576 0.026901669758812616
4 0.6231732776617954 0.15584415584415584 0.029227557411273485 0.061224489795918366
0 0.6396137787056367 0.16512059369202226 0.012004175365344467 0.04081632653061224
7 0.6469206680584552 0.1377551020408163 0.03496868475991649 0.04916512059369202
7 0.6430062630480167 0.11410018552875696 0.04592901878914405 0.04823747680890538
3 0.6450939457202505 0.09415584415584416 0.030271398747390398 0.04916512059369202
1 0.5044363256784968 0.14053803339517626 0.008872651356993737 0.026901669758812616
6 0.5099164926931107 0.12987012987012986 0.033402922755741124 0.03339517625231911
0 0.49373695198329853 0.11781076066790352 0.009394572025052192 0.03525046382189239
9 0.5174843423799582 0.11641929499072357 0.016179540709812108 0.030612244897959183
9 0.5242693110647182 0.11410018552875696 0.019311064718162838 0.027829313543599257
7 0.5276617954070981 0.08209647495361781 0.028183716075156576 0.041743970315398886
0 0.5185281837160751 0.09647495361781076 0.009916492693110648 0.03339517625231911
0 0.5349686847599165 0.07560296846011132 0.008350730688935281 0.0287569573283859
6 0.531054279749478 0.07050092764378478 0.02661795407098121 0.027829313543599257
6 0.5367954070981211 0.04638218923933209 0.0360125260960334 0.03896103896103896
7 0.5362734864300627 0.03385899814471243 0.038100208768267224 0.036178107606679034
0 0.5712421711899791 0.030148423005565864 0.006784968684759917 0.030612244897959183
1 0.5639352818371608 0.016697588126159554 0.010960334029227558 0.022263450834879406
3 0.5521920668058455 0.019016697588126158 0.021920668058455117 0.038033395176252316