3 0.9603571428571429 0.631979695431472 0.023571428571428573 0.0583756345177665
3 0.9353571428571429 0.6110406091370558 0.023571428571428573 0.04949238578680203
3 0.9110714285714285 0.5977157360406091 0.025 0.050761421319796954
3 0.8871428571428571 0.5869289340101523 0.022857142857142857 0.044416243654822336
3 0.8357142857142857 0.5901015228426396 0.02857142857142857 0.03807106598984772
3 0.8185714285714286 0.5964467005076142 0.03571428571428571 0.04314720812182741
4 0.3457142857142857 0.9555837563451777 0.032857142857142856 0.07868020304568528
3 0.5014285714285714 0.9130710659898477 0.02142857142857143 0.0799492385786802
4 0.6067857142857143 0.7449238578680203 0.019285714285714285 0.06598984771573604
4 0.4710714285714286 0.5596446700507615 0.02214285714285714 0.04314720812182741
3 0.4975 0.45685279187817257 0.017857142857142856 0.030456852791878174
3 0.6135714285714285 0.2639593908629442 0.011428571428571429 0.025380710659898477
4 0.56 0.25571065989847713 0.015714285714285715 0.0266497461928934
4 0.6460714285714285 0.23223350253807107 0.012142857142857143 0.025380710659898477
3 0.6564285714285715 0.15926395939086294 0.011428571428571429 0.01649746192893401
3 0.6439285714285714 0.12690355329949238 0.010714285714285714 0.015228426395939087
8 0.6789285714285714 0.07804568527918782 0.009285714285714286 0.01649746192893401