5 0.15928571428571428 0.7563451776649747 0.09285714285714286 0.10406091370558376
5 0.24428571428571427 0.6389593908629442 0.07142857142857142 0.07741116751269035
3 0.27964285714285714 0.5824873096446701 0.035 0.03553299492385787
4 0.35964285714285715 0.6979695431472082 0.03642857142857143 0.048223350253807105
4 0.25107142857142856 0.8883248730964467 0.045 0.06852791878172589
3 0.5 0.5647208121827412 0.02857142857142857 0.03553299492385787
9 0.5285714285714286 0.46256345177664976 0.012857142857142857 0.01649746192893401
1 0.5292857142857142 0.4606598984771574 0.007142857142857143 0.015228426395939087
3 0.6767857142857143 0.41116751269035534 0.025 0.025380710659898477
3 0.7292857142857143 0.3629441624365482 0.024285714285714285 0.025380710659898477
3 0.7885714285714286 0.3610406091370558 0.025714285714285714 0.024111675126903553
3 0.9107142857142857 0.29251269035532995 0.02142857142857143 0.021573604060913704
3 0.9025 0.7576142131979695 0.03214285714285714 0.03807106598984772
3 0.9046428571428572 0.7411167512690355 0.03357142857142857 0.03807106598984772
3 0.9653571428571428 0.7722081218274112 0.017857142857142856 0.046954314720812185
3 0.9939285714285714 0.7963197969543148 0.012142857142857143 0.04949238578680203
5 0.8610714285714286 0.07868020304568528 0.020714285714285713 0.050761421319796954