3 0.31785714285714284 0.6643401015228426 0.05142857142857143 0.044416243654822336
3 0.4664285714285714 0.7829949238578681 0.024285714285714285 0.07614213197969544
3 0.4325 0.6015228426395939 0.04071428571428572 0.04060913705583756
3 0.44785714285714284 0.5539340101522843 0.04285714285714286 0.03934010152284264
3 0.36642857142857144 0.5031725888324873 0.04 0.03934010152284264
3 0.30857142857142855 0.4815989847715736 0.04 0.03934010152284264
3 0.18821428571428572 0.5609137055837563 0.04214285714285714 0.04060913705583756
3 0.12392857142857143 0.5393401015228426 0.04357142857142857 0.04568527918781726
3 0.1575 0.7176395939086294 0.05071428571428571 0.044416243654822336
3 0.5410714285714285 0.44352791878172587 0.03785714285714286 0.031725888324873094
3 0.5107142857142857 0.39276649746192893 0.03857142857142857 0.03680203045685279
3 0.5714285714285714 0.4067258883248731 0.041428571428571426 0.03680203045685279
3 0.6007142857142858 0.37119289340101524 0.03571428571428571 0.03934010152284264
3 0.6653571428571429 0.35152284263959394 0.03785714285714286 0.03299492385786802
3 0.7614285714285715 0.37944162436548223 0.037142857142857144 0.03299492385786802
3 0.795 0.3413705583756345 0.04 0.03553299492385787
3 0.8567857142857143 0.2950507614213198 0.035 0.03426395939086294
3 0.8953571428571429 0.3343908629441624 0.039285714285714285 0.02918781725888325
3 0.9671428571428572 0.31218274111675126 0.03571428571428571 0.030456852791878174
3 0.7382142857142857 0.4130710659898477 0.03785714285714286 0.03426395939086294
3 0.7860714285714285 0.39911167512690354 0.03785714285714286 0.03426395939086294
3 0.6860714285714286 0.4289340101522843 0.039285714285714285 0.03807106598984772
3 0.6364285714285715 0.4467005076142132 0.041428571428571426 0.03553299492385787
3 0.5860714285714286 0.46446700507614214 0.04071428571428572 0.03807106598984772
3 0.6357142857142857 0.41814720812182743 0.037142857142857144 0.03426395939086294
3 0.7421428571428571 0.3280456852791878 0.03428571428571429 0.03934010152284264
3 0.265 0.25380710659898476 0.015714285714285715 0.03553299492385787
3 0.21321428571428572 0.07233502538071065 0.03214285714285714 0.017766497461928935
3 0.13714285714285715 0.15862944162436549 0.03 0.02284263959390863
3 0.13535714285714287 0.13769035532994925 0.03214285714285714 0.024111675126903553
3 0.13392857142857142 0.12563451776649745 0.029285714285714286 0.025380710659898477
3 0.13642857142857143 0.11421319796954314 0.027142857142857142 0.02284263959390863
3 0.1442857142857143 0.09644670050761421 0.02857142857142857 0.025380710659898477
3 0.15142857142857144 0.08185279187817258 0.02857142857142857 0.024111675126903553
3 0.21214285714285713 0.0901015228426396 0.02857142857142857 0.02030456852791878
3 0.225 0.05964467005076142 0.025714285714285714 0.02030456852791878
3 0.22142857142857142 0.05139593908629442 0.022857142857142857 0.01903553299492386
3 0.21928571428571428 0.03807106598984772 0.024285714285714285 0.02030456852791878
3 0.21785714285714286 0.024746192893401017 0.02857142857142857 0.01903553299492386
3 0.21821428571428572 0.011421319796954314 0.025 0.017766497461928935
3 0.15428571428571428 0.01649746192893401 0.025714285714285714 0.017766497461928935
4 0.15285714285714286 0.02601522842639594 0.022857142857142857 0.021573604060913704
4 0.21821428571428572 0.10406091370558376 0.02642857142857143 0.025380710659898477
4 0.2367857142857143 0.11802030456852793 0.013571428571428571 0.03553299492385787
3 0.2985714285714286 0.23921319796954316 0.015714285714285715 0.03680203045685279
3 0.29642857142857143 0.3236040609137056 0.015714285714285715 0.04060913705583756
3 0.2667857142857143 0.1935279187817259 0.013571428571428571 0.03680203045685279
3 0.29 0.2868020304568528 0.015714285714285715 0.04060913705583756
8 0.26821428571428574 0.30076142131979694 0.02214285714285714 0.08121827411167512
3 0.16642857142857143 0.11040609137055837 0.012857142857142857 0.025380710659898477
3 0.20785714285714285 0.1351522842639594 0.027142857142857142 0.024111675126903553
4 0.17214285714285715 0.20241116751269037 0.02857142857142857 0.0266497461928934
4 0.1357142857142857 0.21446700507614214 0.015714285714285715 0.030456852791878174
3 0.008571428571428572 0.24555837563451777 0.017142857142857144 0.03680203045685279
3 0.025357142857142856 0.24238578680203046 0.016428571428571428 0.030456852791878174
3 0.047857142857142855 0.23096446700507614 0.014285714285714285 0.03807106598984772
3 0.08928571428571429 0.23223350253807107 0.012857142857142857 0.030456852791878174
0 0.18178571428571427 0.17258883248730963 0.007857142857142858 0.02030456852791878
0 0.27285714285714285 0.12753807106598986 0.005714285714285714 0.021573604060913704
0 0.2739285714285714 0.23604060913705585 0.005 0.02030456852791878
0 0.27 0.23604060913705585 0.005714285714285714 0.017766497461928935
0 0.09892857142857144 0.1148477157360406 0.0064285714285714285 0.01903553299492386
5 0.21321428571428572 0.31218274111675126 0.025 0.09898477157360407
5 0.15964285714285714 0.3889593908629442 0.05357142857142857 0.05964467005076142
1 0.2532142857142857 0.35215736040609136 0.007857142857142858 0.01903553299492386
9 0.2532142857142857 0.3553299492385787 0.0064285714285714285 0.025380710659898477
3 0.3578571428571429 0.35850253807106597 0.027142857142857142 0.03680203045685279
4 0.3339285714285714 0.14657360406091371 0.013571428571428571 0.031725888324873094
0 0.3460714285714286 0.16307106598984772 0.005 0.01903553299492386
0 0.35 0.18972081218274112 0.004285714285714286 0.021573604060913704
0 0.3532142857142857 0.1865482233502538 0.0064285714285714285 0.02284263959390863
1 0.32821428571428574 0.17385786802030456 0.0064285714285714285 0.012690355329949238
9 0.32821428571428574 0.17639593908629442 0.0064285714285714285 0.02030456852791878
3 0.4253571428571429 0.31281725888324874 0.030714285714285715 0.03934010152284264
0 0.4278571428571429 0.3432741116751269 0.004285714285714286 0.024111675126903553
0 0.45 0.34454314720812185 0.004285714285714286 0.024111675126903553
0 0.47035714285714286 0.3635786802030457 0.005 0.021573604060913704
9 0.5 0.3401015228426396 0.011428571428571429 0.015228426395939087
5 0.38 0.14974619289340102 0.03857142857142857 0.03807106598984772
4 0.3825 0.13388324873096447 0.025 0.0266497461928934
1 0.8057142857142857 0.2715736040609137 0.007142857142857143 0.015228426395939087
3 0.8017857142857143 0.309010152284264 0.035 0.03680203045685279
4 0.8875 0.3096446700507614 0.04214285714285714 0.03807106598984772
3 0.9464285714285714 0.29314720812182743 0.03571428571428571 0.030456852791878174
3 0.9875 0.27982233502538073 0.025 0.031725888324873094
4 0.9246428571428571 0.5203045685279187 0.039285714285714285 0.03807106598984772
8 0.9767857142857143 0.4467005076142132 0.04642857142857143 0.07106598984771574
3 0.9785714285714285 0.5050761421319797 0.041428571428571426 0.03299492385786802
0 0.9303571428571429 0.5850253807106599 0.010714285714285714 0.02284263959390863
0 0.9067857142857143 0.5907360406091371 0.010714285714285714 0.024111675126903553
0 0.9807142857142858 0.5361675126903553 0.011428571428571429 0.024111675126903553
0 0.9885714285714285 0.5437817258883249 0.011428571428571429 0.021573604060913704
0 0.9953571428571428 0.5564720812182741 0.009285714285714286 0.021573604060913704
1 0.9042857142857142 0.47779187817258884 0.007142857142857143 0.01903553299492386
2 0.9035714285714286 0.48413705583756345 0.01 0.021573604060913704
0 0.5378571428571428 0.8362944162436549 0.007142857142857143 0.025380710659898477
0 0.5435714285714286 0.833756345177665 0.007142857142857143 0.030456852791878174
0 0.5467857142857143 0.7062182741116751 0.0064285714285714285 0.021573604060913704
1 0.48678571428571427 0.6795685279187818 0.0064285714285714285 0.024111675126903553
2 0.48642857142857143 0.6821065989847716 0.018571428571428572 0.01903553299492386
9 0.5307142857142857 0.6503807106598984 0.015714285714285715 0.021573604060913704
1 0.5321428571428571 0.6491116751269036 0.007142857142857143 0.01903553299492386
3 0.5521428571428572 0.6034263959390863 0.04 0.046954314720812185
0 0.1525 0.8857868020304569 0.007857142857142858 0.025380710659898477
0 0.1432142857142857 0.8140862944162437 0.013571428571428571 0.021573604060913704
3 0.06357142857142857 0.7455583756345178 0.05714285714285714 0.046954314720812185
4 0.10178571428571428 0.6865482233502538 0.055 0.0583756345177665
3 0.43357142857142855 0.9765228426395939 0.027142857142857142 0.044416243654822336
5 0.05357142857142857 0.5310913705583756 0.06571428571428571 0.046954314720812185