0 0.027139874739039668 0.7105751391465677 0.011482254697286013 0.016697588126159554
7 0.19937369519832984 0.7987012987012987 0.07724425887265135 0.06307977736549165
7 0.33716075156576203 0.735621521335807 0.06471816283924843 0.05194805194805195
6 0.2244258872651357 0.9128014842300557 0.06680584551148225 0.06493506493506493
9 0.3003653444676409 0.7476808905380334 0.02348643006263048 0.04823747680890538
7 0.5592379958246346 0.7518552875695733 0.03392484342379958 0.11781076066790352
1 0.5167014613778705 0.7625231910946196 0.019832985386221295 0.025974025974025976
6 0.4804279749478079 0.7203153988868275 0.03914405010438413 0.10111317254174397
1 0.4963465553235908 0.5992578849721707 0.015657620041753653 0.027829313543599257
1 0.5153966597077244 0.615491651205937 0.016179540709812108 0.030612244897959183
9 0.5260960334029228 0.5964749536178108 0.011482254697286013 0.055658627087198514
6 0.5203549060542797 0.3464749536178108 0.021920668058455117 0.08441558441558442
6 0.6782359081419624 0.4179035250463822 0.054801670146137786 0.05658627087198516
1 0.49478079331941544 0.2606679035250464 0.013569937369519834 0.025974025974025976
1 0.49739039665970775 0.23933209647495363 0.013569937369519834 0.03525046382189239
6 0.4318893528183716 0.20408163265306123 0.0255741127348643 0.09647495361781076
1 0.4968684759916493 0.13821892393320964 0.012526096033402923 0.029684601113172542
1 0.49504175365344466 0.05983302411873841 0.010960334029227558 0.02504638218923933
1 0.5151356993736952 0.06957328385899815 0.011482254697286013 0.04081632653061224
9 0.619258872651357 0.038033395176252316 0.02035490605427975 0.04081632653061224
9 0.514874739039666 0.07096474953617811 0.012004175365344467 0.04359925788497217
9 0.5315762004175365 0.025974025974025976 0.012004175365344467 0.04452690166975881
1 0.5300104384133612 0.019944341372912802 0.012004175365344467 0.030612244897959183
9 0.467901878914405 0.013914656771799629 0.02035490605427975 0.027829313543599257
1 0.5031315240083507 0.1660482374768089 0.014613778705636743 0.029684601113172542
6 0.8940501043841336 0.2755102040816326 0.05219206680584551 0.055658627087198514
9 0.35073068893528186 0.5296846011131725 0.03444676409185804 0.03339517625231911
9 0.9352818371607515 0.03942486085343228 0.028183716075156576 0.023191094619666047