3 0.4515 0.6593333333333333 0.031 0.052
3 0.504 0.734 0.038 0.06533333333333333
5 0.455 0.5076666666666667 0.029 0.054
5 0.6725 0.8806666666666667 0.159 0.23866666666666667
3 0.574 0.6403333333333333 0.031 0.046
3 0.71325 0.675 0.0785 0.03933333333333333
5 0.48975 0.5696666666666667 0.0405 0.07266666666666667
3 0.82525 0.6506666666666666 0.0645 0.04133333333333333
3 0.83 0.602 0.055 0.03333333333333333
3 0.80075 0.5863333333333334 0.0485 0.027333333333333334
3 0.793 0.5633333333333334 0.055 0.025333333333333333
7 0.54725 0.5113333333333333 0.0145 0.02266666666666667
3 0.4975 0.474 0.015 0.016
5 0.516 0.466 0.017 0.025333333333333333
5 0.4655 0.44966666666666666 0.019 0.027333333333333334
3 0.44625 0.41433333333333333 0.0095 0.011333333333333334
3 0.4605 0.4166666666666667 0.01 0.012
3 0.4845 0.409 0.011 0.011333333333333334
3 0.50775 0.4066666666666667 0.0225 0.009333333333333334
3 0.449 0.38866666666666666 0.009 0.009333333333333334
3 0.45825 0.397 0.0095 0.012666666666666666
3 0.47525 0.398 0.0085 0.008
7 0.809 0.529 0.02 0.016666666666666666
1 0.93675 0.6616666666666666 0.0085 0.024666666666666667
3 0.722 0.476 0.036 0.024
3 0.73575 0.4673333333333333 0.0245 0.014666666666666666
3 0.68075 0.45166666666666666 0.0155 0.014
3 0.62925 0.425 0.0175 0.01
3 0.63275 0.4086666666666667 0.0135 0.009333333333333334
3 0.54425 0.37233333333333335 0.0065 0.006
5 0.54175 0.365 0.0045 0.006
5 0.48475 0.3943333333333333 0.0065 0.011333333333333334
4 0.4725 0.3903333333333333 0.007 0.008666666666666666
3 0.46975 0.38066666666666665 0.0065 0.006666666666666667
3 0.47525 0.37366666666666665 0.0045 0.007333333333333333
3 0.4675 0.376 0.005 0.005333333333333333
3 0.466 0.37066666666666664 0.005 0.006666666666666667
3 0.472 0.37066666666666664 0.004 0.006666666666666667
5 0.45225 0.35933333333333334 0.0055 0.009333333333333334
5 0.4685 0.36333333333333334 0.006 0.009333333333333334
5 0.46675 0.366 0.0055 0.005333333333333333
0 0.46175 0.368 0.0025 0.005333333333333333
3 0.446 0.3466666666666667 0.008 0.005333333333333333
3 0.4455 0.353 0.004 0.004666666666666667
3 0.4485 0.3546666666666667 0.004 0.005333333333333333