3 0.4660714285714286 0.9860406091370558 0.012142857142857143 0.025380710659898477
5 0.44821428571428573 0.9511421319796954 0.017857142857142856 0.09517766497461928
3 0.4657142857142857 0.9130710659898477 0.012857142857142857 0.044416243654822336
3 0.44821428571428573 0.8743654822335025 0.012142857142857143 0.03807106598984772
3 0.46464285714285714 0.8540609137055838 0.012142857142857143 0.04314720812182741
4 0.44821428571428573 0.8064720812182741 0.013571428571428571 0.046954314720812185
4 0.46285714285714286 0.7918781725888325 0.012857142857142857 0.04314720812182741
3 0.5121428571428571 0.758248730964467 0.014285714285714285 0.044416243654822336
9 0.45035714285714284 0.7614213197969543 0.0064285714285714285 0.017766497461928935
3 0.4475 0.7303299492385786 0.012142857142857143 0.03680203045685279
3 0.4632142857142857 0.7258883248730964 0.012142857142857143 0.04060913705583756
3 0.4614285714285714 0.6732233502538071 0.011428571428571429 0.03426395939086294
3 0.4467857142857143 0.682741116751269 0.012142857142857143 0.03807106598984772
3 0.4471428571428571 0.6408629441624365 0.01 0.030456852791878174
3 0.4614285714285714 0.6123096446700508 0.011428571428571429 0.03426395939086294
3 0.4471428571428571 0.5970812182741116 0.011428571428571429 0.031725888324873094
3 0.4328571428571429 0.5786802030456852 0.011428571428571429 0.030456852791878174
3 0.4092857142857143 0.5361675126903553 0.014285714285714285 0.024111675126903553
3 0.42607142857142855 0.5203045685279187 0.013571428571428571 0.027918781725888325
3 0.44642857142857145 0.5552030456852792 0.01 0.031725888324873094
9 0.46035714285714285 0.5615482233502538 0.005 0.01649746192893401
3 0.47464285714285714 0.5729695431472082 0.010714285714285714 0.031725888324873094
4 0.5021428571428571 0.6053299492385786 0.011428571428571429 0.03299492385786802
3 0.5225 0.5526649746192893 0.010714285714285714 0.02918781725888325
9 0.48857142857142855 0.5177664974619289 0.007142857142857143 0.015228426395939087
9 0.49857142857142855 0.549492385786802 0.007142857142857143 0.017766497461928935
3 0.5089285714285714 0.4879441624365482 0.015 0.02918781725888325
5 0.6078571428571429 0.4949238578680203 0.07 0.03299492385786802
3 0.5646428571428571 0.47588832487309646 0.019285714285714285 0.017766497461928935
3 0.59 0.4720812182741117 0.02142857142857143 0.017766497461928935
5 0.5785714285714286 0.4486040609137056 0.047142857142857146 0.03934010152284264
5 0.6275 0.4486040609137056 0.027857142857142858 0.02918781725888325
5 0.5578571428571428 0.43908629441624364 0.02857142857142857 0.03299492385786802
8 0.6071428571428571 0.4302030456852792 0.05142857142857143 0.03553299492385787
8 0.6117857142857143 0.39086294416243655 0.027857142857142858 0.025380710659898477
3 0.56 0.40482233502538073 0.018571428571428572 0.015228426395939087
3 0.48928571428571427 0.40545685279187815 0.017142857142857144 0.01903553299492386
3 0.44642857142857145 0.43147208121827413 0.02 0.017766497461928935
3 0.44821428571428573 0.4035532994923858 0.019285714285714285 0.015228426395939087
3 0.36678571428571427 0.5019035532994924 0.02214285714285714 0.01903553299492386
3 0.3989285714285714 0.44416243654822335 0.019285714285714285 0.017766497461928935
3 0.4092857142857143 0.42956852791878175 0.02 0.01649746192893401