0 0.31642857142857145 0.9352791878172588 0.005714285714285714 0.015228426395939087
0 0.3025 0.9041878172588832 0.007857142857142858 0.013959390862944163
0 0.28785714285714287 0.9194162436548223 0.007142857142857143 0.011421319796954314
3 0.5128571428571429 0.7950507614213198 0.02142857142857143 0.06979695431472081
3 0.5375 0.8045685279187818 0.020714285714285713 0.06852791878172589
3 0.5010714285714286 0.7182741116751269 0.019285714285714285 0.06852791878172589
3 0.5228571428571429 0.7055837563451777 0.02 0.06598984771573604
3 0.5092857142857142 0.6161167512690355 0.017142857142857144 0.04949238578680203
3 0.40714285714285714 0.1947969543147208 0.012857142857142857 0.04187817258883249
3 0.40785714285714286 0.1319796954314721 0.012857142857142857 0.04314720812182741
8 0.43214285714285716 0.09454314720812183 0.012857142857142857 0.044416243654822336