4 0.17785714285714285 0.9873096446700508 0.07142857142857142 0.02284263959390863
8 0.4828571428571429 0.8604060913705583 0.09 0.09137055837563451
8 0.6185714285714285 0.7988578680203046 0.11714285714285715 0.11548223350253807
0 0.6789285714285714 0.9720812182741116 0.009285714285714286 0.027918781725888325
8 0.75 0.7366751269035533 0.08142857142857143 0.0799492385786802
8 0.8614285714285714 0.6852791878172588 0.07857142857142857 0.07614213197969544
0 0.9285714285714286 0.5996192893401016 0.008571428571428572 0.01903553299492386
0 0.8057142857142857 0.6516497461928934 0.01 0.021573604060913704
0 0.6871428571428572 0.6979695431472082 0.01 0.02284263959390863
0 0.6675 0.7309644670050761 0.010714285714285714 0.025380710659898477
0 0.5239285714285714 0.7918781725888325 0.009285714285714286 0.027918781725888325
0 0.5264285714285715 0.7798223350253807 0.01 0.0266497461928934
0 0.18428571428571427 0.9378172588832487 0.01 0.02284263959390863
0 0.18714285714285714 0.8921319796954315 0.01 0.030456852791878174
0 0.18821428571428572 0.8857868020304569 0.009285714285714286 0.02284263959390863
9 0.2275 0.9790609137055838 0.007857142857142858 0.03934010152284264
9 0.24464285714285713 0.9739847715736041 0.013571428571428571 0.04949238578680203
9 0.2525 0.975253807106599 0.007857142857142858 0.04187817258883249
9 0.26107142857142857 0.9644670050761421 0.015 0.0583756345177665
9 0.2710714285714286 0.9574873096446701 0.012142857142857143 0.05710659898477157
9 0.28285714285714286 0.9555837563451777 0.01 0.04314720812182741
9 0.2925 0.9524111675126904 0.007857142857142858 0.03680203045685279
9 0.4117857142857143 0.8934010152284264 0.010714285714285714 0.0532994923857868
9 0.4014285714285714 0.8953045685279187 0.008571428571428572 0.05203045685279188
9 0.39285714285714285 0.9016497461928934 0.012857142857142857 0.05456852791878172
9 0.37392857142857144 0.9168781725888325 0.010714285714285714 0.046954314720812185
9 0.36392857142857143 0.9143401015228426 0.012142857142857143 0.05456852791878172
9 0.3557142857142857 0.9213197969543148 0.012857142857142857 0.0532994923857868
9 0.3460714285714286 0.9232233502538071 0.012142857142857143 0.04949238578680203
9 0.3375 0.9270304568527918 0.013571428571428571 0.044416243654822336
9 0.33071428571428574 0.9352791878172588 0.014285714285714285 0.050761421319796954
9 0.30214285714285716 0.9467005076142132 0.011428571428571429 0.050761421319796954
9 0.32071428571428573 0.940989847715736 0.01 0.05203045685279188
9 0.31 0.9403553299492385 0.011428571428571429 0.05583756345177665
0 0.4282142857142857 0.666243654822335 0.0064285714285714285 0.02284263959390863
0 0.43357142857142855 0.6370558375634517 0.005714285714285714 0.02284263959390863
0 0.6314285714285715 0.4251269035532995 0.004285714285714286 0.017766497461928935
0 0.6385714285714286 0.4352791878172589 0.004285714285714286 0.02284263959390863
0 0.6407142857142857 0.4302030456852792 0.004285714285714286 0.01015228426395939
8 0.6057142857142858 0.6154822335025381 0.022857142857142857 0.08375634517766498
0 0.6182142857142857 0.5038071065989848 0.0064285714285714285 0.017766497461928935
0 0.6182142857142857 0.49238578680203043 0.0035714285714285713 0.015228426395939087
3 0.6071428571428571 0.508248730964467 0.014285714285714285 0.044416243654822336
4 0.6096428571428572 0.41814720812182743 0.013571428571428571 0.03934010152284264
4 0.6103571428571428 0.3756345177664975 0.012142857142857143 0.03807106598984772
4 0.6110714285714286 0.3229695431472081 0.012142857142857143 0.044416243654822336
4 0.605 0.28109137055837563 0.014285714285714285 0.03934010152284264
3 0.5896428571428571 0.2506345177664975 0.017857142857142856 0.02918781725888325
4 0.5696428571428571 0.1865482233502538 0.025 0.027918781725888325
5 0.5407142857142857 0.1199238578680203 0.022857142857142857 0.03426395939086294
5 0.5546428571428571 0.15418781725888325 0.017857142857142856 0.04187817258883249
0 0.5664285714285714 0.12690355329949238 0.002857142857142857 0.015228426395939087
3 0.45321428571428574 0.1383248730964467 0.010714285714285714 0.02284263959390863
0 0.39464285714285713 0.06852791878172589 0.0035714285714285713 0.012690355329949238
0 0.40785714285714286 0.1313451776649746 0.002857142857142857 0.013959390862944163
0 0.26607142857142857 0.10913705583756345 0.0035714285714285713 0.012690355329949238
0 0.2667857142857143 0.1034263959390863 0.0035714285714285713 0.013959390862944163
0 0.27535714285714286 0.108502538071066 0.0035714285714285713 0.011421319796954314
4 0.2735714285714286 0.157994923857868 0.012857142857142857 0.03426395939086294
4 0.33035714285714285 0.1833756345177665 0.02642857142857143 0.02918781725888325
4 0.33535714285714285 0.19289340101522842 0.027857142857142858 0.025380710659898477
4 0.3432142857142857 0.25444162436548223 0.013571428571428571 0.0266497461928934
9 0.2960714285714286 0.17639593908629442 0.005 0.017766497461928935
9 0.30107142857142855 0.1732233502538071 0.005 0.01903553299492386
9 0.33035714285714285 0.16560913705583757 0.010714285714285714 0.013959390862944163
9 0.3407142857142857 0.1700507614213198 0.011428571428571429 0.012690355329949238
9 0.29 0.23540609137055837 0.014285714285714285 0.01649746192893401
9 0.2914285714285714 0.24175126903553298 0.015714285714285715 0.01649746192893401
3 0.29035714285714287 0.25444162436548223 0.025 0.01903553299492386
3 0.3339285714285714 0.22906091370558376 0.015 0.0266497461928934
3 0.35642857142857143 0.2303299492385787 0.02142857142857143 0.021573604060913704
3 0.33035714285714285 0.3134517766497462 0.017857142857142856 0.03299492385786802
0 0.39464285714285713 0.1681472081218274 0.0035714285714285713 0.008883248730964468
0 0.405 0.18274111675126903 0.002857142857142857 0.012690355329949238
0 0.41035714285714286 0.18083756345177665 0.002142857142857143 0.013959390862944163
0 0.43714285714285717 0.3813451776649746 0.002857142857142857 0.01903553299492386
0 0.44821428571428573 0.38071065989847713 0.0035714285714285713 0.017766497461928935
0 0.4521428571428571 0.38261421319796957 0.004285714285714286 0.01649746192893401
0 0.4325 0.41116751269035534 0.002142857142857143 0.015228426395939087
0 0.43607142857142855 0.41053299492385786 0.0035714285714285713 0.01903553299492386
0 0.4392857142857143 0.41814720812182743 0.002857142857142857 0.013959390862944163
0 0.4332142857142857 0.45685279187817257 0.0035714285714285713 0.02030456852791878
0 0.08535714285714285 0.6548223350253807 0.012142857142857143 0.027918781725888325
0 0.10178571428571428 0.6535532994923858 0.009285714285714286 0.027918781725888325
9 0.038214285714285715 0.4866751269035533 0.017857142857142856 0.01649746192893401
9 0.037142857142857144 0.4739847715736041 0.02 0.01903553299492386
9 0.04 0.467005076142132 0.018571428571428572 0.02284263959390863
9 0.01107142857142857 0.4987309644670051 0.02214285714285714 0.02030456852791878
9 0.07857142857142857 0.47652284263959394 0.02 0.021573604060913704
9 0.0775 0.46954314720812185 0.016428571428571428 0.02030456852791878
9 0.0775 0.45875634517766495 0.016428571428571428 0.01903553299492386
4 0.014285714285714285 0.5133248730964467 0.02857142857142857 0.03426395939086294
4 0.011428571428571429 0.5285532994923858 0.022857142857142857 0.04187817258883249
4 0.031785714285714285 0.5583756345177665 0.023571428571428573 0.0532994923857868
4 0.02857142857142857 0.608502538071066 0.025714285714285714 0.05710659898477157
4 0.02214285714285714 0.6719543147208121 0.03142857142857143 0.09517766497461928
0 0.0125 0.7588832487309645 0.007857142857142858 0.025380710659898477
0 0.02 0.774746192893401 0.008571428571428572 0.031725888324873094
0 0.026785714285714284 0.7823604060913706 0.010714285714285714 0.031725888324873094
4 0.052142857142857144 0.7480964467005076 0.03142857142857143 0.10532994923857868
4 0.13464285714285715 0.6897208121827412 0.06928571428571428 0.05710659898477157
4 0.16 0.7366751269035533 0.025714285714285714 0.06472081218274112
3 0.12285714285714286 0.4517766497461929 0.02 0.050761421319796954
3 0.16464285714285715 0.43591370558375636 0.016428571428571428 0.04187817258883249
9 0.18 0.440989847715736 0.008571428571428572 0.02918781725888325
9 0.18928571428571428 0.43591370558375636 0.008571428571428572 0.0266497461928934
9 0.29714285714285715 0.3635786802030457 0.015714285714285715 0.01903553299492386
9 0.29678571428571426 0.35088832487309646 0.017857142857142856 0.021573604060913704
9 0.295 0.34517766497461927 0.015714285714285715 0.02030456852791878
9 0.2925 0.33248730964467005 0.015 0.017766497461928935
9 0.2953571428571429 0.39403553299492383 0.007857142857142858 0.024111675126903553
9 0.29 0.4035532994923858 0.007142857142857143 0.030456852791878174
9 0.2832142857142857 0.4073604060913706 0.0064285714285714285 0.025380710659898477
9 0.2760714285714286 0.407994923857868 0.007857142857142858 0.0266497461928934
9 0.2667857142857143 0.41053299492385786 0.007857142857142858 0.0266497461928934
4 0.22464285714285714 0.4365482233502538 0.05071428571428571 0.0532994923857868
3 0.26035714285714284 0.5038071065989848 0.019285714285714285 0.04568527918781726
3 0.23857142857142857 0.5006345177664975 0.02 0.04949238578680203
3 0.21607142857142858 0.5076142131979695 0.017857142857142856 0.04060913705583756
3 0.21928571428571428 0.5545685279187818 0.018571428571428572 0.050761421319796954
3 0.12535714285714286 0.5387055837563451 0.019285714285714285 0.03934010152284264
3 0.10107142857142858 0.5431472081218274 0.02214285714285714 0.05583756345177665
3 0.17035714285714285 0.5196700507614214 0.019285714285714285 0.046954314720812185
3 0.19428571428571428 0.5107868020304569 0.02 0.046954314720812185
3 0.17285714285714285 0.574238578680203 0.02142857142857143 0.05964467005076142
3 0.14785714285714285 0.5291878172588832 0.02 0.04568527918781726
4 0.19535714285714287 0.5532994923857868 0.019285714285714285 0.06598984771573604
4 0.14714285714285713 0.5748730964467005 0.024285714285714285 0.08375634517766498
4 0.09928571428571428 0.5894670050761421 0.02142857142857143 0.06218274111675127