3 0.41 0.03 0.007 0.006666666666666667
3 0.37 0.08466666666666667 0.008 0.010666666666666666
3 0.34525 0.099 0.0075 0.012666666666666666
3 0.3485 0.08266666666666667 0.008 0.010666666666666666
8 0.3525 0.06666666666666667 0.011 0.021333333333333333
5 0.4 0.12633333333333333 0.009 0.018
3 0.426 0.10733333333333334 0.01 0.010666666666666666
3 0.4265 0.11633333333333333 0.008 0.011333333333333334
3 0.42625 0.13733333333333334 0.0085 0.012
8 0.4285 0.15566666666666668 0.013 0.027333333333333334
8 0.43925 0.20333333333333334 0.0155 0.028
3 0.4345 0.19066666666666668 0.009 0.014666666666666666
0 0.44 0.24966666666666668 0.003 0.012666666666666666
3 0.44625 0.24166666666666667 0.0115 0.016666666666666666
3 0.451 0.255 0.011 0.014
3 0.4285 0.42866666666666664 0.013 0.018666666666666668
3 0.588 0.39266666666666666 0.034 0.021333333333333333
3 0.5945 0.4216666666666667 0.033 0.022
3 0.5975 0.43833333333333335 0.032 0.020666666666666667
3 0.6105 0.457 0.032 0.020666666666666667
9 0.7275 0.49666666666666665 0.012 0.009333333333333334
3 0.73025 0.52 0.0395 0.024
3 0.788 0.555 0.039 0.026
3 0.21825 0.22466666666666665 0.0105 0.017333333333333333
3 0.235 0.198 0.012 0.013333333333333334
3 0.373 0.14333333333333334 0.008 0.013333333333333334
3 0.33475 0.13733333333333334 0.0085 0.014666666666666666
0 0.3395 0.142 0.002 0.009333333333333334
0 0.3425 0.14233333333333334 0.002 0.01
3 0.3335 0.14633333333333334 0.008 0.014
3 0.33125 0.16733333333333333 0.0095 0.016
3 0.33125 0.19333333333333333 0.0095 0.018666666666666668
3 0.33025 0.20833333333333334 0.0105 0.016666666666666666
3 0.3305 0.22966666666666666 0.012 0.019333333333333334
4 0.35825 0.2613333333333333 0.0105 0.02266666666666667
4 0.28525 0.25433333333333336 0.0235 0.016666666666666666
3 0.33175 0.33866666666666667 0.0125 0.025333333333333333
2 0.333 0.35733333333333334 0.011 0.009333333333333334
3 0.33475 0.38266666666666665 0.0135 0.02666666666666667
3 0.3425 0.44366666666666665 0.023 0.03266666666666666
4 0.2945 0.38766666666666666 0.013 0.028666666666666667
4 0.2935 0.431 0.012 0.03
4 0.29175 0.4553333333333333 0.0135 0.03333333333333333
4 0.29425 0.48133333333333334 0.0155 0.036
3 0.29275 0.517 0.0165 0.03666666666666667
6 0.323 0.481 0.01 0.011333333333333334
0 0.32275 0.5426666666666666 0.0065 0.017333333333333333
2 0.3175 0.5426666666666666 0.013 0.010666666666666666
2 0.33725 0.5146666666666667 0.0155 0.010666666666666666
4 0.3435 0.486 0.022 0.036
3 0.3475 0.5256666666666666 0.033 0.038
9 0.2905 0.6483333333333333 0.008 0.023333333333333334
4 0.338 0.5713333333333334 0.05 0.029333333333333333
9 0.381 0.5423333333333333 0.006 0.018
1 0.3805 0.5406666666666666 0.005 0.016
3 0.3425 0.6293333333333333 0.019 0.056
3 0.38675 0.601 0.0195 0.043333333333333335
9 0.37 0.6026666666666667 0.012 0.012
1 0.37025 0.6006666666666667 0.0065 0.012
9 0.29225 0.692 0.0125 0.018666666666666668
3 0.3525 0.7023333333333334 0.035 0.04733333333333333
3 0.35375 0.7563333333333333 0.0465 0.06333333333333334
3 0.285 0.741 0.024 0.06733333333333333
9 0.29175 0.7853333333333333 0.0075 0.02266666666666667
0 0.31675 0.818 0.0095 0.021333333333333333
0 0.33575 0.8596666666666667 0.0135 0.016666666666666666
3 0.34975 0.872 0.0495 0.08
2 0.4585 0.6016666666666667 0.014 0.012666666666666666
0 0.45825 0.5963333333333334 0.0055 0.015333333333333332
2 0.567 0.575 0.013 0.014
2 0.5745 0.5733333333333334 0.007 0.017333333333333333
0 0.55125 0.6596666666666666 0.0065 0.015333333333333332
3 0.5775 0.23866666666666667 0.024 0.013333333333333334
2 0.6465 0.571 0.014 0.014
3 0.66225 0.597 0.0435 0.024666666666666667
3 0.6555 0.6173333333333333 0.037 0.025333333333333333
3 0.81075 0.603 0.0445 0.028666666666666667
2 0.65925 0.8796666666666667 0.0145 0.024666666666666667
2 0.65 0.902 0.012 0.024
2 0.69575 0.9176666666666666 0.0125 0.03
3 0.70925 0.833 0.0535 0.043333333333333335
3 0.74475 0.787 0.0305 0.06066666666666667
3 0.721 0.8716666666666667 0.064 0.04733333333333333
3 0.78225 0.8363333333333334 0.0385 0.054
4 0.802 0.7586666666666667 0.056 0.04533333333333334
4 0.834 0.7176666666666667 0.034 0.05533333333333333
3 0.854 0.7096666666666667 0.036 0.04466666666666667
3 0.8905 0.701 0.039 0.056666666666666664
3 0.88225 0.7616666666666667 0.0475 0.06066666666666667
3 0.817 0.7966666666666666 0.053 0.03866666666666667
3 0.838 0.8316666666666667 0.056 0.042
3 0.9215 0.7496666666666667 0.051 0.03933333333333333
3 0.9195 0.6983333333333334 0.036 0.056666666666666664
3 0.9435 0.695 0.036 0.051333333333333335
3 0.9635 0.686 0.032 0.050666666666666665
3 0.989 0.6783333333333333 0.022 0.05266666666666667
3 0.98475 0.799 0.0305 0.042
3 0.9595 0.8363333333333334 0.048 0.05
3 0.952 0.941 0.058 0.078
3 0.97425 0.925 0.0515 0.07266666666666667
3 0.8945 0.9473333333333334 0.064 0.04133333333333333
3 0.918 0.9833333333333333 0.064 0.03333333333333333
0 0.826 0.9026666666666666 0.009 0.018666666666666668
0 0.83475 0.9186666666666666 0.0075 0.02266666666666667
0 0.84025 0.907 0.0085 0.020666666666666667
3 0.82 0.06433333333333334 0.016 0.008666666666666666
3 0.91975 0.052 0.0165 0.008
3 0.95375 0.051666666666666666 0.0155 0.007333333333333333
3 0.97775 0.051333333333333335 0.0145 0.008
8 0.8835 0.04933333333333333 0.039 0.017333333333333333