3 0.3560714285714286 0.8597715736040609 0.029285714285714286 0.08756345177664974
3 0.39357142857142857 0.8800761421319797 0.03142857142857143 0.0901015228426396
3 0.2835714285714286 0.41941624365482233 0.02142857142857143 0.04187817258883249
3 0.4575 0.060279187817258884 0.013571428571428571 0.0266497461928934
3 0.4660714285714286 0.29378172588832485 0.013571428571428571 0.02918781725888325
3 0.49714285714285716 0.33121827411167515 0.015714285714285715 0.04060913705583756
3 0.5328571428571428 0.35850253807106597 0.014285714285714285 0.05203045685279188
3 0.47035714285714286 0.006345177664974619 0.007857142857142858 0.012690355329949238
5 0.44607142857142856 0.23921319796954316 0.020714285714285713 0.06472081218274112
5 0.49964285714285717 0.14974619289340102 0.019285714285714285 0.07106598984771574
0 0.6814285714285714 0.9746192893401016 0.008571428571428572 0.030456852791878174
0 0.6985714285714286 0.9898477157360406 0.01 0.017766497461928935