0 0.1957142857142857 0.11738578680203046 0.008571428571428572 0.011421319796954314
4 0.31 0.07423857868020305 0.03571428571428571 0.046954314720812185
4 0.3603571428571429 0.020939086294416244 0.035 0.04187817258883249
4 0.01107142857142857 0.7848984771573604 0.02214285714285714 0.04187817258883249
4 0.0875 0.7461928934010152 0.035 0.04314720812182741
4 0.013214285714285715 0.9708121827411168 0.025 0.04314720812182741
4 0.07535714285714286 0.950507614213198 0.035 0.048223350253807105
3 0.1442857142857143 0.8407360406091371 0.03428571428571429 0.044416243654822336
3 0.22535714285714287 0.7506345177664975 0.030714285714285715 0.03934010152284264
3 0.13285714285714287 0.9631979695431472 0.03571428571428571 0.0532994923857868
3 0.1682142857142857 0.9276649746192893 0.03785714285714286 0.03807106598984772
5 0.20964285714285713 0.9098984771573604 0.06357142857142857 0.07614213197969544
5 0.27964285714285714 0.8115482233502538 0.060714285714285714 0.07233502538071065
5 0.2814285714285714 0.8591370558375635 0.07714285714285714 0.07360406091370558
5 0.27285714285714285 0.9168781725888325 0.08571428571428572 0.08756345177664974
8 0.2882142857142857 0.7303299492385786 0.09071428571428572 0.10279187817258884
4 0.24535714285714286 0.6288071065989848 0.03357142857142857 0.044416243654822336
3 0.3578571428571429 0.7474619289340102 0.02142857142857143 0.05583756345177665
3 0.37535714285714283 0.7315989847715736 0.02214285714285714 0.05964467005076142
3 0.3939285714285714 0.7170050761421319 0.025 0.06345177664974619
3 0.42892857142857144 0.6833756345177665 0.023571428571428573 0.06218274111675127
3 0.445 0.6605329949238579 0.017142857142857144 0.044416243654822336
3 0.4975 0.6269035532994924 0.023571428571428573 0.06091370558375635
3 0.5153571428571428 0.6123096446700508 0.023571428571428573 0.06218274111675127
4 0.4807142857142857 0.6421319796954315 0.024285714285714285 0.06598984771573604
4 0.3482142857142857 0.6307106598984772 0.03642857142857143 0.048223350253807105
4 0.39285714285714285 0.6326142131979695 0.03571428571428571 0.04949238578680203
3 0.4075 0.5666243654822335 0.035 0.046954314720812185
3 0.45821428571428574 0.5190355329949239 0.03214285714285714 0.04314720812182741
0 0.4635714285714286 0.45621827411167515 0.004285714285714286 0.01903553299492386
8 0.47964285714285715 0.5469543147208121 0.08785714285714286 0.09898477157360407
5 0.6432142857142857 0.6776649746192893 0.07071428571428572 0.06345177664974619
5 0.7435714285714285 0.6294416243654822 0.09142857142857143 0.06852791878172589
9 0.5653571428571429 0.5901015228426396 0.017857142857142856 0.015228426395939087
9 0.5785714285714286 0.5869289340101523 0.007142857142857143 0.03680203045685279
9 0.5964285714285714 0.5710659898477157 0.011428571428571429 0.02284263959390863
4 0.6078571428571429 0.5805837563451777 0.027142857142857142 0.06472081218274112
3 0.6367857142857143 0.5653553299492385 0.027857142857142858 0.05964467005076142
4 0.6617857142857143 0.5558375634517766 0.02642857142857143 0.05583756345177665
4 0.6885714285714286 0.5393401015228426 0.02857142857142857 0.06345177664974619
4 0.7167857142857142 0.5209390862944162 0.02642857142857143 0.06218274111675127
4 0.7421428571428571 0.5107868020304569 0.025714285714285714 0.06218274111675127
3 0.9067857142857143 0.5901015228426396 0.03214285714285714 0.04060913705583756
3 0.8542857142857143 0.5558375634517766 0.03571428571428571 0.03299492385786802
4 0.8471428571428572 0.475253807106599 0.03857142857142857 0.03680203045685279
4 0.8517857142857143 0.5095177664974619 0.03642857142857143 0.03680203045685279
9 0.8817857142857143 0.23857868020304568 0.016428571428571428 0.015228426395939087
1 0.8785714285714286 0.23921319796954316 0.01 0.013959390862944163
3 0.9182142857142858 0.1618020304568528 0.03642857142857143 0.046954314720812185
3 0.8642857142857143 0.20241116751269037 0.037142857142857144 0.04187817258883249
3 0.7964285714285714 0.24048223350253808 0.03571428571428571 0.04187817258883249
8 0.8346428571428571 0.2633248730964467 0.05357142857142857 0.05710659898477157
3 0.7578571428571429 0.2265228426395939 0.03428571428571429 0.046954314720812185
4 0.74 0.20114213197969544 0.03 0.04187817258883249
3 0.7196428571428571 0.28743654822335024 0.03357142857142857 0.05456852791878172
3 0.6864285714285714 0.26078680203045684 0.03571428571428571 0.046954314720812185
5 0.7435714285714285 0.3147208121827411 0.08285714285714285 0.10152284263959391
3 0.8364285714285714 0.037436548223350255 0.03428571428571429 0.044416243654822336
4 0.5442857142857143 0.19225888324873097 0.03 0.046954314720812185
4 0.49214285714285716 0.36548223350253806 0.02857142857142857 0.04060913705583756
4 0.5217857142857143 0.44289340101522845 0.03214285714285714 0.050761421319796954
4 0.565 0.41878172588832485 0.03428571428571429 0.048223350253807105
4 0.5907142857142857 0.3597715736040609 0.03571428571428571 0.05203045685279188
4 0.6732142857142858 0.3280456852791878 0.03357142857142857 0.03680203045685279
4 0.6439285714285714 0.3083756345177665 0.03214285714285714 0.04060913705583756
5 0.6296428571428572 0.35215736040609136 0.039285714285714285 0.05710659898477157
4 0.6207142857142857 0.43908629441624364 0.03571428571428571 0.04060913705583756
4 0.5653571428571429 0.46573604060913704 0.03642857142857143 0.048223350253807105