3 0.31285714285714283 0.01713197969543147 0.01 0.021573604060913704
3 0.34214285714285714 0.07296954314720812 0.024285714285714285 0.021573604060913704
3 0.4760714285714286 0.13261421319796954 0.025 0.021573604060913704
4 0.4328571428571429 0.09137055837563451 0.025714285714285714 0.027918781725888325
5 0.38785714285714284 0.060279187817258884 0.03857142857142857 0.031725888324873094
3 0.5117857142857143 0.16243654822335024 0.025 0.02284263959390863
4 0.325 0.22461928934010153 0.011428571428571429 0.03299492385786802
8 0.31535714285714284 0.309010152284264 0.017857142857142856 0.05964467005076142
4 0.38785714285714284 0.40482233502538073 0.01 0.050761421319796954
4 0.37 0.8286802030456852 0.014285714285714285 0.06345177664974619
0 0.49785714285714283 0.8870558375634517 0.004285714285714286 0.012690355329949238
0 0.5057142857142857 0.6579949238578681 0.002857142857142857 0.011421319796954314
3 0.43642857142857144 0.7290609137055838 0.008571428571428572 0.03426395939086294
3 0.5892857142857143 0.12753807106598986 0.022857142857142857 0.024111675126903553
4 0.7639285714285714 0.19923857868020303 0.030714285714285715 0.025380710659898477
0 0.5139285714285714 0.6770304568527918 0.0035714285714285713 0.006345177664974619
0 0.5064285714285715 0.7836294416243654 0.002857142857142857 0.011421319796954314