3 0.435 0.40926395939086296 0.05857142857142857 0.046954314720812185
3 0.355 0.40545685279187815 0.06285714285714286 0.04949238578680203
3 0.26607142857142857 0.38388324873096447 0.062142857142857146 0.07741116751269035
3 0.15285714285714286 0.42258883248730966 0.06428571428571428 0.0532994923857868
3 0.25892857142857145 0.2766497461928934 0.027857142857142858 0.116751269035533
3 0.24107142857142858 0.48413705583756345 0.062142857142857146 0.05203045685279188
3 0.11392857142857143 0.5006345177664975 0.06357142857142857 0.044416243654822336
3 0.048928571428571425 0.4651015228426396 0.05785714285714286 0.05964467005076142
3 0.24107142857142858 0.6586294416243654 0.06785714285714285 0.0583756345177665
3 0.16892857142857143 0.7468274111675127 0.060714285714285714 0.05203045685279188
3 0.3032142857142857 0.7303299492385786 0.062142857142857146 0.046954314720812185
3 0.4075 0.6986040609137056 0.06357142857142857 0.05710659898477157
3 0.5589285714285714 0.40418781725888325 0.065 0.04949238578680203
3 0.6296428571428572 0.34581218274111675 0.062142857142857146 0.04187817258883249
3 0.7375 0.4143401015228426 0.05071428571428571 0.09517766497461928
3 0.7814285714285715 0.47906091370558374 0.06714285714285714 0.06218274111675127
3 0.8910714285714286 0.45050761421319796 0.07357142857142857 0.048223350253807105
3 0.8453571428571428 0.6053299492385786 0.065 0.07106598984771574
3 0.9403571428571429 0.5431472081218274 0.06642857142857143 0.04568527918781726
3 0.7414285714285714 0.6300761421319797 0.06428571428571428 0.04949238578680203
3 0.7896428571428571 0.7614213197969543 0.035 0.10913705583756345
3 0.7492857142857143 0.758248730964467 0.02857142857142857 0.10532994923857868
3 0.7114285714285714 0.766497461928934 0.03142857142857143 0.1116751269035533
3 0.6657142857142857 0.7817258883248731 0.03 0.1218274111675127
3 0.6253571428571428 0.7715736040609137 0.029285714285714286 0.10913705583756345
3 0.5821428571428572 0.7817258883248731 0.03 0.11928934010152284
3 0.5464285714285714 0.7842639593908629 0.02857142857142857 0.116751269035533
3 0.5089285714285714 0.7798223350253807 0.030714285714285715 0.12055837563451777
5 0.5092857142857142 0.567258883248731 0.12 0.07614213197969544
3 0.0425 0.7119289340101523 0.065 0.06345177664974619
3 0.19642857142857142 0.1567258883248731 0.03857142857142857 0.10025380710659898
3 0.029285714285714286 0.06662436548223351 0.04 0.10786802030456853
3 0.024285714285714285 0.2506345177664975 0.04857142857142857 0.0901015228426396
3 0.0575 0.04314720812182741 0.03357142857142857 0.08629441624365482
3 0.12821428571428573 0.046954314720812185 0.035 0.09390862944162437
3 0.16714285714285715 0.03489847715736041 0.03 0.06979695431472081
3 0.20607142857142857 0.03807106598984772 0.027857142857142858 0.07614213197969544
0 0.2282142857142857 0.03299492385786802 0.017857142857142856 0.027918781725888325
0 0.2775 0.0450507614213198 0.012142857142857143 0.0266497461928934
0 0.3939285714285714 0.012690355329949238 0.010714285714285714 0.02030456852791878
0 0.40035714285714286 0.027918781725888325 0.010714285714285714 0.025380710659898477
0 0.4317857142857143 0.1649746192893401 0.015 0.03299492385786802
3 0.5467857142857143 0.24428934010152284 0.04642857142857143 0.10279187817258884
3 0.6017857142857143 0.16878172588832488 0.060714285714285714 0.09390862944162437
3 0.6364285714285715 0.10152284263959391 0.06 0.07614213197969544
3 0.6485714285714286 0.03934010152284264 0.06142857142857143 0.07868020304568528
3 0.7635714285714286 0.04060913705583756 0.02857142857142857 0.08121827411167512
3 0.725 0.22588832487309646 0.027142857142857142 0.12436548223350254
3 0.7632142857142857 0.2296954314720812 0.027857142857142858 0.116751269035533
3 0.7989285714285714 0.23794416243654823 0.029285714285714286 0.11548223350253807
3 0.8353571428571429 0.21446700507614214 0.027857142857142858 0.10406091370558376
4 0.8707142857142857 0.2201776649746193 0.03 0.09517766497461928
3 0.9014285714285715 0.21065989847715735 0.032857142857142856 0.116751269035533
3 0.9832142857142857 0.1947969543147208 0.03357142857142857 0.10532994923857868
5 0.44571428571428573 0.23540609137055837 0.06285714285714286 0.05456852791878172
0 0.1632142857142857 0.5323604060913706 0.013571428571428571 0.01903553299492386
0 0.8214285714285714 0.3153553299492386 0.011428571428571429 0.013959390862944163
0 0.8128571428571428 0.31789340101522845 0.007142857142857143 0.013959390862944163
9 0.8046428571428571 0.3039340101522843 0.02642857142857143 0.013959390862944163
0 0.9453571428571429 0.22525380710659898 0.013571428571428571 0.01903553299492386
0 0.9403571428571429 0.10469543147208121 0.020714285714285713 0.024111675126903553
0 0.96 0.21383248730964466 0.011428571428571429 0.01649746192893401
0 0.8357142857142857 0.7151015228426396 0.015714285714285715 0.01903553299492386
0 0.8428571428571429 0.6960659898477157 0.015714285714285715 0.021573604060913704
2 0.9589285714285715 0.7810913705583756 0.016428571428571428 0.04187817258883249
2 0.9442857142857143 0.7791878172588832 0.02142857142857143 0.03299492385786802
0 0.6317857142857143 0.31789340101522845 0.012142857142857143 0.024111675126903553
0 0.31035714285714283 0.6592639593908629 0.010714285714285714 0.01649746192893401
0 0.2889285714285714 0.6351522842639594 0.013571428571428571 0.011421319796954314
0 0.12357142857142857 0.8851522842639594 0.015714285714285715 0.01903553299492386
0 0.11357142857142857 0.8756345177664975 0.015714285714285715 0.027918781725888325
0 0.10071428571428571 0.8210659898477157 0.02 0.017766497461928935
0 0.05285714285714286 0.8673857868020305 0.027142857142857142 0.024111675126903553
0 0.05 0.9371827411167513 0.024285714285714285 0.01649746192893401
0 0.03535714285714286 0.9308375634517766 0.015 0.024111675126903553
0 0.05821428571428571 0.7715736040609137 0.017857142857142856 0.017766497461928935