3 0.49107142857142855 0.6871827411167513 0.020714285714285713 0.05710659898477157
3 0.5553571428571429 0.6097715736040609 0.016428571428571428 0.04187817258883249
8 0.4042857142857143 0.6173857868020305 0.04 0.11294416243654823
3 0.505 0.4352791878172589 0.014285714285714285 0.03299492385786802
3 0.5228571428571429 0.3362944162436548 0.01 0.02030456852791878
3 0.56 0.2760152284263959 0.007142857142857143 0.013959390862944163
3 0.5392857142857143 0.274746192893401 0.008571428571428572 0.01649746192893401
3 0.48678571428571427 0.2703045685279188 0.009285714285714286 0.015228426395939087
3 0.49857142857142855 0.24492385786802032 0.007142857142857143 0.012690355329949238
8 0.5107142857142857 0.24238578680203046 0.007142857142857143 0.017766497461928935
3 0.5167857142857143 0.18527918781725888 0.0064285714285714285 0.01015228426395939
3 0.535 0.14974619289340102 0.005714285714285714 0.01015228426395939
3 0.5282142857142857 0.14593908629441624 0.005 0.01015228426395939
3 0.5585714285714286 0.13769035532994925 0.005714285714285714 0.011421319796954314
3 0.5642857142857143 0.1319796954314721 0.004285714285714286 0.007614213197969543
3 0.5596428571428571 0.11865482233502538 0.005 0.008883248730964468
3 0.5617857142857143 0.12436548223350254 0.005 0.007614213197969543