3 0.4660714285714286 0.9784263959390863 0.019285714285714285 0.04060913705583756
3 0.49785714285714283 0.9790609137055838 0.018571428571428572 0.03934010152284264
3 0.5292857142857142 0.9873096446700508 0.015714285714285715 0.02284263959390863
3 0.48892857142857143 0.7931472081218274 0.017857142857142856 0.050761421319796954
3 0.5139285714285714 0.7620558375634517 0.017857142857142856 0.05203045685279188
3 0.5414285714285715 0.7106598984771574 0.015714285714285715 0.048223350253807105
3 0.5 0.6675126903553299 0.015714285714285715 0.050761421319796954
3 0.5275 0.6269035532994924 0.013571428571428571 0.03807106598984772
3 0.5121428571428571 0.5609137055837563 0.012857142857142857 0.03553299492385787
3 0.5332142857142858 0.5393401015228426 0.012142857142857143 0.03553299492385787
3 0.5196428571428572 0.4879441624365482 0.012142857142857143 0.031725888324873094
3 0.5367857142857143 0.46890862944162437 0.012142857142857143 0.02918781725888325
3 0.5225 0.4333756345177665 0.010714285714285714 0.02918781725888325
3 0.5260714285714285 0.3762690355329949 0.010714285714285714 0.0266497461928934
3 0.5403571428571429 0.3883248730964467 0.010714285714285714 0.027918781725888325
3 0.4692857142857143 0.3299492385786802 0.011428571428571429 0.02284263959390863
4 0.4475 0.3026649746192893 0.009285714285714286 0.024111675126903553
3 0.46214285714285713 0.1453045685279188 0.008571428571428572 0.011421319796954314
5 0.4375 0.06535532994923858 0.013571428571428571 0.0266497461928934
4 0.45821428571428574 0.006979695431472081 0.009285714285714286 0.013959390862944163
5 0.5082142857142857 0.06408629441624365 0.013571428571428571 0.0266497461928934
3 0.5075 0.050761421319796954 0.009285714285714286 0.01015228426395939
3 0.5207142857142857 0.031725888324873094 0.008571428571428572 0.012690355329949238
3 0.5378571428571428 0.09263959390862944 0.011428571428571429 0.015228426395939087
3 0.5610714285714286 0.09517766497461928 0.010714285714285714 0.015228426395939087
3 0.6425 0.23794416243654823 0.016428571428571428 0.021573604060913704
4 0.5939285714285715 0.11548223350253807 0.012142857142857143 0.02030456852791878
3 0.6975 0.16434010152284265 0.015 0.01649746192893401
3 0.6932142857142857 0.15736040609137056 0.015 0.015228426395939087
3 0.7810714285714285 0.23604060913705585 0.019285714285714285 0.017766497461928935
4 0.8053571428571429 0.24111675126903553 0.017857142857142856 0.02030456852791878
3 0.8442857142857143 0.25317258883248733 0.018571428571428572 0.01649746192893401
8 0.8628571428571429 0.26649746192893403 0.03142857142857143 0.027918781725888325
3 0.8721428571428571 0.27411167512690354 0.022857142857142857 0.017766497461928935
3 0.8782142857142857 0.28045685279187815 0.019285714285714285 0.017766497461928935
3 0.8846428571428572 0.28553299492385786 0.019285714285714285 0.02030456852791878
4 0.8935714285714286 0.2906091370558376 0.02142857142857143 0.017766497461928935
8 0.9 0.29758883248730966 0.032857142857142856 0.02918781725888325
3 0.9110714285714285 0.30647208121827413 0.020714285714285713 0.01903553299492386
3 0.9189285714285714 0.31408629441624364 0.023571428571428573 0.01903553299492386
3 0.9335714285714286 0.3286802030456853 0.02 0.017766497461928935
5 0.9510714285714286 0.3350253807106599 0.039285714285714285 0.04060913705583756
3 0.9632142857142857 0.3483502538071066 0.025 0.024111675126903553
5 0.8635714285714285 0.31091370558375636 0.045714285714285714 0.048223350253807105
5 0.7910714285714285 0.2772842639593909 0.04071428571428572 0.03426395939086294
5 0.8007142857142857 0.28616751269035534 0.04428571428571428 0.03680203045685279
5 0.8107142857142857 0.2963197969543147 0.03571428571428571 0.031725888324873094
5 0.8182142857142857 0.30774111675126903 0.04642857142857143 0.044416243654822336
8 0.8239285714285715 0.3248730964467005 0.03642857142857143 0.03553299492385787
8 0.8321428571428572 0.33058375634517767 0.03428571428571429 0.03680203045685279
5 0.8475 0.3369289340101523 0.05071428571428571 0.046954314720812185
5 0.8585714285714285 0.3489847715736041 0.05142857142857143 0.04314720812182741
5 0.8678571428571429 0.3597715736040609 0.047142857142857146 0.03934010152284264
4 0.9307142857142857 0.4073604060913706 0.03 0.027918781725888325
3 0.7464285714285714 0.41116751269035534 0.024285714285714285 0.030456852791878174
5 0.4467857142857143 0.5355329949238579 0.020714285714285713 0.05583756345177665