9 0.37839248434237993 0.38961038961038963 0.009394572025052192 0.04452690166975881
9 0.20198329853862212 0.37987012987012986 0.011482254697286013 0.045454545454545456
3 0.31941544885177453 0.4109461966604824 0.030271398747390398 0.1150278293135436
4 0.4091858037578288 0.4072356215213358 0.027139874739039668 0.1261595547309833
3 0.44650313152400833 0.4141929499072356 0.029749478079331943 0.10111317254174397
3 0.4906054279749478 0.4137291280148423 0.028183716075156576 0.11873840445269017
9 0.5529749478079332 0.38868274582560297 0.007828810020876827 0.04638218923933209
3 0.6356993736951984 0.38404452690166974 0.04592901878914405 0.12430426716141002
9 0.6938935281837161 0.31261595547309834 0.016179540709812108 0.04452690166975881
1 0.6944154488517745 0.3112244897959184 0.013048016701461378 0.023191094619666047
1 0.7194676409185804 0.43413729128014844 0.014091858037578288 0.016697588126159554
3 0.761482254697286 0.4109461966604824 0.06889352818371608 0.07977736549165121
3 0.8254175365344467 0.48144712430426717 0.07150313152400835 0.08163265306122448
3 0.9864300626304802 0.6187384044526901 0.026096033402922755 0.1038961038961039
3 0.4825156576200417 0.6915584415584416 0.06315240083507306 0.08812615955473098
3 0.44467640918580376 0.8293135435992579 0.07306889352818371 0.07606679035250463