0 0.02857142857142857 0.41116751269035534 0.014285714285714285 0.025380710659898477
4 0.20392857142857143 0.4498730964467005 0.04642857142857143 0.046954314720812185
4 0.25142857142857145 0.47906091370558374 0.05 0.04949238578680203
4 0.45 0.35279187817258884 0.032857142857142856 0.06852791878172589
4 0.18107142857142858 0.30583756345177665 0.03642857142857143 0.07614213197969544
4 0.20464285714285715 0.3248730964467005 0.03642857142857143 0.08121827411167512
0 0.33035714285714285 0.6491116751269036 0.009285714285714286 0.021573604060913704
0 0.325 0.6269035532994924 0.011428571428571429 0.017766497461928935
0 0.3385714285714286 0.6142131979695431 0.012857142857142857 0.02284263959390863
1 0.33 0.6097715736040609 0.007142857142857143 0.011421319796954314
1 0.31535714285714284 0.6275380710659898 0.0064285714285714285 0.011421319796954314
5 0.38607142857142857 0.6034263959390863 0.11071428571428571 0.07741116751269035
4 0.4135714285714286 0.3470812182741117 0.032857142857142856 0.07233502538071065
3 0.3425 0.3236040609137056 0.04214285714285714 0.04314720812182741
5 0.3357142857142857 0.6529187817258884 0.09142857142857143 0.06472081218274112
5 0.2475 0.9695431472081218 0.08357142857142857 0.0583756345177665
5 0.39321428571428574 0.9346446700507615 0.08928571428571429 0.1281725888324873
4 0.7703571428571429 0.6935279187817259 0.05071428571428571 0.0799492385786802