0 0.01375 0.192 0.0165 0.02266666666666667
9 0.15325 0.3496666666666667 0.0205 0.014
9 0.167 0.421 0.018 0.026
3 0.13125 0.43933333333333335 0.0625 0.04533333333333334
4 0.04325 0.6226666666666667 0.0365 0.06666666666666667
3 0.03325 0.8493333333333334 0.0655 0.08266666666666667
3 0.08225 0.839 0.0625 0.08466666666666667
3 0.025 0.9713333333333334 0.05 0.05733333333333333
3 0.205 0.976 0.066 0.04666666666666667
3 0.28025 0.9723333333333334 0.0675 0.05533333333333333
3 0.15525 0.8053333333333333 0.0665 0.07066666666666667
0 0.18025 0.765 0.0155 0.008666666666666666
3 0.2535 0.761 0.056 0.05533333333333333
4 0.30275 0.7483333333333333 0.0495 0.059333333333333335
3 0.39725 0.916 0.0615 0.06133333333333333
3 0.4565 0.8936666666666667 0.064 0.048666666666666664
3 0.5105 0.8676666666666667 0.059 0.06066666666666667
3 0.5855 0.8353333333333334 0.065 0.05333333333333334
3 0.65475 0.804 0.0595 0.06666666666666667
3 0.70875 0.7783333333333333 0.0585 0.07266666666666667
4 0.75 0.7596666666666667 0.049 0.058
3 0.7875 0.7336666666666667 0.061 0.06466666666666666
0 0.898 0.8956666666666667 0.018 0.014
3 0.849 0.719 0.06 0.054
3 0.89725 0.6943333333333334 0.0625 0.054
3 0.95725 0.6706666666666666 0.0625 0.048
3 0.98 0.6356666666666667 0.039 0.05
4 0.2675 0.615 0.05 0.04466666666666667
0 0.52975 0.5663333333333334 0.0065 0.01
3 0.323 0.6323333333333333 0.01 0.007333333333333333
3 0.39425 0.338 0.0565 0.044
3 0.55925 0.2763333333333333 0.0535 0.042
9 0.6275 0.201 0.016 0.024666666666666667
6 0.66225 0.18333333333333332 0.0165 0.042666666666666665
6 0.642 0.179 0.032 0.034
2 0.68175 0.136 0.0185 0.017333333333333333
9 0.75 0.13366666666666666 0.021 0.016666666666666666
2 0.8815 0.018 0.013 0.025333333333333333
9 0.88925 0.020666666666666667 0.0155 0.028
9 0.92675 0.029 0.0135 0.024666666666666667
3 0.49625 0.6473333333333333 0.0565 0.04666666666666667
3 0.71275 0.569 0.0665 0.04466666666666667
5 0.79225 0.521 0.0645 0.05
3 0.859 0.5103333333333333 0.06 0.056666666666666664
3 0.983 0.479 0.033 0.038
9 0.89075 0.5566666666666666 0.0275 0.013333333333333334
1 0.893 0.556 0.016 0.013333333333333334
1 0.897 0.5546666666666666 0.018 0.012
0 0.89325 0.44733333333333336 0.0175 0.014666666666666666
1 0.944 0.38366666666666666 0.017 0.012666666666666666
2 0.933 0.348 0.022 0.021333333333333333
0 0.8795 0.35033333333333333 0.015 0.015333333333333332
2 0.977 0.3536666666666667 0.027 0.019333333333333334