3 0.48428571428571426 0.4517766497461929 0.012857142857142857 0.03807106598984772
3 0.48214285714285715 0.36611675126903553 0.011428571428571429 0.02918781725888325
3 0.4203571428571429 0.37055837563451777 0.012142857142857143 0.025380710659898477
3 0.47 0.3020304568527919 0.011428571428571429 0.027918781725888325
3 0.375 0.4600253807106599 0.032857142857142856 0.0266497461928934
3 0.47464285714285714 0.14720812182741116 0.009285714285714286 0.02030456852791878
3 0.4853571428571429 0.0717005076142132 0.007857142857142858 0.01649746192893401
3 0.4546428571428571 0.0133248730964467 0.0064285714285714285 0.011421319796954314
3 0.3967857142857143 0.49428934010152287 0.03214285714285714 0.024111675126903553
3 0.5175 0.12626903553299493 0.016428571428571428 0.01649746192893401
3 0.4857142857142857 0.32741116751269034 0.01 0.027918781725888325
3 0.4860714285714286 0.29441624365482233 0.010714285714285714 0.025380710659898477
3 0.5042857142857143 0.3883248730964467 0.011428571428571429 0.030456852791878174
3 0.3482142857142857 0.5076142131979695 0.030714285714285715 0.025380710659898477
3 0.3964285714285714 0.46954314720812185 0.022857142857142857 0.025380710659898477
3 0.4860714285714286 0.6357868020304569 0.017857142857142856 0.050761421319796954
3 0.27964285714285714 0.4631979695431472 0.029285714285714286 0.017766497461928935
3 0.17785714285714285 0.45685279187817257 0.03142857142857143 0.02030456852791878
3 0.2867857142857143 0.4803299492385787 0.03642857142857143 0.021573604060913704
4 0.3417857142857143 0.48096446700507617 0.03214285714285714 0.025380710659898477
3 0.32785714285714285 0.46890862944162437 0.03 0.021573604060913704
4 0.4714285714285714 0.2315989847715736 0.008571428571428572 0.0266497461928934
4 0.4657142857142857 0.39276649746192893 0.011428571428571429 0.03934010152284264
4 0.4835714285714286 0.4067258883248731 0.01 0.03426395939086294
4 0.5010714285714286 0.4206852791878173 0.012142857142857143 0.03680203045685279
4 0.4635714285714286 0.6960659898477157 0.015714285714285715 0.05456852791878172
4 0.48464285714285715 0.21637055837563451 0.007857142857142858 0.021573604060913704
8 0.6046428571428571 0.6903553299492385 0.03357142857142857 0.14720812182741116
8 0.6325 0.6890862944162437 0.03642857142857143 0.1446700507614213
8 0.6125 0.8293147208121827 0.02642857142857143 0.12563451776649745
8 0.6439285714285714 0.8109137055837563 0.02642857142857143 0.11421319796954314
8 0.6596428571428572 0.6706852791878173 0.027857142857142858 0.0901015228426396
8 0.6714285714285714 0.7601522842639594 0.03142857142857143 0.10152284263959391