4 0.19678571428571429 0.7208121827411168 0.04928571428571429 0.14974619289340102
4 0.3817857142857143 0.7817258883248731 0.03642857142857143 0.11928934010152284
4 0.5767857142857142 0.8616751269035533 0.04357142857142857 0.15736040609137056
4 0.5417857142857143 0.8318527918781726 0.039285714285714285 0.16116751269035534
4 0.49892857142857144 0.8350253807106599 0.04071428571428572 0.1548223350253807
4 0.45964285714285713 0.8197969543147208 0.04357142857142857 0.15736040609137056
4 0.5478571428571428 0.4073604060913706 0.04 0.14213197969543148
4 0.7910714285714285 0.46256345177664976 0.04357142857142857 0.1484771573604061
4 0.7432142857142857 0.8559644670050761 0.08928571428571429 0.0850253807106599
5 0.8578571428571429 0.2893401015228426 0.07285714285714286 0.19543147208121828
5 0.9792857142857143 0.33248730964467005 0.041428571428571426 0.18274111675126903
4 0.9771428571428571 0.5329949238578681 0.045714285714285714 0.15736040609137056
3 0.9757142857142858 0.7906091370558376 0.04857142857142857 0.08121827411167512
3 0.9732142857142857 0.8718274111675127 0.05357142857142857 0.07868020304568528
3 0.8021428571428572 0.9790609137055838 0.08142857142857143 0.03934010152284264
3 0.7182142857142857 0.9625634517766497 0.07928571428571428 0.07233502538071065
3 0.5657142857142857 0.9657360406091371 0.037142857142857144 0.06598984771573604
3 0.44107142857142856 0.9460659898477157 0.04642857142857143 0.09517766497461928
3 0.23142857142857143 0.04885786802030457 0.045714285714285714 0.09771573604060914
3 0.2760714285714286 0.050761421319796954 0.047857142857142855 0.10152284263959391
3 0.31785714285714284 0.06218274111675127 0.045714285714285714 0.12436548223350254
3 0.23035714285714284 0.4397208121827411 0.03785714285714286 0.13071065989847716
3 0.23357142857142857 0.7220812182741116 0.045714285714285714 0.13705583756345177
3 0.4235714285714286 0.7975888324873096 0.032857142857142856 0.13071065989847716
3 0.755 0.7119289340101523 0.08142857142857143 0.07868020304568528
3 0.7482142857142857 0.7772842639593909 0.06928571428571428 0.07487309644670051
3 0.8271428571428572 0.8788071065989848 0.08285714285714285 0.0850253807106599
3 0.8314285714285714 0.48096446700507617 0.04 0.13959390862944163
3 0.905 0.5222081218274112 0.045714285714285714 0.13578680203045684
3 0.9446428571428571 0.5222081218274112 0.04214285714285714 0.14086294416243655
3 0.30178571428571427 0.46954314720812185 0.04214285714285714 0.1446700507614213
3 0.32035714285714284 0.3331218274111675 0.04357142857142857 0.1281725888324873
3 0.3575 0.33883248730964466 0.039285714285714285 0.15736040609137056
3 0.3364285714285714 0.48921319796954316 0.04 0.1484771573604061
4 0.6117857142857143 0.5888324873096447 0.04642857142857143 0.15228426395939088
3 0.5664285714285714 0.5780456852791879 0.045714285714285714 0.15355329949238578
3 0.5275 0.5532994923857868 0.030714285714285715 0.14213197969543148
3 0.4925 0.5406091370558376 0.047857142857142855 0.1446700507614213
3 0.4175 0.5088832487309645 0.045 0.11928934010152284
3 0.37857142857142856 0.4987309644670051 0.04428571428571428 0.14720812182741116
3 0.3975 0.35152284263959394 0.039285714285714285 0.13705583756345177
3 0.4342857142857143 0.36421319796954316 0.037142857142857144 0.13451776649746192
3 0.4717857142857143 0.38515228426395937 0.03642857142857143 0.13324873096446702
3 0.5089285714285714 0.3953045685279188 0.03785714285714286 0.13071065989847716
3 0.5871428571428572 0.42956852791878175 0.037142857142857144 0.14086294416243655
3 0.6296428571428572 0.44225888324873097 0.039285714285714285 0.14593908629441624
3 0.38357142857142856 0.08565989847715735 0.04285714285714286 0.1383248730964467
3 0.4253571428571429 0.09390862944162437 0.035 0.1319796954314721
3 0.46214285714285713 0.11040609137055837 0.03428571428571429 0.13705583756345177
3 0.5017857142857143 0.11104060913705584 0.045 0.14593908629441624
3 0.5353571428571429 0.13071065989847716 0.04214285714285714 0.15736040609137056
3 0.5764285714285714 0.14657360406091371 0.041428571428571426 0.14593908629441624
3 0.6171428571428571 0.15926395939086294 0.041428571428571426 0.13578680203045684
3 0.6646428571428571 0.15862944162436549 0.04071428571428572 0.12944162436548223
0 0.5017857142857143 0.2633248730964467 0.009285714285714286 0.0266497461928934
0 0.5132142857142857 0.2436548223350254 0.009285714285714286 0.030456852791878174
0 0.5142857142857142 0.23223350253807107 0.01 0.03807106598984772