3 0.1332142857142857 0.5418781725888325 0.04642857142857143 0.04060913705583756
3 0.0875 0.626269035532995 0.062142857142857146 0.06725888324873096
3 0.30607142857142855 0.49048223350253806 0.045 0.05456852791878172
3 0.36214285714285716 0.49428934010152287 0.04 0.04187817258883249
3 0.40214285714285714 0.39403553299492383 0.03142857142857143 0.0266497461928934
3 0.43785714285714283 0.39276649746192893 0.03571428571428571 0.02918781725888325
3 0.5196428571428572 0.41243654822335024 0.03357142857142857 0.030456852791878174
3 0.6335714285714286 0.33121827411167515 0.03 0.027918781725888325
3 0.6882142857142857 0.3248730964467005 0.029285714285714286 0.027918781725888325
3 0.6782142857142858 0.2626903553299492 0.023571428571428573 0.025380710659898477
3 0.785 0.25444162436548223 0.02142857142857143 0.0266497461928934
3 0.8175 0.258248730964467 0.023571428571428573 0.0266497461928934
3 0.8382142857142857 0.19543147208121828 0.02214285714285714 0.017766497461928935
3 0.8603571428571428 0.17893401015228427 0.020714285714285713 0.025380710659898477
3 0.9017857142857143 0.16624365482233502 0.020714285714285713 0.02030456852791878
3 0.95 0.1598984771573604 0.022857142857142857 0.02030456852791878
3 0.9189285714285714 0.1732233502538071 0.02214285714285714 0.024111675126903553
3 0.9385714285714286 0.1884517766497462 0.02142857142857143 0.021573604060913704
3 0.9078571428571428 0.19416243654822335 0.02142857142857143 0.025380710659898477
3 0.9335714285714286 0.2036802030456853 0.02142857142857143 0.024111675126903553
3 0.9710714285714286 0.141497461928934 0.017857142857142856 0.021573604060913704
3 0.6582142857142858 0.3883248730964467 0.023571428571428573 0.02030456852791878
3 0.5517857142857143 0.4467005076142132 0.030714285714285715 0.030456852791878174
3 0.21321428571428572 0.9428934010152284 0.047857142857142855 0.050761421319796954
3 0.26607142857142857 0.9651015228426396 0.05357142857142857 0.044416243654822336
3 0.3492857142857143 0.7277918781725888 0.04285714285714286 0.05456852791878172
3 0.37357142857142855 0.6719543147208121 0.04 0.05203045685279188
8 0.36714285714285716 0.7931472081218274 0.12428571428571429 0.1548223350253807
0 0.18464285714285714 0.9428934010152284 0.009285714285714286 0.027918781725888325
0 0.27964285714285714 0.9447969543147208 0.007857142857142858 0.024111675126903553
3 0.13392857142857142 0.4530456852791878 0.03214285714285714 0.025380710659898477
3 0.1175 0.43274111675126903 0.029285714285714286 0.02284263959390863
3 0.004285714285714286 0.4289340101522843 0.008571428571428572 0.025380710659898477
3 0.0175 0.42576142131979694 0.012142857142857143 0.024111675126903553
3 0.03357142857142857 0.41751269035532995 0.015714285714285715 0.025380710659898477
3 0.05035714285714286 0.4098984771573604 0.015 0.027918781725888325
3 0.06535714285714286 0.40926395939086296 0.013571428571428571 0.02918781725888325
3 0.07964285714285714 0.4010152284263959 0.015 0.025380710659898477
3 0.09285714285714286 0.39847715736040606 0.014285714285714285 0.027918781725888325
3 0.10571428571428572 0.39149746192893403 0.014285714285714285 0.02918781725888325
3 0.12821428571428573 0.34581218274111675 0.023571428571428573 0.0266497461928934
3 0.06928571428571428 0.3597715736040609 0.02 0.021573604060913704
3 0.07857142857142857 0.3546954314720812 0.02 0.021573604060913704
3 0.05678571428571429 0.3426395939086294 0.023571428571428573 0.027918781725888325
3 0.023928571428571428 0.258248730964467 0.017857142857142856 0.02918781725888325
3 0.4203571428571429 0.3553299492385787 0.025 0.02030456852791878
3 0.5942857142857143 0.20621827411167512 0.02142857142857143 0.021573604060913704
3 0.9471428571428572 0.2715736040609137 0.018571428571428572 0.025380710659898477
3 0.6728571428571428 0.21383248730964466 0.017142857142857144 0.01649746192893401
3 0.6967857142857142 0.21383248730964466 0.019285714285714285 0.01649746192893401
3 0.7214285714285714 0.2182741116751269 0.02142857142857143 0.017766497461928935
3 0.8932142857142857 0.37182741116751267 0.020714285714285713 0.02284263959390863
3 0.9057142857142857 0.06408629441624365 0.011428571428571429 0.013959390862944163
3 0.8832142857142857 0.06408629441624365 0.013571428571428571 0.013959390862944163
3 0.8375 0.050761421319796954 0.013571428571428571 0.012690355329949238
3 0.8096428571428571 0.05012690355329949 0.0064285714285714285 0.013959390862944163
3 0.8053571428571429 0.04187817258883249 0.0064285714285714285 0.01015228426395939
3 0.8007142857142857 0.03553299492385787 0.005714285714285714 0.012690355329949238
3 0.8028571428571428 0.027918781725888325 0.007142857142857143 0.012690355329949238
0 0.7825 0.46573604060913704 0.005 0.015228426395939087
0 0.8271428571428572 0.48286802030456855 0.005714285714285714 0.021573604060913704
0 0.7871428571428571 0.46954314720812185 0.004285714285714286 0.015228426395939087
4 0.8014285714285714 0.39847715736040606 0.02857142857142857 0.030456852791878174
4 0.8482142857142857 0.22081218274111675 0.02214285714285714 0.027918781725888325
4 0.8532142857142857 0.061548223350253804 0.013571428571428571 0.01649746192893401