3 0.8864285714285715 0.557741116751269 0.03571428571428571 0.10532994923857868
3 0.835 0.1967005076142132 0.03571428571428571 0.06598984771573604
3 0.6564285714285715 0.47017766497461927 0.02857142857142857 0.0850253807106599
0 0.4767857142857143 0.46383248730964466 0.007857142857142858 0.0266497461928934
0 0.43892857142857145 0.4302030456852792 0.009285714285714286 0.027918781725888325
0 0.45 0.35850253807106597 0.007142857142857143 0.031725888324873094
0 0.40785714285714286 0.46954314720812185 0.007142857142857143 0.02284263959390863
0 0.40035714285714286 0.4447969543147208 0.010714285714285714 0.024111675126903553
0 0.3539285714285714 0.45050761421319796 0.019285714285714285 0.025380710659898477
0 0.3196428571428571 0.48984771573604063 0.010714285714285714 0.027918781725888325
0 0.25107142857142856 0.5647208121827412 0.010714285714285714 0.03299492385786802
0 0.3364285714285714 0.4447969543147208 0.01 0.031725888324873094
0 0.3625 0.4302030456852792 0.009285714285714286 0.027918781725888325
0 0.34 0.3800761421319797 0.008571428571428572 0.031725888324873094
0 0.34535714285714286 0.36421319796954316 0.007857142857142858 0.027918781725888325
0 0.5189285714285714 0.5139593908629442 0.007857142857142858 0.03299492385786802
0 0.5421428571428571 0.16370558375634517 0.005714285714285714 0.02284263959390863
0 0.5792857142857143 0.13451776649746192 0.007142857142857143 0.027918781725888325
0 0.5739285714285715 0.1313451776649746 0.007857142857142858 0.02918781725888325
0 0.5203571428571429 0.508248730964467 0.005 0.021573604060913704
0 0.9642857142857143 0.3597715736040609 0.015714285714285715 0.03934010152284264
0 0.9707142857142858 0.22906091370558376 0.012857142857142857 0.031725888324873094
8 0.6110714285714286 0.01649746192893401 0.16785714285714284 0.03299492385786802
3 0.44142857142857145 0.007614213197969543 0.055714285714285716 0.015228426395939087
3 0.6492857142857142 0.9302030456852792 0.03857142857142857 0.13705583756345177