3 0.65725 0.8713333333333333 0.1235 0.25733333333333336
3 0.69925 0.516 0.1485 0.08933333333333333
3 0.2175 0.934 0.123 0.132
3 0.41475 0.6456666666666667 0.0875 0.18733333333333332
3 0.669 0.394 0.13 0.07066666666666667
3 0.66375 0.30666666666666664 0.1065 0.068
3 0.5925 0.25066666666666665 0.041 0.06133333333333333
3 0.3615 0.49766666666666665 0.077 0.13666666666666666
3 0.46825 0.3473333333333333 0.0525 0.08533333333333333
3 0.3945 0.37066666666666664 0.063 0.10933333333333334
1 0.4035 0.31066666666666665 0.014 0.024
0 0.2775 0.44333333333333336 0.023 0.056
3 0.26975 0.36733333333333335 0.0835 0.12533333333333332
3 0.318 0.2796666666666667 0.065 0.09
3 0.354 0.21666666666666667 0.052 0.06266666666666666
3 0.3765 0.17233333333333334 0.042 0.05266666666666667
3 0.39525 0.13366666666666666 0.0345 0.05
3 0.4175 0.11033333333333334 0.03 0.04066666666666666
3 0.41925 0.08433333333333333 0.0275 0.034
3 0.42725 0.060333333333333336 0.0275 0.035333333333333335
0 0.45325 0.07066666666666667 0.0065 0.028
3 0.32175 0.10133333333333333 0.0395 0.03333333333333333
3 0.4865 0.23166666666666666 0.036 0.054
3 0.4995 0.14633333333333334 0.03 0.046
3 0.51225 0.078 0.0195 0.030666666666666665
3 0.50175 0.055 0.0195 0.028666666666666667
3 0.5125 0.026 0.019 0.024
3 0.5265 0.012333333333333333 0.019 0.024666666666666667
3 0.50625 0.012 0.0165 0.02266666666666667
3 0.447 0.02666666666666667 0.025 0.02666666666666667
3 0.46975 0.008 0.0205 0.016
5 0.4375 0.01 0.047 0.02
3 0.5745 0.138 0.031 0.04533333333333334
3 0.61875 0.10466666666666667 0.0635 0.02666666666666667
3 0.609 0.09033333333333333 0.057 0.027333333333333334
3 0.60125 0.07566666666666666 0.0505 0.026
3 0.612 0.06733333333333333 0.047 0.02266666666666667
3 0.598 0.03933333333333333 0.046 0.024
3 0.598 0.026 0.043 0.021333333333333333
3 0.59925 0.018333333333333333 0.0415 0.020666666666666667
3 0.5935 0.013 0.033 0.015333333333333332
3 0.595 0.006666666666666667 0.035 0.013333333333333334