5 0.030357142857142857 0.7766497461928934 0.060714285714285714 0.048223350253807105
3 0.14214285714285715 0.7848984771573604 0.03142857142857143 0.031725888324873094
9 0.175 0.8064720812182741 0.012857142857142857 0.013959390862944163
0 0.21464285714285714 0.8972081218274112 0.0064285714285714285 0.012690355329949238
0 0.21285714285714286 0.8864213197969543 0.007142857142857143 0.011421319796954314
0 0.07571428571428572 0.7982233502538071 0.01 0.01015228426395939
0 0.06678571428571428 0.800761421319797 0.010714285714285714 0.007614213197969543
0 0.265 0.8870558375634517 0.007142857142857143 0.012690355329949238
0 0.37607142857142856 0.9098984771573604 0.005 0.012690355329949238
0 0.3610714285714286 0.9225888324873096 0.005 0.012690355329949238
0 0.4525 0.9346446700507615 0.0035714285714285713 0.013959390862944163
0 0.5239285714285714 0.9270304568527918 0.005 0.013959390862944163
0 0.49785714285714283 0.9130710659898477 0.007142857142857143 0.011421319796954314
0 0.47 0.9111675126903553 0.007142857142857143 0.012690355329949238
0 0.4567857142857143 0.9238578680203046 0.0064285714285714285 0.01015228426395939
0 0.4807142857142857 0.9295685279187818 0.005714285714285714 0.008883248730964468
0 0.6675 0.9384517766497462 0.009285714285714286 0.008883248730964468
3 0.6128571428571429 0.6586294416243654 0.03571428571428571 0.030456852791878174
3 0.6307142857142857 0.6135786802030457 0.037142857142857144 0.031725888324873094
3 0.7060714285714286 0.625 0.03785714285714286 0.02918781725888325
3 0.7842857142857143 0.6738578680203046 0.041428571428571426 0.030456852791878174
4 0.7192857142857143 0.6713197969543148 0.03857142857142857 0.027918781725888325
4 0.7610714285714286 0.6275380710659898 0.03357142857142857 0.0266497461928934
3 0.7853571428571429 0.7918781725888325 0.04214285714285714 0.04060913705583756
2 0.675 0.8838832487309645 0.014285714285714285 0.008883248730964468
1 0.6753571428571429 0.8838832487309645 0.0064285714285714285 0.008883248730964468
0 0.7960714285714285 0.9619289340101523 0.007857142857142858 0.01015228426395939
0 0.7860714285714285 0.9657360406091371 0.007857142857142858 0.01015228426395939
0 0.795 0.9733502538071066 0.007142857142857143 0.01015228426395939
3 0.9242857142857143 0.9600253807106599 0.02142857142857143 0.07233502538071065
3 0.9492857142857143 0.9473350253807107 0.02 0.07487309644670051
8 0.9825 0.9111675126903553 0.029285714285714286 0.10406091370558376
0 0.8357142857142857 0.9581218274111675 0.004285714285714286 0.012690355329949238