0 0.04 0.5951776649746193 0.01 0.027918781725888325
0 0.08392857142857142 0.7715736040609137 0.010714285714285714 0.025380710659898477
0 0.11357142857142857 0.8597715736040609 0.01 0.0266497461928934
0 0.07535714285714286 0.9892131979695431 0.012142857142857143 0.01903553299492386
0 0.14892857142857144 0.3267766497461929 0.0064285714285714285 0.021573604060913704
0 0.17 0.3381979695431472 0.004285714285714286 0.021573604060913704
0 0.1925 0.28616751269035534 0.007857142857142858 0.021573604060913704
0 0.19607142857142856 0.28616751269035534 0.0035714285714285713 0.01649746192893401
0 0.2067857142857143 0.27982233502538073 0.0064285714285714285 0.01903553299492386
0 0.18571428571428572 0.19098984771573604 0.004285714285714286 0.021573604060913704
0 0.2082142857142857 0.19860406091370558 0.005 0.01903553299492386
4 0.2075 0.10532994923857868 0.016428571428571428 0.025380710659898477
3 0.21964285714285714 0.13261421319796954 0.013571428571428571 0.031725888324873094
3 0.2332142857142857 0.217005076142132 0.013571428571428571 0.030456852791878174
4 0.23285714285714285 0.2626903553299492 0.014285714285714285 0.030456852791878174
3 0.5317857142857143 0.024111675126903553 0.010714285714285714 0.017766497461928935
5 0.5203571428571429 0.05964467005076142 0.016428571428571428 0.04314720812182741
3 0.49142857142857144 0.16053299492385786 0.011428571428571429 0.0266497461928934
3 0.45071428571428573 0.17956852791878172 0.011428571428571429 0.0266497461928934
4 0.5696428571428571 0.06789340101522842 0.012142857142857143 0.02918781725888325
3 0.6610714285714285 0.18908629441624367 0.012142857142857143 0.030456852791878174
3 0.6078571428571429 0.0799492385786802 0.011428571428571429 0.027918781725888325
3 0.6335714285714286 0.07360406091370558 0.011428571428571429 0.025380710659898477
3 0.5392857142857143 0.27411167512690354 0.014285714285714285 0.03553299492385787
4 0.5703571428571429 0.26586294416243655 0.013571428571428571 0.046954314720812185
3 0.7121428571428572 0.01967005076142132 0.01 0.021573604060913704
4 0.7053571428571429 0.05139593908629442 0.010714285714285714 0.024111675126903553
3 0.7021428571428572 0.08375634517766498 0.011428571428571429 0.025380710659898477
8 0.6878571428571428 0.16243654822335024 0.025714285714285714 0.09898477157360407
8 0.8767857142857143 0.01649746192893401 0.013571428571428571 0.03299492385786802
0 0.8814285714285715 0.11104060913705584 0.004285714285714286 0.013959390862944163
3 0.9278571428571428 0.14022842639593908 0.018571428571428572 0.02918781725888325
3 0.7367857142857143 0.9663705583756346 0.03785714285714286 0.05203045685279188
8 0.9817857142857143 0.35406091370558374 0.03642857142857143 0.116751269035533
4 0.7439285714285714 0.8800761421319797 0.047857142857142855 0.04949238578680203
3 0.7385714285714285 0.8401015228426396 0.045714285714285714 0.04568527918781726
3 0.7357142857142858 0.8013959390862944 0.045714285714285714 0.04187817258883249
5 0.8292857142857143 0.6357868020304569 0.032857142857142856 0.13959390862944163
5 0.8275 0.5031725888324873 0.03214285714285714 0.1281725888324873
9 0.7407142857142858 0.6859137055837563 0.025714285714285714 0.02918781725888325
9 0.7396428571428572 0.7074873096446701 0.007857142857142858 0.031725888324873094
4 0.7525 0.6427664974619289 0.03642857142857143 0.06218274111675127
4 0.7542857142857143 0.565989847715736 0.03428571428571429 0.050761421319796954
4 0.755 0.524746192893401 0.03571428571428571 0.05710659898477157
4 0.7557142857142857 0.45875634517766495 0.03428571428571429 0.046954314720812185
4 0.7525 0.4873096446700508 0.03357142857142857 0.048223350253807105
3 0.7510714285714286 0.600253807106599 0.035 0.0532994923857868
1 0.8796428571428572 0.17703045685279187 0.0064285714285714285 0.013959390862944163
1 0.8789285714285714 0.1713197969543147 0.005 0.015228426395939087
3 0.8414285714285714 0.3546954314720812 0.018571428571428572 0.031725888324873094
3 0.8114285714285714 0.38071065989847713 0.015714285714285715 0.03553299492385787
4 0.7678571428571429 0.3565989847715736 0.018571428571428572 0.04314720812182741
4 0.7878571428571428 0.36738578680203043 0.015714285714285715 0.03426395939086294
5 0.7857142857142857 0.22906091370558376 0.017142857142857144 0.046954314720812185
3 0.7575 0.22461928934010153 0.013571428571428571 0.030456852791878174
9 0.47964285714285715 0.3769035532994924 0.005 0.02284263959390863
1 0.47964285714285715 0.3737309644670051 0.005 0.01903553299492386
3 0.5064285714285715 0.3489847715736041 0.014285714285714285 0.03807106598984772
4 0.575 0.36928934010152287 0.015714285714285715 0.04568527918781726
4 0.5982142857142857 0.3946700507614213 0.016428571428571428 0.05583756345177665
4 0.6014285714285714 0.5152284263959391 0.017142857142857144 0.05583756345177665
4 0.6257142857142857 0.47017766497461927 0.015714285714285715 0.05964467005076142
5 0.6639285714285714 0.35088832487309646 0.025 0.07741116751269035
8 0.6585714285714286 0.45685279187817257 0.03428571428571429 0.15228426395939088
4 0.6053571428571428 0.6205583756345178 0.017857142857142856 0.06852791878172589
3 0.6517857142857143 0.5767766497461929 0.016428571428571428 0.05710659898477157
3 0.6360714285714286 0.625 0.016428571428571428 0.06218274111675127
4 0.6517857142857143 0.725253807106599 0.02214285714285714 0.06725888324873096
3 0.5928571428571429 0.7106598984771574 0.02 0.05583756345177665
3 0.5339285714285714 0.7176395939086294 0.019285714285714285 0.06979695431472081
4 0.6478571428571429 0.8381979695431472 0.022857142857142857 0.08248730964467005
3 0.6114285714285714 0.8654822335025381 0.02142857142857143 0.08375634517766498
8 0.6614285714285715 0.9543147208121827 0.03571428571428571 0.08883248730964467