3 0.17375 0.7143333333333334 0.0995 0.12333333333333334
3 0.2435 0.5983333333333334 0.07 0.09666666666666666
3 0.31425 0.486 0.0525 0.06933333333333333
3 0.35 0.42633333333333334 0.047 0.062
3 0.51275 0.388 0.0385 0.06
4 0.4135 0.31866666666666665 0.042 0.064
9 0.3905 0.4703333333333333 0.018 0.034
1 0.38975 0.462 0.0135 0.036
3 0.93725 0.971 0.0685 0.058
1 0.957 0.9473333333333334 0.032 0.02266666666666667
0 0.9115 0.9146666666666666 0.024 0.05333333333333334
9 0.92 0.903 0.048 0.03666666666666667
3 0.897 0.7803333333333333 0.066 0.118
0 0.92275 0.61 0.0215 0.032
9 0.9235 0.6043333333333333 0.013 0.03933333333333333
9 0.88525 0.708 0.0415 0.05733333333333333
9 0.88775 0.694 0.0335 0.04533333333333334
9 0.8745 0.638 0.036 0.03333333333333333
1 0.87725 0.637 0.0185 0.03266666666666666
9 0.86775 0.6123333333333333 0.0365 0.027333333333333334
2 0.865 0.604 0.036 0.028
3 0.8125 0.5836666666666667 0.04 0.062
9 0.8605 0.5623333333333334 0.037 0.035333333333333335
4 0.85625 0.521 0.0435 0.07933333333333334
3 0.82775 0.44066666666666665 0.0395 0.052
3 0.79975 0.33766666666666667 0.0305 0.03666666666666667
0 0.7515 0.32966666666666666 0.01 0.03
3 0.78675 0.2916666666666667 0.0275 0.03666666666666667
3 0.7825 0.25333333333333335 0.025 0.032
3 0.781 0.228 0.021 0.024
9 0.74325 0.20266666666666666 0.0085 0.02
1 0.743 0.197 0.01 0.018
1 0.74325 0.2 0.0075 0.014666666666666666
3 0.77075 0.14333333333333334 0.0185 0.021333333333333333
3 0.766 0.11266666666666666 0.016 0.021333333333333333
4 0.7655 0.09733333333333333 0.013 0.02
2 0.74275 0.08666666666666667 0.0045 0.013333333333333334
1 0.74275 0.08366666666666667 0.0045 0.014
3 0.44225 0.2816666666666667 0.0315 0.03933333333333333
2 0.4925 0.25433333333333336 0.007 0.020666666666666667
1 0.492 0.24966666666666668 0.007 0.022
2 0.478 0.25033333333333335 0.006 0.020666666666666667
1 0.47875 0.24566666666666667 0.0055 0.022
4 0.496 0.18966666666666668 0.023 0.035333333333333335
4 0.511 0.16 0.024 0.03866666666666667
4 0.52425 0.141 0.0185 0.028666666666666667
3 0.533 0.132 0.019 0.024
6 0.55925 0.12466666666666666 0.0095 0.017333333333333333
1 0.558 0.12066666666666667 0.007 0.017333333333333333
3 0.54625 0.109 0.0175 0.026
3 0.554 0.09866666666666667 0.016 0.021333333333333333
2 0.5685 0.10233333333333333 0.004 0.014
1 0.5685 0.09966666666666667 0.004 0.016666666666666666
0 0.5335 0.09033333333333333 0.004 0.019333333333333334
3 0.5635 0.08133333333333333 0.016 0.018666666666666668
4 0.56925 0.071 0.0135 0.016666666666666666
3 0.5765 0.062 0.013 0.017333333333333333
2 0.60375 0.035 0.0035 0.011333333333333334
1 0.60375 0.03133333333333333 0.0035 0.014666666666666666
2 0.59875 0.035 0.0035 0.011333333333333334
1 0.59875 0.030666666666666665 0.0045 0.012
2 0.758 0.05466666666666667 0.003 0.010666666666666666
1 0.7585 0.051666666666666666 0.003 0.012666666666666666
3 0.75975 0.019 0.0115 0.011333333333333334
3 0.75725 0.014 0.0105 0.010666666666666666
4 0.755 0.009 0.011 0.011333333333333334
3 0.67475 0.008 0.0115 0.014666666666666666
3 0.657 0.010333333333333333 0.011 0.012666666666666666