3 0.6119519832985386 0.7161410018552876 0.05167014613778706 0.14471243042671614
3 0.5798538622129437 0.5681818181818182 0.04801670146137787 0.11781076066790352
3 0.5772442588726514 0.47680890538033394 0.037578288100208766 0.07977736549165121
3 0.5798538622129437 0.4104823747680891 0.03653444676409186 0.06771799628942486
3 0.5861169102296451 0.35946196660482377 0.033402922755741124 0.05102040816326531
3 0.5970772442588727 0.30844155844155846 0.027139874739039668 0.06029684601113173
3 0.625 0.06679035250463822 0.008872651356993737 0.012987012987012988
3 0.6247390396659708 0.07374768089053803 0.009394572025052192 0.017625231910946195
0 0.6330897703549061 0.19109461966604824 0.005219206680584551 0.022263450834879406
3 0.7747912317327766 0.9230055658627088 0.15292275574112735 0.1280148423005566
6 0.7847077244258872 0.725417439703154 0.0662839248434238 0.10018552875695733
0 0.7802713987473904 0.687847866419295 0.013569937369519834 0.05658627087198516
0 0.7225991649269311 0.7184601113172542 0.014091858037578288 0.05473098330241188
0 0.8006263048016702 0.6451762523191095 0.009394572025052192 0.0287569573283859
0 0.7455636743215032 0.687847866419295 0.013048016701461378 0.05658627087198516
3 0.7353862212943633 0.537569573283859 0.08977035490605428 0.07142857142857142
6 0.6080375782881002 0.12430426716141002 0.009394572025052192 0.01855287569573284
3 0.6064718162839249 0.10899814471243043 0.010438413361169102 0.017625231910946195
3 0.610125260960334 0.10435992578849722 0.007306889352818371 0.015769944341372914
3 0.6096033402922756 0.08905380333951762 0.009394572025052192 0.01855287569573284
0 0.8512526096033403 0.6971243042671614 0.014613778705636743 0.0640074211502783
0 0.8603862212943633 0.7249536178107606 0.012004175365344467 0.05473098330241188
1 0.850991649269311 0.7235621521335807 0.008872651356993737 0.027829313543599257
0 0.5957724425887265 0.5176252319109462 0.009916492693110648 0.04267161410018553
5 0.6252609603340292 0.4577922077922078 0.03549060542797495 0.09369202226345083
3 0.5902922755741128 0.898886827458256 0.06993736951983298 0.20037105751391465
0 0.6779749478079332 0.9601113172541744 0.018789144050104383 0.07792207792207792