6 0.482776617954071 0.737012987012987 0.03653444676409186 0.05473098330241188
1 0.5237473903966597 0.7898886827458256 0.010960334029227558 0.02504638218923933
9 0.524008350730689 0.7931354359925789 0.013569937369519834 0.04081632653061224
9 0.3935281837160752 0.9749536178107606 0.020876826722338204 0.03710575139146568
4 0.479384133611691 0.641465677179963 0.05793319415448852 0.05287569573283859
7 0.5208768267223383 0.6600185528756958 0.03444676409185804 0.06029684601113173
9 0.44258872651356995 0.62847866419295 0.008350730688935281 0.023191094619666047
9 0.4329331941544885 0.6614100185528757 0.007828810020876827 0.027829313543599257
9 0.427713987473904 0.6586270871985158 0.006784968684759917 0.03153988868274583
9 0.43606471816283926 0.62569573283859 0.008872651356993737 0.0287569573283859
6 0.6677974947807933 0.8617810760667903 0.01826722338204593 0.06307977736549165
6 0.666231732776618 0.6924860853432282 0.01826722338204593 0.05287569573283859
7 0.6017745302713987 0.5454545454545454 0.015657620041753653 0.05380333951762523
1 0.6299582463465553 0.6219851576994434 0.010438413361169102 0.021335807050092765
1 0.5910751565762005 0.4777365491651206 0.009916492693110648 0.02040816326530612
1 0.6025574112734864 0.4805194805194805 0.007828810020876827 0.02040816326530612
9 0.6304801670146137 0.62847866419295 0.008350730688935281 0.036178107606679034
9 0.5910751565762005 0.48330241187384043 0.009916492693110648 0.03339517625231911
9 0.6022964509394572 0.48840445269016697 0.007306889352818371 0.030612244897959183
7 0.6698851774530271 0.524582560296846 0.024530271398747392 0.05102040816326531
9 0.47416492693110646 0.4712430426716141 0.006784968684759917 0.027829313543599257
9 0.5086116910229646 0.4318181818181818 0.014091858037578288 0.01948051948051948
9 0.5177453027139874 0.42393320964749537 0.010438413361169102 0.025974025974025976
7 0.5010438413361169 0.37244897959183676 0.026096033402922755 0.036178107606679034
3 0.5589770354906054 0.2602040816326531 0.03653444676409186 0.0287569573283859
9 0.5508872651356994 0.24443413729128013 0.014091858037578288 0.012059369202226345
9 0.545929018789144 0.21846011131725418 0.011482254697286013 0.015769944341372914
9 0.5668058455114823 0.22077922077922077 0.012526096033402923 0.01855287569573284
9 0.5555845511482255 0.2077922077922078 0.010960334029227558 0.012987012987012988
9 0.5563674321503131 0.18738404452690166 0.008350730688935281 0.012987012987012988
9 0.5613256784968684 0.1836734693877551 0.009916492693110648 0.012987012987012988
6 0.56758872651357 0.17996289424860853 0.015135699373695199 0.01855287569573284
3 0.5754175365344467 0.16512059369202226 0.0255741127348643 0.02411873840445269
4 0.5850730688935282 0.14935064935064934 0.025052192066805846 0.027829313543599257
4 0.5855949895615866 0.13821892393320964 0.025052192066805846 0.025974025974025976
0 0.5816805845511482 0.2564935064935065 0.006784968684759917 0.021335807050092765
9 0.5858559498956158 0.11920222634508348 0.010960334029227558 0.012059369202226345
3 0.6176931106471816 0.06539888682745826 0.013048016701461378 0.03432282003710575
3 0.6281315240083507 0.01020408163265306 0.008872651356993737 0.02040816326530612
7 0.6380480167014614 0.022263450834879406 0.007828810020876827 0.022263450834879406
7 0.662839248434238 0.027829313543599257 0.010438413361169102 0.02411873840445269
3 0.6610125260960334 0.07096474953617811 0.013048016701461378 0.0287569573283859
3 0.6323068893528184 0.16697588126159554 0.016179540709812108 0.03339517625231911
3 0.6396137787056367 0.2036178107606679 0.01722338204592902 0.038033395176252316
7 0.6401356993736952 0.11595547309833024 0.010960334029227558 0.025974025974025976
6 0.6323068893528184 0.05333951762523191 0.008872651356993737 0.02504638218923933
6 0.6216075156576201 0.10992578849721707 0.010438413361169102 0.030612244897959183
1 0.6210855949895616 0.11270871985157699 0.005219206680584551 0.013914656771799629
7 0.592901878914405 0.2147495361781076 0.015657620041753653 0.02504638218923933
4 0.5944676409185804 0.23469387755102042 0.015657620041753653 0.04267161410018553
6 0.572286012526096 0.20408163265306123 0.014091858037578288 0.016697588126159554
5 0.5882045929018789 0.275974025974026 0.028183716075156576 0.07884972170686456
3 0.6004697286012526 0.33487940630797774 0.02870563674321503 0.04452690166975881
1 0.6051670146137788 0.3914656771799629 0.006784968684759917 0.02040816326530612
9 0.6218684759916493 0.39935064935064934 0.010960334029227558 0.038033395176252316
9 0.6049060542797495 0.39517625231910947 0.007306889352818371 0.025974025974025976
9 0.6304801670146137 0.25139146567717996 0.006263048016701462 0.02411873840445269
9 0.6119519832985386 0.24304267161410018 0.007828810020876827 0.02411873840445269
6 0.6150835073068893 0.21567717996289426 0.008872651356993737 0.021335807050092765
1 0.6299582463465553 0.24675324675324675 0.006263048016701462 0.01855287569573284
1 0.6116910229645094 0.2388682745825603 0.006263048016701462 0.017625231910946195
1 0.6143006263048016 0.21057513914656772 0.006263048016701462 0.012987012987012988
1 0.6109081419624217 0.16326530612244897 0.004697286012526096 0.014842300556586271
1 0.6179540709812108 0.14471243042671614 0.006263048016701462 0.01855287569573284
1 0.6109081419624217 0.13404452690166976 0.005741127348643006 0.017625231910946195
1 0.6610125260960334 0.1280148423005566 0.004697286012526096 0.012987012987012988
1 0.6612734864300627 0.1326530612244898 0.0041753653444676405 0.011131725417439703
1 0.6610125260960334 0.10760667903525047 0.004697286012526096 0.016697588126159554
1 0.6390918580375783 0.07931354359925788 0.004697286012526096 0.015769944341372914
1 0.6469206680584552 0.021335807050092765 0.0036534446764091857 0.011131725417439703
1 0.6471816283924844 0.022263450834879406 0.0041753653444676405 0.014842300556586271
1 0.6510960334029228 0.008812615955473098 0.004697286012526096 0.012059369202226345
9 0.6510960334029228 0.012059369202226345 0.004697286012526096 0.014842300556586271
9 0.6469206680584552 0.023191094619666047 0.005741127348643006 0.014842300556586271
9 0.6393528183716075 0.08256029684601113 0.005219206680584551 0.01855287569573284
9 0.660490605427975 0.11085343228200371 0.004697286012526096 0.015769944341372914
9 0.6617954070981211 0.13218923933209648 0.0041753653444676405 0.01948051948051948
9 0.6184759916492694 0.14795918367346939 0.006263048016701462 0.017625231910946195
9 0.6111691022964509 0.16743970315398887 0.006263048016701462 0.017625231910946195
2 0.6103862212943633 0.13636363636363635 0.004697286012526096 0.01855287569573284
0 0.6745824634655533 0.012987012987012988 0.007828810020876827 0.01855287569573284
9 0.7147703549060542 0.1971243042671614 0.010960334029227558 0.015769944341372914
7 0.7124217118997912 0.18228200371057515 0.018789144050104383 0.026901669758812616
9 0.7173799582463466 0.28339517625231914 0.013048016701461378 0.017625231910946195
3 0.7079853862212944 0.37059369202226344 0.037056367432150315 0.045454545454545456
1 0.735125260960334 0.39471243042671617 0.007828810020876827 0.01948051948051948
9 0.718945720250522 0.8028756957328386 0.02348643006263048 0.026901669758812616