0 0.5735 0.6086666666666667 0.009 0.04533333333333334
0 0.54375 0.593 0.0135 0.04066666666666666
0 0.438 0.8623333333333333 0.02 0.06733333333333333
0 0.42125 0.875 0.0145 0.066
2 0.38075 0.8856666666666667 0.0425 0.05533333333333333
0 0.3685 0.84 0.02 0.06666666666666667
0 0.33125 0.8193333333333334 0.0215 0.072
1 0.2955 0.8363333333333334 0.026 0.034
4 0.252 0.787 0.081 0.154
1 0.6295 0.7546666666666667 0.02 0.04533333333333334
4 0.644 0.6776666666666666 0.046 0.09133333333333334
1 0.38175 0.63 0.0145 0.02266666666666667
4 0.46325 0.559 0.0335 0.06466666666666666
1 0.51 0.491 0.007 0.016666666666666666
2 0.5095 0.5013333333333333 0.007 0.018666666666666668
0 0.4875 0.457 0.009 0.020666666666666667
0 0.417 0.5473333333333333 0.009 0.03333333333333333
0 0.4085 0.5473333333333333 0.008 0.037333333333333336
4 0.30525 0.5573333333333333 0.0625 0.05466666666666667
0 0.275 0.5276666666666666 0.009 0.03133333333333333
4 0.30025 0.5213333333333333 0.0545 0.03866666666666667
4 0.304 0.49933333333333335 0.051 0.030666666666666665
3 0.2775 0.49166666666666664 0.051 0.027333333333333334
3 0.2085 0.529 0.061 0.028666666666666667
3 0.137 0.5293333333333333 0.054 0.025333333333333333
3 0.0205 0.5116666666666667 0.041 0.028666666666666667
5 0.07875 0.5456666666666666 0.0795 0.035333333333333335
4 0.013 0.4693333333333333 0.026 0.029333333333333333
4 0.03575 0.44266666666666665 0.0355 0.025333333333333333
3 0.091 0.4246666666666667 0.027 0.017333333333333333
3 0.10975 0.4176666666666667 0.0225 0.015333333333333332
3 0.134 0.4063333333333333 0.026 0.014
3 0.1525 0.4126666666666667 0.019 0.014666666666666666
3 0.14475 0.423 0.0255 0.014
4 0.13425 0.42633333333333334 0.0195 0.018
3 0.13875 0.438 0.0325 0.016
3 0.414 0.44966666666666666 0.018 0.022
1 0.431 0.43933333333333335 0.006 0.013333333333333334
2 0.431 0.44633333333333336 0.005 0.014
1 0.43175 0.42433333333333334 0.0045 0.012666666666666666
9 0.43175 0.42966666666666664 0.0045 0.008666666666666666
0 0.418 0.4216666666666667 0.004 0.016666666666666666
1 0.4145 0.4226666666666667 0.004 0.010666666666666666
2 0.415 0.427 0.003 0.007333333333333333
3 0.461 0.405 0.013 0.014
0 0.44725 0.391 0.0045 0.012666666666666666
3 0.4525 0.3893333333333333 0.011 0.012
3 0.451 0.38166666666666665 0.009 0.008666666666666666
6 0.44625 0.37633333333333335 0.0075 0.01
1 0.44275 0.369 0.0025 0.004666666666666667
9 0.4425 0.37366666666666665 0.004 0.006
3 0.43625 0.37033333333333335 0.0085 0.01
3 0.4255 0.371 0.01 0.01
3 0.429 0.362 0.009 0.008
3 0.44125 0.361 0.0105 0.008666666666666666
3 0.43725 0.35933333333333334 0.0065 0.009333333333333334
5 0.431 0.35233333333333333 0.007 0.011333333333333334
1 0.41725 0.349 0.0025 0.0033333333333333335
6 0.417 0.35233333333333333 0.004 0.006
4 0.41925 0.3413333333333333 0.0055 0.008
3 0.43175 0.3423333333333333 0.0055 0.006
3 0.424 0.33 0.004 0.004
3 0.41325 0.3323333333333333 0.0045 0.006