3 0.49 0.49682741116751267 0.011428571428571429 0.0266497461928934
3 0.4953571428571429 0.7544416243654822 0.013571428571428571 0.04949238578680203
3 0.5196428571428572 0.7956852791878173 0.017857142857142856 0.048223350253807105
3 0.5157142857142857 0.6935279187817259 0.015714285714285715 0.04187817258883249
3 0.49214285714285716 0.5818527918781726 0.012857142857142857 0.03680203045685279
3 0.5107142857142857 0.5831218274111675 0.012857142857142857 0.03680203045685279
3 0.4907142857142857 0.32741116751269034 0.01 0.017766497461928935
3 0.5 0.31916243654822335 0.007142857142857143 0.021573604060913704
3 0.49785714285714283 0.29314720812182743 0.008571428571428572 0.017766497461928935
3 0.4953571428571429 0.23794416243654823 0.007857142857142858 0.01903553299492386
3 0.49178571428571427 0.1446700507614213 0.0064285714285714285 0.01015228426395939
3 0.4832142857142857 0.1313451776649746 0.005 0.008883248730964468
3 0.48428571428571426 0.1434010152284264 0.004285714285714286 0.01015228426395939
3 0.5092857142857142 0.5184010152284264 0.011428571428571429 0.03426395939086294
3 0.49892857142857144 0.9714467005076142 0.017857142857142856 0.05456852791878172
3 0.5342857142857143 0.9866751269035533 0.018571428571428572 0.024111675126903553
3 0.5153571428571428 0.3953045685279188 0.009285714285714286 0.024111675126903553
3 0.5021428571428571 0.3426395939086294 0.007142857142857143 0.017766497461928935
3 0.4875 0.274746192893401 0.007857142857142858 0.01649746192893401
3 0.45964285714285713 0.1967005076142132 0.0064285714285714285 0.012690355329949238
3 0.46964285714285714 0.18908629441624367 0.0064285714285714285 0.012690355329949238
3 0.4614285714285714 0.14022842639593908 0.005714285714285714 0.011421319796954314
8 0.4675 0.07550761421319797 0.007857142857142858 0.024111675126903553
4 0.45535714285714285 0.10977157360406091 0.0035714285714285713 0.013959390862944163
4 0.4710714285714286 0.14213197969543148 0.005 0.012690355329949238
4 0.49 0.3616751269035533 0.007142857142857143 0.02284263959390863
4 0.49142857142857144 0.44225888324873097 0.01 0.031725888324873094
4 0.5046428571428572 0.41243654822335024 0.010714285714285714 0.030456852791878174
8 0.5078571428571429 0.4517766497461929 0.017142857142857144 0.07106598984771574
8 0.5882142857142857 0.49428934010152287 0.020714285714285713 0.08248730964467005
4 0.49464285714285716 0.20431472081218274 0.0064285714285714285 0.017766497461928935
4 0.4878571428571429 0.30076142131979694 0.008571428571428572 0.02030456852791878
5 0.5278571428571428 0.48921319796954316 0.014285714285714285 0.05456852791878172
5 0.505 0.3699238578680203 0.012857142857142857 0.04187817258883249
4 0.5378571428571428 0.14276649746192893 0.008571428571428572 0.013959390862944163
3 0.8528571428571429 0.39149746192893403 0.008571428571428572 0.01649746192893401
3 0.825 0.3496192893401015 0.014285714285714285 0.021573604060913704