0 0.6855 0.8583333333333333 0.048 0.05266666666666667
1 0.7035 0.8326666666666667 0.049 0.04533333333333334
0 0.64725 0.8553333333333333 0.0435 0.06266666666666666
0 0.514 0.8816666666666667 0.03 0.06066666666666667
1 0.68425 0.678 0.0525 0.044
1 0.6825 0.716 0.043 0.04533333333333334
1 0.7 0.624 0.025 0.06
1 0.3575 0.6303333333333333 0.036 0.04733333333333333
9 0.36225 0.6403333333333333 0.0215 0.09933333333333333
0 0.46875 0.7073333333333334 0.0295 0.04533333333333334
1 0.472 0.7073333333333334 0.016 0.024
0 0.606 0.5076666666666667 0.029 0.051333333333333335
0 0.5775 0.462 0.029 0.050666666666666665
0 0.57425 0.41 0.0185 0.058666666666666666
0 0.555 0.4036666666666667 0.021 0.058
0 0.5325 0.377 0.025 0.06066666666666667
1 0.62675 0.304 0.0375 0.064
0 0.5895 0.26 0.028 0.06933333333333333
1 0.70475 0.2683333333333333 0.0355 0.07533333333333334
0 0.4215 0.242 0.025 0.068
0 0.6135 0.22333333333333333 0.02 0.06266666666666666
1 0.60775 0.20466666666666666 0.0115 0.029333333333333333
0 0.55125 0.094 0.0185 0.08
1 0.62175 0.08766666666666667 0.0315 0.058
2 0.57225 0.034666666666666665 0.0255 0.06933333333333333
6 0.3755 0.15233333333333332 0.051 0.122
2 0.34125 0.04833333333333333 0.0265 0.08333333333333333
1 0.27425 0.5023333333333333 0.0415 0.06066666666666667
6 0.04925 0.7366666666666667 0.0845 0.17333333333333334
6 0.142 0.6963333333333334 0.112 0.074