3 0.30375 0.9583333333333334 0.1305 0.07933333333333334
4 0.40075 0.643 0.0285 0.051333333333333335
4 0.75525 0.8566666666666667 0.0625 0.10666666666666667
3 0.62775 0.728 0.0405 0.064
3 0.6035 0.6713333333333333 0.032 0.04666666666666667
3 0.5825 0.622 0.023 0.034666666666666665
3 0.574 0.5833333333333334 0.023 0.032
3 0.37625 0.5733333333333334 0.0545 0.02666666666666667
3 0.37975 0.551 0.0425 0.023333333333333334
3 0.384 0.5373333333333333 0.041 0.021333333333333333
3 0.38925 0.5116666666666667 0.0325 0.019333333333333334
3 0.47525 0.4076666666666667 0.0085 0.019333333333333334
3 0.51125 0.408 0.0075 0.009333333333333334
3 0.5195 0.426 0.007 0.006666666666666667
3 0.53225 0.4643333333333333 0.0105 0.016666666666666666
3 0.54325 0.49766666666666665 0.0155 0.016666666666666666
3 0.42525 0.44766666666666666 0.0105 0.011333333333333334
3 0.41225 0.44233333333333336 0.0075 0.011333333333333334
4 0.725 0.556 0.027 0.03333333333333333
4 0.67375 0.574 0.0365 0.03333333333333333
5 0.7165 0.6093333333333333 0.051 0.06533333333333333
0 0.7465 0.8916666666666667 0.016 0.051333333333333335
0 0.73075 0.892 0.0135 0.04133333333333333
1 0.70375 0.8893333333333333 0.0175 0.030666666666666665
0 0.3825 0.797 0.008 0.03133333333333333
1 0.5355 0.549 0.006 0.011333333333333334
9 0.5355 0.558 0.004 0.009333333333333334
9 0.70225 0.9033333333333333 0.0165 0.03866666666666667
9 0.279 0.8116666666666666 0.024 0.027333333333333334
2 0.305 0.863 0.028 0.03