5 0.054285714285714284 0.8953045685279187 0.10714285714285714 0.2068527918781726
5 0.06857142857142857 0.9543147208121827 0.09 0.08883248730964467
5 0.15142857142857144 0.8394670050761421 0.1 0.17639593908629442
3 0.2325 0.743020304568528 0.05928571428571429 0.09263959390862944
3 0.2782142857142857 0.6484771573604061 0.04928571428571429 0.1065989847715736
4 0.29714285714285715 0.8934010152284264 0.045714285714285714 0.08629441624365482
3 0.33071428571428574 0.9251269035532995 0.054285714285714284 0.10406091370558376
3 0.5171428571428571 0.9530456852791879 0.05 0.09137055837563451
3 0.4203571428571429 0.7290609137055838 0.04642857142857143 0.09517766497461928
8 0.4014285714285714 0.6605329949238579 0.04857142857142857 0.09771573604060914
4 0.515 0.4137055837563452 0.037142857142857144 0.07360406091370558
4 0.5435714285714286 0.45050761421319796 0.03857142857142857 0.07614213197969544
3 0.6246428571428572 0.49555837563451777 0.04642857142857143 0.0901015228426396
9 0.6696428571428571 0.5298223350253807 0.013571428571428571 0.031725888324873094
1 0.6692857142857143 0.5291878172588832 0.011428571428571429 0.02284263959390863
3 0.6103571428571428 0.20431472081218274 0.04642857142857143 0.08629441624365482
3 0.6414285714285715 0.22906091370558376 0.04428571428571428 0.08248730964467005
5 0.7992857142857143 0.17258883248730963 0.10285714285714286 0.12944162436548223
5 0.8046428571428571 0.05012690355329949 0.11214285714285714 0.09771573604060914