5 0.027139874739039668 0.7453617810760668 0.054279749478079335 0.0640074211502783
4 0.1278705636743215 0.6762523191094619 0.038622129436325675 0.04638218923933209
0 0.14065762004175367 0.5867346938775511 0.005741127348643006 0.013914656771799629
4 0.29123173277661796 0.6052875695732839 0.031315240083507306 0.038033395176252316
4 0.3188935281837161 0.5839517625231911 0.030271398747390398 0.032467532467532464
4 0.30427974947807934 0.5422077922077922 0.031315240083507306 0.038033395176252316
3 0.30427974947807934 0.5422077922077922 0.031315240083507306 0.038033395176252316
4 0.3629958246346555 0.5435992578849722 0.027661795407098122 0.04081632653061224
3 0.4637265135699374 0.462430426716141 0.02348643006263048 0.026901669758812616
0 0.4585073068893528 0.45315398886827457 0.0036534446764091857 0.012059369202226345
3 0.4298016701461378 0.4452690166975881 0.02244258872651357 0.029684601113172542
3 0.49295407098121086 0.437847866419295 0.019311064718162838 0.022263450834879406
4 0.5138308977035491 0.41233766233766234 0.02348643006263048 0.032467532467532464
6 0.5949895615866388 0.33302411873840443 0.008350730688935281 0.00927643784786642
1 0.5968162839248434 0.32838589981447125 0.0036534446764091857 0.011131725417439703
1 0.6082985386221295 0.4429499072356215 0.004697286012526096 0.01020408163265306
1 0.677713987473904 0.4485157699443414 0.005741127348643006 0.008348794063079777
3 0.7364300626304802 0.41697588126159557 0.012526096033402923 0.021335807050092765
3 0.7653966597077244 0.41883116883116883 0.013048016701461378 0.021335807050092765
5 0.6646659707724426 0.27968460111317256 0.029749478079331943 0.032467532467532464
3 0.7184237995824635 0.3042671614100185 0.01722338204592902 0.012987012987012988
3 0.717901878914405 0.2987012987012987 0.016179540709812108 0.012987012987012988