3 0.7192066805845512 0.6757884972170687 0.05323590814196242 0.05287569573283859
3 0.5712421711899791 0.7458256029684601 0.05271398747390397 0.04081632653061224
3 0.5005219206680585 0.7490723562152134 0.05323590814196242 0.045454545454545456
3 0.6599686847599165 0.37894248608534326 0.044363256784968684 0.036178107606679034
9 0.6424843423799582 0.2940630797773655 0.014613778705636743 0.01855287569573284
9 0.649008350730689 0.34137291280148424 0.01722338204592902 0.014842300556586271
3 0.6252609603340292 0.2680890538033395 0.037578288100208766 0.029684601113172542
9 0.6038622129436325 0.20593692022263452 0.012526096033402923 0.02040816326530612
3 0.6059498956158664 0.07838589981447125 0.03444676409185804 0.02504638218923933
3 0.5704592901878914 0.08441558441558442 0.029227557411273485 0.02411873840445269
4 0.5519311064718163 0.02829313543599258 0.02139874739039666 0.02504638218923933
4 0.5628914405010439 0.016233766233766232 0.019311064718162838 0.023191094619666047
3 0.6137787056367432 0.011131725417439703 0.026096033402922755 0.022263450834879406
3 0.5073068893528184 0.026437847866419294 0.027139874739039668 0.026901669758812616
0 0.5125260960334029 0.010667903525046383 0.003131524008350731 0.012059369202226345
0 0.5200939457202505 0.00974025974025974 0.004697286012526096 0.013914656771799629
4 0.3397703549060543 0.12291280148423006 0.032359081419624215 0.038033395176252316
3 0.3376826722338205 0.05890538033395176 0.028183716075156576 0.02504638218923933
3 0.3421189979123173 0.04591836734693878 0.02139874739039666 0.013914656771799629
3 0.3157620041753653 0.03942486085343228 0.029227557411273485 0.023191094619666047
0 0.27009394572025053 0.02040816326530612 0.007828810020876827 0.016697588126159554
4 0.23721294363256784 0.055658627087198514 0.02661795407098121 0.029684601113172542
3 0.02348643006263048 0.9666048237476809 0.04697286012526096 0.055658627087198514