5 0.15292275574112735 0.07189239332096475 0.017745302713987474 0.030612244897959183
5 0.15788100208768266 0.08116883116883117 0.02035490605427975 0.030612244897959183
5 0.18110647181628392 0.14100185528756956 0.020876826722338204 0.02411873840445269
0 0.2849686847599165 0.2588126159554731 0.0041753653444676405 0.022263450834879406
0 0.3076722338204593 0.2787569573283859 0.006784968684759917 0.02504638218923933
6 0.34055323590814196 0.2764378478664193 0.013048016701461378 0.01855287569573284
1 0.4024008350730689 0.3344155844155844 0.006263048016701462 0.017625231910946195
3 0.29018789144050106 0.4025974025974026 0.04279749478079332 0.04267161410018553
4 0.2860125260960334 0.38961038961038963 0.03653444676409186 0.03710575139146568
4 0.2828810020876827 0.3761595547309833 0.03444676409185804 0.03432282003710575
5 0.3235908141962422 0.44805194805194803 0.06471816283924843 0.055658627087198514
9 0.3259394572025052 0.5347866419294991 0.016179540709812108 0.023191094619666047
7 0.3512526096033403 0.7476808905380334 0.033402922755741124 0.061224489795918366
6 0.35020876826722336 0.9355287569573284 0.033402922755741124 0.08070500927643785
9 0.29879958246346555 0.9782003710575139 0.01722338204592902 0.041743970315398886
9 0.2445198329853862 0.9197588126159555 0.015135699373695199 0.04730983302411874
9 0.24634655532359082 0.8794063079777366 0.022964509394572025 0.05380333951762523
9 0.23382045929018788 0.884508348794063 0.016701461377870562 0.04916512059369202
9 0.2330375782881002 0.9271799628942486 0.016179540709812108 0.06215213358070501
1 0.40005219206680587 0.4684601113172542 0.008872651356993737 0.01855287569573284
6 0.40396659707724425 0.4772727272727273 0.018789144050104383 0.036178107606679034
3 0.4545929018789144 0.49257884972170685 0.029227557411273485 0.04638218923933209
0 0.4963465553235908 0.576530612244898 0.008350730688935281 0.03432282003710575
9 0.49164926931106473 0.45918367346938777 0.011482254697286013 0.022263450834879406
9 0.4846033402922756 0.4095547309833024 0.013048016701461378 0.015769944341372914
9 0.511482254697286 0.39471243042671617 0.010438413361169102 0.01948051948051948
8 0.5396659707724426 0.9141929499072357 0.10751565762004175 0.16975881261595546
1 0.6615344467640919 0.9679962894248608 0.016179540709812108 0.041743970315398886
9 0.6612734864300627 0.9712430426716141 0.03653444676409186 0.04452690166975881
1 0.6025574112734864 0.8010204081632653 0.013048016701461378 0.039888682745825604
1 0.6129958246346555 0.8237476808905381 0.010960334029227558 0.04267161410018553
1 0.6218684759916493 0.8237476808905381 0.009916492693110648 0.03339517625231911
9 0.6020354906054279 0.8056586270871985 0.019311064718162838 0.032467532467532464
9 0.6137787056367432 0.8256029684601113 0.028183716075156576 0.03525046382189239
5 0.9303235908141962 0.6549165120593692 0.0662839248434238 0.137291280148423
5 0.9465031315240083 0.5320037105751392 0.03392484342379958 0.06029684601113173
0 0.9031837160751566 0.5078849721706865 0.012004175365344467 0.0287569573283859
9 0.9326722338204593 0.45732838589981445 0.019832985386221295 0.02411873840445269
9 0.9248434237995825 0.436456400742115 0.017745302713987474 0.023191094619666047
6 0.9363256784968684 0.42439703153988867 0.022964509394572025 0.023191094619666047
7 0.9590292275574113 0.4202226345083488 0.02870563674321503 0.03710575139146568
7 0.9684237995824635 0.41512059369202226 0.02244258872651357 0.039888682745825604
7 0.9746868475991649 0.4114100185528757 0.024530271398747392 0.036178107606679034
7 0.9848643006263048 0.40584415584415584 0.029227557411273485 0.041743970315398886
9 0.899008350730689 0.3970315398886827 0.01826722338204593 0.02411873840445269
9 0.8705636743215032 0.42207792207792205 0.015657620041753653 0.01855287569573284
2 0.8679540709812108 0.4095547309833024 0.012526096033402923 0.013914656771799629
9 0.8598643006263048 0.42346938775510207 0.013048016701461378 0.021335807050092765
9 0.8543841336116911 0.4290352504638219 0.015657620041753653 0.02504638218923933
9 0.848643006263048 0.4318181818181818 0.018789144050104383 0.023191094619666047
9 0.8562108559498957 0.4485157699443414 0.010960334029227558 0.026901669758812616
1 0.8418580375782881 0.4550092764378479 0.010438413361169102 0.01948051948051948
1 0.8342901878914405 0.45640074211502785 0.008872651356993737 0.02040816326530612
9 0.8238517745302714 0.48330241187384043 0.010960334029227558 0.01855287569573284
9 0.8262004175365344 0.47912801484230055 0.010438413361169102 0.023191094619666047
2 0.8791753653444676 0.4707792207792208 0.010960334029227558 0.023191094619666047
9 0.9026617954070981 0.461038961038961 0.015135699373695199 0.022263450834879406
6 0.8950939457202505 0.4684601113172542 0.030271398747390398 0.03339517625231911
4 0.6667536534446764 0.6103896103896104 0.055845511482254695 0.08163265306122448
3 0.6808455114822547 0.5788497217068646 0.050626304801670144 0.0575139146567718
6 0.7163361169102297 0.4958256029684601 0.027661795407098122 0.026901669758812616
7 0.691544885177453 0.4972170686456401 0.021920668058455117 0.04452690166975881
1 0.6962421711899791 0.4809833024118738 0.008350730688935281 0.021335807050092765
0 0.6688413361169102 0.46938775510204084 0.005741127348643006 0.029684601113172542
6 0.7635699373695198 0.5422077922077922 0.031315240083507306 0.041743970315398886
9 0.5521920668058455 0.45222634508348797 0.009394572025052192 0.0287569573283859
3 0.49608559498956156 0.487012987012987 0.0360125260960334 0.04638218923933209