3 0.058 0.7783333333333333 0.112 0.13666666666666666
4 0.2555 0.8106666666666666 0.107 0.14533333333333334
3 0.339 0.8326666666666667 0.103 0.15066666666666667
4 0.4335 0.8426666666666667 0.075 0.18533333333333332
3 0.53325 0.8413333333333334 0.0945 0.15866666666666668
4 0.6495 0.8273333333333334 0.096 0.19066666666666668
4 0.75875 0.843 0.0855 0.182
3 0.8795 0.856 0.147 0.16
2 0.86075 0.6073333333333333 0.0225 0.04666666666666667
2 0.8365 0.6016666666666667 0.029 0.03933333333333333
9 0.79675 0.6136666666666667 0.0235 0.05
5 0.75875 0.6273333333333333 0.0655 0.092
4 0.6865 0.6166666666666667 0.057 0.10266666666666667
0 0.562 0.5593333333333333 0.013 0.03333333333333333
0 0.554 0.5903333333333334 0.017 0.04733333333333333
7 0.489 0.624 0.037 0.068
0 0.409 0.569 0.012 0.04466666666666667
9 0.115 0.6456666666666667 0.032 0.042
1 0.115 0.629 0.022 0.048666666666666664
0 0.31075 0.509 0.0115 0.03933333333333333
6 0.3475 0.5336666666666666 0.027 0.04066666666666666
1 0.35075 0.52 0.0145 0.03333333333333333
1 0.33975 0.513 0.0115 0.028666666666666667
9 0.33975 0.5213333333333333 0.0175 0.032
0 0.362 0.4196666666666667 0.006 0.03
3 0.458 0.4156666666666667 0.024 0.026
3 0.40625 0.39566666666666667 0.0575 0.028666666666666667
3 0.433 0.3863333333333333 0.047 0.024666666666666667
3 0.48925 0.384 0.0285 0.028
3 0.46675 0.355 0.0355 0.020666666666666667
4 0.52525 0.39766666666666667 0.0465 0.03133333333333333
3 0.5675 0.4076666666666667 0.043 0.024666666666666667
0 0.592 0.4066666666666667 0.006 0.02
4 0.54925 0.38433333333333336 0.0395 0.028666666666666667
3 0.58875 0.401 0.0575 0.022
4 0.59075 0.377 0.0575 0.034
4 0.575 0.36733333333333335 0.037 0.02
4 0.56975 0.364 0.0335 0.018666666666666668
4 0.53825 0.373 0.0275 0.023333333333333334
3 0.55175 0.357 0.0265 0.018
4 0.59825 0.3536666666666667 0.0415 0.024666666666666667
3 0.60775 0.35233333333333333 0.0405 0.019333333333333334
3 0.5875 0.3463333333333333 0.041 0.018
4 0.60925 0.339 0.0295 0.022
3 0.6105 0.339 0.038 0.018
3 0.60575 0.333 0.0325 0.015333333333333332
4 0.47275 0.3453333333333333 0.0365 0.02266666666666667
3 0.475 0.345 0.038 0.015333333333333332
3 0.48725 0.3406666666666667 0.0345 0.018666666666666668
3 0.51475 0.3403333333333333 0.0185 0.019333333333333334
4 0.49975 0.32366666666666666 0.0385 0.024666666666666667
4 0.50975 0.32266666666666666 0.0265 0.018666666666666668
3 0.51775 0.31866666666666665 0.0275 0.013333333333333334
3 0.51275 0.314 0.0325 0.016
3 0.518 0.311 0.032 0.014
3 0.529 0.30833333333333335 0.033 0.014
3 0.5295 0.30366666666666664 0.031 0.012666666666666666
3 0.52725 0.30133333333333334 0.0285 0.012
4 0.5315 0.29833333333333334 0.025 0.015333333333333332
3 0.60975 0.3283333333333333 0.0325 0.014
3 0.609 0.324 0.018 0.012
3 0.61225 0.31966666666666665 0.0325 0.014
3 0.6145 0.317 0.033 0.014
4 0.61525 0.311 0.0275 0.016666666666666666
3 0.58775 0.31333333333333335 0.0155 0.014666666666666666
4 0.59675 0.30666666666666664 0.0215 0.016
3 0.6185 0.30633333333333335 0.029 0.014
4 0.618 0.303 0.026 0.015333333333333332
4 0.6175 0.2996666666666667 0.024 0.015333333333333332
4 0.615 0.29833333333333334 0.025 0.016666666666666666
4 0.61325 0.2986666666666667 0.0285 0.021333333333333333
5 0.5485 0.288 0.035 0.02666666666666667
0 0.56775 0.29433333333333334 0.0025 0.007333333333333333
0 0.57025 0.2936666666666667 0.0025 0.01
0 0.573 0.293 0.003 0.012666666666666666
3 0.56 0.2833333333333333 0.02 0.010666666666666666
4 0.56225 0.2786666666666667 0.0205 0.012
4 0.5635 0.272 0.028 0.014666666666666666
3 0.56775 0.26866666666666666 0.0235 0.010666666666666666
4 0.57625 0.2633333333333333 0.0155 0.010666666666666666
4 0.581 0.25533333333333336 0.006 0.010666666666666666
4 0.59425 0.3 0.0095 0.013333333333333334
4 0.62025 0.29233333333333333 0.0195 0.012666666666666666
4 0.621 0.291 0.022 0.012666666666666666
4 0.6205 0.2886666666666667 0.025 0.013333333333333334
4 0.622 0.28633333333333333 0.019 0.014
3 0.623 0.286 0.023 0.010666666666666666
3 0.62475 0.2823333333333333 0.0215 0.011333333333333334
3 0.62375 0.2786666666666667 0.0225 0.010666666666666666
3 0.62575 0.2763333333333333 0.0215 0.01
4 0.6265 0.273 0.018 0.011333333333333334
3 0.62425 0.27 0.0175 0.009333333333333334
4 0.6295 0.263 0.016 0.011333333333333334
0 0.62425 0.265 0.0025 0.008666666666666666
5 0.61375 0.254 0.0115 0.013333333333333334
0 0.59675 0.2633333333333333 0.0025 0.009333333333333334
2 0.599 0.27066666666666667 0.002 0.006666666666666667
1 0.599 0.2683333333333333 0.002 0.008666666666666666