3 0.056428571428571425 0.07360406091370558 0.03 0.07868020304568528
3 0.32 0.08058375634517767 0.03571428571428571 0.031725888324873094
3 0.29678571428571426 0.2017766497461929 0.04214285714285714 0.03299492385786802
3 0.38107142857142856 0.08883248730964467 0.039285714285714285 0.03553299492385787
4 0.12821428571428573 0.1751269035532995 0.045 0.04060913705583756
5 0.18928571428571428 0.13705583756345177 0.15571428571428572 0.07360406091370558
4 0.19107142857142856 0.06091370558375635 0.039285714285714285 0.03553299492385787
4 0.2642857142857143 0.06789340101522842 0.03428571428571429 0.031725888324873094
4 0.3192857142857143 0.1567258883248731 0.04857142857142857 0.03934010152284264
5 0.24892857142857142 0.28109137055837563 0.04214285714285714 0.031725888324873094
4 0.11571428571428571 0.3629441624365482 0.04285714285714286 0.03299492385786802
4 0.3625 0.1199238578680203 0.04214285714285714 0.03426395939086294
8 0.3317857142857143 0.33946700507614214 0.05928571428571429 0.044416243654822336
4 0.4407142857142857 0.04758883248730964 0.041428571428571426 0.03934010152284264
4 0.43892857142857145 0.0932741116751269 0.03642857142857143 0.03426395939086294
4 0.43535714285714283 0.13071065989847716 0.04071428571428572 0.03553299492385787
8 0.36857142857142855 0.20748730964467005 0.06857142857142857 0.044416243654822336
3 0.38607142857142857 0.1732233502538071 0.039285714285714285 0.02918781725888325
3 0.4471428571428571 0.17956852791878172 0.03857142857142857 0.03426395939086294
3 0.4446428571428571 0.2201776649746193 0.04214285714285714 0.03680203045685279
3 0.4035714285714286 0.39784263959390864 0.041428571428571426 0.031725888324873094
5 0.4667857142857143 0.31852791878172587 0.06642857142857143 0.04568527918781726
3 0.5621428571428572 0.3496192893401015 0.04428571428571428 0.03426395939086294
3 0.62 0.40545685279187815 0.041428571428571426 0.031725888324873094
3 0.7432142857142857 0.342005076142132 0.04642857142857143 0.03426395939086294
3 0.5785714285714286 0.6338832487309645 0.015714285714285715 0.07487309644670051
3 0.5789285714285715 0.7442893401015228 0.017857142857142856 0.07487309644670051
4 0.5525 0.6700507614213198 0.016428571428571428 0.06091370558375635
3 0.5507142857142857 0.7760152284263959 0.017142857142857144 0.06979695431472081
3 0.5742857142857143 0.8521573604060914 0.018571428571428572 0.06725888324873096
3 0.5460714285714285 0.873730964467005 0.015 0.07487309644670051
0 0.7364285714285714 0.6776649746192893 0.004285714285714286 0.012690355329949238
0 0.735 0.9625634517766497 0.007142857142857143 0.013959390862944163
0 0.7332142857142857 0.9898477157360406 0.009285714285714286 0.015228426395939087
0 0.8903571428571428 0.04251269035532995 0.009285714285714286 0.011421319796954314
0 0.8975 0.025380710659898477 0.007857142857142858 0.012690355329949238
4 0.9275 0.350253807106599 0.05071428571428571 0.030456852791878174
4 0.9725 0.39911167512690354 0.04928571428571429 0.03426395939086294
3 0.7760714285714285 0.39086294416243655 0.04214285714285714 0.030456852791878174
0 0.7807142857142857 0.4803299492385787 0.004285714285714286 0.008883248730964468
6 0.7810714285714285 0.48223350253807107 0.012142857142857143 0.012690355329949238
0 0.7675 0.5399746192893401 0.0064285714285714285 0.011421319796954314
0 0.7725 0.5450507614213198 0.0064285714285714285 0.011421319796954314
0 0.7857142857142857 0.5501269035532995 0.008571428571428572 0.008883248730964468
0 0.7828571428571428 0.5329949238578681 0.008571428571428572 0.01015228426395939
0 0.7932142857142858 0.5437817258883249 0.009285714285714286 0.008883248730964468
0 0.795 0.5355329949238579 0.005714285714285714 0.007614213197969543
1 0.7935714285714286 0.5850253807106599 0.007142857142857143 0.01015228426395939