0 0.6439285714285714 0.9111675126903553 0.012142857142857143 0.03299492385786802
0 0.6632142857142858 0.9314720812182741 0.012142857142857143 0.03299492385786802
0 0.6392857142857142 0.7480964467005076 0.008571428571428572 0.02918781725888325
2 0.5717857142857142 0.9321065989847716 0.009285714285714286 0.031725888324873094
2 0.5792857142857143 0.8635786802030457 0.011428571428571429 0.05203045685279188
2 0.59 0.8166243654822335 0.017142857142857144 0.03426395939086294
2 0.6032142857142857 0.7798223350253807 0.019285714285714285 0.04187817258883249
0 0.6214285714285714 0.6529187817258884 0.01 0.031725888324873094
0 0.6267857142857143 0.6161167512690355 0.007857142857142858 0.02918781725888325
0 0.5425 0.4612944162436548 0.010714285714285714 0.02918781725888325
0 0.5582142857142857 0.4543147208121827 0.005 0.030456852791878174
0 0.5635714285714286 0.4416243654822335 0.01 0.027918781725888325
0 0.5485714285714286 0.42576142131979694 0.007142857142857143 0.0266497461928934
0 0.5053571428571428 0.4549492385786802 0.010714285714285714 0.03426395939086294
0 0.49964285714285717 0.44225888324873097 0.010714285714285714 0.02918781725888325
0 0.5085714285714286 0.4232233502538071 0.008571428571428572 0.02918781725888325
0 0.6203571428571428 0.3953045685279188 0.007857142857142858 0.0266497461928934
0 0.8017857142857143 0.31789340101522845 0.012142857142857143 0.03426395939086294
0 0.4642857142857143 0.434010152284264 0.01 0.03553299492385787
0 0.4564285714285714 0.4035532994923858 0.01 0.030456852791878174
0 0.4075 0.37182741116751267 0.009285714285714286 0.03299492385786802
0 0.4228571428571429 0.35596446700507617 0.008571428571428572 0.031725888324873094
0 0.3942857142857143 0.32043147208121825 0.01 0.03426395939086294
0 0.38 0.26649746192893403 0.008571428571428572 0.03553299492385787
0 0.36892857142857144 0.22842639593908629 0.009285714285714286 0.03299492385786802
0 0.35964285714285715 0.22208121827411167 0.007857142857142858 0.03553299492385787
8 0.20535714285714285 0.04949238578680203 0.03785714285714286 0.09898477157360407