3 0.5785714285714286 0.949238578680203 0.03142857142857143 0.09898477157360407
3 0.7557142857142857 0.9574873096446701 0.03142857142857143 0.08248730964467005
8 0.47928571428571426 0.7442893401015228 0.04857142857142857 0.12309644670050761
3 0.4757142857142857 0.5209390862944162 0.027142857142857142 0.05203045685279188
4 0.445 0.4600253807106599 0.03 0.046954314720812185
3 0.4142857142857143 0.4118020304568528 0.024285714285714285 0.03934010152284264
8 0.5539285714285714 0.4936548223350254 0.023571428571428573 0.09137055837563451
8 0.5535714285714286 0.4936548223350254 0.024285714285714285 0.09137055837563451
3 0.5932142857142857 0.42449238578680204 0.019285714285714285 0.046954314720812185
8 0.5607142857142857 0.4156091370558376 0.027142857142857142 0.0799492385786802
8 0.5760714285714286 0.2715736040609137 0.08071428571428571 0.07614213197969544
4 0.6603571428571429 0.26586294416243655 0.030714285714285715 0.03680203045685279
8 0.7278571428571429 0.491751269035533 0.027142857142857142 0.09517766497461928
3 0.7585714285714286 0.5088832487309645 0.02142857142857143 0.06345177664974619