3 0.8864285714285715 0.1516497461928934 0.045714285714285714 0.08248730964467005
0 0.47928571428571426 0.541243654822335 0.012857142857142857 0.03426395939086294
0 0.4328571428571429 0.6205583756345178 0.012857142857142857 0.02284263959390863
0 0.45035714285714284 0.6611675126903553 0.009285714285714286 0.025380710659898477
0 0.4407142857142857 0.574238578680203 0.007142857142857143 0.013959390862944163
0 0.5753571428571429 0.6427664974619289 0.012142857142857143 0.031725888324873094
0 0.5882142857142857 0.5044416243654822 0.009285714285714286 0.03680203045685279
0 0.595 0.5006345177664975 0.01 0.03680203045685279
0 0.7110714285714286 0.5558375634517766 0.009285714285714286 0.03299492385786802
0 0.58 0.4219543147208122 0.01 0.03680203045685279
0 0.5921428571428572 0.3934010152284264 0.008571428571428572 0.03299492385786802
0 0.4203571428571429 0.5025380710659898 0.009285714285714286 0.030456852791878174
0 0.4257142857142857 0.4213197969543147 0.011428571428571429 0.030456852791878174
0 0.42714285714285716 0.3864213197969543 0.01 0.031725888324873094
0 0.4317857142857143 0.3356598984771574 0.009285714285714286 0.031725888324873094
0 0.4357142857142857 0.2918781725888325 0.008571428571428572 0.03553299492385787
0 0.43642857142857144 0.282994923857868 0.005714285714285714 0.03299492385786802
0 0.43785714285714283 0.23223350253807107 0.008571428571428572 0.03299492385786802
0 0.44392857142857145 0.22588832487309646 0.009285714285714286 0.030456852791878174
0 0.5667857142857143 0.050761421319796954 0.010714285714285714 0.03299492385786802
0 0.46464285714285714 0.10977157360406091 0.005 0.031725888324873094