1 0.0067857142857142855 0.5285532994923858 0.009285714285714286 0.01649746192893401
0 0.052142857142857144 0.4346446700507614 0.005714285714285714 0.01649746192893401
0 0.05 0.43591370558375636 0.005714285714285714 0.013959390862944163
0 0.06642857142857143 0.41814720812182743 0.005714285714285714 0.01649746192893401
0 0.07035714285714285 0.4206852791878173 0.0035714285714285713 0.013959390862944163
0 0.075 0.40609137055837563 0.004285714285714286 0.017766497461928935
0 0.08285714285714285 0.4118020304568528 0.007142857142857143 0.021573604060913704
0 0.08964285714285715 0.407994923857868 0.005 0.01903553299492386
0 0.09357142857142857 0.4067258883248731 0.004285714285714286 0.01649746192893401
0 0.12107142857142857 0.3800761421319797 0.005 0.011421319796954314
0 0.10285714285714286 0.3737309644670051 0.005714285714285714 0.01903553299492386
0 0.10535714285714286 0.3762690355329949 0.0035714285714285713 0.011421319796954314
0 0.11142857142857143 0.3743654822335025 0.002857142857142857 0.007614213197969543
0 0.13071428571428573 0.35088832487309646 0.005714285714285714 0.01649746192893401
0 0.11 0.36484771573604063 0.004285714285714286 0.013959390862944163
0 0.11142857142857143 0.3629441624365482 0.002857142857142857 0.012690355329949238
0 0.12035714285714286 0.3534263959390863 0.005 0.01649746192893401
0 0.155 0.31091370558375636 0.004285714285714286 0.015228426395939087
0 0.1775 0.3026649746192893 0.002142857142857143 0.013959390862944163
0 0.18035714285714285 0.30456852791878175 0.0035714285714285713 0.015228426395939087
0 0.20035714285714284 0.30583756345177665 0.0035714285714285713 0.01015228426395939
3 0.10214285714285715 0.9758883248730964 0.04857142857142857 0.04568527918781726
3 0.17142857142857143 0.9600253807106599 0.05142857142857143 0.07741116751269035
4 0.15392857142857144 0.6694162436548223 0.047857142857142855 0.08756345177664974
3 0.2382142857142857 0.46256345177664976 0.02642857142857143 0.044416243654822336
3 0.22107142857142856 0.3197969543147208 0.016428571428571428 0.02284263959390863
3 0.25285714285714284 0.27220812182741116 0.011428571428571429 0.01649746192893401
3 0.2567857142857143 0.24619289340101522 0.013571428571428571 0.02030456852791878
3 0.26857142857142857 0.21890862944162437 0.01 0.01649746192893401
3 0.32607142857142857 0.2131979695431472 0.009285714285714286 0.017766497461928935
3 0.3417857142857143 0.18591370558375633 0.007857142857142858 0.013959390862944163
3 0.33107142857142857 0.17449238578680204 0.007857142857142858 0.01649746192893401
3 0.3142857142857143 0.16560913705583757 0.007142857142857143 0.01649746192893401
3 0.35642857142857143 0.16053299492385786 0.007142857142857143 0.013959390862944163
3 0.34535714285714286 0.1548223350253807 0.0064285714285714285 0.012690355329949238
3 0.335 0.15101522842639595 0.007142857142857143 0.012690355329949238
3 0.35714285714285715 0.14593908629441624 0.005714285714285714 0.01015228426395939
3 0.3414285714285714 0.13007614213197968 0.005714285714285714 0.011421319796954314
3 0.3514285714285714 0.11865482233502538 0.005714285714285714 0.011421319796954314
3 0.305 0.13705583756345177 0.007142857142857143 0.01015228426395939
3 0.3167857142857143 0.13261421319796954 0.0064285714285714285 0.011421319796954314
3 0.32571428571428573 0.13007614213197968 0.005714285714285714 0.011421319796954314
3 0.3132142857142857 0.11865482233502538 0.005 0.011421319796954314
3 0.32392857142857145 0.1148477157360406 0.005 0.011421319796954314
3 0.33464285714285713 0.1065989847715736 0.005 0.01015228426395939
3 0.3410714285714286 0.08819796954314721 0.005 0.008883248730964468
5 0.1382142857142857 0.4346446700507614 0.052142857142857144 0.07741116751269035
5 0.2860714285714286 0.16941624365482233 0.013571428571428571 0.024111675126903553
5 0.3182142857142857 0.10279187817258884 0.0064285714285714285 0.015228426395939087
5 0.305 0.15545685279187818 0.011428571428571429 0.0266497461928934
5 0.29892857142857143 0.17639593908629442 0.012142857142857143 0.027918781725888325
8 0.35035714285714287 0.21954314720812182 0.013571428571428571 0.048223350253807105
5 0.35642857142857143 0.08692893401015228 0.005714285714285714 0.01649746192893401
8 0.36428571428571427 0.08312182741116751 0.005714285714285714 0.011421319796954314
3 0.3507142857142857 0.08692893401015228 0.004285714285714286 0.008883248730964468
4 0.6275 0.9352791878172588 0.03642857142857143 0.1065989847715736
3 0.5103571428571428 0.6611675126903553 0.019285714285714285 0.04568527918781726
3 0.6164285714285714 0.7106598984771574 0.024285714285714285 0.0532994923857868
5 0.5432142857142858 0.6586294416243654 0.029285714285714286 0.08883248730964467
3 0.4992857142857143 0.501269035532995 0.014285714285714285 0.027918781725888325
3 0.5925 0.508248730964467 0.02642857142857143 0.03680203045685279
3 0.5957142857142858 0.43210659898477155 0.022857142857142857 0.021573604060913704
3 0.5321428571428571 0.35215736040609136 0.01 0.01903553299492386
3 0.5407142857142857 0.3616751269035533 0.02 0.02030456852791878
3 0.5435714285714286 0.375 0.012857142857142857 0.024111675126903553
3 0.5257142857142857 0.3426395939086294 0.011428571428571429 0.02284263959390863
3 0.5032142857142857 0.3020304568527919 0.009285714285714286 0.02284263959390863
3 0.49892857142857144 0.2963197969543147 0.007857142857142858 0.013959390862944163
3 0.49392857142857144 0.2880710659898477 0.010714285714285714 0.02030456852791878
4 0.4942857142857143 0.41878172588832485 0.015714285714285715 0.04314720812182741
3 0.52 0.4651015228426396 0.014285714285714285 0.024111675126903553
5 0.5135714285714286 0.4022842639593909 0.018571428571428572 0.04314720812182741
0 0.31035714285714283 0.7100253807106599 0.007857142857142858 0.031725888324873094
0 0.35642857142857143 0.5266497461928934 0.005714285714285714 0.02284263959390863
0 0.36214285714285716 0.524746192893401 0.005714285714285714 0.021573604060913704
0 0.34785714285714286 0.49619289340101524 0.005714285714285714 0.025380710659898477
0 0.4942857142857143 0.5253807106598984 0.004285714285714286 0.02284263959390863
0 0.49892857142857144 0.5215736040609137 0.005 0.02030456852791878
3 0.52 0.3699238578680203 0.015714285714285715 0.024111675126903553
3 0.5178571428571429 0.34581218274111675 0.011428571428571429 0.01903553299492386
3 0.5489285714285714 0.3870558375634518 0.010714285714285714 0.02284263959390863
4 0.48 0.2626903553299492 0.008571428571428572 0.02030456852791878
8 0.45964285714285713 0.27284263959390864 0.015 0.030456852791878174
3 0.45964285714285713 0.22842639593908629 0.007857142857142858 0.017766497461928935
3 0.4689285714285714 0.2436548223350254 0.007857142857142858 0.015228426395939087
3 0.4685714285714286 0.2506345177664975 0.005714285714285714 0.01649746192893401
3 0.4375 0.23096446700507614 0.005 0.01015228426395939
5 0.4257142857142857 0.20812182741116753 0.012857142857142857 0.027918781725888325
3 0.415 0.1935279187817259 0.005714285714285714 0.011421319796954314
3 0.4057142857142857 0.17258883248730963 0.007142857142857143 0.012690355329949238
3 0.41 0.1833756345177665 0.005714285714285714 0.011421319796954314
5 0.4042857142857143 0.1618020304568528 0.005714285714285714 0.01649746192893401
3 0.44571428571428573 0.2068527918781726 0.005714285714285714 0.015228426395939087
3 0.4542857142857143 0.22144670050761422 0.007142857142857143 0.01649746192893401
3 0.4496428571428571 0.22461928934010153 0.007857142857142858 0.015228426395939087
1 0.06321428571428571 0.4612944162436548 0.0064285714285714285 0.013959390862944163
1 0.065 0.4581218274111675 0.008571428571428572 0.02030456852791878