1 0.33194154488517746 0.936456400742115 0.010438413361169102 0.030612244897959183
9 0.33089770354906056 0.9461966604823747 0.017745302713987474 0.04823747680890538
3 0.4514613778705637 0.849721706864564 0.04592901878914405 0.09090909090909091
4 0.3295929018789144 0.8668831168831169 0.05375782881002088 0.09740259740259741
4 0.3911795407098121 0.7374768089053804 0.04018789144050104 0.08163265306122448
4 0.41727557411273486 0.674860853432282 0.03496868475991649 0.07699443413729128
1 0.49660751565762007 0.6145640074211502 0.007828810020876827 0.021335807050092765
9 0.49765135699373697 0.62430426716141 0.008872651356993737 0.029684601113172542
4 0.5597599164926931 0.5315398886827458 0.024530271398747392 0.05194805194805195
5 0.5900313152400835 0.4452690166975881 0.030793319415448852 0.059369202226345084
0 0.43136743215031315 0.4842300556586271 0.006784968684759917 0.025974025974025976
0 0.3629958246346555 0.50139146567718 0.006784968684759917 0.02504638218923933
0 0.4418058455114823 0.5148423005565863 0.006784968684759917 0.027829313543599257
3 0.5824634655532359 0.35064935064935066 0.020876826722338204 0.03525046382189239
3 0.5568893528183716 0.3492578849721707 0.020876826722338204 0.038033395176252316
3 0.5863778705636743 0.28014842300556586 0.02139874739039666 0.03153988868274583
0 0.6411795407098121 0.174860853432282 0.0036534446764091857 0.017625231910946195
3 0.6310020876826722 0.15213358070500926 0.015657620041753653 0.016697588126159554
3 0.6437891440501043 0.10760667903525047 0.008872651356993737 0.022263450834879406
3 0.6482254697286013 0.07421150278293136 0.008350730688935281 0.014842300556586271
3 0.6518789144050104 0.0663265306122449 0.007306889352818371 0.013914656771799629
6 0.6633611691022965 0.04359925788497217 0.0041753653444676405 0.0074211502782931356
1 0.6636221294363257 0.03896103896103896 0.0026096033402922755 0.00927643784786642