3 0.11785714285714285 0.7690355329949239 0.05142857142857143 0.116751269035533
3 0.15428571428571428 0.7861675126903553 0.041428571428571426 0.10786802030456853
3 0.345 0.8648477157360406 0.07285714285714286 0.06979695431472081
3 0.35 0.7963197969543148 0.07 0.06725888324873096
3 0.3707142857142857 0.7131979695431472 0.037142857142857144 0.1065989847715736
3 0.33785714285714286 0.6947969543147208 0.04428571428571428 0.12309644670050761
3 0.3057142857142857 0.684010152284264 0.041428571428571426 0.116751269035533
3 0.22535714285714287 0.5723350253807107 0.039285714285714285 0.09644670050761421
3 0.19107142857142856 0.5666243654822335 0.04071428571428572 0.10532994923857868
3 0.5346428571428572 0.8204314720812182 0.07214285714285715 0.09263959390862944
3 0.5196428571428572 0.7639593908629442 0.05071428571428571 0.07868020304568528
3 0.5025 0.7144670050761421 0.062142857142857146 0.09390862944162437
3 0.48392857142857143 0.6694162436548223 0.056428571428571425 0.08248730964467005
3 0.4592857142857143 0.6307106598984772 0.055714285714285716 0.07614213197969544
3 0.42678571428571427 0.541243654822335 0.05357142857142857 0.07233502538071065
3 0.4117857142857143 0.5057106598984772 0.055 0.07233502538071065
3 0.3992857142857143 0.46383248730964466 0.06 0.08248730964467005
3 0.38107142857142856 0.4276649746192893 0.055 0.07868020304568528
3 0.36714285714285716 0.39911167512690354 0.047142857142857146 0.06979695431472081
3 0.355 0.37055837563451777 0.054285714285714284 0.06598984771573604
3 0.3475 0.342005076142132 0.04642857142857143 0.05203045685279188
3 0.3360714285714286 0.3115482233502538 0.04642857142857143 0.06472081218274112
3 0.32607142857142857 0.2880710659898477 0.04357142857142857 0.0583756345177665
3 0.3196428571428571 0.25571065989847713 0.04214285714285714 0.06472081218274112
3 0.30892857142857144 0.37055837563451777 0.039285714285714285 0.08629441624365482
3 0.28714285714285714 0.2918781725888325 0.03428571428571429 0.08883248730964467
3 0.26785714285714285 0.3293147208121827 0.03142857142857143 0.09517766497461928
3 0.25 0.4879441624365482 0.041428571428571426 0.08756345177664974
3 0.21857142857142858 0.48223350253807107 0.03571428571428571 0.07868020304568528
3 0.19142857142857142 0.4739847715736041 0.037142857142857144 0.08756345177664974
3 0.13464285714285715 0.5615482233502538 0.04642857142857143 0.11548223350253807
3 0.16428571428571428 0.5640862944162437 0.04428571428571428 0.10279187817258884
3 0.2 0.32741116751269034 0.03857142857142857 0.09898477157360407
3 0.2275 0.33185279187817257 0.03642857142857143 0.10025380710659898
3 0.25035714285714283 0.24555837563451777 0.030714285714285715 0.10532994923857868
3 0.21928571428571428 0.24873096446700507 0.041428571428571426 0.08629441624365482
5 0.2596428571428571 0.16878172588832488 0.039285714285714285 0.09390862944162437
3 0.5192857142857142 0.3680203045685279 0.054285714285714284 0.07360406091370558
3 0.5235714285714286 0.25571065989847713 0.03857142857142857 0.05964467005076142
3 0.5296428571428572 0.2068527918781726 0.04357142857142857 0.06598984771573604
3 0.48678571428571427 0.18972081218274112 0.039285714285714285 0.06979695431472081
3 0.4907142857142857 0.09644670050761421 0.027142857142857142 0.0532994923857868
3 0.5410714285714285 0.053934010152284266 0.047857142857142855 0.044416243654822336
3 0.6882142857142857 0.07296954314720812 0.04214285714285714 0.05710659898477157
3 0.7282142857142857 0.12626903553299493 0.04071428571428572 0.06725888324873096
3 0.7775 0.1884517766497462 0.04928571428571429 0.07487309644670051
3 0.8353571428571429 0.2760152284263959 0.04928571428571429 0.06979695431472081
4 0.9135714285714286 0.36421319796954316 0.05857142857142857 0.08883248730964467
4 0.8528571428571429 0.1453045685279188 0.04428571428571428 0.07487309644670051
0 0.6175 0.31789340101522845 0.009285714285714286 0.03934010152284264
0 0.44785714285714284 0.9511421319796954 0.01 0.021573604060913704
0 0.4564285714285714 0.9651015228426396 0.01 0.0266497461928934
0 0.45285714285714285 0.9815989847715736 0.011428571428571429 0.01903553299492386
0 0.17642857142857143 0.8769035532994924 0.017142857142857144 0.027918781725888325
0 0.18821428571428572 0.8851522842639594 0.017857142857142856 0.024111675126903553
0 0.205 0.8908629441624365 0.012857142857142857 0.03299492385786802
0 0.18035714285714285 0.8604060913705583 0.010714285714285714 0.02030456852791878
8 0.8153571428571429 0.9276649746192893 0.1392857142857143 0.1116751269035533
3 0.06428571428571428 0.9600253807106599 0.08857142857142856 0.06725888324873096
3 0.1875 0.9663705583756346 0.04071428571428572 0.06472081218274112