4 0.33089770354906056 0.7319109461966605 0.037578288100208766 0.12244897959183673
6 0.5211377870563675 0.7963821892393321 0.030793319415448852 0.09740259740259741
7 0.4154488517745303 0.5250463821892394 0.027139874739039668 0.07235621521335807
7 0.38230688935281837 0.4935064935064935 0.02244258872651357 0.06679035250463822
6 0.33298538622129437 0.29035250463821893 0.017745302713987474 0.059369202226345084
0 0.35360125260960334 0.2829313543599258 0.008872651356993737 0.02040816326530612
0 0.354384133611691 0.2987012987012987 0.014613778705636743 0.03339517625231911
9 0.3541231732776618 0.30241187384044527 0.009916492693110648 0.03710575139146568
5 0.40657620041753656 0.2602040816326531 0.028183716075156576 0.09554730983302412
5 0.48329853862212946 0.14285714285714285 0.054279749478079335 0.2857142857142857
0 0.517223382045929 0.6785714285714286 0.009394572025052192 0.026901669758812616
0 0.5073068893528184 0.6646567717996289 0.009394572025052192 0.0287569573283859
3 0.4921711899791232 0.6669758812615956 0.030271398747390398 0.09461966604823747
7 0.39744258872651356 0.7648423005565863 0.027661795407098122 0.09183673469387756
1 0.23355949895615866 0.814935064935065 0.019311064718162838 0.030612244897959183
0 0.23355949895615866 0.890074211502783 0.02035490605427975 0.0287569573283859