3 0.08321428571428571 0.6592639593908629 0.09214285714285714 0.06979695431472081
3 0.08464285714285714 0.4403553299492386 0.09214285714285714 0.07360406091370558
3 0.2325 0.6751269035532995 0.07785714285714286 0.06852791878172589
3 0.24285714285714285 0.46256345177664976 0.07428571428571429 0.06472081218274112
3 0.5564285714285714 0.7214467005076142 0.08285714285714285 0.06979695431472081
3 0.4707142857142857 0.6307106598984772 0.08571428571428572 0.06852791878172589
3 0.47714285714285715 0.5596446700507615 0.08 0.0583756345177665
3 0.4810714285714286 0.49238578680203043 0.07785714285714286 0.06598984771573604
3 0.5560714285714285 0.6459390862944162 0.07785714285714286 0.06598984771573604
3 0.565 0.5044416243654822 0.07714285714285714 0.06218274111675127
3 0.5635714285714286 0.43781725888324874 0.08142857142857143 0.0583756345177665
3 0.5710714285714286 0.36611675126903553 0.07642857142857143 0.06472081218274112
3 0.48928571428571427 0.350253807106599 0.06714285714285714 0.06598984771573604
3 0.4903571428571429 0.2868020304568528 0.08214285714285714 0.06598984771573604
3 0.5753571428571429 0.3026649746192893 0.07357142857142857 0.05964467005076142
3 0.3314285714285714 0.4073604060913706 0.07428571428571429 0.06345177664974619
3 0.34285714285714286 0.06408629441624365 0.07428571428571429 0.06725888324873096
3 0.48857142857142855 0.21637055837563451 0.08142857142857143 0.06979695431472081
3 0.5775 0.23223350253807107 0.085 0.06598984771573604
3 0.5746428571428571 0.15862944162436549 0.075 0.06345177664974619
3 0.49714285714285716 0.14720812182741116 0.07142857142857142 0.06598984771573604
3 0.7410714285714286 0.04251269035532995 0.08357142857142857 0.07233502538071065
3 0.7328571428571429 0.116751269035533 0.08 0.07360406091370558
3 0.7225 0.23794416243654823 0.07642857142857143 0.06218274111675127
3 0.7253571428571428 0.3147208121827411 0.07071428571428572 0.06091370558375635
3 0.7214285714285714 0.3756345177664975 0.07142857142857142 0.05583756345177665
3 0.7278571428571429 0.45558375634517767 0.08285714285714285 0.06852791878172589
3 0.7167857142857142 0.5158629441624365 0.09071428571428572 0.07233502538071065
3 0.7167857142857142 0.5888324873096447 0.085 0.07360406091370558
3 0.7146428571428571 0.6618020304568528 0.07785714285714286 0.07233502538071065
3 0.7185714285714285 0.7423857868020305 0.06857142857142857 0.06598984771573604
3 0.023928571428571428 0.5063451776649747 0.047857142857142855 0.06598984771573604
3 0.02642857142857143 0.37119289340101524 0.05285714285714286 0.06218274111675127
3 0.019642857142857142 0.6592639593908629 0.039285714285714285 0.06472081218274112
3 0.07035714285714285 0.9302030456852792 0.060714285714285714 0.12944162436548223
3 0.11892857142857143 0.9333756345177665 0.04071428571428572 0.12055837563451777
3 0.2307142857142857 0.932741116751269 0.04 0.1319796954314721
3 0.27 0.9378172588832487 0.045714285714285714 0.1116751269035533
3 0.3439285714285714 0.9486040609137056 0.039285714285714285 0.10025380710659898
3 0.38571428571428573 0.958756345177665 0.03428571428571429 0.0799492385786802
3 0.42142857142857143 0.9562182741116751 0.03571428571428571 0.0850253807106599
3 0.4228571428571429 0.9562182741116751 0.03428571428571429 0.0850253807106599
3 0.8110714285714286 0.25761421319796957 0.08071428571428571 0.06598984771573604
3 0.8060714285714285 0.33058375634517767 0.07785714285714286 0.07233502538071065
3 0.8046428571428571 0.45875634517766495 0.07357142857142857 0.07487309644670051
3 0.9610714285714286 0.35215736040609136 0.07785714285714286 0.06218274111675127
3 0.9514285714285714 0.4879441624365482 0.08428571428571428 0.0799492385786802
3 0.9575 0.6916243654822335 0.085 0.07868020304568528
3 0.7996428571428571 0.6135786802030457 0.07928571428571428 0.07487309644670051
4 0.9592857142857143 0.4206852791878173 0.08142857142857143 0.08248730964467005
4 0.5642857142857143 0.574238578680203 0.08428571428571428 0.05964467005076142
4 0.31535714285714284 0.6846446700507615 0.08642857142857142 0.06725888324873096
4 0.3242857142857143 0.6135786802030457 0.08714285714285715 0.07487309644670051
4 0.3167857142857143 0.5444162436548223 0.08642857142857142 0.07360406091370558
4 0.32321428571428573 0.4720812182741117 0.08642857142857142 0.06852791878172589
4 0.33071428571428574 0.3331218274111675 0.06714285714285714 0.05964467005076142
4 0.10035714285714285 0.1681472081218274 0.08928571428571429 0.0850253807106599
4 0.1025 0.10088832487309644 0.09071428571428572 0.07741116751269035
4 0.1075 0.03426395939086294 0.08928571428571429 0.06852791878172589
4 0.4710714285714286 0.7106598984771574 0.07928571428571428 0.07614213197969544
3 0.5042857142857143 0.02284263959390863 0.07714285714285714 0.04568527918781726