0 0.26607142857142857 0.08692893401015228 0.009285714285714286 0.0266497461928934
0 0.6182142857142857 0.33756345177664976 0.009285714285714286 0.030456852791878174
0 0.6785714285714286 0.5704314720812182 0.008571428571428572 0.031725888324873094
0 0.705 0.6700507614213198 0.007142857142857143 0.02284263959390863
0 0.7132142857142857 0.6694162436548223 0.0064285714285714285 0.0266497461928934
0 0.7210714285714286 0.6732233502538071 0.009285714285714286 0.02918781725888325
3 0.3335714285714286 0.06725888324873096 0.018571428571428572 0.04060913705583756
3 0.42 0.21954314720812182 0.022857142857142857 0.05583756345177665
4 0.49857142857142855 0.4467005076142132 0.03142857142857143 0.08883248730964467
3 0.5171428571428571 0.7950507614213198 0.03857142857142857 0.11294416243654823
5 0.5903571428571428 0.9397208121827412 0.05071428571428571 0.11802030456852793
3 0.6342857142857142 0.37880710659898476 0.03142857142857143 0.06472081218274112
3 0.9835714285714285 0.4219543147208122 0.032857142857142856 0.10025380710659898
3 0.8846428571428572 0.02601522842639594 0.025 0.046954314720812185
3 0.9082142857142858 0.08629441624365482 0.04071428571428572 0.09390862944162437
3 0.7007142857142857 0.05520304568527919 0.045714285714285714 0.044416243654822336
3 0.7067857142857142 0.021573604060913704 0.03357142857142857 0.03807106598984772
0 0.49714285714285716 0.050761421319796954 0.007142857142857143 0.02030456852791878
0 0.2475 0.23223350253807107 0.007857142857142858 0.03299492385786802
4 0.8042857142857143 0.17385786802030456 0.024285714285714285 0.06852791878172589
0 0.245 0.31091370558375636 0.01 0.03553299492385787