4 0.4298016701461378 0.03153988868274583 0.027661795407098122 0.06307977736549165
4 0.4167536534446764 0.1062152133580705 0.027661795407098122 0.07328385899814471
4 0.41075156576200417 0.17857142857142858 0.027139874739039668 0.07142857142857142
4 0.532098121085595 0.07189239332096475 0.02348643006263048 0.08256029684601113
4 0.3901356993736952 0.3177179962894249 0.04123173277661795 0.10853432282003711
3 0.5133089770354906 0.2537105751391466 0.027661795407098122 0.09183673469387756
4 0.3742171189979123 0.43042671614100186 0.03549060542797495 0.10204081632653061
9 0.3653444676409186 0.5092764378478665 0.020876826722338204 0.03525046382189239
6 0.5649791231732777 0.16558441558441558 0.02139874739039666 0.03432282003710575
9 0.6356993736951984 0.33766233766233766 0.025052192066805846 0.027829313543599257
0 0.5300104384133612 0.5802411873840445 0.005741127348643006 0.032467532467532464
9 0.6631002087682673 0.5264378478664193 0.01826722338204593 0.017625231910946195
9 0.6458768267223383 0.5055658627087198 0.019311064718162838 0.029684601113172542
9 0.6552713987473904 0.6076066790352505 0.0255741127348643 0.027829313543599257
9 0.6276096033402923 0.5788497217068646 0.02661795407098121 0.027829313543599257
2 0.6557933194154488 0.5705009276437848 0.02139874739039666 0.02040816326530612
6 0.6448329853862212 0.536178107606679 0.037056367432150315 0.04823747680890538
6 0.6396137787056367 0.6405380333951762 0.05375782881002088 0.038033395176252316
6 0.6299582463465553 0.6948051948051948 0.049060542797494784 0.055658627087198514
6 0.6208246346555324 0.724025974025974 0.031837160751565764 0.05102040816326531
9 0.6505741127348643 0.6767161410018553 0.0360125260960334 0.023191094619666047
9 0.6680584551148225 0.8195732838589982 0.03444676409185804 0.023191094619666047
9 0.6745824634655533 0.7064007421150278 0.03392484342379958 0.032467532467532464
9 0.6659707724425887 0.8576066790352505 0.032359081419624215 0.026901669758812616
9 0.659446764091858 0.9707792207792207 0.04123173277661795 0.036178107606679034
9 0.558455114822547 0.9401669758812616 0.031315240083507306 0.030612244897959183
5 0.4856471816283925 0.8079777365491652 0.11430062630480167 0.15213358070500926
5 0.4204070981210856 0.9485157699443414 0.05688935281837161 0.09925788497217068
3 0.30323590814196244 0.9053803339517625 0.054279749478079335 0.1614100185528757
4 0.32828810020876825 0.7462894248608535 0.0407098121085595 0.11038961038961038
3 0.34916492693110646 0.608534322820037 0.04384133611691023 0.1261595547309833
0 0.7181628392484343 0.10807050092764378 0.007306889352818371 0.032467532467532464
9 0.6860647181628392 0.12198515769944342 0.02139874739039666 0.017625231910946195
9 0.7186847599164927 0.09322820037105752 0.020876826722338204 0.021335807050092765
2 0.6886743215031316 0.16001855287569575 0.02348643006263048 0.017625231910946195
6 0.7069415448851775 0.5487012987012987 0.027661795407098122 0.08998144712430427