4 0.8821428571428571 0.4815989847715736 0.024285714285714285 0.06218274111675127
8 0.8885714285714286 0.3800761421319797 0.03 0.1281725888324873
8 0.8928571428571429 0.19543147208121828 0.03 0.09390862944162437
8 0.40214285714285714 0.7017766497461929 0.10714285714285714 0.11928934010152284
8 0.19142857142857142 0.5418781725888325 0.10285714285714286 0.12944162436548223
8 0.06107142857142857 0.30076142131979694 0.08642857142857142 0.12690355329949238
8 0.5682142857142857 0.15609137055837563 0.02642857142857143 0.050761421319796954
8 0.5525 0.19225888324873097 0.02642857142857143 0.05203045685279188
8 0.5367857142857143 0.23286802030456852 0.027857142857142858 0.05456852791878172
8 0.5175 0.27411167512690354 0.03214285714285714 0.06091370558375635
8 0.5046428571428572 0.3134517766497462 0.025 0.06852791878172589
8 0.4828571428571429 0.31218274111675126 0.02 0.06852791878172589
8 0.49357142857142855 0.2652284263959391 0.025714285714285714 0.06345177664974619
8 0.5121428571428571 0.2233502538071066 0.025714285714285714 0.0583756345177665
8 0.5292857142857142 0.18527918781725888 0.03 0.0583756345177665
8 0.5446428571428571 0.14974619289340102 0.02642857142857143 0.048223350253807105
8 0.2689285714285714 0.24492385786802032 0.05785714285714286 0.09898477157360407
8 0.2621428571428571 0.19606598984771573 0.055714285714285716 0.06725888324873096
8 0.22892857142857143 0.19225888324873097 0.04928571428571429 0.07741116751269035
8 0.20357142857142857 0.1833756345177665 0.06142857142857143 0.09771573604060914
8 0.185 0.16624365482233502 0.06571428571428571 0.1065989847715736
8 0.12178571428571429 0.217005076142132 0.065 0.08883248730964467
8 0.12 0.09708121827411167 0.04857142857142857 0.05964467005076142
8 0.11321428571428571 0.08883248730964467 0.06357142857142857 0.06345177664974619
8 0.09285714285714286 0.07868020304568528 0.05857142857142857 0.09390862944162437
8 0.07214285714285715 0.06472081218274112 0.06285714285714286 0.09137055837563451
8 0.05857142857142857 0.05012690355329949 0.06285714285714286 0.07741116751269035
8 0.10142857142857142 0.15418781725888325 0.06285714285714286 0.08248730964467005
8 0.3271428571428571 0.1884517766497462 0.05285714285714286 0.10532994923857868
8 0.6278571428571429 0.5780456852791879 0.04285714285714286 0.046954314720812185
8 0.35892857142857143 0.31725888324873097 0.02642857142857143 0.09390862944162437
8 0.38642857142857145 0.2303299492385787 0.03428571428571429 0.06979695431472081
8 0.4164285714285714 0.1713197969543147 0.03571428571428571 0.0583756345177665
4 0.45321428571428574 0.10596446700507614 0.02214285714285714 0.03934010152284264
4 0.69 0.43210659898477155 0.03428571428571429 0.05710659898477157
4 0.62 0.46446700507614214 0.014285714285714285 0.06345177664974619
4 0.5942857142857143 0.47017766497461927 0.02 0.07741116751269035
4 0.8696428571428572 0.22271573604060912 0.017857142857142856 0.046954314720812185
4 0.6410714285714286 0.4206852791878173 0.025 0.05203045685279188
5 0.7264285714285714 0.342005076142132 0.027142857142857142 0.0799492385786802
5 0.7853571428571429 0.41814720812182743 0.035 0.0850253807106599
3 0.48214285714285715 0.5774111675126904 0.015714285714285715 0.0583756345177665
3 0.44607142857142856 0.5647208121827412 0.035 0.03553299492385787
5 0.4446428571428571 0.516497461928934 0.05071428571428571 0.048223350253807105
3 0.7464285714285714 0.17893401015228427 0.02 0.03553299492385787
8 0.1992857142857143 0.022208121827411168 0.05 0.044416243654822336
0 0.6275 0.5907360406091371 0.009285714285714286 0.0266497461928934
8 0.4375 0.32614213197969544 0.023571428571428573 0.07360406091370558
5 0.8917857142857143 0.125 0.023571428571428573 0.06218274111675127
5 0.8925 0.08375634517766498 0.020714285714285713 0.05583756345177665
0 0.5153571428571428 0.4530456852791878 0.020714285714285713 0.03807106598984772