3 0.59025 0.9686666666666667 0.0545 0.06133333333333333
3 0.60025 0.8913333333333333 0.0505 0.084
3 0.60825 0.8123333333333334 0.0545 0.07133333333333333
3 0.6195 0.7093333333333334 0.053 0.076
3 0.62975 0.6146666666666667 0.0545 0.05733333333333333
3 0.636 0.5443333333333333 0.057 0.051333333333333335
4 0.64125 0.491 0.0455 0.046
3 0.64125 0.43966666666666665 0.0535 0.054
4 0.656 0.37 0.046 0.05466666666666667
3 0.6595 0.31066666666666665 0.049 0.05733333333333333
3 0.66975 0.24066666666666667 0.0455 0.05733333333333333
3 0.6645 0.19333333333333333 0.047 0.05333333333333334
5 0.6825 0.12833333333333333 0.056 0.06733333333333333
3 0.71925 0.09433333333333334 0.0365 0.04733333333333333
3 0.7305 0.05333333333333334 0.043 0.037333333333333336
3 0.74 0.017 0.046 0.03266666666666666
3 0.619 0.10133333333333333 0.027 0.07066666666666667
3 0.577 0.025 0.026 0.05
3 0.58025 0.10733333333333334 0.0405 0.06666666666666667
1 0.51475 0.189 0.0075 0.020666666666666667
1 0.50325 0.109 0.0075 0.016666666666666666
2 0.4995 0.06633333333333333 0.006 0.024666666666666667
0 0.569 0.103 0.008 0.016666666666666666
3 0.54075 0.25866666666666666 0.0245 0.07066666666666667
3 0.58775 0.27566666666666667 0.0325 0.074
5 0.5175 0.3313333333333333 0.03 0.07466666666666667
3 0.51275 0.43966666666666665 0.0475 0.07133333333333333
3 0.5475 0.5266666666666666 0.03 0.08
3 0.57675 0.6926666666666667 0.0345 0.08266666666666667
9 0.4915 0.8623333333333333 0.01 0.034
1 0.49125 0.8663333333333333 0.0085 0.018
0 0.38025 0.8566666666666667 0.0085 0.009333333333333334
3 0.46175 0.7293333333333333 0.0305 0.08
0 0.42575 0.648 0.0055 0.010666666666666666
3 0.191 0.705 0.041 0.08466666666666667
0 0.162 0.54 0.011 0.008
3 0.24325 0.464 0.0365 0.07333333333333333
9 0.23 0.344 0.022 0.013333333333333334
6 0.222 0.31366666666666665 0.021 0.04466666666666667
6 0.2375 0.29733333333333334 0.035 0.032
2 0.2125 0.24733333333333332 0.012 0.025333333333333333
9 0.24925 0.17133333333333334 0.0125 0.028
0 0.754 0.5623333333333334 0.011 0.008666666666666666
0 0.7515 0.5493333333333333 0.014 0.010666666666666666
0 0.7655 0.428 0.014 0.013333333333333334