3 0.5902922755741128 0.5561224489795918 0.032359081419624215 0.0640074211502783
3 0.5623695198329853 0.4809833024118738 0.030793319415448852 0.0640074211502783
3 0.5391440501043842 0.4109461966604824 0.027139874739039668 0.055658627087198514
3 0.519572025052192 0.3645640074211503 0.030793319415448852 0.0575139146567718
3 0.5362734864300627 0.30241187384044527 0.02244258872651357 0.04452690166975881
0 0.21659707724425886 0.812152133580705 0.010438413361169102 0.023191094619666047
0 0.24843423799582465 0.6716141001855288 0.009394572025052192 0.027829313543599257
3 0.17536534446764093 0.9216141001855288 0.06471816283924843 0.06771799628942486
3 0.16988517745302714 0.7903525046382189 0.06315240083507306 0.0575139146567718
3 0.16727557411273486 0.6989795918367347 0.03288100208768267 0.07328385899814471
0 0.02009394572025052 0.42393320964749537 0.008872651356993737 0.022263450834879406
3 0.05662839248434238 0.2592764378478664 0.038100208768267224 0.039888682745825604
3 0.04932150313152401 0.24397031539888683 0.03914405010438413 0.04267161410018553