3 0.48214285714285715 0.29885786802030456 0.02857142857142857 0.046954314720812185
3 0.5010714285714286 0.25761421319796957 0.027857142857142858 0.048223350253807105
3 0.5785714285714286 0.16624365482233502 0.022857142857142857 0.030456852791878174
3 0.8735714285714286 0.8972081218274112 0.045714285714285714 0.15736040609137056
3 0.9225 0.4263959390862944 0.045 0.07868020304568528
4 0.5242857142857142 0.21065989847715735 0.027142857142857142 0.03807106598984772
4 0.5503571428571429 0.16307106598984772 0.023571428571428573 0.031725888324873094
4 0.25107142857142856 0.6491116751269036 0.05071428571428571 0.07487309644670051
4 0.08107142857142857 0.9041878172588832 0.08785714285714286 0.13324873096446702
4 0.9332142857142857 0.36421319796954316 0.04928571428571429 0.08375634517766498
4 0.9617857142857142 0.44289340101522845 0.04214285714285714 0.09390862944162437
3 0.9692857142857143 0.3819796954314721 0.04857142857142857 0.07360406091370558
3 0.9882142857142857 0.35723350253807107 0.023571428571428573 0.046954314720812185
4 0.9707142857142858 0.04251269035532995 0.045714285714285714 0.03934010152284264
3 0.7796428571428572 0.041243654822335024 0.045 0.03426395939086294
3 0.9203571428571429 0.04187817258883249 0.04071428571428572 0.03807106598984772
8 0.6532142857142857 0.03426395939086294 0.06928571428571428 0.050761421319796954
8 0.5410714285714285 0.028553299492385786 0.09357142857142857 0.05710659898477157
8 0.4210714285714286 0.03553299492385787 0.06928571428571428 0.04314720812182741
8 0.32285714285714284 0.03807106598984772 0.04 0.048223350253807105
0 0.8785714285714286 0.4460659898477157 0.011428571428571429 0.04187817258883249
9 0.9128571428571428 0.625 0.015714285714285715 0.044416243654822336
9 0.9178571428571428 0.5913705583756346 0.02142857142857143 0.048223350253807105
9 0.93 0.5818527918781726 0.015714285714285715 0.044416243654822336
9 0.9321428571428572 0.7074873096446701 0.04 0.04187817258883249
9 0.9378571428571428 0.751269035532995 0.047142857142857146 0.030456852791878174
9 0.9539285714285715 0.7848984771573604 0.04357142857142857 0.03934010152284264
9 0.9739285714285715 0.8477157360406091 0.04214285714285714 0.04060913705583756
9 0.9807142857142858 0.8794416243654822 0.03857142857142857 0.03299492385786802
9 0.9871428571428571 0.9314720812182741 0.025714285714285714 0.03299492385786802
9 0.9921428571428571 0.9720812182741116 0.015714285714285715 0.050761421319796954
9 0.7075 0.04251269035532995 0.007857142857142858 0.024111675126903553
9 0.7157142857142857 0.044416243654822336 0.01 0.02284263959390863
9 0.7232142857142857 0.04568527918781726 0.010714285714285714 0.030456852791878174
9 0.7360714285714286 0.04378172588832487 0.009285714285714286 0.031725888324873094
9 0.7421428571428571 0.04187817258883249 0.008571428571428572 0.027918781725888325
9 0.7503571428571428 0.04378172588832487 0.009285714285714286 0.0266497461928934
9 0.7564285714285715 0.04187817258883249 0.008571428571428572 0.030456852791878174
9 0.7621428571428571 0.04568527918781726 0.01 0.030456852791878174
9 0.7689285714285714 0.04378172588832487 0.010714285714285714 0.031725888324873094
9 0.7814285714285715 0.04251269035532995 0.012857142857142857 0.02918781725888325
9 0.56 0.1967005076142132 0.008571428571428572 0.02030456852791878
9 0.48464285714285715 0.15545685279187818 0.010714285714285714 0.021573604060913704
9 0.42714285714285716 0.23604060913705585 0.011428571428571429 0.027918781725888325
0 0.5617857142857143 0.19416243654822335 0.007857142857142858 0.02030456852791878
3 0.5785714285714286 0.4200507614213198 0.03 0.050761421319796954
0 0.6571428571428571 0.3743654822335025 0.007142857142857143 0.02284263959390863
0 0.6435714285714286 0.5355329949238579 0.007142857142857143 0.030456852791878174
0 0.6357142857142857 0.4993654822335025 0.007142857142857143 0.01903553299492386
0 0.6367857142857143 0.5450507614213198 0.007857142857142858 0.0266497461928934
0 0.6382142857142857 0.4796954314720812 0.0064285714285714285 0.025380710659898477
0 0.6317857142857143 0.48413705583756345 0.0064285714285714285 0.02918781725888325
0 0.3992857142857143 0.3680203045685279 0.008571428571428572 0.02030456852791878
0 0.4039285714285714 0.37055837563451777 0.005 0.017766497461928935
0 0.4042857142857143 0.3496192893401015 0.005714285714285714 0.024111675126903553
0 0.345 0.4098984771573604 0.008571428571428572 0.03299492385786802
0 0.6328571428571429 0.053934010152284266 0.007142857142857143 0.0266497461928934
0 0.6771428571428572 0.05901015228426396 0.004285714285714286 0.021573604060913704
0 0.6757142857142857 0.05139593908629442 0.005714285714285714 0.021573604060913704
0 0.6682142857142858 0.06091370558375635 0.007857142857142858 0.02284263959390863
0 0.39 0.10913705583756345 0.005714285714285714 0.025380710659898477
0 0.5714285714285714 0.7315989847715736 0.007142857142857143 0.03680203045685279