0 0.40944676409185804 0.8079777365491652 0.005741127348643006 0.01855287569573284
3 0.4264091858037578 0.4327458256029685 0.0407098121085595 0.039888682745825604
3 0.421972860125261 0.4049165120593692 0.04018789144050104 0.039888682745825604
3 0.40501043841336115 0.1637291280148423 0.031315240083507306 0.0287569573283859
3 0.4052713987473904 0.0839517625231911 0.02661795407098121 0.0287569573283859
1 0.37004175365344466 0.040352504638218926 0.005219206680584551 0.013914656771799629
9 0.3705636743215031 0.04823747680890538 0.005219206680584551 0.012987012987012988
3 0.3298538622129436 0.044990723562152134 0.026096033402922755 0.023191094619666047
0 0.3076722338204593 0.013914656771799629 0.004697286012526096 0.016697588126159554
1 0.3029749478079332 0.015306122448979591 0.0026096033402922755 0.006493506493506494
0 0.28575156576200417 0.17346938775510204 0.005741127348643006 0.02040816326530612
0 0.28992693110647183 0.1702226345083488 0.005741127348643006 0.01948051948051948
5 0.2489561586638831 0.010667903525046383 0.060542797494780795 0.021335807050092765
7 0.744258872651357 0.04962894248608534 0.024008350730688934 0.02504638218923933
7 0.7669624217118998 0.026437847866419294 0.01826722338204593 0.023191094619666047
3 0.7747912317327766 0.021335807050092765 0.027661795407098122 0.02411873840445269
3 0.774008350730689 0.0037105751391465678 0.026096033402922755 0.0074211502782931356