3 0.5730688935281837 0.4072356215213358 0.022964509394572025 0.04267161410018553
3 0.975991649269311 0.9615027829313544 0.04697286012526096 0.045454545454545456
3 0.964509394572025 0.9090909090909091 0.06784968684759916 0.059369202226345084
3 0.9441544885177453 0.8613172541743971 0.055323590814196244 0.05102040816326531
3 0.9331941544885177 0.7838589981447124 0.061586638830897704 0.04452690166975881
4 0.9164926931106472 0.7374768089053804 0.05219206680584551 0.04081632653061224
3 0.8932672233820459 0.7045454545454546 0.05167014613778706 0.039888682745825604
3 0.8778705636743215 0.6628014842300557 0.05010438413361169 0.041743970315398886
3 0.8783924843423799 0.5556586270871985 0.03444676409185804 0.059369202226345084
3 0.7967118997912317 0.47634508348794063 0.038100208768267224 0.026901669758812616
4 0.7891440501043842 0.4420222634508349 0.03653444676409186 0.032467532467532464
4 0.7646137787056367 0.400278293135436 0.03653444676409186 0.032467532467532464
4 0.7432150313152401 0.35018552875695735 0.024008350730688934 0.021335807050092765
3 0.7393006263048016 0.3325602968460111 0.029749478079331943 0.023191094619666047
4 0.6829331941544885 0.24675324675324675 0.02139874739039666 0.01855287569573284
3 0.7105949895615866 0.16651205936920221 0.01826722338204593 0.017625231910946195
3 0.8355949895615866 0.3269944341372913 0.018789144050104383 0.026901669758812616
3 0.8896137787056367 0.3474025974025974 0.0255741127348643 0.026901669758812616
3 0.869258872651357 0.3209647495361781 0.02244258872651357 0.02411873840445269
3 0.850991649269311 0.2917439703153989 0.02035490605427975 0.02504638218923933
3 0.8350730688935282 0.26716141001855287 0.016701461377870562 0.02040816326530612
3 0.819937369519833 0.2523191094619666 0.015657620041753653 0.02411873840445269
8 0.8760438413361169 0.2722634508348794 0.03914405010438413 0.06215213358070501
8 0.8431628392484343 0.2323747680890538 0.038100208768267224 0.05473098330241188
8 0.8770876826722338 0.16743970315398887 0.05167014613778706 0.03432282003710575
3 0.9318893528183716 0.17857142857142858 0.02348643006263048 0.017625231910946195
3 0.8259394572025052 0.1725417439703154 0.02244258872651357 0.01855287569573284
0 0.781054279749478 0.1326530612244898 0.004697286012526096 0.014842300556586271
0 0.6670146137787056 0.11781076066790352 0.0041753653444676405 0.0074211502782931356
1 0.7147703549060542 0.1377551020408163 0.0026096033402922755 0.008348794063079777
9 0.7147703549060542 0.1442486085343228 0.007828810020876827 0.006493506493506494
3 0.68241127348643 0.16419294990723562 0.014091858037578288 0.014842300556586271
3 0.7090292275574113 0.12523191094619665 0.009916492693110648 0.014842300556586271
3 0.718945720250522 0.12291280148423006 0.008872651356993737 0.013914656771799629
3 0.723643006263048 0.11038961038961038 0.009916492693110648 0.016697588126159554
3 0.7022442588726514 0.11317254174397032 0.007828810020876827 0.016697588126159554
3 0.7129436325678496 0.11317254174397032 0.009394572025052192 0.014842300556586271
3 0.6970250521920668 0.10343228200371057 0.006784968684759917 0.013914656771799629
3 0.701722338204593 0.09647495361781076 0.010960334029227558 0.012987012987012988
3 0.675365344467641 0.05519480519480519 0.010438413361169102 0.008348794063079777
3 0.6714509394572025 0.04730983302411874 0.006784968684759917 0.0074211502782931356
4 0.43345511482254695 0.9109461966604824 0.050626304801670144 0.0575139146567718
3 0.4629436325678497 0.975417439703154 0.061586638830897704 0.04730983302411874