0 0.2075 0.43083756345177665 0.013571428571428571 0.0266497461928934
5 0.15 0.506979695431472 0.11714285714285715 0.07233502538071065
5 0.29892857142857143 0.49746192893401014 0.09357142857142857 0.06852791878172589
4 0.19785714285714287 0.5945431472081218 0.07 0.05203045685279188
4 0.40285714285714286 0.48413705583756345 0.05857142857142857 0.09771573604060914
4 0.6782142857142858 0.4796954314720812 0.060714285714285714 0.050761421319796954
4 0.7782142857142857 0.508248730964467 0.065 0.07233502538071065
4 0.8878571428571429 0.5723350253807107 0.054285714285714284 0.06091370558375635
4 0.9714285714285714 0.6211928934010152 0.05714285714285714 0.06472081218274112
3 0.8867857142857143 0.6865482233502538 0.065 0.05583756345177665
3 0.5564285714285714 0.6256345177664975 0.06571428571428571 0.0532994923857868
3 0.5839285714285715 0.4885786802030457 0.05357142857142857 0.08883248730964467