3 0.22321428571428573 0.05901015228426396 0.017857142857142856 0.013959390862944163
0 0.2425 0.09581218274111675 0.0035714285714285713 0.011421319796954314
0 0.2475 0.0932741116751269 0.0035714285714285713 0.013959390862944163
0 0.24892857142857142 0.12119289340101523 0.0035714285714285713 0.008883248730964468
3 0.22964285714285715 0.11230964467005077 0.017857142857142856 0.021573604060913704
3 0.31857142857142856 0.09137055837563451 0.017142857142857144 0.017766497461928935
3 0.25392857142857145 0.13705583756345177 0.017857142857142856 0.02284263959390863
4 0.2889285714285714 0.0399746192893401 0.010714285714285714 0.024111675126903553
4 0.3292857142857143 0.06281725888324872 0.02142857142857143 0.01649746192893401
3 0.03678571428571428 0.4073604060913706 0.015 0.02284263959390863
3 0.12178571428571429 0.5571065989847716 0.017857142857142856 0.027918781725888325
3 0.03142857142857143 0.8483502538071066 0.03 0.03934010152284264
3 0.06785714285714285 0.807741116751269 0.027142857142857142 0.03680203045685279
4 0.1025 0.7639593908629442 0.023571428571428573 0.03553299492385787
3 0.13142857142857142 0.7131979695431472 0.024285714285714285 0.03807106598984772
8 0.24571428571428572 0.575507614213198 0.05714285714285714 0.07741116751269035
0 0.1682142857142857 0.5564720812182741 0.0064285714285714285 0.008883248730964468
0 0.16892857142857143 0.5513959390862944 0.0035714285714285713 0.011421319796954314
8 0.26 0.4098984771573604 0.022857142857142857 0.048223350253807105
8 0.29892857142857143 0.3965736040609137 0.03214285714285714 0.06218274111675127
8 0.31 0.41116751269035534 0.027142857142857142 0.0583756345177665
8 0.3367857142857143 0.3356598984771574 0.030714285714285715 0.0799492385786802
8 0.44035714285714284 0.3597715736040609 0.013571428571428571 0.10025380710659898
8 0.3610714285714286 0.26903553299492383 0.02214285714285714 0.05583756345177665
8 0.3975 0.28045685279187815 0.04214285714285714 0.06852791878172589
0 0.42892857142857144 0.25951776649746194 0.002142857142857143 0.011421319796954314
8 0.39357142857142857 0.3001269035532995 0.03428571428571429 0.05710659898477157
8 0.3796428571428571 0.31218274111675126 0.04357142857142857 0.07106598984771574
8 0.37642857142857145 0.3350253807106599 0.04285714285714286 0.06852791878172589
8 0.3732142857142857 0.3623096446700508 0.045 0.07233502538071065
8 0.36892857142857144 0.38451776649746194 0.045 0.07614213197969544
8 0.3682142857142857 0.4118020304568528 0.029285714285714286 0.046954314720812185
8 0.35714285714285715 0.42576142131979694 0.03428571428571429 0.05710659898477157
8 0.3485714285714286 0.44352791878172587 0.04428571428571428 0.07487309644670051
8 0.3410714285714286 0.46383248730964466 0.04357142857142857 0.06979695431472081
8 0.3360714285714286 0.4885786802030457 0.04214285714285714 0.06852791878172589
4 0.2642857142857143 0.4517766497461929 0.017142857142857144 0.03299492385786802
0 0.24107142857142858 0.4276649746192893 0.0035714285714285713 0.005076142131979695
0 0.245 0.41624365482233505 0.004285714285714286 0.007614213197969543
0 0.2542857142857143 0.4016497461928934 0.002857142857142857 0.011421319796954314
0 0.2807142857142857 0.4682741116751269 0.004285714285714286 0.012690355329949238
0 0.3335714285714286 0.5279187817258884 0.004285714285714286 0.01015228426395939
0 0.3382142857142857 0.5329949238578681 0.0035714285714285713 0.01015228426395939
0 0.3392857142857143 0.5387055837563451 0.002857142857142857 0.011421319796954314
8 0.3767857142857143 0.17385786802030456 0.03357142857142857 0.07614213197969544
8 0.4496428571428571 0.1567258883248731 0.016428571428571428 0.07233502538071065
3 0.46464285714285714 0.038705583756345176 0.009285714285714286 0.024111675126903553
3 0.46535714285714286 0.15228426395939088 0.007857142857142858 0.025380710659898477
8 0.4392857142857143 0.8864213197969543 0.07 0.04949238578680203
4 0.8 0.9879441624365483 0.027142857142857142 0.021573604060913704
0 0.9232142857142858 0.9041878172588832 0.0064285714285714285 0.006345177664974619
0 0.8578571428571429 0.8673857868020305 0.007142857142857143 0.008883248730964468
0 0.9335714285714286 0.9130710659898477 0.007142857142857143 0.008883248730964468
0 0.9582142857142857 0.9282994923857868 0.0064285714285714285 0.006345177664974619
0 0.9510714285714286 0.9251269035532995 0.0064285714285714285 0.007614213197969543
0 0.9542857142857143 0.9308375634517766 0.005714285714285714 0.006345177664974619
0 0.9853571428571428 0.9473350253807107 0.0064285714285714285 0.006345177664974619
0 0.5667857142857143 0.3083756345177665 0.002142857142857143 0.01015228426395939