2 0.334 0.925 0.037 0.12066666666666667
2 0.37225 0.8416666666666667 0.0285 0.07666666666666666
6 0.573 0.7883333333333333 0.049 0.14866666666666667
0 0.27675 0.7253333333333334 0.0195 0.07466666666666667
0 0.331 0.7416666666666667 0.021 0.062
0 0.3065 0.6446666666666667 0.037 0.044
0 0.36925 0.635 0.0225 0.04733333333333333
0 0.49325 0.6666666666666666 0.0185 0.06533333333333333
0 0.52625 0.6833333333333333 0.0185 0.058666666666666666
0 0.5575 0.6096666666666667 0.022 0.054
0 0.37425 0.49533333333333335 0.0145 0.04533333333333334
0 0.466 0.525 0.02 0.04733333333333333
9 0.465 0.542 0.021 0.037333333333333336
0 0.403 0.499 0.013 0.05
0 0.58475 0.5123333333333333 0.0105 0.051333333333333335
0 0.54475 0.4676666666666667 0.0105 0.048666666666666664
0 0.547 0.45366666666666666 0.007 0.023333333333333334
0 0.37175 0.43433333333333335 0.0125 0.038
0 0.40525 0.448 0.0095 0.042666666666666665
0 0.409 0.439 0.009 0.046
0 0.4155 0.433 0.01 0.048666666666666664
0 0.70175 0.428 0.0185 0.036
2 0.69925 0.43566666666666665 0.0335 0.026
0 0.453 0.4053333333333333 0.016 0.03866666666666667
9 0.4465 0.4116666666666667 0.013 0.035333333333333335
0 0.47375 0.39266666666666666 0.0105 0.04
0 0.53475 0.4056666666666667 0.0065 0.024666666666666667
0 0.547 0.4026666666666667 0.009 0.042666666666666665
6 0.57975 0.398 0.0365 0.06933333333333333
6 0.642 0.40166666666666667 0.033 0.05
9 0.629 0.44633333333333336 0.03 0.028666666666666667
0 0.4295 0.385 0.011 0.026
0 0.45025 0.37733333333333335 0.0075 0.03333333333333333
0 0.4465 0.37 0.007 0.014666666666666666
0 0.4695 0.351 0.009 0.035333333333333335
0 0.459 0.3403333333333333 0.008 0.03933333333333333
0 0.42325 0.36933333333333335 0.0125 0.02266666666666667
0 0.4275 0.36233333333333334 0.011 0.028666666666666667
0 0.433 0.36333333333333334 0.006 0.02266666666666667
0 0.40025 0.3566666666666667 0.0075 0.028
0 0.41025 0.3473333333333333 0.0095 0.030666666666666665
0 0.4305 0.3496666666666667 0.007 0.024666666666666667
0 0.43325 0.336 0.0075 0.03866666666666667
0 0.44325 0.33166666666666667 0.0085 0.035333333333333335
0 0.443 0.353 0.009 0.03
9 0.44975 0.37166666666666665 0.0195 0.024666666666666667
0 0.51575 0.35933333333333334 0.0085 0.036
0 0.535 0.36733333333333335 0.01 0.037333333333333336
0 0.54725 0.3433333333333333 0.0085 0.034666666666666665
0 0.54375 0.33366666666666667 0.0065 0.03266666666666666
0 0.51225 0.315 0.0075 0.03266666666666666
0 0.5005 0.31533333333333335 0.007 0.030666666666666665
6 0.51525 0.29 0.0215 0.04533333333333334
0 0.455 0.31866666666666665 0.01 0.03333333333333333
0 0.44325 0.30133333333333334 0.0075 0.030666666666666665
0 0.4095 0.32 0.008 0.02666666666666667
0 0.42025 0.304 0.0055 0.02666666666666667
0 0.4165 0.2966666666666667 0.006 0.024
0 0.43575 0.2956666666666667 0.0095 0.027333333333333334
0 0.425 0.28 0.006 0.02266666666666667
0 0.44925 0.2816666666666667 0.0055 0.028666666666666667
0 0.45775 0.291 0.0065 0.03
0 0.4695 0.27066666666666667 0.01 0.028
1 0.45725 0.2683333333333333 0.0085 0.023333333333333334
0 0.44925 0.2683333333333333 0.0045 0.022
0 0.4425 0.24233333333333335 0.005 0.027333333333333334
0 0.46725 0.254 0.0045 0.021333333333333333
1 0.467 0.294 0.011 0.025333333333333333
9 0.4665 0.3016666666666667 0.006 0.016666666666666666
9 0.45675 0.2753333333333333 0.0055 0.014666666666666666
9 0.45125 0.30233333333333334 0.0195 0.015333333333333332
9 0.52925 0.2776666666666667 0.0075 0.022
9 0.54525 0.2796666666666667 0.0045 0.023333333333333334
9 0.5265 0.26166666666666666 0.007 0.016666666666666666
9 0.53775 0.25833333333333336 0.0155 0.012666666666666666
2 0.5285 0.22766666666666666 0.01 0.011333333333333334
0 0.48075 0.287 0.0075 0.03
0 0.5065 0.23366666666666666 0.005 0.026
0 0.5055 0.22566666666666665 0.003 0.008666666666666666
0 0.5115 0.232 0.006 0.025333333333333333
0 0.51575 0.23666666666666666 0.0035 0.013333333333333334
0 0.5195 0.23266666666666666 0.007 0.025333333333333333
0 0.53 0.23333333333333334 0.004 0.024
1 0.528 0.22 0.007 0.02
0 0.5375 0.227 0.005 0.026
3 0.49325 0.22866666666666666 0.0205 0.029333333333333333
1 0.472 0.22933333333333333 0.006 0.016
1 0.47925 0.219 0.0055 0.018
1 0.47475 0.16866666666666666 0.0055 0.012
9 0.47175 0.23633333333333334 0.0055 0.014
9 0.479 0.22433333333333333 0.004 0.014
9 0.47525 0.17233333333333334 0.0085 0.008666666666666666
2 0.45725 0.226 0.0035 0.016
9 0.528 0.19266666666666668 0.016 0.012
9 0.45775 0.25866666666666666 0.0065 0.013333333333333334
1 0.4575 0.249 0.007 0.015333333333333332
0 0.4605 0.22133333333333333 0.006 0.02
0 0.52 0.21333333333333335 0.004 0.018666666666666668
0 0.51425 0.22 0.0035 0.018666666666666668
0 0.49325 0.202 0.0045 0.02
0 0.498 0.20233333333333334 0.005 0.016666666666666666
1 0.4845 0.19933333333333333 0.005 0.017333333333333333
9 0.42925 0.24533333333333332 0.0165 0.012
0 0.448 0.203 0.004 0.022
0 0.4545 0.204 0.005 0.02
0 0.463 0.205 0.005 0.020666666666666667
0 0.469 0.20866666666666667 0.005 0.02266666666666667
0 0.47 0.20333333333333334 0.006 0.02
0 0.44475 0.19466666666666665 0.0045 0.017333333333333333
0 0.4465 0.18566666666666667 0.006 0.015333333333333332
0 0.4605 0.18333333333333332 0.004 0.018666666666666668
0 0.459 0.17866666666666667 0.004 0.016
9 0.45425 0.18833333333333332 0.0065 0.012666666666666666
0 0.47575 0.19066666666666668 0.0045 0.021333333333333333
0 0.47075 0.191 0.0055 0.015333333333333332
0 0.48175 0.188 0.0045 0.02
0 0.4935 0.18833333333333332 0.004 0.012666666666666666
0 0.495 0.18066666666666667 0.003 0.010666666666666666
0 0.5005 0.18366666666666667 0.005 0.011333333333333334
0 0.51675 0.188 0.0065 0.016
0 0.51275 0.184 0.0035 0.010666666666666666
0 0.51525 0.18 0.0025 0.010666666666666666
0 0.514 0.17366666666666666 0.006 0.012666666666666666
0 0.52825 0.19 0.0045 0.014666666666666666
0 0.52775 0.188 0.0045 0.016
0 0.49125 0.16833333333333333 0.0055 0.016666666666666666
0 0.469 0.17866666666666667 0.005 0.016
0 0.46825 0.171 0.0045 0.012666666666666666
1 0.458 0.166 0.004 0.006666666666666667
0 0.46325 0.16033333333333333 0.0025 0.015333333333333332
0 0.4735 0.157 0.003 0.014
0 0.47675 0.16 0.0045 0.016
0 0.468 0.15533333333333332 0.004 0.016
0 0.486 0.151 0.003 0.014
0 0.4885 0.15133333333333332 0.003 0.017333333333333333
0 0.49125 0.15133333333333332 0.0025 0.013333333333333334
0 0.49425 0.14833333333333334 0.0045 0.011333333333333334
0 0.4665 0.14166666666666666 0.003 0.011333333333333334
0 0.46975 0.13866666666666666 0.0035 0.009333333333333334
0 0.4775 0.13733333333333334 0.003 0.010666666666666666
0 0.48025 0.13566666666666666 0.0035 0.011333333333333334
0 0.49925 0.14066666666666666 0.0045 0.010666666666666666
4 0.50525 0.15233333333333332 0.0125 0.020666666666666667
3 0.505 0.167 0.013 0.016666666666666666
0 0.50225 0.17366666666666666 0.0055 0.008666666666666666
3 0.50725 0.20166666666666666 0.0215 0.024666666666666667
4 0.38575 0.09366666666666666 0.0075 0.01
3 0.421 0.10933333333333334 0.007 0.010666666666666666
3 0.423 0.10766666666666666 0.006 0.007333333333333333
3 0.4265 0.105 0.006 0.007333333333333333
3 0.4315 0.103 0.006 0.006
3 0.433 0.09966666666666667 0.005 0.008666666666666666
3 0.43775 0.09666666666666666 0.0055 0.008
3 0.44175 0.092 0.0055 0.005333333333333333
3 0.446 0.09 0.004 0.005333333333333333
3 0.448 0.087 0.005 0.004666666666666667
3 0.45225 0.08266666666666667 0.0055 0.004
3 0.5505 0.08766666666666667 0.016 0.006
3 0.54875 0.082 0.0125 0.006666666666666667
3 0.546 0.07766666666666666 0.012 0.004666666666666667
3 0.559 0.078 0.012 0.005333333333333333
3 0.55975 0.08066666666666666 0.0095 0.005333333333333333
3 0.58025 0.07933333333333334 0.0045 0.005333333333333333
5 0.08275 0.894 0.1655 0.19866666666666666
2 0.63425 0.9393333333333334 0.0245 0.11066666666666666
1 0.21825 0.25 0.0125 0.029333333333333333
0 0.541 0.251 0.006 0.023333333333333334
0 0.545 0.25033333333333335 0.007 0.023333333333333334
9 0.687 0.4146666666666667 0.025 0.025333333333333333