3 0.27609603340292277 0.7903525046382189 0.03549060542797495 0.07792207792207792
3 0.4921711899791232 0.7119666048237476 0.04697286012526096 0.05658627087198516
3 0.5472338204592901 0.6576994434137291 0.044363256784968684 0.05194805194805195
3 0.6343945720250522 0.8334879406307978 0.0255741127348643 0.08070500927643785
3 0.41727557411273486 0.950834879406308 0.024530271398747392 0.09647495361781076
3 0.6132567849686847 0.575139146567718 0.038622129436325675 0.03896103896103896
3 0.16257828810020877 0.5709647495361782 0.02661795407098121 0.04916512059369202
3 0.19154488517745302 0.5769944341372912 0.024008350730688934 0.04823747680890538
3 0.14378914405010437 0.5371057513914657 0.02244258872651357 0.04452690166975881
3 0.12839248434237996 0.4902597402597403 0.020876826722338204 0.036178107606679034
4 0.16727557411273486 0.5162337662337663 0.027661795407098122 0.05658627087198516
5 0.15213987473903967 0.46938775510204084 0.024530271398747392 0.05194805194805195
3 0.1649269311064718 0.439239332096475 0.021920668058455117 0.03432282003710575
3 0.11351774530271398 0.45408163265306123 0.02139874739039666 0.036178107606679034
3 0.08168058455114822 0.37244897959183676 0.02035490605427975 0.03432282003710575
3 0.09498956158663883 0.3395176252319109 0.016701461377870562 0.027829313543599257
3 0.07802713987473904 0.2949907235621521 0.016179540709812108 0.027829313543599257
3 0.05636743215031315 0.29962894248608535 0.014613778705636743 0.025974025974025976
3 0.08429018789144051 0.2680890538033395 0.015135699373695199 0.02411873840445269
3 0.037839248434238 0.22912801484230055 0.014091858037578288 0.02411873840445269
3 0.051931106471816285 0.2017625231910946 0.014091858037578288 0.023191094619666047
3 0.031837160751565764 0.18274582560296845 0.009394572025052192 0.016697588126159554
3 0.013308977035490605 0.17161410018552875 0.010960334029227558 0.016697588126159554
3 0.003914405010438413 0.1326530612244898 0.007828810020876827 0.016697588126159554
3 0.8992693110647182 0.3423005565862709 0.022964509394572025 0.025974025974025976
3 0.9219728601252609 0.3455473098330241 0.02244258872651357 0.030612244897959183
4 0.8248956158663883 0.1326530612244898 0.010960334029227558 0.022263450834879406
1 0.34498956158663885 0.8427643784786641 0.007306889352818371 0.026901669758812616
1 0.37343423799582465 0.699443413729128 0.0036534446764091857 0.022263450834879406
1 0.40213987473903967 0.7374768089053804 0.005741127348643006 0.01855287569573284
1 0.054801670146137786 0.6999072356215214 0.007306889352818371 0.015769944341372914
1 0.05845511482254697 0.6331168831168831 0.008350730688935281 0.021335807050092765
1 0.9172755741127349 0.2564935064935065 0.0036534446764091857 0.006493506493506494
9 0.06002087682672234 0.6461038961038961 0.009394572025052192 0.017625231910946195
9 0.054801670146137786 0.7115027829313544 0.007306889352818371 0.02040816326530612
9 0.3721294363256785 0.7082560296846011 0.010438413361169102 0.023191094619666047
9 0.401356993736952 0.7518552875695733 0.008350730688935281 0.021335807050092765
9 0.342901878914405 0.8552875695732839 0.006263048016701462 0.027829313543599257
9 0.6852818371607515 0.41465677179962895 0.005219206680584551 0.011131725417439703
9 0.916231732776618 0.26437847866419295 0.005741127348643006 0.0074211502782931356
1 0.8935281837160751 0.27782931354359924 0.003131524008350731 0.01020408163265306
9 0.8935281837160751 0.28385899814471244 0.007306889352818371 0.0074211502782931356
1 0.6865866388308977 0.40630797773654914 0.0036534446764091857 0.00927643784786642