3 0.8385 0.6563333333333333 0.115 0.19266666666666668
3 0.64 0.555 0.131 0.162
3 0.47225 0.42433333333333334 0.1175 0.114
3 0.4155 0.39366666666666666 0.11 0.09533333333333334
3 0.2905 0.863 0.239 0.26866666666666666
3 0.0715 0.5106666666666667 0.143 0.128
3 0.0355 0.413 0.071 0.09533333333333334
3 0.2185 0.269 0.108 0.06733333333333333
3 0.186 0.25433333333333336 0.108 0.06733333333333333
3 0.109 0.204 0.09 0.05333333333333334
3 0.04625 0.16233333333333333 0.0855 0.05266666666666667
9 0.2225 0.18133333333333335 0.042 0.04133333333333333