3 0.8378571428571429 0.366751269035533 0.054285714285714284 0.10913705583756345
3 0.8771428571428571 0.22588832487309646 0.06 0.10913705583756345
3 0.9817857142857143 0.28426395939086296 0.03642857142857143 0.1116751269035533
5 0.9632142857142857 0.04949238578680203 0.07357142857142857 0.09137055837563451
5 0.7278571428571429 0.061548223350253804 0.054285714285714284 0.12309644670050761
0 0.41714285714285715 0.48413705583756345 0.01 0.03934010152284264
0 0.4467857142857143 0.31091370558375636 0.007857142857142858 0.03553299492385787
0 0.6546428571428572 0.20304568527918782 0.007857142857142858 0.03553299492385787
0 0.4417857142857143 0.16751269035532995 0.010714285714285714 0.03553299492385787
1 0.4585714285714286 0.1967005076142132 0.01 0.030456852791878174
1 0.45357142857142857 0.5602791878172588 0.01 0.031725888324873094
1 0.4610714285714286 0.108502538071066 0.007857142857142858 0.02918781725888325
0 0.6132142857142857 0.07487309644670051 0.007857142857142858 0.030456852791878174
0 0.5489285714285714 0.17068527918781726 0.010714285714285714 0.02918781725888325
0 0.36214285714285716 0.9854060913705583 0.008571428571428572 0.0266497461928934
0 0.37535714285714283 0.9892131979695431 0.010714285714285714 0.01649746192893401
0 0.4564285714285714 0.03236040609137056 0.005714285714285714 0.0266497461928934
0 0.45964285714285713 0.03616751269035533 0.005 0.013959390862944163
0 0.4632142857142857 0.03299492385786802 0.005 0.02284263959390863