3 0.2664285714285714 0.9225888324873096 0.02857142857142857 0.08375634517766498
3 0.1675 0.5342639593908629 0.017857142857142856 0.048223350253807105
3 0.20464285714285715 0.36421319796954316 0.03785714285714286 0.03553299492385787
3 0.31214285714285717 0.48286802030456855 0.02 0.05203045685279188
3 0.30714285714285716 0.541243654822335 0.018571428571428572 0.04949238578680203
3 0.30107142857142855 0.6046954314720813 0.019285714285714285 0.046954314720812185
3 0.3582142857142857 0.6395939086294417 0.020714285714285713 0.06852791878172589
3 0.3242857142857143 0.3876903553299492 0.014285714285714285 0.03680203045685279
3 0.32857142857142857 0.34517766497461927 0.012857142857142857 0.04314720812182741
8 0.2507142857142857 0.4993654822335025 0.04 0.1383248730964467
3 0.15928571428571428 0.5894670050761421 0.025714285714285714 0.05964467005076142
3 0.1467857142857143 0.7874365482233503 0.04928571428571429 0.03934010152284264
3 0.07928571428571428 0.809010152284264 0.05714285714285714 0.07487309644670051
3 0.024642857142857143 0.8946700507614214 0.04928571428571429 0.07360406091370558
3 0.7832142857142858 0.9359137055837563 0.052142857142857144 0.0901015228426396
3 0.8153571428571429 0.8623096446700508 0.039285714285714285 0.08248730964467005
3 0.9010714285714285 0.699238578680203 0.03642857142857143 0.07360406091370558
3 0.7728571428571429 0.6986040609137056 0.02142857142857143 0.0799492385786802
3 0.6792857142857143 0.8204314720812182 0.025714285714285714 0.09771573604060914
3 0.7721428571428571 0.48286802030456855 0.032857142857142856 0.02918781725888325
3 0.7125 0.4619289340101523 0.04071428571428572 0.03299492385786802
3 0.5628571428571428 0.6732233502538071 0.027142857142857142 0.0799492385786802
4 0.5046428571428572 0.5881979695431472 0.027857142857142858 0.10025380710659898
3 0.4942857142857143 0.39276649746192893 0.02142857142857143 0.05964467005076142
3 0.48142857142857143 0.25951776649746194 0.015714285714285715 0.05456852791878172
3 0.4732142857142857 0.1567258883248731 0.015 0.03934010152284264
3 0.4657142857142857 0.027918781725888325 0.011428571428571429 0.03299492385786802
5 0.4953571428571429 0.07741116751269035 0.020714285714285713 0.07360406091370558
4 0.4853571428571429 0.0133248730964467 0.010714285714285714 0.0266497461928934
9 0.5332142857142858 0.44352791878172587 0.010714285714285714 0.03426395939086294
0 0.6128571428571429 0.4232233502538071 0.007142857142857143 0.0266497461928934
8 0.6232142857142857 0.34390862944162437 0.017857142857142856 0.08121827411167512
4 0.7639285714285714 0.24175126903553298 0.02214285714285714 0.044416243654822336
5 0.5778571428571428 0.1313451776649746 0.02142857142857143 0.06725888324873096
3 0.6653571428571429 0.1218274111675127 0.013571428571428571 0.03299492385786802
3 0.6717857142857143 0.15926395939086294 0.02642857142857143 0.024111675126903553
3 0.9571428571428572 0.16053299492385786 0.025714285714285714 0.031725888324873094
3 0.13035714285714287 0.5406091370558376 0.025 0.05583756345177665
3 0.32035714285714284 0.4365482233502538 0.02214285714285714 0.050761421319796954