3 0.40035714285714286 0.8699238578680203 0.04214285714285714 0.046954314720812185
3 0.5778571428571428 0.7366751269035533 0.03857142857142857 0.044416243654822336
3 0.7285714285714285 0.866751269035533 0.02 0.0583756345177665
3 0.75 0.7404822335025381 0.03142857142857143 0.046954314720812185
3 0.7610714285714286 0.574238578680203 0.03214285714285714 0.04187817258883249
3 0.8339285714285715 0.5501269035532995 0.027857142857142858 0.03680203045685279
3 0.6414285714285715 0.3102791878172589 0.012857142857142857 0.024111675126903553
3 0.6760714285714285 0.23794416243654823 0.009285714285714286 0.021573604060913704
3 0.6967857142857142 0.16434010152284265 0.010714285714285714 0.01903553299492386
5 0.655 0.17639593908629442 0.017142857142857144 0.06598984771573604
8 0.6635714285714286 0.028553299492385786 0.012857142857142857 0.05456852791878172
4 0.6825 0.013959390862944163 0.007857142857142858 0.017766497461928935
3 0.06964285714285715 0.9238578680203046 0.045 0.027918781725888325