3 0.4303571428571429 0.2696700507614213 0.009285714285714286 0.01903553299492386
3 0.4614285714285714 0.21256345177664976 0.01 0.021573604060913704
4 0.4825 0.29251269035532995 0.010714285714285714 0.0266497461928934
9 0.9771428571428571 0.06281725888324872 0.005714285714285714 0.008883248730964468
9 0.9610714285714286 0.0532994923857868 0.005 0.01015228426395939
9 0.9532142857142857 0.048223350253807105 0.0035714285714285713 0.01015228426395939
9 0.9342857142857143 0.037436548223350255 0.002857142857142857 0.011421319796954314
0 0.8875 0.004441624365482234 0.005 0.008883248730964468
0 0.9932142857142857 0.06916243654822335 0.002142857142857143 0.008883248730964468
0 0.9885714285714285 0.07106598984771574 0.002857142857142857 0.01015228426395939
0 0.9957142857142857 0.07487309644670051 0.0014285714285714286 0.007614213197969543
0 0.9664285714285714 0.05520304568527919 0.002857142857142857 0.013959390862944163
0 0.7696428571428572 0.6808375634517766 0.002142857142857143 0.008883248730964468
0 0.7803571428571429 0.6706852791878173 0.0035714285714285713 0.011421319796954314
0 0.8132142857142857 0.675761421319797 0.002142857142857143 0.006345177664974619
0 0.7278571428571429 0.7284263959390863 0.004285714285714286 0.01015228426395939
0 0.7153571428571428 0.751269035532995 0.002142857142857143 0.007614213197969543
0 0.7014285714285714 0.7760152284263959 0.002857142857142857 0.011421319796954314
0 0.7142857142857143 0.7411167512690355 0.002857142857142857 0.012690355329949238
0 0.7167857142857142 0.7461928934010152 0.002142857142857143 0.01015228426395939
0 0.7710714285714285 0.684010152284264 0.002142857142857143 0.01015228426395939
0 0.7939285714285714 0.6687817258883249 0.002142857142857143 0.007614213197969543
0 0.8032142857142858 0.666243654822335 0.0035714285714285713 0.007614213197969543
0 0.79 0.6637055837563451 0.002857142857142857 0.01015228426395939
5 0.5589285714285714 0.8324873096446701 0.019285714285714285 0.07868020304568528
5 0.47714285714285715 0.8616751269035533 0.011428571428571429 0.06852791878172589
3 0.4807142857142857 0.6776649746192893 0.011428571428571429 0.03807106598984772
3 0.54 0.6472081218274112 0.012857142857142857 0.03553299492385787
0 0.6278571428571429 0.40609137055837563 0.004285714285714286 0.01015228426395939
3 0.5385714285714286 0.5152284263959391 0.011428571428571429 0.027918781725888325
0 0.19857142857142857 0.1713197969543147 0.004285714285714286 0.007614213197969543
0 0.19964285714285715 0.16116751269035534 0.002142857142857143 0.005076142131979695