4 0.03678571428571428 0.20939086294416243 0.06357142857142857 0.09137055837563451
4 0.09571428571428571 0.2569796954314721 0.07285714285714286 0.0901015228426396
4 0.15964285714285714 0.30710659898477155 0.07214285714285715 0.09390862944162437
3 0.22678571428571428 0.3616751269035533 0.07357142857142857 0.08883248730964467
4 0.2957142857142857 0.4086294416243655 0.08857142857142856 0.1218274111675127
0 0.06107142857142857 0.16624365482233502 0.012142857142857143 0.03807106598984772
4 0.3964285714285714 0.1034263959390863 0.06571428571428571 0.11040609137055837
4 0.4132142857142857 0.03362944162436548 0.05357142857142857 0.06725888324873096
4 0.7232142857142857 0.01713197969543147 0.06928571428571428 0.031725888324873094
9 0.3725 0.47779187817258884 0.029285714285714286 0.07233502538071065
9 0.35035714285714287 0.46256345177664976 0.03357142857142857 0.06979695431472081
9 0.38142857142857145 0.49048223350253806 0.024285714285714285 0.05456852791878172
9 0.3964285714285714 0.4885786802030457 0.03571428571428571 0.08121827411167512
9 0.4089285714285714 0.49619289340101524 0.03214285714285714 0.07868020304568528
9 0.4185714285714286 0.5190355329949239 0.022857142857142857 0.0532994923857868
9 0.43392857142857144 0.5272842639593909 0.025 0.05203045685279188
9 0.44607142857142856 0.5317258883248731 0.027857142857142858 0.07360406091370558
9 0.48392857142857143 0.5691624365482234 0.027857142857142858 0.07741116751269035
9 0.49714285714285716 0.5729695431472082 0.022857142857142857 0.07487309644670051
9 0.4592857142857143 0.5387055837563451 0.032857142857142856 0.08248730964467005
9 0.46964285714285714 0.5602791878172588 0.029285714285714286 0.07741116751269035
9 0.5089285714285714 0.5831218274111675 0.025 0.0799492385786802
9 0.5210714285714285 0.6008883248730964 0.029285714285714286 0.07487309644670051
9 0.5389285714285714 0.6034263959390863 0.03357142857142857 0.08756345177664974
9 0.5485714285714286 0.6281725888324873 0.027142857142857142 0.07360406091370558
9 0.5871428571428572 0.6465736040609137 0.03142857142857143 0.09517766497461928
9 0.6035714285714285 0.6541878172588832 0.03428571428571429 0.07741116751269035
9 0.62 0.674492385786802 0.037142857142857144 0.08248730964467005
8 0.7610714285714286 0.7944162436548223 0.21214285714285713 0.26649746192893403
0 0.8496428571428571 0.7189086294416244 0.019285714285714285 0.05456852791878172
0 0.9167857142857143 0.4473350253807107 0.013571428571428571 0.031725888324873094
9 0.8410714285714286 0.015862944162436547 0.012142857142857143 0.02918781725888325
9 0.8275 0.018401015228426396 0.013571428571428571 0.03680203045685279
9 0.8164285714285714 0.020939086294416244 0.015714285714285715 0.03426395939086294
9 0.8064285714285714 0.015862944162436547 0.015714285714285715 0.031725888324873094
9 0.7928571428571428 0.013959390862944163 0.014285714285714285 0.027918781725888325
3 0.7267857142857143 0.08565989847715735 0.03785714285714286 0.05203045685279188
3 0.7035714285714286 0.06535532994923858 0.03857142857142857 0.05203045685279188
4 0.6803571428571429 0.1034263959390863 0.04071428571428572 0.06472081218274112
4 0.6232142857142857 0.06535532994923858 0.03785714285714286 0.07487309644670051
4 0.5910714285714286 0.020939086294416244 0.04214285714285714 0.04187817258883249
3 0.6203571428571428 0.02601522842639594 0.035 0.046954314720812185
3 0.65 0.03934010152284264 0.03428571428571429 0.050761421319796954
3 0.6735714285714286 0.05266497461928934 0.03428571428571429 0.046954314720812185
3 0.6478571428571429 0.0932741116751269 0.03428571428571429 0.04949238578680203
0 0.15214285714285714 0.7341370558375635 0.017142857142857144 0.044416243654822336
0 0.015 0.9314720812182741 0.03 0.048223350253807105
0 0.28214285714285714 0.8794416243654822 0.015714285714285715 0.0532994923857868