4 0.0652400835073069 0.37662337662337664 0.060542797494780795 0.1280148423005566
0 0.049060542797494784 0.5255102040816326 0.021920668058455117 0.041743970315398886
0 0.12212943632567849 0.5199443413729128 0.020876826722338204 0.036178107606679034
0 0.14796450939457204 0.47912801484230055 0.01826722338204593 0.032467532467532464
0 0.1383089770354906 0.5176252319109462 0.017745302713987474 0.03896103896103896
1 0.014091858037578288 0.6516697588126159 0.019832985386221295 0.032467532467532464
1 0.010177453027139875 0.6484230055658627 0.02035490605427975 0.027829313543599257
9 0.019832985386221295 0.6535250463821892 0.03653444676409186 0.041743970315398886
3 0.1524008350730689 0.75139146567718 0.10020876826722339 0.08719851576994433
9 0.2510438413361169 0.5231910946196661 0.03444676409185804 0.029684601113172542
3 0.4605949895615866 0.9025974025974026 0.05375782881002088 0.18923933209647495
0 0.40605427974947805 0.4536178107606679 0.008350730688935281 0.04081632653061224
0 0.3969206680584551 0.5148423005565863 0.015135699373695199 0.03710575139146568
6 0.39091858037578286 0.550556586270872 0.04384133611691023 0.036178107606679034
1 0.5949895615866388 0.614100185528757 0.015657620041753653 0.03339517625231911
6 0.5850730688935282 0.6182745825602969 0.0511482254697286 0.04916512059369202
0 0.8494258872651357 0.7128942486085343 0.01826722338204593 0.030612244897959183
6 0.9292797494780793 0.5941558441558441 0.061064718162839246 0.05473098330241188
9 0.8113256784968684 0.3719851576994434 0.012004175365344467 0.03153988868274583
1 0.6688413361169102 0.536178107606679 0.010960334029227558 0.022263450834879406
1 0.6701461377870563 0.5338589981447124 0.015657620041753653 0.0287569573283859
1 0.6764091858037579 0.5357142857142857 0.012526096033402923 0.030612244897959183
9 0.6667536534446764 0.5408163265306123 0.02870563674321503 0.025974025974025976
5 0.9673799582463466 0.6669758812615956 0.06419624217118998 0.11317254174397032