3 0.5485294117647059 0.7320261437908496 0.051470588235294115 0.12810457516339868
5 0.4363970588235294 0.6562091503267974 0.0875 0.47581699346405226
5 0.5352941176470588 0.49869281045751634 0.05588235294117647 0.16339869281045752
5 0.5051470588235294 0.3941176470588235 0.03676470588235294 0.08496732026143791
3 0.4536764705882353 0.34901960784313724 0.033823529411764704 0.05751633986928104
3 0.4621323529411765 0.2830065359477124 0.025735294117647058 0.0457516339869281
3 0.49117647058823527 0.3241830065359477 0.033823529411764704 0.05228758169934641
3 0.5073529411764706 0.2457516339869281 0.025 0.04183006535947712
3 0.4944852941176471 0.19869281045751633 0.022794117647058822 0.036601307189542485
3 0.4783088235294118 0.07908496732026143 0.015441176470588236 0.022222222222222223
0 0.49779411764705883 0.12745098039215685 0.0058823529411764705 0.0196078431372549
5 0.5117647058823529 0.11764705882352941 0.026470588235294117 0.09934640522875816
3 0.4650735294117647 0.1130718954248366 0.015441176470588236 0.030065359477124184
8 0.4672794117647059 0.14967320261437908 0.03308823529411765 0.08758169934640522
3 0.46838235294117647 0.05555555555555555 0.013235294117647059 0.01699346405228758
3 0.4716911764705882 0.01437908496732026 0.009558823529411765 0.01568627450980392
3 0.47058823529411764 0.0058823529411764705 0.011764705882352941 0.011764705882352941
0 0.45625 0.009150326797385621 0.003676470588235294 0.018300653594771243
3 0.45698529411764705 0.03071895424836601 0.0125 0.0196078431372549
3 0.45625 0.020261437908496733 0.011029411764705883 0.01699346405228758
3 0.45073529411764707 0.01241830065359477 0.010294117647058823 0.01437908496732026