3 0.04926470588235294 0.5555555555555556 0.0661764705882353 0.044444444444444446
3 0.1827205882352941 0.6411764705882353 0.07573529411764705 0.05620915032679739
3 0.3286764705882353 0.5790849673202615 0.03823529411764706 0.06274509803921569
3 0.3779411764705882 0.7457516339869281 0.047058823529411764 0.09803921568627451
3 0.3761029411764706 0.6013071895424836 0.030147058823529412 0.06535947712418301
3 0.43970588235294117 0.569281045751634 0.026470588235294117 0.058823529411764705
3 0.4588235294117647 0.47908496732026146 0.023529411764705882 0.0457516339869281
3 0.5415441176470588 0.5869281045751634 0.025735294117647058 0.05751633986928104
3 0.5430147058823529 0.6490196078431373 0.03308823529411765 0.05359477124183006
3 0.5459558823529411 0.7555555555555555 0.03455882352941177 0.08366013071895424
3 0.5584558823529412 0.8758169934640523 0.04926470588235294 0.12026143790849673
3 0.22058823529411764 0.4196078431372549 0.05 0.03137254901960784
3 0.25330882352941175 0.39019607843137255 0.04485294117647059 0.03529411764705882
3 0.44227941176470587 0.3784313725490196 0.01838235294117647 0.03529411764705882
3 0.4797794117647059 0.3483660130718954 0.016911764705882352 0.027450980392156862
3 0.4514705882352941 0.33464052287581697 0.016176470588235296 0.02875816993464052
3 0.50625 0.3281045751633987 0.013970588235294118 0.03137254901960784
3 0.5099264705882353 0.2758169934640523 0.009558823529411765 0.023529411764705882
3 0.55625 0.3366013071895425 0.0125 0.022222222222222223
3 0.6058823529411764 0.4320261437908497 0.022058823529411766 0.030065359477124184
3 0.5238970588235294 0.3954248366013072 0.022794117647058822 0.030065359477124184
3 0.5113970588235294 0.4503267973856209 0.03602941176470588 0.043137254901960784
8 0.6125 0.3202614379084967 0.025 0.054901960784313725
4 0.4091911764705882 0.5124183006535947 0.02426470588235294 0.05751633986928104
7 0.3264705882352941 0.5196078431372549 0.022058823529411766 0.03790849673202614
3 0.8823529411764706 0.5509803921568628 0.04264705882352941 0.043137254901960784
3 0.7838235294117647 0.6 0.030882352941176472 0.044444444444444446
8 0.8952205882352942 0.6352941176470588 0.0713235294117647 0.11503267973856209
3 0.7757352941176471 0.4019607843137255 0.039705882352941174 0.02483660130718954
3 0.09852941176470588 0.5261437908496732 0.06470588235294118 0.0457516339869281
3 0.1948529411764706 0.6026143790849673 0.075 0.04967320261437908
3 0.21580882352941178 0.5745098039215686 0.07279411764705883 0.048366013071895426
3 0.23566176470588235 0.5411764705882353 0.05514705882352941 0.04967320261437908
3 0.4610294117647059 0.3137254901960784 0.011764705882352941 0.023529411764705882
3 0.5569852941176471 0.28954248366013075 0.013970588235294118 0.0196078431372549
3 0.5783088235294118 0.3287581699346405 0.019852941176470587 0.0196078431372549
3 0.59375 0.31633986928104574 0.015441176470588236 0.02091503267973856
3 0.031985294117647056 0.7111111111111111 0.05955882352941176 0.06535947712418301
3 0.31213235294117647 0.34444444444444444 0.022794117647058822 0.027450980392156862
3 0.13051470588235295 0.36993464052287583 0.04044117647058824 0.023529411764705882
3 0.17647058823529413 0.3464052287581699 0.025 0.023529411764705882
3 0.2551470588235294 0.3516339869281046 0.030882352941176472 0.023529411764705882
4 0.1963235294117647 0.3686274509803922 0.04411764705882353 0.03137254901960784
4 0.3400735294117647 0.32941176470588235 0.02426470588235294 0.036601307189542485
4 0.35919117647058824 0.33725490196078434 0.01838235294117647 0.03137254901960784
0 0.28566176470588234 0.4934640522875817 0.006617647058823529 0.03529411764705882
1 0.05845588235294118 0.5045751633986928 0.011029411764705883 0.03398692810457516
0 0.9698529411764706 0.6875816993464052 0.016176470588235296 0.0784313725490196
0 0.9933823529411765 0.703921568627451 0.010294117647058823 0.050980392156862744
0 0.975 0.7176470588235294 0.0058823529411764705 0.026143790849673203
0 0.42463235294117646 0.3104575163398693 0.003676470588235294 0.01699346405228758
1 0.3088235294117647 0.6568627450980392 0.011764705882352941 0.03529411764705882
1 0.2610294117647059 0.8013071895424837 0.013235294117647059 0.044444444444444446
0 0.01911764705882353 0.796078431372549 0.011764705882352941 0.047058823529411764
2 0.26066176470588237 0.8261437908496732 0.015441176470588236 0.04183006535947712
2 0.30808823529411766 0.6777777777777778 0.014705882352941176 0.02483660130718954
6 0.5029411764705882 0.48169934640522877 0.01764705882352941 0.02483660130718954
1 0.5014705882352941 0.46862745098039216 0.010294117647058823 0.032679738562091505
1 0.7091911764705883 0.5647058823529412 0.006617647058823529 0.02875816993464052
1 0.7132352941176471 0.5418300653594771 0.007352941176470588 0.027450980392156862
9 0.7080882352941177 0.5725490196078431 0.011764705882352941 0.03137254901960784
9 0.7136029411764706 0.5483660130718955 0.015441176470588236 0.022222222222222223
1 0.9694852941176471 0.7058823529411765 0.011029411764705883 0.0392156862745098
1 0.15294117647058825 0.5032679738562091 0.007352941176470588 0.023529411764705882
1 0.15698529411764706 0.49869281045751634 0.011029411764705883 0.027450980392156862
1 0.5764705882352941 0.30980392156862746 0.004411764705882353 0.013071895424836602
9 0.5772058823529411 0.31437908496732025 0.007352941176470588 0.009150326797385621
3 0.5992647058823529 0.29934640522875816 0.01911764705882353 0.018300653594771243
0 0.6305147058823529 0.32679738562091504 0.005147058823529412 0.02091503267973856
0 0.6360294117647058 0.3215686274509804 0.004411764705882353 0.02091503267973856
4 0.6363970588235294 0.29411764705882354 0.02426470588235294 0.02091503267973856
3 0.5996323529411764 0.2830065359477124 0.015441176470588236 0.01437908496732026
3 0.5959558823529412 0.2601307189542484 0.0125 0.018300653594771243
3 0.5886029411764706 0.2477124183006536 0.011029411764705883 0.01699346405228758
3 0.6014705882352941 0.2411764705882353 0.014705882352941176 0.01437908496732026
3 0.5930147058823529 0.23137254901960785 0.01838235294117647 0.01045751633986928
3 0.5977941176470588 0.234640522875817 0.016176470588235296 0.011764705882352941
3 0.5735294117647058 0.21633986928104576 0.008823529411764706 0.011764705882352941
4 0.5430147058823529 0.3130718954248366 0.013970588235294118 0.02483660130718954
3 0.5341911764705882 0.28627450980392155 0.011029411764705883 0.018300653594771243
3 0.5341911764705882 0.23921568627450981 0.009558823529411765 0.013071895424836602
3 0.5503676470588236 0.23921568627450981 0.008088235294117648 0.013071895424836602
3 0.5544117647058824 0.1954248366013072 0.008823529411764706 0.009150326797385621
3 0.47316176470588234 0.2673202614379085 0.0125 0.0196078431372549
3 0.4985294117647059 0.25947712418300656 0.008823529411764706 0.01699346405228758
3 0.4827205882352941 0.3261437908496732 0.015441176470588236 0.022222222222222223
3 0.4875 0.30392156862745096 0.013235294117647059 0.01699346405228758
3 0.4904411764705882 0.2803921568627451 0.011764705882352941 0.0196078431372549
3 0.4411764705882353 0.28104575163398693 0.014705882352941176 0.02091503267973856
3 0.45073529411764707 0.26666666666666666 0.011764705882352941 0.013071895424836602
3 0.44779411764705884 0.257516339869281 0.020588235294117647 0.018300653594771243
3 0.47095588235294117 0.2503267973856209 0.0125 0.01699346405228758
3 0.4602941176470588 0.2477124183006536 0.008823529411764706 0.01699346405228758
3 0.4823529411764706 0.2581699346405229 0.010294117647058823 0.01699346405228758
3 0.4485294117647059 0.23529411764705882 0.020588235294117647 0.01568627450980392
3 0.47058823529411764 0.22287581699346407 0.01764705882352941 0.011764705882352941
3 0.46433823529411766 0.21176470588235294 0.013970588235294118 0.013071895424836602
3 0.47095588235294117 0.20588235294117646 0.013970588235294118 0.011764705882352941
3 0.4900735294117647 0.1954248366013072 0.008088235294117648 0.011764705882352941
3 0.5106617647058823 0.19084967320261437 0.008088235294117648 0.013071895424836602
3 0.5202205882352942 0.17647058823529413 0.006617647058823529 0.00784313725490196
3 0.5224264705882353 0.17058823529411765 0.006617647058823529 0.009150326797385621
3 0.5213235294117647 0.16013071895424835 0.007352941176470588 0.006535947712418301
3 0.5889705882352941 0.21437908496732025 0.01911764705882353 0.01568627450980392
3 0.5926470588235294 0.2169934640522876 0.01911764705882353 0.013071895424836602
8 0.48823529411764705 0.22745098039215686 0.016176470588235296 0.03398692810457516
3 0.5040441176470588 0.23333333333333334 0.009558823529411765 0.0196078431372549
3 0.5411764705882353 0.15555555555555556 0.004411764705882353 0.00784313725490196
3 0.5378676470588235 0.14640522875816994 0.005147058823529412 0.00784313725490196
3 0.54375 0.14575163398692811 0.003676470588235294 0.006535947712418301
3 0.5136029411764705 0.16797385620915034 0.005147058823529412 0.009150326797385621
3 0.5099264705882353 0.17516339869281045 0.005147058823529412 0.01045751633986928
3 0.5036764705882353 0.16732026143790849 0.004411764705882353 0.00784313725490196
3 0.5165441176470589 0.15294117647058825 0.008088235294117648 0.00784313725490196
3 0.4808823529411765 0.1738562091503268 0.014705882352941176 0.01045751633986928
0 0.45330882352941176 0.2784313725490196 0.003676470588235294 0.01568627450980392
0 0.45551470588235293 0.2784313725490196 0.005147058823529412 0.01568627450980392
0 0.4183823529411765 0.2751633986928105 0.004411764705882353 0.01699346405228758
0 0.425 0.2758169934640523 0.004411764705882353 0.02091503267973856
9 0.4051470588235294 0.29869281045751633 0.008823529411764706 0.011764705882352941
0 0.3922794117647059 0.32679738562091504 0.006617647058823529 0.018300653594771243
1 0.4279411764705882 0.3 0.007352941176470588 0.011764705882352941
9 0.43014705882352944 0.30718954248366015 0.007352941176470588 0.01045751633986928
1 0.30330882352941174 0.35947712418300654 0.005147058823529412 0.01568627450980392
6 0.3 0.36666666666666664 0.026470588235294117 0.0196078431372549
0 0.9158088235294117 0.6183006535947713 0.009558823529411765 0.05228758169934641
0 0.8794117647058823 0.6738562091503268 0.014705882352941176 0.043137254901960784