3 0.5191176470588236 0.10784313725490197 0.010294117647058823 0.01699346405228758
3 0.4970588235294118 0.11960784313725491 0.011764705882352941 0.0196078431372549
3 0.4702205882352941 0.1392156862745098 0.013970588235294118 0.022222222222222223
3 0.5713235294117647 0.17712418300653596 0.01764705882352941 0.030065359477124184
3 0.5551470588235294 0.12483660130718954 0.011764705882352941 0.01699346405228758
3 0.53125 0.4071895424836601 0.03161764705882353 0.06143790849673202
2 0.9235294117647059 0.8241830065359477 0.05588235294117647 0.05620915032679739
9 0.8694852941176471 0.6973856209150326 0.025735294117647058 0.058823529411764705
3 0.7113970588235294 0.6967320261437908 0.06985294117647059 0.15163398692810456
3 0.7514705882352941 0.5078431372549019 0.039705882352941174 0.07712418300653595
7 0.6529411764705882 0.4993464052287582 0.01764705882352941 0.07320261437908497
4 0.669485294117647 0.3836601307189543 0.0875 0.06928104575163399
0 0.725 0.373202614379085 0.008823529411764706 0.048366013071895426
0 0.5852941176470589 0.14640522875816994 0.004411764705882353 0.023529411764705882
1 0.6125 0.14313725490196078 0.0029411764705882353 0.01437908496732026
1 0.6099264705882353 0.14575163398692811 0.003676470588235294 0.01437908496732026
9 0.611764705882353 0.1542483660130719 0.011764705882352941 0.01045751633986928
9 0.6136029411764706 0.14967320261437908 0.0125 0.011764705882352941
6 0.5481617647058824 0.14444444444444443 0.005147058823529412 0.01437908496732026
1 0.5485294117647059 0.13856209150326798 0.004411764705882353 0.018300653594771243
9 0.5720588235294117 0.1261437908496732 0.011764705882352941 0.011764705882352941
8 0.43125 0.19150326797385622 0.06985294117647059 0.06143790849673202
4 0.39926470588235297 0.30130718954248364 0.052941176470588235 0.048366013071895426
4 0.4452205882352941 0.23921568627450981 0.027205882352941177 0.044444444444444446
4 0.42463235294117646 0.21764705882352942 0.04338235294117647 0.048366013071895426
3 0.4139705882352941 0.2568627450980392 0.04852941176470588 0.03790849673202614
3 0.38088235294117645 0.3477124183006536 0.07794117647058824 0.054901960784313725
3 0.35625 0.3202614379084967 0.07279411764705883 0.044444444444444446
0 0.3849264705882353 0.2261437908496732 0.008088235294117648 0.0392156862745098
0 0.38198529411764703 0.24836601307189543 0.006617647058823529 0.036601307189542485
1 0.35808823529411765 0.2372549019607843 0.0058823529411764705 0.030065359477124184
7 0.3290441176470588 0.44248366013071894 0.05073529411764706 0.06666666666666667
3 0.23970588235294119 0.42287581699346405 0.1 0.07450980392156863
3 0.2852941176470588 0.6215686274509804 0.07352941176470588 0.14248366013071895
3 0.16433823529411765 0.6666666666666666 0.0713235294117647 0.13856209150326798
3 0.07867647058823529 0.665359477124183 0.09558823529411764 0.13333333333333333
1 0.48051470588235295 0.08104575163398693 0.005147058823529412 0.01045751633986928
9 0.4808823529411765 0.08562091503267974 0.004411764705882353 0.011764705882352941
3 0.46397058823529413 0.07908496732026143 0.020588235294117647 0.01437908496732026
3 0.44926470588235295 0.08366013071895424 0.020588235294117647 0.01568627450980392
3 0.46911764705882353 0.08431372549019608 0.008823529411764706 0.011764705882352941
3 0.46838235294117647 0.08954248366013072 0.008823529411764706 0.01437908496732026
3 0.4658088235294118 0.09673202614379085 0.011029411764705883 0.018300653594771243
3 0.4625 0.10065359477124183 0.013235294117647059 0.01568627450980392
3 0.4591911764705882 0.10588235294117647 0.0125 0.018300653594771243
3 0.4610294117647059 0.1261437908496732 0.016176470588235296 0.022222222222222223
3 0.45625 0.11699346405228758 0.013970588235294118 0.01437908496732026
3 0.44632352941176473 0.13398692810457516 0.016176470588235296 0.01699346405228758
3 0.4430147058823529 0.14575163398692811 0.022794117647058822 0.022222222222222223
3 0.4411764705882353 0.15620915032679739 0.033823529411764704 0.022222222222222223
3 0.4764705882352941 0.07516339869281045 0.008823529411764706 0.01437908496732026
3 0.47904411764705884 0.07320261437908497 0.019852941176470587 0.013071895424836602
3 0.5150735294117647 0.05555555555555555 0.008088235294117648 0.011764705882352941
3 0.5125 0.05163398692810457 0.007352941176470588 0.01437908496732026
3 0.49669117647058825 0.050980392156862744 0.0125 0.01045751633986928
3 0.5305147058823529 0.03594771241830065 0.009558823529411765 0.006535947712418301
3 0.5566176470588236 0.11437908496732026 0.013235294117647059 0.011764705882352941
3 0.5503676470588236 0.10457516339869281 0.011029411764705883 0.01568627450980392
3 0.5474264705882353 0.1 0.011029411764705883 0.01437908496732026
3 0.5485294117647059 0.0934640522875817 0.008823529411764706 0.011764705882352941
3 0.5430147058823529 0.09215686274509804 0.016911764705882352 0.01699346405228758
3 0.5533088235294118 0.08431372549019608 0.019852941176470587 0.01437908496732026
3 0.5411764705882353 0.08496732026143791 0.020588235294117647 0.013071895424836602
3 0.5404411764705882 0.0738562091503268 0.01911764705882353 0.011764705882352941
3 0.5474264705882353 0.044444444444444446 0.006617647058823529 0.01045751633986928
3 0.5551470588235294 0.04183006535947712 0.007352941176470588 0.01045751633986928
4 0.5231617647058824 0.06601307189542484 0.006617647058823529 0.01699346405228758
4 0.4834558823529412 0.04183006535947712 0.0125 0.01045751633986928