4 0.4294117647058823 0.5797385620915033 0.03676470588235294 0.10326797385620914
3 0.6301470588235294 0.5803921568627451 0.041176470588235294 0.0784313725490196
6 0.60625 0.4725490196078431 0.015441176470588236 0.043137254901960784
2 0.40808823529411764 0.3843137254901961 0.010294117647058823 0.02875816993464052
1 0.40845588235294117 0.3738562091503268 0.008088235294117648 0.03137254901960784
3 0.5827205882352942 0.3607843137254902 0.022794117647058822 0.0392156862745098
5 0.7018382352941176 0.884313725490196 0.10661764705882353 0.23137254901960785
3 0.06691176470588235 0.8104575163398693 0.1 0.1437908496732026
3 0.02610294117647059 0.7281045751633987 0.05220588235294118 0.08627450980392157
3 0.23676470588235293 0.5045751633986928 0.039705882352941174 0.06274509803921569
6 0.8455882352941176 0.6934640522875817 0.039705882352941174 0.0718954248366013
3 0.9371323529411765 0.6764705882352942 0.10955882352941176 0.09281045751633987
1 0.9580882352941177 0.8222222222222222 0.025 0.06013071895424837
0 0.9397058823529412 0.9601307189542484 0.01911764705882353 0.06928104575163399
0 0.8786764705882353 0.5189542483660131 0.011764705882352941 0.04967320261437908
2 0.7926470588235294 0.47843137254901963 0.008823529411764706 0.03398692810457516
1 0.7930147058823529 0.4666666666666667 0.009558823529411765 0.036601307189542485
1 0.7919117647058823 0.477124183006536 0.007352941176470588 0.02091503267973856
0 0.9044117647058824 0.5013071895424837 0.007352941176470588 0.02483660130718954
0 0.9029411764705882 0.4803921568627451 0.011764705882352941 0.0457516339869281
2 0.9084558823529412 0.4888888888888889 0.009558823529411765 0.02875816993464052
0 0.8658088235294118 0.42026143790849674 0.006617647058823529 0.03790849673202614
0 0.8716911764705882 0.4222222222222222 0.006617647058823529 0.036601307189542485
2 0.8966911764705883 0.4 0.006617647058823529 0.026143790849673203
4 0.8279411764705882 0.4111111111111111 0.04411764705882353 0.058823529411764705
5 0.830514705882353 0.5627450980392157 0.06691176470588235 0.12418300653594772
3 0.7672794117647059 0.5666666666666667 0.05220588235294118 0.08496732026143791
4 0.7231617647058823 0.45816993464052286 0.03602941176470588 0.058823529411764705
4 0.694485294117647 0.396078431372549 0.025735294117647058 0.054901960784313725
0 0.7183823529411765 0.3954248366013072 0.007352941176470588 0.03529411764705882
0 0.6680147058823529 0.365359477124183 0.006617647058823529 0.03529411764705882
0 0.6544117647058824 0.3588235294117647 0.0058823529411764705 0.030065359477124184
0 0.6617647058823529 0.3509803921568627 0.007352941176470588 0.03529411764705882
3 0.6830882352941177 0.3588235294117647 0.030882352941176472 0.0457516339869281
3 0.6566176470588235 0.3209150326797386 0.027941176470588237 0.0457516339869281
4 0.18051470588235294 0.42549019607843136 0.08161764705882353 0.06143790849673202
0 0.11654411764705883 0.38758169934640524 0.011029411764705883 0.043137254901960784
0 0.12316176470588236 0.3803921568627451 0.009558823529411765 0.0392156862745098
0 0.13823529411764707 0.369281045751634 0.008823529411764706 0.03790849673202614
3 0.14669117647058824 0.39215686274509803 0.030147058823529412 0.04967320261437908
0 0.16139705882352942 0.40065359477124185 0.006617647058823529 0.032679738562091505
2 0.08602941176470588 0.3993464052287582 0.008823529411764706 0.040522875816993466
2 0.08860294117647059 0.3607843137254902 0.011029411764705883 0.026143790849673203
3 0.2011029411764706 0.31895424836601305 0.03161764705882353 0.0392156862745098
4 0.28860294117647056 0.38235294117647056 0.03161764705882353 0.05359477124183006
1 0.2625 0.41633986928104577 0.008823529411764706 0.0196078431372549
0 0.3316176470588235 0.3954248366013072 0.008823529411764706 0.032679738562091505
0 0.3235294117647059 0.31241830065359477 0.007352941176470588 0.03398692810457516
2 0.15808823529411764 0.29673202614379085 0.013235294117647059 0.02091503267973856
0 0.1411764705882353 0.2908496732026144 0.007352941176470588 0.032679738562091505
4 0.1849264705882353 0.2718954248366013 0.025735294117647058 0.0392156862745098
3 0.4591911764705882 0.2758169934640523 0.015441176470588236 0.03137254901960784
2 0.5404411764705882 0.29411764705882354 0.004411764705882353 0.02091503267973856
1 0.5404411764705882 0.28627450980392155 0.004411764705882353 0.02091503267973856
6 0.5441176470588235 0.25555555555555554 0.010294117647058823 0.030065359477124184
3 0.45955882352941174 0.2 0.013235294117647059 0.023529411764705882
3 0.4658088235294118 0.15816993464052287 0.009558823529411765 0.018300653594771243
3 0.46176470588235297 0.13333333333333333 0.008823529411764706 0.013071895424836602
3 0.3161764705882353 0.2 0.029411764705882353 0.02091503267973856
3 0.3202205882352941 0.19738562091503267 0.025735294117647058 0.02091503267973856
3 0.32536764705882354 0.19084967320261437 0.02426470588235294 0.018300653594771243
3 0.32830882352941176 0.18823529411764706 0.028676470588235293 0.018300653594771243
4 0.33308823529411763 0.17908496732026144 0.026470588235294117 0.02091503267973856
4 0.33676470588235297 0.17712418300653596 0.023529411764705882 0.022222222222222223
4 0.32536764705882354 0.1522875816993464 0.019852941176470587 0.0196078431372549
2 0.21838235294117647 0.2457516339869281 0.008823529411764706 0.013071895424836602
2 0.2702205882352941 0.19607843137254902 0.006617647058823529 0.01568627450980392
0 0.2863970588235294 0.1843137254901961 0.009558823529411765 0.013071895424836602
3 0.6290441176470588 0.18627450980392157 0.0125 0.022222222222222223
4 0.6305147058823529 0.12941176470588237 0.021323529411764706 0.018300653594771243
4 0.6169117647058824 0.1111111111111111 0.008823529411764706 0.018300653594771243
4 0.6290441176470588 0.1111111111111111 0.011029411764705883 0.018300653594771243
4 0.6095588235294118 0.10522875816993464 0.016176470588235296 0.01437908496732026