1 0.0017857142857142857 0.02030456852791878 0.0035714285714285713 0.017766497461928935
0 0.02035714285714286 0.08883248730964467 0.007857142857142858 0.017766497461928935
0 0.030714285714285715 0.09263959390862944 0.008571428571428572 0.02030456852791878
1 0.027142857142857142 0.05012690355329949 0.004285714285714286 0.013959390862944163
1 0.03428571428571429 0.025380710659898477 0.005714285714285714 0.015228426395939087
1 0.04178571428571429 0.022208121827411168 0.005 0.013959390862944163
1 0.04214285714285714 0.02918781725888325 0.005714285714285714 0.012690355329949238
1 0.023214285714285715 0.024746192893401017 0.005 0.01649746192893401
1 0.015714285714285715 0.03236040609137056 0.007142857142857143 0.01649746192893401
1 0.027142857142857142 0.028553299492385786 0.005714285714285714 0.013959390862944163
9 0.0925 0.19796954314720813 0.012142857142857143 0.025380710659898477
9 0.002142857142857143 0.29124365482233505 0.004285714285714286 0.024111675126903553
9 0.04964285714285714 0.2563451776649746 0.019285714285714285 0.02284263959390863
9 0.06892857142857142 0.25951776649746194 0.019285714285714285 0.021573604060913704
9 0.04214285714285714 0.274746192893401 0.02 0.02918781725888325
4 0.05178571428571429 0.29314720812182743 0.047857142857142855 0.0583756345177665
4 0.061785714285714284 0.31091370558375636 0.04928571428571429 0.05583756345177665
3 0.06607142857142857 0.3356598984771574 0.04357142857142857 0.04949238578680203
3 0.06357142857142857 0.3883248730964467 0.027142857142857142 0.0532994923857868
3 0.11428571428571428 0.35215736040609136 0.041428571428571426 0.03934010152284264
3 0.10857142857142857 0.37880710659898476 0.047142857142857146 0.046954314720812185
4 0.08142857142857143 0.4397208121827411 0.024285714285714285 0.05710659898477157
9 0.12035714285714286 0.32550761421319796 0.023571428571428573 0.021573604060913704
9 0.12178571428571429 0.31408629441624364 0.02214285714285714 0.024111675126903553
3 0.06857142857142857 0.5856598984771574 0.032857142857142856 0.0799492385786802
9 0.0075 0.817258883248731 0.015 0.048223350253807105
9 0.004285714285714286 0.8540609137055838 0.008571428571428572 0.048223350253807105
9 0.012857142857142857 0.7379441624365483 0.025714285714285714 0.03680203045685279
9 0.012857142857142857 0.7131979695431472 0.025714285714285714 0.04060913705583756
9 0.009642857142857142 0.6859137055837563 0.019285714285714285 0.031725888324873094
0 0.16535714285714287 0.08439086294416244 0.0035714285714285713 0.013959390862944163
0 0.19107142857142856 0.21637055837563451 0.005 0.021573604060913704
0 0.21964285714285714 0.2817258883248731 0.0064285714285714285 0.02030456852791878
0 0.23 0.3166243654822335 0.005714285714285714 0.021573604060913704
0 0.26357142857142857 0.5488578680203046 0.007142857142857143 0.024111675126903553
0 0.2867857142857143 0.5697969543147208 0.0064285714285714285 0.025380710659898477
0 0.27714285714285714 0.6598984771573604 0.007142857142857143 0.02030456852791878
0 0.18964285714285714 0.7975888324873096 0.009285714285714286 0.031725888324873094
3 0.5660714285714286 0.7373096446700508 0.03642857142857143 0.08883248730964467
4 0.5407142857142857 0.567258883248731 0.025714285714285714 0.06852791878172589
4 0.5296428571428572 0.48413705583756345 0.020714285714285713 0.06472081218274112
4 0.5160714285714286 0.38578680203045684 0.02214285714285714 0.07106598984771574
4 0.49642857142857144 0.31091370558375636 0.024285714285714285 0.06091370558375635
4 0.4235714285714286 0.15545685279187818 0.03571428571428571 0.03680203045685279
3 0.4667857142857143 0.25888324873096447 0.02214285714285714 0.050761421319796954
0 0.4742857142857143 0.16053299492385786 0.002857142857142857 0.01903553299492386
0 0.47785714285714287 0.15926395939086294 0.004285714285714286 0.024111675126903553
5 0.39535714285714285 0.10469543147208121 0.03214285714285714 0.06725888324873096
5 0.36678571428571427 0.044416243654822336 0.03214285714285714 0.06598984771573604