3 0.17714285714285713 0.5951776649746193 0.037142857142857144 0.07868020304568528
3 0.21964285714285714 0.5875634517766497 0.03642857142857143 0.08121827411167512
3 0.2667857142857143 0.5774111675126904 0.03642857142857143 0.07614213197969544
3 0.3107142857142857 0.5634517766497462 0.03857142857142857 0.08121827411167512
3 0.17714285714285713 0.6706852791878173 0.03428571428571429 0.07233502538071065
3 0.3167857142857143 0.6364213197969543 0.03357142857142857 0.06979695431472081
3 0.3603571428571429 0.6230964467005076 0.03642857142857143 0.07868020304568528
3 0.18571428571428572 0.7404822335025381 0.03428571428571429 0.07233502538071065
3 0.19 0.8039340101522843 0.03428571428571429 0.06472081218274112
3 0.24821428571428572 0.7855329949238579 0.03214285714285714 0.06345177664974619
3 0.2789285714285714 0.7112944162436549 0.030714285714285715 0.06725888324873096
3 0.2885714285714286 0.8343908629441624 0.03 0.06218274111675127
3 0.31892857142857145 0.7607868020304569 0.03357142857142857 0.06218274111675127
3 0.36607142857142855 0.8769035532994924 0.030714285714285715 0.0583756345177665
3 0.4307142857142857 0.8470812182741116 0.03857142857142857 0.05964467005076142
3 0.3657142857142857 0.7493654822335025 0.03571428571428571 0.05964467005076142
3 0.4025 0.7392131979695431 0.029285714285714286 0.05964467005076142
3 0.43642857142857144 0.7271573604060914 0.032857142857142856 0.05583756345177665
3 0.4332142857142857 0.6706852791878173 0.03642857142857143 0.06472081218274112
3 0.39964285714285713 0.6142131979695431 0.03214285714285714 0.06852791878172589
3 0.43464285714285716 0.6027918781725888 0.03214285714285714 0.06091370558375635
3 0.4807142857142857 0.5939086294416244 0.03428571428571429 0.06345177664974619
3 0.48035714285714287 0.6522842639593909 0.035 0.06091370558375635
3 0.4742857142857143 0.7163705583756346 0.03571428571428571 0.05964467005076142
3 0.43714285714285717 0.7798223350253807 0.03 0.05964467005076142
3 0.4710714285714286 0.7645939086294417 0.03214285714285714 0.05964467005076142
3 0.5128571428571429 0.5862944162436549 0.032857142857142856 0.05583756345177665
3 0.5457142857142857 0.5780456852791879 0.037142857142857144 0.05456852791878172
3 0.5121428571428571 0.6472081218274112 0.03142857142857143 0.0532994923857868
3 0.5107142857142857 0.7068527918781726 0.03142857142857143 0.050761421319796954
3 0.5432142857142858 0.6967005076142132 0.03357142857142857 0.050761421319796954
3 0.5392857142857143 0.7480964467005076 0.03 0.044416243654822336
3 0.4732142857142857 0.524746192893401 0.03785714285714286 0.06472081218274112
3 0.58 0.6821065989847716 0.03428571428571429 0.05456852791878172
3 0.49714285714285716 0.8305837563451777 0.03428571428571429 0.05203045685279188
3 0.5282142857142857 0.8217005076142132 0.030714285714285715 0.04949238578680203
3 0.6103571428571428 0.6719543147208121 0.03642857142857143 0.05456852791878172
3 0.6082142857142857 0.7322335025380711 0.030714285714285715 0.048223350253807105
3 0.6364285714285715 0.7208121827411168 0.03 0.050761421319796954
3 0.5807142857142857 0.5 0.04428571428571428 0.06598984771573604
3 0.6521428571428571 0.4885786802030457 0.045714285714285714 0.05583756345177665
3 0.5846428571428571 0.5653553299492385 0.03642857142857143 0.05203045685279188
3 0.6189285714285714 0.5602791878172588 0.039285714285714285 0.05203045685279188
3 0.6825 0.5406091370558376 0.04214285714285714 0.0583756345177665
3 0.7146428571428571 0.5310913705583756 0.04214285714285714 0.05964467005076142
3 0.745 0.5291878172588832 0.03 0.0532994923857868
3 0.7757142857142857 0.5158629441624365 0.03857142857142857 0.05710659898477157
3 0.835 0.4397208121827411 0.05285714285714286 0.05710659898477157
3 0.8621428571428571 0.43147208121827413 0.05142857142857143 0.0583756345177665
4 0.8503571428571428 0.5361675126903553 0.04071428571428572 0.05964467005076142
3 0.7939285714285714 0.5647208121827412 0.03785714285714286 0.048223350253807105
3 0.7075 0.5951776649746193 0.035 0.050761421319796954
3 0.675 0.5977157360406091 0.03428571428571429 0.0532994923857868
3 0.6735714285714286 0.6548223350253807 0.03571428571428571 0.05583756345177665
3 0.6425 0.608502538071066 0.029285714285714286 0.04949238578680203
3 0.6132142857142857 0.6186548223350253 0.03214285714285714 0.044416243654822336
3 0.7057142857142857 0.6440355329949239 0.03142857142857143 0.05203045685279188
3 0.7617857142857143 0.626269035532995 0.04071428571428572 0.05710659898477157
3 0.79 0.6173857868020305 0.037142857142857144 0.05203045685279188
3 0.6707142857142857 0.7049492385786802 0.03571428571428571 0.04949238578680203
3 0.6971428571428572 0.6967005076142132 0.03142857142857143 0.050761421319796954
3 0.7260714285714286 0.6871827411167513 0.03357142857142857 0.04949238578680203
3 0.76 0.6782994923857868 0.03428571428571429 0.04949238578680203
3 0.7871428571428571 0.6694162436548223 0.03142857142857143 0.04949238578680203
3 0.8321428571428572 0.6434010152284264 0.03142857142857143 0.04568527918781726
3 0.4367857142857143 0.407994923857868 0.03214285714285714 0.06472081218274112
3 0.46785714285714286 0.40482233502538073 0.03 0.0583756345177665
4 0.5014285714285714 0.2950507614213198 0.025714285714285714 0.04949238578680203
3 0.5489285714285714 0.29124365482233505 0.030714285714285715 0.04187817258883249
3 0.5717857142857142 0.28426395939086296 0.027857142857142858 0.04060913705583756
3 0.3960714285714286 0.309010152284264 0.023571428571428573 0.044416243654822336
4 0.3407142857142857 0.31789340101522845 0.022857142857142857 0.05456852791878172
3 0.31357142857142856 0.3217005076142132 0.025714285714285714 0.05456852791878172
4 0.22107142857142856 0.3362944162436548 0.023571428571428573 0.05583756345177665
4 0.18821428571428572 0.3483502538071066 0.025 0.04949238578680203