0 0.22464285714285714 0.6091370558375635 0.019285714285714285 0.03553299492385787
0 0.4075 0.7639593908629442 0.016428571428571428 0.030456852791878174
0 0.7310714285714286 0.7684010152284264 0.012142857142857143 0.03934010152284264
0 0.8321428571428572 0.4949238578680203 0.014285714285714285 0.030456852791878174
0 0.8157142857142857 0.4936548223350254 0.014285714285714285 0.03553299492385787
3 0.7014285714285714 0.5888324873096447 0.07714285714285714 0.07868020304568528
3 0.5846428571428571 0.5336294416243654 0.07785714285714286 0.0799492385786802
8 0.6932142857142857 0.49428934010152287 0.105 0.11040609137055837
3 0.7103571428571429 0.4460659898477157 0.07642857142857143 0.06979695431472081
8 0.5017857142857143 0.3876903553299492 0.18071428571428572 0.1967005076142132
8 0.2892857142857143 0.3026649746192893 0.07 0.0799492385786802
0 0.955 0.3236040609137056 0.012857142857142857 0.030456852791878174
0 0.9639285714285715 0.3096446700507614 0.012142857142857143 0.027918781725888325
0 0.9735714285714285 0.2963197969543147 0.012857142857142857 0.031725888324873094