3 0.9558977035490606 0.5964749536178108 0.044363256784968684 0.06307977736549165
5 0.9801670146137788 0.44712430426716143 0.038622129436325675 0.0686456400742115
3 0.7727035490605428 0.3942486085343228 0.031837160751565764 0.04452690166975881
3 0.9652922755741128 0.20593692022263452 0.0360125260960334 0.04823747680890538
3 0.9809498956158664 0.20083487940630798 0.029749478079331943 0.04359925788497217
3 0.9911273486430062 0.19294990723562153 0.016701461377870562 0.03710575139146568
3 0.541231732776618 0.6674397031539888 0.04697286012526096 0.06957328385899815
6 0.5086116910229646 0.5848794063079777 0.024530271398747392 0.032467532467532464
9 0.41936325678496866 0.5918367346938775 0.012004175365344467 0.025974025974025976
1 0.4188413361169102 0.5816326530612245 0.005741127348643006 0.01855287569573284
9 0.4410229645093946 0.4605751391465677 0.018789144050104383 0.017625231910946195
9 0.3990083507306889 0.3910018552875696 0.01826722338204593 0.023191094619666047
3 0.3739561586638831 0.3325602968460111 0.038100208768267224 0.04916512059369202
3 0.36143006263048016 0.310760667903525 0.03914405010438413 0.04638218923933209
3 0.331419624217119 0.2527829313543599 0.037578288100208766 0.04359925788497217
3 0.32411273486430064 0.23515769944341372 0.03549060542797495 0.03432282003710575
3 0.3079331941544885 0.1326530612244898 0.032359081419624215 0.03339517625231911
3 0.28679540709812107 0.03710575139146568 0.030793319415448852 0.029684601113172542
0 0.24869519832985387 0.07792207792207792 0.006784968684759917 0.02040816326530612
3 0.2280793319415449 0.06493506493506493 0.017745302713987474 0.03896103896103896
4 0.212160751565762 0.1062152133580705 0.037056367432150315 0.045454545454545456
3 0.1923277661795407 0.10992578849721707 0.029749478079331943 0.036178107606679034
3 0.10568893528183716 0.8441558441558441 0.054801670146137786 0.05380333951762523
3 0.12369519832985386 0.8965677179962894 0.061586638830897704 0.05473098330241188
3 0.07985386221294363 0.700834879406308 0.03966597077244259 0.038033395176252316
3 0.07724425887265135 0.6692949907235621 0.0511482254697286 0.039888682745825604
3 0.0587160751565762 0.5969387755102041 0.04018789144050104 0.045454545454545456
3 0.04645093945720251 0.5306122448979592 0.04175365344467641 0.03525046382189239