3 0.39448529411764705 0.07124183006535947 0.003676470588235294 0.006535947712418301
3 0.39595588235294116 0.0784313725490196 0.003676470588235294 0.00522875816993464
3 0.38786764705882354 0.07647058823529412 0.003676470588235294 0.00392156862745098
4 0.3863970588235294 0.08235294117647059 0.003676470588235294 0.00784313725490196
3 0.3863970588235294 0.09803921568627451 0.005147058823529412 0.00784313725490196
3 0.3805147058823529 0.09477124183006536 0.005147058823529412 0.006535947712418301
3 0.3761029411764706 0.09673202614379085 0.003676470588235294 0.00784313725490196
3 0.3966911764705882 0.09411764705882353 0.005147058823529412 0.00784313725490196
3 0.3966911764705882 0.10065359477124183 0.005147058823529412 0.00784313725490196
3 0.40625 0.10261437908496732 0.005147058823529412 0.006535947712418301
3 0.4022058823529412 0.1084967320261438 0.004411764705882353 0.00784313725490196
5 0.4051470588235294 0.1111111111111111 0.0058823529411764705 0.01045751633986928
3 0.39705882352941174 0.11045751633986928 0.0058823529411764705 0.009150326797385621
1 0.41323529411764703 0.10718954248366012 0.0029411764705882353 0.00784313725490196
9 0.41323529411764703 0.1111111111111111 0.0029411764705882353 0.00784313725490196
0 0.38198529411764703 0.11568627450980393 0.003676470588235294 0.009150326797385621
1 0.3698529411764706 0.12352941176470589 0.0029411764705882353 0.006535947712418301
9 0.3698529411764706 0.12745098039215685 0.0029411764705882353 0.006535947712418301
3 0.36911764705882355 0.11503267973856209 0.0058823529411764705 0.01045751633986928
3 0.4007352941176471 0.13071895424836602 0.007352941176470588 0.01045751633986928
3 0.39889705882352944 0.134640522875817 0.008088235294117648 0.013071895424836602
3 0.4 0.14444444444444443 0.007352941176470588 0.011764705882352941
3 0.42058823529411765 0.14183006535947712 0.007352941176470588 0.009150326797385621
3 0.4209558823529412 0.1450980392156863 0.005147058823529412 0.01045751633986928
3 0.42463235294117646 0.14836601307189543 0.008088235294117648 0.011764705882352941
1 0.4125 0.13660130718954247 0.0029411764705882353 0.006535947712418301
1 0.4099264705882353 0.1411764705882353 0.0022058823529411764 0.00784313725490196
9 0.4128676470588235 0.14183006535947712 0.0022058823529411764 0.006535947712418301
9 0.4102941176470588 0.1450980392156863 0.0014705882352941176 0.00522875816993464
0 0.3522058823529412 0.10457516339869281 0.0029411764705882353 0.01045751633986928
3 0.3522058823529412 0.1 0.0058823529411764705 0.006535947712418301
3 0.3488970588235294 0.1065359477124183 0.005147058823529412 0.009150326797385621
3 0.34154411764705883 0.12026143790849673 0.006617647058823529 0.01045751633986928
3 0.33786764705882355 0.12679738562091503 0.006617647058823529 0.01045751633986928
3 0.3323529411764706 0.11895424836601307 0.010294117647058823 0.00784313725490196
3 0.33088235294117646 0.134640522875817 0.007352941176470588 0.01045751633986928
3 0.4474264705882353 0.134640522875817 0.009558823529411765 0.01045751633986928
3 0.45073529411764707 0.13856209150326798 0.008823529411764706 0.01045751633986928
3 0.4488970588235294 0.1437908496732026 0.009558823529411765 0.01045751633986928
5 0.45441176470588235 0.14640522875816994 0.008823529411764706 0.013071895424836602
3 0.42830882352941174 0.16209150326797386 0.009558823529411765 0.01568627450980392
3 0.43051470588235297 0.1803921568627451 0.011029411764705883 0.01568627450980392
1 0.4198529411764706 0.169281045751634 0.004411764705882353 0.009150326797385621
9 0.41948529411764707 0.1758169934640523 0.003676470588235294 0.009150326797385621
1 0.4117647058823529 0.1627450980392157 0.0029411764705882353 0.009150326797385621
6 0.4125 0.16862745098039217 0.0058823529411764705 0.013071895424836602
3 0.40183823529411766 0.18104575163398692 0.011029411764705883 0.01699346405228758
3 0.3963235294117647 0.16732026143790849 0.010294117647058823 0.01568627450980392
4 0.3536764705882353 0.14183006535947712 0.010294117647058823 0.01437908496732026
3 0.36066176470588235 0.1522875816993464 0.008088235294117648 0.011764705882352941
3 0.35698529411764707 0.1588235294117647 0.009558823529411765 0.01437908496732026
3 0.3125 0.15294117647058825 0.008823529411764706 0.01568627450980392
3 0.3220588235294118 0.15620915032679739 0.010294117647058823 0.01437908496732026
3 0.3246323529411765 0.17777777777777778 0.009558823529411765 0.013071895424836602
3 0.31323529411764706 0.17124183006535948 0.011764705882352941 0.018300653594771243
3 0.3073529411764706 0.18235294117647058 0.011764705882352941 0.01699346405228758
4 0.4636029411764706 0.16013071895424835 0.009558823529411765 0.01699346405228758
3 0.4661764705882353 0.1718954248366013 0.014705882352941176 0.01699346405228758
3 0.47352941176470587 0.18562091503267975 0.013235294117647059 0.01568627450980392
3 0.4772058823529412 0.2 0.010294117647058823 0.018300653594771243
3 0.48823529411764705 0.20261437908496732 0.016176470588235296 0.02091503267973856
0 0.46654411764705883 0.19150326797385622 0.005147058823529412 0.0196078431372549
3 0.43786764705882353 0.20261437908496732 0.011029411764705883 0.018300653594771243
0 0.4459558823529412 0.22091503267973855 0.003676470588235294 0.018300653594771243
0 0.44375 0.21830065359477124 0.003676470588235294 0.02091503267973856
1 0.4294117647058823 0.20588235294117646 0.004411764705882353 0.011764705882352941
9 0.4297794117647059 0.21372549019607842 0.005147058823529412 0.011764705882352941
1 0.4176470588235294 0.20588235294117646 0.004411764705882353 0.011764705882352941
9 0.4172794117647059 0.21241830065359477 0.005147058823529412 0.011764705882352941
3 0.3830882352941177 0.22875816993464052 0.013235294117647059 0.02091503267973856
3 0.3452205882352941 0.24248366013071895 0.015441176470588236 0.02483660130718954
1 0.3397058823529412 0.20522875816993463 0.004411764705882353 0.01045751633986928
9 0.33933823529411766 0.21176470588235294 0.003676470588235294 0.013071895424836602
1 0.31286764705882353 0.20392156862745098 0.005147058823529412 0.01045751633986928
9 0.3125 0.21045751633986928 0.004411764705882353 0.01045751633986928
0 0.2731617647058823 0.2457516339869281 0.005147058823529412 0.023529411764705882
3 0.2386029411764706 0.24640522875816995 0.030147058823529412 0.027450980392156862
3 0.24779411764705883 0.29673202614379085 0.026470588235294117 0.0392156862745098
0 0.27095588235294116 0.28627450980392155 0.005147058823529412 0.026143790849673203
0 0.26580882352941176 0.2856209150326797 0.005147058823529412 0.030065359477124184
0 0.2529411764705882 0.2856209150326797 0.0058823529411764705 0.0196078431372549
3 0.19816176470588234 0.31633986928104574 0.04191176470588235 0.02875816993464052
3 0.19264705882352942 0.3934640522875817 0.03529411764705882 0.0392156862745098
3 0.14816176470588235 0.48562091503267973 0.04044117647058824 0.06666666666666667
9 0.10625 0.46078431372549017 0.022794117647058822 0.030065359477124184
9 0.09338235294117647 0.4522875816993464 0.026470588235294117 0.03398692810457516
9 0.09669117647058824 0.44836601307189544 0.019852941176470587 0.02875816993464052
9 0.06985294117647059 0.4045751633986928 0.025 0.02483660130718954
9 0.04632352941176471 0.42026143790849674 0.013235294117647059 0.030065359477124184
0 0.10147058823529412 0.742483660130719 0.01911764705882353 0.06797385620915032
0 0.3209558823529412 0.26666666666666666 0.005147058823529412 0.026143790849673203
9 0.32426470588235295 0.27124183006535946 0.004411764705882353 0.022222222222222223
3 0.37316176470588236 0.2797385620915033 0.016911764705882352 0.02875816993464052
3 0.40661764705882353 0.26601307189542484 0.01764705882352941 0.027450980392156862
1 0.4176470588235294 0.27320261437908494 0.004411764705882353 0.026143790849673203
1 0.4202205882352941 0.27124183006535946 0.005147058823529412 0.02483660130718954
3 0.4658088235294118 0.26666666666666666 0.028676470588235293 0.023529411764705882
1 0.46544117647058825 0.3 0.0058823529411764705 0.01437908496732026
2 0.4658088235294118 0.31437908496732025 0.005147058823529412 0.0196078431372549
3 0.36617647058823527 0.35228758169934643 0.023529411764705882 0.043137254901960784
1 0.3775735294117647 0.45751633986928103 0.009558823529411765 0.026143790849673203
6 0.3805147058823529 0.46862745098039216 0.01838235294117647 0.0457516339869281
3 0.44448529411764703 0.6581699346405229 0.04485294117647059 0.09019607843137255
1 0.3650735294117647 0.5803921568627451 0.013970588235294118 0.036601307189542485
6 0.3533088235294118 0.5934640522875817 0.03602941176470588 0.06013071895424837
0 0.3139705882352941 0.5967320261437908 0.011764705882352941 0.058823529411764705
0 0.25073529411764706 0.5954248366013072 0.014705882352941176 0.05359477124183006
2 0.24963235294117647 0.6111111111111112 0.011029411764705883 0.043137254901960784
3 0.5018382352941176 0.234640522875817 0.016911764705882352 0.01699346405228758
3 0.5025735294117647 0.24705882352941178 0.013970588235294118 0.02091503267973856
3 0.5176470588235295 0.26209150326797387 0.03529411764705882 0.022222222222222223
3 0.5143382352941176 0.2797385620915033 0.01838235294117647 0.026143790849673203
3 0.5294117647058824 0.2934640522875817 0.020588235294117647 0.03529411764705882
3 0.5411764705882353 0.31176470588235294 0.022058823529411766 0.03790849673202614
3 0.5698529411764706 0.365359477124183 0.025 0.03790849673202614
3 0.6025735294117647 0.4366013071895425 0.03308823529411765 0.044444444444444446
3 0.6338235294117647 0.4568627450980392 0.054411764705882354 0.050980392156862744
3 0.6727941176470589 0.5496732026143791 0.05 0.0718954248366013
3 0.7132352941176471 0.6405228758169934 0.05588235294117647 0.07058823529411765
3 0.7672794117647059 0.7320261437908496 0.07720588235294118 0.11241830065359477
3 0.9860294117647059 0.9431372549019608 0.027941176470588237 0.08235294117647059
4 0.9077205882352941 0.7967320261437908 0.07573529411764705 0.13202614379084968
0 0.8709558823529412 0.7581699346405228 0.0125 0.07320261437908497
1 0.8779411764705882 0.7359477124183007 0.0058823529411764705 0.026143790849673203
4 0.9419117647058823 0.7111111111111111 0.08088235294117647 0.08888888888888889
3 0.8908088235294118 0.6679738562091503 0.10808823529411765 0.08888888888888889
3 0.8452205882352941 0.6045751633986928 0.09338235294117647 0.06143790849673202
3 0.8040441176470589 0.5751633986928104 0.08602941176470588 0.054901960784313725
3 0.7551470588235294 0.5542483660130719 0.08235294117647059 0.06274509803921569
3 0.7573529411764706 0.5143790849673202 0.07205882352941176 0.050980392156862744
3 0.7426470588235294 0.48169934640522877 0.07794117647058824 0.048366013071895426
3 0.7268382352941176 0.46078431372549017 0.06985294117647059 0.0457516339869281
3 0.7047794117647059 0.44052287581699345 0.05514705882352941 0.036601307189542485
3 0.7286764705882353 0.4117647058823529 0.03676470588235294 0.047058823529411764
0 0.5658088235294118 0.3084967320261438 0.005147058823529412 0.02875816993464052
4 0.580514705882353 0.28954248366013075 0.03602941176470588 0.030065359477124184
4 0.6169117647058824 0.2503267973856209 0.029411764705882353 0.027450980392156862
1 0.6011029411764706 0.2758169934640523 0.008088235294117648 0.018300653594771243
4 0.6816176470588236 0.24313725490196078 0.026470588235294117 0.026143790849673203
7 0.6977941176470588 0.3084967320261438 0.01911764705882353 0.047058823529411764
1 0.7150735294117647 0.30980392156862746 0.008088235294117648 0.023529411764705882
1 0.7147058823529412 0.29869281045751633 0.0058823529411764705 0.011764705882352941
1 0.7095588235294118 0.29673202614379085 0.0058823529411764705 0.01568627450980392
0 0.7341911764705882 0.3032679738562091 0.006617647058823529 0.026143790849673203
0 0.7360294117647059 0.29869281045751633 0.004411764705882353 0.02483660130718954
0 0.7279411764705882 0.3 0.004411764705882353 0.022222222222222223
0 0.7878676470588235 0.2849673202614379 0.006617647058823529 0.023529411764705882
0 0.7786764705882353 0.28431372549019607 0.004411764705882353 0.022222222222222223
0 0.7801470588235294 0.2784313725490196 0.004411764705882353 0.02091503267973856
1 0.7830882352941176 0.27058823529411763 0.004411764705882353 0.01568627450980392
2 0.7805147058823529 0.27908496732026145 0.015441176470588236 0.01437908496732026
3 0.7669117647058824 0.27058823529411763 0.029411764705882353 0.023529411764705882
1 0.7558823529411764 0.27908496732026145 0.0058823529411764705 0.011764705882352941
2 0.7540441176470588 0.28823529411764703 0.011029411764705883 0.009150326797385621
3 0.8069852941176471 0.2679738562091503 0.013970588235294118 0.018300653594771243
9 0.7768382352941177 0.31437908496732025 0.015441176470588236 0.0196078431372549
9 0.7801470588235294 0.3 0.010294117647058823 0.01699346405228758
9 0.7731617647058824 0.29869281045751633 0.0125 0.011764705882352941
9 0.7665441176470589 0.296078431372549 0.008088235294117648 0.0196078431372549
7 0.7352941176470589 0.3326797385620915 0.013235294117647059 0.03529411764705882
7 0.7433823529411765 0.31699346405228757 0.03676470588235294 0.043137254901960784
3 0.7731617647058824 0.33464052287581697 0.04926470588235294 0.026143790849673203
3 0.7834558823529412 0.34901960784313724 0.05073529411764706 0.02875816993464052
3 0.7805147058823529 0.361437908496732 0.05661764705882353 0.030065359477124184
0 0.7341911764705882 0.3660130718954248 0.009558823529411765 0.03398692810457516
3 0.7856617647058823 0.37712418300653594 0.04632352941176471 0.03529411764705882
3 0.8264705882352941 0.3836601307189543 0.051470588235294115 0.030065359477124184
3 0.836764705882353 0.3993464052287582 0.051470588235294115 0.03790849673202614
5 0.8720588235294118 0.4150326797385621 0.07352941176470588 0.043137254901960784
3 0.8952205882352942 0.43790849673202614 0.05661764705882353 0.0392156862745098
3 0.9345588235294118 0.4594771241830065 0.06323529411764706 0.0457516339869281
3 0.9613970588235294 0.48104575163398694 0.06838235294117648 0.044444444444444446
3 0.9764705882352941 0.5045751633986928 0.047058823529411764 0.044444444444444446
3 0.9926470588235294 0.5326797385620915 0.014705882352941176 0.02483660130718954
3 0.9768382352941176 0.565359477124183 0.04632352941176471 0.06143790849673202
2 0.9746323529411764 0.4411764705882353 0.015441176470588236 0.03529411764705882
9 0.9882352941176471 0.44248366013071894 0.011764705882352941 0.030065359477124184