9 0.013308977035490605 0.45408163265306123 0.012004175365344467 0.017625231910946195
3 0.017484342379958245 0.5032467532467533 0.03496868475991649 0.036178107606679034
0 0.03679540709812108 0.5496289424860853 0.009916492693110648 0.021335807050092765
0 0.021137787056367433 0.5871985157699443 0.013048016701461378 0.02411873840445269
0 0.1638830897703549 0.5844155844155844 0.006263048016701462 0.03339517625231911
4 0.15083507306889352 0.5602968460111317 0.037578288100208766 0.04823747680890538
9 0.038100208768267224 0.5589053803339518 0.012526096033402923 0.023191094619666047
6 0.024269311064718163 0.5941558441558441 0.02244258872651357 0.030612244897959183
5 0.10073068893528184 0.4448051948051948 0.04801670146137787 0.038033395176252316
5 0.16205636743215032 0.4030612244897959 0.03496868475991649 0.039888682745825604
9 0.12813152400835073 0.38404452690166974 0.012004175365344467 0.014842300556586271
3 0.26017745302713985 0.25834879406307976 0.02348643006263048 0.017625231910946195
3 0.276356993736952 0.2653061224489796 0.01826722338204593 0.022263450834879406
0 0.4164926931106472 0.19294990723562153 0.003131524008350731 0.011131725417439703
4 0.40657620041753656 0.2564935064935065 0.009394572025052192 0.021335807050092765
4 0.39613778705636743 0.2829313543599258 0.010438413361169102 0.02411873840445269
3 0.40866388308977036 0.2824675324675325 0.012526096033402923 0.023191094619666047
3 0.4214509394572025 0.28432282003710574 0.012004175365344467 0.021335807050092765
4 0.4496346555323591 0.23794063079777367 0.015135699373695199 0.01948051948051948
5 0.4574634655532359 0.20222634508348794 0.010960334029227558 0.016697588126159554
7 0.3703027139874739 0.45408163265306123 0.02244258872651357 0.0287569573283859
3 0.3551670146137787 0.4995361781076067 0.02348643006263048 0.039888682745825604
3 0.36351774530271397 0.5454545454545454 0.04540709812108559 0.03339517625231911
6 0.4055323590814196 0.5394248608534323 0.024008350730688934 0.026901669758812616
0 0.3736951983298539 0.7152133580705009 0.009394572025052192 0.025974025974025976
0 0.3671711899791232 0.7119666048237476 0.008872651356993737 0.036178107606679034
7 0.5563674321503131 0.9188311688311688 0.03966597077244259 0.05844155844155844
9 0.5480167014613778 0.891465677179963 0.027139874739039668 0.03525046382189239
9 0.5524530271398748 0.8464749536178108 0.024530271398747392 0.036178107606679034
9 0.548277661795407 0.8413729128014842 0.02661795407098121 0.029684601113172542
9 0.5558455114822547 0.8140074211502782 0.020876826722338204 0.026901669758812616
2 0.5558455114822547 0.8010204081632653 0.020876826722338204 0.032467532467532464
1 0.5093945720250522 0.7987012987012987 0.012526096033402923 0.03339517625231911
1 0.5125260960334029 0.7838589981447124 0.010438413361169102 0.022263450834879406
6 0.5127870563674322 0.8000927643784786 0.019311064718162838 0.06029684601113173
9 0.48538622129436326 0.8144712430426716 0.021920668058455117 0.03153988868274583
0 0.48538622129436326 0.7866419294990723 0.007306889352818371 0.04638218923933209
9 0.46555323590814196 0.8274582560296846 0.027139874739039668 0.029684601113172542
1 0.48721294363256784 0.7606679035250464 0.008872651356993737 0.027829313543599257
1 0.4804279749478079 0.7620593692022264 0.009916492693110648 0.030612244897959183
0 0.4932150313152401 0.7226345083487941 0.009394572025052192 0.03710575139146568
0 0.5594989561586639 0.7198515769944341 0.009394572025052192 0.03896103896103896
0 0.5587160751565762 0.6966604823747681 0.007828810020876827 0.03525046382189239
1 0.5561064718162839 0.7634508348794063 0.007828810020876827 0.03525046382189239
2 0.5516701461377871 0.6952690166975881 0.014613778705636743 0.01948051948051948
6 0.4553757828810021 0.7453617810760668 0.04749478079331942 0.030612244897959183
6 0.45772442588726514 0.7258812615955473 0.032359081419624215 0.026901669758812616
6 0.46346555323590816 0.6841372912801484 0.03653444676409186 0.0287569573283859
2 0.5422755741127349 0.6558441558441559 0.027139874739039668 0.027829313543599257
7 0.47103340292275575 0.6447124304267161 0.030793319415448852 0.04452690166975881
6 0.5425365344467641 0.6038961038961039 0.01722338204592902 0.05194805194805195
9 0.46998956158663885 0.5876623376623377 0.019311064718162838 0.02504638218923933
1 0.5083507306889353 0.5190166975881262 0.007306889352818371 0.021335807050092765
9 0.5083507306889353 0.524582560296846 0.008350730688935281 0.02504638218923933
9 0.5219206680584552 0.5088126159554731 0.014613778705636743 0.01948051948051948
0 0.4812108559498956 0.4911873840445269 0.005219206680584551 0.026901669758812616
0 0.48329853862212946 0.48237476808905383 0.005219206680584551 0.025974025974025976
0 0.47964509394572025 0.4819109461966605 0.005219206680584551 0.0287569573283859
6 0.5036534446764092 0.4744897959183674 0.010438413361169102 0.026901669758812616
1 0.5031315240083507 0.4652133580705009 0.007306889352818371 0.013914656771799629
1 0.4819937369519833 0.4554730983302412 0.007828810020876827 0.014842300556586271
6 0.482776617954071 0.4577922077922078 0.009394572025052192 0.021335807050092765
6 0.473643006263048 0.48237476808905383 0.010960334029227558 0.03896103896103896
0 0.509133611691023 0.4197588126159555 0.005741127348643006 0.023191094619666047
7 0.4997390396659708 0.3719851576994434 0.007828810020876827 0.025974025974025976
9 0.5216597077244259 0.4072356215213358 0.010960334029227558 0.01855287569573284
9 0.5193110647181628 0.3979591836734694 0.010438413361169102 0.014842300556586271
9 0.48068893528183715 0.36410018552875695 0.006263048016701462 0.015769944341372914
1 0.4825156576200417 0.3534322820037106 0.0026096033402922755 0.0074211502782931356
1 0.48173277661795405 0.349721706864564 0.003131524008350731 0.011131725417439703
1 0.48956158663883087 0.35111317254174396 0.0041753653444676405 0.012059369202226345
1 0.48825678496868474 0.34786641929499074 0.004697286012526096 0.01855287569573284
9 0.48851774530271397 0.35018552875695735 0.005219206680584551 0.017625231910946195
9 0.4819937369519833 0.3525046382189239 0.004697286012526096 0.012987012987012988
9 0.49504175365344466 0.32606679035250463 0.004697286012526096 0.015769944341372914
9 0.5033924843423799 0.3051948051948052 0.004697286012526096 0.011131725417439703
1 0.5036534446764092 0.3014842300556586 0.003131524008350731 0.014842300556586271
1 0.49504175365344466 0.3228200371057514 0.005741127348643006 0.012987012987012988
7 0.5164405010438413 0.30194805194805197 0.010960334029227558 0.021335807050092765
9 0.524008350730689 0.29359925788497215 0.007306889352818371 0.008348794063079777
9 0.5234864300626305 0.2894248608534323 0.006263048016701462 0.00927643784786642
9 0.4934759916492693 0.24443413729128013 0.0015657620041753654 0.01020408163265306
9 0.4989561586638831 0.26159554730983303 0.0041753653444676405 0.011131725417439703
9 0.48721294363256784 0.26669758812615957 0.0036534446764091857 0.012059369202226345
9 0.5232254697286013 0.2847866419294991 0.0036534446764091857 0.00927643784786642
0 0.5198329853862212 0.28014842300556586 0.003131524008350731 0.012987012987012988
1 0.49947807933194155 0.25788497217068646 0.003131524008350731 0.012987012987012988
1 0.4869519832985386 0.26716141001855287 0.003131524008350731 0.00927643784786642
1 0.4869519832985386 0.26437847866419295 0.0041753653444676405 0.011131725417439703
6 0.5255741127348643 0.2657699443413729 0.014613778705636743 0.012059369202226345
0 0.4906054279749478 0.24397031539888683 0.003131524008350731 0.014842300556586271
6 0.48434237995824636 0.25 0.010438413361169102 0.013914656771799629
6 0.5096555323590815 0.23608534322820038 0.005741127348643006 0.013914656771799629
7 0.5208768267223383 0.237012987012987 0.011482254697286013 0.013914656771799629
7 0.5140918580375783 0.2305194805194805 0.014613778705636743 0.015769944341372914
7 0.5146137787056367 0.22866419294990722 0.010438413361169102 0.015769944341372914
0 0.5146137787056367 0.21985157699443414 0.0020876826722338203 0.011131725417439703
0 0.5104384133611691 0.22031539888682747 0.003131524008350731 0.012059369202226345
0 0.5099164926931107 0.21614100185528756 0.003131524008350731 0.011131725417439703
1 0.49269311064718163 0.2101113172541744 0.0041753653444676405 0.01020408163265306
1 0.5031315240083507 0.20686456400742115 0.0020876826722338203 0.00927643784786642
9 0.5033924843423799 0.2077922077922078 0.0036534446764091857 0.011131725417439703
9 0.49295407098121086 0.21196660482374768 0.0036534446764091857 0.01020408163265306
1 0.49765135699373697 0.18181818181818182 0.0026096033402922755 0.0074211502782931356
1 0.5013048016701461 0.14703153988868276 0.0015657620041753654 0.00463821892393321
1 0.5005219206680585 0.13636363636363635 0.0020876826722338203 0.0055658627087198514
1 0.4968684759916493 0.13821892393320964 0.0020876826722338203 0.0074211502782931356
1 0.5033924843423799 0.13404452690166976 0.0015657620041753654 0.006493506493506494
1 0.5036534446764092 0.12755102040816327 0.0010438413361169101 0.00463821892393321
3 0.5005219206680585 0.10853432282003711 0.0041753653444676405 0.0074211502782931356
9 0.5039144050104384 0.12894248608534323 0.0015657620041753654 0.0055658627087198514
9 0.5036534446764092 0.13589981447124305 0.0020876826722338203 0.00463821892393321
9 0.5 0.13682745825602968 0.0020876826722338203 0.00463821892393321
9 0.4971294363256785 0.1391465677179963 0.0026096033402922755 0.0055658627087198514
9 0.5013048016701461 0.14888682745825602 0.0015657620041753654 0.006493506493506494
9 0.49765135699373697 0.18274582560296845 0.0026096033402922755 0.0074211502782931356
0 0.4945198329853862 0.17439703153988867 0.0026096033402922755 0.00927643784786642
6 0.49739039665970775 0.17439703153988867 0.0041753653444676405 0.00927643784786642
3 0.02374739039665971 0.8218923933209648 0.04749478079331942 0.09833024118738404
4 0.06550104384133612 0.7249536178107606 0.048538622129436326 0.07142857142857142