3 0.7692857142857142 0.9543147208121827 0.05 0.03807106598984772
3 0.49892857142857144 0.6135786802030457 0.013571428571428571 0.044416243654822336
3 0.5725 0.6123096446700508 0.015 0.044416243654822336
3 0.5471428571428572 0.5158629441624365 0.014285714285714285 0.044416243654822336
3 0.5932142857142857 0.7011421319796954 0.020714285714285713 0.044416243654822336
3 0.8835714285714286 0.7392131979695431 0.03571428571428571 0.02918781725888325
3 0.9375 0.7392131979695431 0.03785714285714286 0.02918781725888325
3 0.4825 0.3280456852791878 0.009285714285714286 0.024111675126903553
3 0.5435714285714286 0.3381979695431472 0.011428571428571429 0.02918781725888325
3 0.4832142857142857 0.17893401015228427 0.007857142857142858 0.02030456852791878
3 0.5132142857142857 0.19289340101522842 0.0064285714285714285 0.02030456852791878
3 0.5389285714285714 0.0717005076142132 0.0064285714285714285 0.013959390862944163
3 0.5189285714285714 0.05583756345177665 0.005 0.017766497461928935
3 0.5046428571428572 0.057741116751269035 0.005 0.013959390862944163
3 0.5064285714285715 0.03299492385786802 0.005714285714285714 0.015228426395939087
3 0.4975 0.01015228426395939 0.0064285714285714285 0.007614213197969543
8 0.5396428571428571 0.03362944162436548 0.0064285714285714285 0.03680203045685279
5 0.49607142857142855 0.038705583756345176 0.009285714285714286 0.024111675126903553
4 0.5285714285714286 0.061548223350253804 0.007142857142857143 0.01649746192893401
4 0.5207142857142857 0.5824873096446701 0.012857142857142857 0.050761421319796954
4 0.7507142857142857 0.7506345177664975 0.04285714285714286 0.03680203045685279
4 0.8310714285714286 0.743020304568528 0.04357142857142857 0.03680203045685279
3 0.9832142857142857 0.7265228426395939 0.03357142857142857 0.031725888324873094
3 0.9942857142857143 0.7595177664974619 0.011428571428571429 0.031725888324873094
3 0.43535714285714283 0.9809644670050761 0.020714285714285713 0.03553299492385787
0 0.36607142857142855 0.5907360406091371 0.005 0.01903553299492386
0 0.3982142857142857 0.467005076142132 0.0035714285714285713 0.015228426395939087
0 0.4564285714285714 0.3699238578680203 0.004285714285714286 0.011421319796954314
0 0.4878571428571429 0.375 0.005714285714285714 0.011421319796954314
0 0.7814285714285715 0.8045685279187818 0.002857142857142857 0.012690355329949238