3 0.7800104384133612 0.7764378478664193 0.04018789144050104 0.08719851576994433
4 0.80741127348643 0.87569573283859 0.038622129436325675 0.08163265306122448
3 0.7246868475991649 0.5667903525046383 0.0255741127348643 0.04638218923933209
3 0.7139874739039666 0.5162337662337663 0.03653444676409186 0.04916512059369202
4 0.7027661795407099 0.4717068645640074 0.02348643006263048 0.041743970315398886
9 0.8295929018789144 0.7949907235621522 0.02035490605427975 0.025974025974025976
9 0.8661273486430062 0.9355287569573284 0.030793319415448852 0.0287569573283859
2 0.8415970772442589 0.7277365491651205 0.01722338204592902 0.015769944341372914
0 0.7651356993736952 0.5282931354359925 0.005219206680584551 0.030612244897959183
1 0.36116910229645094 0.602504638218924 0.005219206680584551 0.023191094619666047
9 0.35934237995824636 0.6122448979591837 0.005741127348643006 0.022263450834879406
9 0.39326722338204595 0.4777365491651206 0.006784968684759917 0.014842300556586271
9 0.4089248434237996 0.49443413729128016 0.005741127348643006 0.02040816326530612
9 0.4026617954070981 0.4230055658627087 0.0036534446764091857 0.014842300556586271
9 0.4123173277661795 0.42439703153988867 0.0041753653444676405 0.017625231910946195
9 0.41388308977035493 0.3821892393320965 0.0041753653444676405 0.016697588126159554
9 0.4344989561586639 0.36131725417439703 0.0036534446764091857 0.013914656771799629
9 0.46007306889352817 0.2523191094619666 0.004697286012526096 0.00927643784786642
9 0.505741127348643 0.25834879406307976 0.0041753653444676405 0.012059369202226345
9 0.5553235908141962 0.29545454545454547 0.009394572025052192 0.012059369202226345
9 0.5683716075156576 0.29359925788497215 0.005219206680584551 0.006493506493506494
9 0.44754697286012524 0.2588126159554731 0.004697286012526096 0.00927643784786642
9 0.4397181628392484 0.300556586270872 0.004697286012526096 0.011131725417439703
3 0.6782359081419624 0.4962894248608534 0.02139874739039666 0.04267161410018553
9 0.5931628392484343 0.20222634508348794 0.0036534446764091857 0.011131725417439703
9 0.6289144050104384 0.2792207792207792 0.0041753653444676405 0.011131725417439703
9 0.6174321503131524 0.2504638218923933 0.0041753653444676405 0.00927643784786642
9 0.6129958246346555 0.2054730983302412 0.0026096033402922755 0.008348794063079777
9 0.45563674321503134 0.21428571428571427 0.003131524008350731 0.0074211502782931356
9 0.5944676409185804 0.1280148423005566 0.003131524008350731 0.0055658627087198514
9 0.5861169102296451 0.10667903525046382 0.003131524008350731 0.0055658627087198514
3 0.5592379958246346 0.08116883116883117 0.007828810020876827 0.01020408163265306
3 0.5521920668058455 0.11873840445269017 0.008350730688935281 0.014842300556586271
3 0.5524530271398748 0.14703153988868276 0.007828810020876827 0.015769944341372914
3 0.5652400835073069 0.17207792207792208 0.009394572025052192 0.015769944341372914
1 0.45589770354906056 0.20593692022263452 0.0026096033402922755 0.0074211502782931356
1 0.44780793319415446 0.2523191094619666 0.0041753653444676405 0.011131725417439703
1 0.4603340292275574 0.24582560296846012 0.003131524008350731 0.00927643784786642
1 0.5049582463465553 0.2504638218923933 0.0026096033402922755 0.011131725417439703
1 0.5548016701461378 0.287569573283859 0.003131524008350731 0.011131725417439703
1 0.5673277661795407 0.28664192949907236 0.003131524008350731 0.012987012987012988
1 0.5931628392484343 0.19480519480519481 0.0026096033402922755 0.00927643784786642
1 0.5868997912317327 0.10204081632653061 0.0026096033402922755 0.0074211502782931356
1 0.593945720250522 0.12198515769944342 0.0020876826722338203 0.006493506493506494
1 0.6132567849686847 0.19944341372912802 0.003131524008350731 0.0074211502782931356
1 0.6171711899791231 0.2435064935064935 0.0036534446764091857 0.01020408163265306
1 0.6294363256784968 0.2699443413729128 0.003131524008350731 0.00927643784786642
1 0.4384133611691023 0.29359925788497215 0.0041753653444676405 0.008348794063079777
1 0.43475991649269313 0.3534322820037106 0.003131524008350731 0.011131725417439703
1 0.4146659707724426 0.3738404452690167 0.0026096033402922755 0.012987012987012988
1 0.4240605427974948 0.40584415584415584 0.004697286012526096 0.01020408163265306
1 0.41257828810020875 0.4137291280148423 0.0036534446764091857 0.00927643784786642
1 0.4034446764091858 0.413265306122449 0.0041753653444676405 0.01020408163265306
9 0.42379958246346555 0.41512059369202226 0.005219206680584551 0.008348794063079777
1 0.3930062630480167 0.46382189239332094 0.0041753653444676405 0.012987012987012988
1 0.4091858037578288 0.4819109461966605 0.005219206680584551 0.013914656771799629
2 0.848643006263048 0.8854359925788498 0.022964509394572025 0.023191094619666047
9 0.9157098121085595 0.9661410018552876 0.024530271398747392 0.02504638218923933
9 0.9016179540709812 0.9448051948051948 0.02348643006263048 0.01948051948051948
1 0.9039665970772442 0.9332096474953617 0.008350730688935281 0.02411873840445269
1 0.9157098121085595 0.9564007421150278 0.008872651356993737 0.025974025974025976
0 0.9172755741127349 0.9253246753246753 0.008872651356993737 0.02504638218923933