4 0.44642857142857145 0.6833756345177665 0.017142857142857144 0.04949238578680203
8 0.45571428571428574 0.39784263959390864 0.03428571428571429 0.07741116751269035
8 0.4207142857142857 0.3946700507614213 0.02857142857142857 0.07868020304568528
8 0.5585714285714286 0.22779187817258884 0.03571428571428571 0.05456852791878172
8 0.605 0.18591370558375633 0.03428571428571429 0.04949238578680203
3 0.6339285714285714 0.3800761421319797 0.012142857142857143 0.03426395939086294
5 0.5725 0.17703045685279187 0.03357142857142857 0.031725888324873094
5 0.37285714285714283 0.38388324873096447 0.014285714285714285 0.046954314720812185
8 0.07 0.39847715736040606 0.07428571428571429 0.06598984771573604
8 0.2882142857142857 0.6078680203045685 0.08071428571428571 0.05583756345177665
8 0.30964285714285716 0.5431472081218274 0.020714285714285713 0.06852791878172589
8 0.31892857142857145 0.4746192893401015 0.016428571428571428 0.07106598984771574
8 0.3392857142857143 0.3965736040609137 0.012857142857142857 0.05203045685279188
8 0.3825 0.467005076142132 0.020714285714285713 0.07868020304568528