0 0.06213235294117647 0.9620915032679739 0.030147058823529412 0.07581699346405228
3 0.22683823529411765 0.818954248366013 0.08161764705882353 0.16339869281045752
3 0.2727941176470588 0.6444444444444445 0.06911764705882353 0.12810457516339868
3 0.18382352941176472 0.5803921568627451 0.11764705882352941 0.08888888888888889
3 0.15625 0.48562091503267973 0.1125 0.058823529411764705
3 0.17977941176470588 0.43594771241830066 0.10220588235294117 0.0718954248366013
3 0.2852941176470588 0.47058823529411764 0.09852941176470588 0.07581699346405228
3 0.2875 0.4398692810457516 0.09117647058823529 0.05620915032679739
0 0.33639705882352944 0.4699346405228758 0.008088235294117648 0.058823529411764705
3 0.7474264705882353 0.8464052287581699 0.09926470588235294 0.16339869281045752
3 0.6849264705882353 0.7254901960784313 0.08897058823529412 0.12549019607843137
4 0.6705882352941176 0.6019607843137255 0.06911764705882353 0.11633986928104575
3 0.638235294117647 0.5424836601307189 0.10588235294117647 0.07320261437908497
3 0.6724264705882353 0.49607843137254903 0.09044117647058823 0.0718954248366013
3 0.6533088235294118 0.46143790849673205 0.09779411764705882 0.06535947712418301
3 0.6643382352941176 0.4137254901960784 0.08897058823529412 0.05620915032679739
3 0.6349264705882353 0.396078431372549 0.07426470588235294 0.054901960784313725
3 0.6272058823529412 0.3784313725490196 0.075 0.050980392156862744
3 0.6466911764705883 0.35751633986928105 0.06691176470588235 0.0457516339869281
3 0.586764705882353 0.34509803921568627 0.0661764705882353 0.047058823529411764
3 0.575 0.3254901960784314 0.057352941176470586 0.04183006535947712
3 0.5746323529411764 0.3045751633986928 0.05367647058823529 0.03398692810457516
4 0.56875 0.2869281045751634 0.04926470588235294 0.03529411764705882
4 0.5654411764705882 0.2725490196078431 0.041176470588235294 0.03529411764705882
4 0.5518382352941177 0.2633986928104575 0.04191176470588235 0.03529411764705882
3 0.5683823529411764 0.2529411764705882 0.054411764705882354 0.032679738562091505
4 0.5220588235294118 0.27712418300653596 0.020588235294117647 0.047058823529411764
3 0.4886029411764706 0.27450980392156865 0.022794117647058822 0.036601307189542485
4 0.5455882352941176 0.2326797385620915 0.041176470588235294 0.0392156862745098
3 0.5658088235294118 0.23333333333333334 0.04044117647058824 0.030065359477124184
3 0.5430147058823529 0.21241830065359477 0.03602941176470588 0.02483660130718954
3 0.5363970588235294 0.2045751633986928 0.03455882352941177 0.027450980392156862
3 0.5367647058823529 0.1934640522875817 0.03676470588235294 0.02091503267973856
3 0.5330882352941176 0.1869281045751634 0.03529411764705882 0.023529411764705882
4 0.5330882352941176 0.1784313725490196 0.033823529411764704 0.02483660130718954
4 0.5257352941176471 0.1718954248366013 0.025 0.0196078431372549
3 0.5433823529411764 0.16470588235294117 0.026470588235294117 0.02091503267973856
3 0.5327205882352941 0.1568627450980392 0.013970588235294118 0.018300653594771243
4 0.5316176470588235 0.14836601307189543 0.013235294117647059 0.0196078431372549
3 0.5279411764705882 0.14248366013071895 0.013235294117647059 0.018300653594771243
4 0.5279411764705882 0.13398692810457516 0.011764705882352941 0.0196078431372549
4 0.5238970588235294 0.12810457516339868 0.009558823529411765 0.018300653594771243
3 0.5522058823529412 0.13594771241830064 0.016176470588235296 0.02091503267973856
0 0.38419117647058826 0.4522875816993464 0.011029411764705883 0.054901960784313725
0 0.39301470588235293 0.45098039215686275 0.0125 0.054901960784313725
0 0.3915441176470588 0.46862745098039216 0.0125 0.058823529411764705
4 0.44632352941176473 0.4849673202614379 0.04264705882352941 0.09673202614379085
3 0.35955882352941176 0.4 0.03676470588235294 0.06535947712418301
3 0.37463235294117647 0.365359477124183 0.07426470588235294 0.050980392156862744
3 0.3724264705882353 0.33986928104575165 0.04338235294117647 0.044444444444444446
3 0.3871323529411765 0.3130718954248366 0.04485294117647059 0.043137254901960784
3 0.3977941176470588 0.28823529411764703 0.033823529411764704 0.0457516339869281
4 0.39742647058823527 0.26405228758169935 0.04632352941176471 0.036601307189542485
3 0.40588235294117647 0.24248366013071895 0.045588235294117645 0.030065359477124184
3 0.40588235294117647 0.234640522875817 0.047058823529411764 0.030065359477124184
0 0.42573529411764705 0.3026143790849673 0.007352941176470588 0.043137254901960784
0 0.42830882352941174 0.2627450980392157 0.005147058823529412 0.036601307189542485
0 0.43161764705882355 0.2607843137254902 0.0058823529411764705 0.03790849673202614
3 0.41654411764705884 0.21764705882352942 0.03897058823529412 0.027450980392156862
3 0.4209558823529412 0.20784313725490197 0.04485294117647059 0.02875816993464052
5 0.4213235294117647 0.18627450980392157 0.047058823529411764 0.030065359477124184
4 0.4235294117647059 0.17712418300653596 0.029411764705882353 0.02483660130718954
3 0.42867647058823527 0.17254901960784313 0.033823529411764704 0.02091503267973856
4 0.42316176470588235 0.16339869281045752 0.015441176470588236 0.02091503267973856
3 0.4360294117647059 0.15620915032679739 0.014705882352941176 0.022222222222222223
3 0.42830882352941174 0.1477124183006536 0.013970588235294118 0.018300653594771243
1 0.4602941176470588 0.17712418300653596 0.0058823529411764705 0.0196078431372549
9 0.45992647058823527 0.1830065359477124 0.005147058823529412 0.018300653594771243
1 0.4522058823529412 0.15751633986928104 0.0029411764705882353 0.01437908496732026
9 0.4522058823529412 0.16405228758169935 0.0029411764705882353 0.01437908496732026
4 0.4808823529411765 0.14705882352941177 0.013235294117647059 0.022222222222222223
1 0.5 0.1542483660130719 0.004411764705882353 0.018300653594771243
9 0.5 0.15816993464052287 0.004411764705882353 0.018300653594771243
0 0.49411764705882355 0.11764705882352941 0.0029411764705882353 0.018300653594771243
4 0.5139705882352941 0.10784313725490197 0.01764705882352941 0.01699346405228758
4 0.38676470588235295 0.15098039215686274 0.022058823529411766 0.02483660130718954
3 0.40404411764705883 0.1437908496732026 0.013970588235294118 0.02091503267973856
4 0.42205882352941176 0.1392156862745098 0.027941176470588237 0.02483660130718954
4 0.4047794117647059 0.134640522875817 0.02426470588235294 0.018300653594771243
3 0.41102941176470587 0.13202614379084968 0.026470588235294117 0.018300653594771243
3 0.42573529411764705 0.12222222222222222 0.020588235294117647 0.0196078431372549
3 0.4264705882352941 0.10784313725490197 0.01911764705882353 0.01699346405228758
1 0.44338235294117645 0.10915032679738562 0.0029411764705882353 0.01437908496732026
6 0.44485294117647056 0.11045751633986928 0.010294117647058823 0.011764705882352941
4 0.5341911764705882 0.10915032679738562 0.01838235294117647 0.01699346405228758
3 0.5639705882352941 0.12679738562091503 0.011764705882352941 0.018300653594771243
4 0.5474264705882353 0.12352941176470589 0.013970588235294118 0.0196078431372549
3 0.5786764705882353 0.12483660130718954 0.013235294117647059 0.0196078431372549
0 0.5882352941176471 0.1980392156862745 0.004411764705882353 0.027450980392156862
0 0.5981617647058823 0.19607843137254902 0.003676470588235294 0.023529411764705882
9 0.6110294117647059 0.25163398692810457 0.01911764705882353 0.022222222222222223
0 0.6536764705882353 0.2797385620915033 0.004411764705882353 0.026143790849673203
0 0.6294117647058823 0.28169934640522876 0.0058823529411764705 0.03790849673202614
6 0.6246323529411765 0.2784313725490196 0.04044117647058824 0.036601307189542485
9 0.6459558823529412 0.3084967320261438 0.021323529411764706 0.023529411764705882