3 0.8087160751565762 0.8288497217068646 0.05793319415448852 0.05844155844155844
3 0.6012526096033403 0.7435064935064936 0.05845511482254697 0.05844155844155844
0 0.5545407098121086 0.5955473098330241 0.008872651356993737 0.022263450834879406
7 0.41153444676409184 0.6655844155844156 0.031837160751565764 0.05102040816326531
3 0.5534968684759917 0.49211502782931354 0.024530271398747392 0.0640074211502783
4 0.5670668058455115 0.42393320964749537 0.0255741127348643 0.06679035250463822
3 0.579070981210856 0.33812615955473097 0.02244258872651357 0.05473098330241188
3 0.5926409185803758 0.16001855287569575 0.010960334029227558 0.038033395176252316
3 0.5628914405010439 0.14332096474953618 0.01722338204592902 0.036178107606679034
3 0.5764613778705637 0.07653061224489796 0.015135699373695199 0.030612244897959183
2 0.9044885177453027 0.7393320964749536 0.014613778705636743 0.02411873840445269
0 0.8890918580375783 0.6892393320964749 0.009916492693110648 0.025974025974025976
9 0.7244258872651357 0.6238404452690167 0.005219206680584551 0.02504638218923933
9 0.12917536534446764 0.40120593692022266 0.009916492693110648 0.026901669758812616
9 0.18893528183716074 0.41465677179962895 0.0041753653444676405 0.014842300556586271
9 0.19572025052192066 0.4137291280148423 0.006263048016701462 0.016697588126159554
9 0.20224425887265135 0.41836734693877553 0.006784968684759917 0.02040816326530612
9 0.20981210855949894 0.424860853432282 0.005219206680584551 0.022263450834879406
9 0.21581419624217119 0.424860853432282 0.007828810020876827 0.02040816326530612
9 0.29018789144050106 0.45315398886827457 0.005219206680584551 0.017625231910946195
9 0.2974947807933194 0.4536178107606679 0.005219206680584551 0.01855287569573284
9 0.3173277661795407 0.4679962894248609 0.007306889352818371 0.021335807050092765
9 0.3277661795407098 0.46614100185528756 0.008350730688935281 0.021335807050092765
9 0.3504697286012526 0.4772727272727273 0.004697286012526096 0.023191094619666047
9 0.3575156576200417 0.47634508348794063 0.005219206680584551 0.01948051948051948
9 0.3640396659707724 0.4819109461966605 0.006784968684759917 0.01948051948051948
9 0.37656576200417535 0.48886827458256027 0.007828810020876827 0.025974025974025976
9 0.427713987473904 0.5074211502782932 0.005741127348643006 0.025974025974025976
9 0.43684759916492694 0.5134508348794063 0.007306889352818371 0.02504638218923933
9 0.4509394572025052 0.5176252319109462 0.0041753653444676405 0.029684601113172542
9 0.45981210855949894 0.5180890538033395 0.0041753653444676405 0.026901669758812616
9 0.467901878914405 0.5199443413729128 0.005741127348643006 0.0287569573283859
7 0.35151356993736954 0.8923933209647495 0.0360125260960334 0.04638218923933209
3 0.31863256784968685 0.9359925788497218 0.06315240083507306 0.07235621521335807
7 0.3089770354906054 0.8571428571428571 0.029227557411273485 0.04638218923933209
5 0.26069937369519836 0.8965677179962894 0.043319415448851775 0.05102040816326531
3 0.238517745302714 0.9499072356215214 0.06367432150313153 0.0686456400742115
0 0.18136743215031315 0.9536178107606679 0.012004175365344467 0.022263450834879406
3 0.1847599164926931 0.9846938775510204 0.029227557411273485 0.0287569573283859
3 0.11090814196242171 0.9777365491651205 0.0360125260960334 0.04267161410018553
3 0.075678496868476 0.9670686456400742 0.05219206680584551 0.0640074211502783
3 0.031315240083507306 0.8905380333951762 0.06263048016701461 0.06679035250463822
9 0.03157620041753653 0.8112244897959183 0.02661795407098121 0.0287569573283859
5 0.011221294363256785 0.2602040816326531 0.02244258872651357 0.06586270871985157
4 0.024530271398747392 0.2193877551020408 0.032359081419624215 0.04359925788497217
4 0.04514613778705637 0.16743970315398887 0.02244258872651357 0.045454545454545456
3 0.015396659707724426 0.1553803339517625 0.02870563674321503 0.04359925788497217