4 0.7789665970772442 0.44712430426716143 0.01826722338204593 0.027829313543599257
5 0.7518267223382046 0.7648423005565863 0.06941544885177453 0.09183673469387756
5 0.6584029227557411 0.6757884972170687 0.05167014613778706 0.08998144712430427
5 0.6547494780793319 0.7166048237476809 0.06941544885177453 0.11966604823747681
5 0.7134655532359081 0.7564935064935064 0.07411273486430063 0.1345083487940631
5 0.704070981210856 0.8367346938775511 0.07828810020876827 0.1391465677179963
5 0.6362212943632568 0.7319109461966605 0.06784968684759916 0.1261595547309833
5 0.6764091858037579 0.8594619666048238 0.04488517745302714 0.07699443413729128
4 0.6599686847599165 0.8840445269016698 0.042275574112734866 0.07050092764378478
5 0.6534446764091858 0.9285714285714286 0.07933194154488518 0.14100185528756956
6 0.6145615866388309 0.9299628942486086 0.03496868475991649 0.06586270871985157
4 0.5772442588726514 0.8404452690166976 0.04175365344467641 0.07421150278293136
9 0.5989039665970772 0.8538961038961039 0.009916492693110648 0.026901669758812616
5 0.5902922755741128 0.7917439703153989 0.049060542797494784 0.07699443413729128
5 0.545929018789144 0.7170686456400742 0.04592901878914405 0.0686456400742115
3 0.5524530271398748 0.6716141001855288 0.03496868475991649 0.04267161410018553
9 0.5253131524008351 0.7448979591836735 0.015135699373695199 0.02040816326530612
9 0.5294885177453027 0.7736549165120594 0.019311064718162838 0.014842300556586271
9 0.5970772442588727 0.6855287569573284 0.009394572025052192 0.02040816326530612
9 0.5884655532359081 0.6985157699443414 0.012004175365344467 0.02411873840445269
9 0.5819415448851775 0.6915584415584416 0.013569937369519834 0.026901669758812616
9 0.5892484342379958 0.7453617810760668 0.014613778705636743 0.030612244897959183
9 0.5981210855949896 0.7620593692022264 0.012526096033402923 0.026901669758812616
9 0.6231732776617954 0.7708719851576994 0.020876826722338204 0.022263450834879406
9 0.6278705636743215 0.7778293135435993 0.019832985386221295 0.01948051948051948
9 0.6435281837160751 0.8038033395176253 0.020876826722338204 0.0287569573283859
9 0.6354384133611691 0.8033395176252319 0.02139874739039666 0.025974025974025976
9 0.6325678496868476 0.7954545454545454 0.020876826722338204 0.030612244897959183
5 0.5159185803757829 0.7926716141001855 0.03288100208768267 0.036178107606679034
4 0.4658141962421712 0.6484230055658627 0.04018789144050104 0.06493506493506493
5 0.5247912317327766 0.6307977736549165 0.13517745302713988 0.15584415584415584
5 0.5255741127348643 0.5366419294990723 0.04279749478079332 0.05844155844155844
5 0.5328810020876826 0.5974025974025974 0.049060542797494784 0.05194805194805195
5 0.49947807933194155 0.6057513914656771 0.025052192066805846 0.0575139146567718
5 0.44467640918580376 0.6187384044526901 0.05636743215031315 0.04638218923933209
9 0.444937369519833 0.614100185528757 0.016179540709812108 0.014842300556586271
9 0.4438935281837161 0.6103896103896104 0.01722338204592902 0.02040816326530612
9 0.4428496868475992 0.6057513914656771 0.015135699373695199 0.02040816326530612
9 0.46085594989561585 0.602504638218924 0.016701461377870562 0.021335807050092765
9 0.4613778705636743 0.6057513914656771 0.015657620041753653 0.016697588126159554
5 0.4496346555323591 0.5913729128014842 0.06002087682672234 0.03432282003710575
5 0.4626826722338205 0.5691094619666048 0.06315240083507306 0.045454545454545456
3 0.46737995824634654 0.5612244897959183 0.038100208768267224 0.027829313543599257
3 0.47103340292275575 0.5445269016697588 0.024530271398747392 0.03710575139146568
3 0.4517223382045929 0.5454545454545454 0.024530271398747392 0.04081632653061224
3 0.4488517745302714 0.4962894248608534 0.018789144050104383 0.027829313543599257
4 0.430062630480167 0.5514842300556586 0.029227557411273485 0.032467532467532464
4 0.4175365344467641 0.5468460111317254 0.033402922755741124 0.032467532467532464
5 0.4660751565762004 0.5139146567717996 0.019832985386221295 0.03710575139146568
5 0.4321503131524008 0.5120593692022264 0.037578288100208766 0.025974025974025976
4 0.42562630480167013 0.5255102040816326 0.05897703549060543 0.041743970315398886
4 0.3987473903966597 0.5830241187384044 0.020876826722338204 0.045454545454545456
3 0.3843945720250522 0.5969387755102041 0.024530271398747392 0.04359925788497217
4 0.3870041753653445 0.5663265306122449 0.031837160751565764 0.041743970315398886
4 0.4131002087682672 0.575139146567718 0.02035490605427975 0.03339517625231911
4 0.3846555323590814 0.5570500927643784 0.032359081419624215 0.039888682745825604
3 0.3817849686847599 0.5477736549165121 0.03392484342379958 0.030612244897959183
3 0.38230688935281837 0.5357142857142857 0.030793319415448852 0.03432282003710575
4 0.3768267223382046 0.514378478664193 0.026096033402922755 0.036178107606679034
4 0.3718684759916493 0.5041743970315399 0.02661795407098121 0.032467532467532464
4 0.40866388308977036 0.5046382189239332 0.028183716075156576 0.03339517625231911
4 0.40631524008350733 0.4935064935064935 0.029749478079331943 0.029684601113172542
3 0.4331941544885177 0.4995361781076067 0.020876826722338204 0.03432282003710575
4 0.4123173277661795 0.4837662337662338 0.028183716075156576 0.032467532467532464
3 0.44676409185803756 0.4642857142857143 0.030271398747390398 0.02504638218923933
4 0.41518789144050106 0.4517625231910946 0.014091858037578288 0.03153988868274583
3 0.3870041753653445 0.46938775510204084 0.03496868475991649 0.025974025974025976
3 0.38413361169102295 0.45918367346938777 0.032359081419624215 0.022263450834879406
3 0.3817849686847599 0.4512987012987013 0.031837160751565764 0.021335807050092765
5 0.35386221294363257 0.44805194805194803 0.031315240083507306 0.02411873840445269
3 0.3596033402922756 0.23840445269016697 0.020876826722338204 0.016697588126159554
6 0.3475991649269311 0.47217068645640076 0.021920668058455117 0.01855287569573284
9 0.21894572025052192 0.33163265306122447 0.006784968684759917 0.013914656771799629
1 0.1847599164926931 0.34833024118738404 0.005219206680584551 0.008348794063079777
5 0.19076200417536535 0.2782931354359926 0.019311064718162838 0.03339517625231911
5 0.2536534446764092 0.24211502782931354 0.012526096033402923 0.02411873840445269
0 0.27244258872651356 0.2537105751391466 0.0041753653444676405 0.013914656771799629
0 0.2319937369519833 0.16326530612244897 0.0026096033402922755 0.0055658627087198514
5 0.2319937369519833 0.16512059369202226 0.005741127348643006 0.012987012987012988
5 0.2359081419624217 0.10575139146567718 0.010438413361169102 0.01855287569573284
1 0.22025052192066805 0.10575139146567718 0.0020876826722338203 0.0055658627087198514
9 0.2205114822546973 0.10667903525046382 0.0026096033402922755 0.0055658627087198514
5 0.23147181628392485 0.08905380333951762 0.008872651356993737 0.01855287569573284
3 0.22599164926931106 0.055658627087198514 0.005219206680584551 0.00927643784786642
5 0.22468684759916493 0.04081632653061224 0.007828810020876827 0.01855287569573284
7 0.22103340292275575 0.022263450834879406 0.005741127348643006 0.011131725417439703
5 0.7943632567849687 0.15445269016697588 0.028183716075156576 0.015769944341372914