6 0.8466911764705882 0.6895424836601307 0.08014705882352942 0.09542483660130718
1 0.825 0.6633986928104575 0.025 0.050980392156862744
6 0.9650735294117647 0.7549019607843137 0.06838235294117648 0.09281045751633987
1 0.9488970588235294 0.7326797385620915 0.028676470588235293 0.05359477124183006
5 0.1488970588235294 0.3137254901960784 0.08455882352941177 0.0784313725490196
5 0.12536764705882353 0.3065359477124183 0.09191176470588236 0.07973856209150326
3 0.04852941176470588 0.369281045751634 0.061764705882352944 0.043137254901960784
3 0.5977941176470588 0.40522875816993464 0.04852941176470588 0.047058823529411764
3 0.5875 0.35555555555555557 0.047058823529411764 0.036601307189542485
3 0.5356617647058823 0.3287581699346405 0.02426470588235294 0.03529411764705882
3 0.5158088235294118 0.27124183006535946 0.015441176470588236 0.02483660130718954
3 0.47205882352941175 0.2130718954248366 0.022058823529411766 0.023529411764705882
3 0.3996323529411765 0.3006535947712418 0.030147058823529412 0.03398692810457516
5 0.47316176470588234 0.17712418300653596 0.016911764705882352 0.043137254901960784
5 0.5018382352941176 0.1758169934640523 0.0125 0.02483660130718954
3 0.9279411764705883 0.3130718954248366 0.03235294117647059 0.030065359477124184
3 0.9540441176470589 0.3137254901960784 0.03161764705882353 0.026143790849673203
3 0.81875 0.35228758169934643 0.04338235294117647 0.040522875816993466
5 0.5974264705882353 0.23137254901960785 0.1375 0.06274509803921569
8 0.6305147058823529 0.19869281045751633 0.04044117647058824 0.03398692810457516
8 0.53125 0.15490196078431373 0.015441176470588236 0.03790849673202614
5 0.5761029411764705 0.11503267973856209 0.06544117647058824 0.023529411764705882
5 0.49926470588235294 0.11437908496732026 0.010294117647058823 0.0196078431372549
5 0.5367647058823529 0.11045751633986928 0.008823529411764706 0.0196078431372549
5 0.4474264705882353 0.11895424836601307 0.05073529411764706 0.02091503267973856
5 0.4172794117647059 0.13333333333333333 0.07573529411764705 0.023529411764705882
3 0.46691176470588236 0.13594771241830064 0.013235294117647059 0.01045751633986928
4 0.15625 0.24836601307189543 0.01838235294117647 0.03137254901960784
4 0.17794117647058824 0.2326797385620915 0.03235294117647059 0.044444444444444446
0 0.016911764705882352 0.27647058823529413 0.007352941176470588 0.022222222222222223
0 0.23272058823529412 0.2150326797385621 0.003676470588235294 0.0196078431372549
3 0.25073529411764706 0.25620915032679736 0.03676470588235294 0.023529411764705882
4 0.25882352941176473 0.24183006535947713 0.03235294117647059 0.023529411764705882
4 0.26838235294117646 0.23137254901960785 0.026470588235294117 0.026143790849673203
3 0.2761029411764706 0.19673202614379084 0.01838235294117647 0.0196078431372549
3 0.24558823529411763 0.20718954248366014 0.01911764705882353 0.022222222222222223
4 0.4158088235294118 0.16797385620915034 0.009558823529411765 0.0196078431372549
3 0.3900735294117647 0.16862745098039217 0.016911764705882352 0.013071895424836602
3 0.37279411764705883 0.1627450980392157 0.01911764705882353 0.01437908496732026
3 0.3863970588235294 0.15359477124183007 0.008088235294117648 0.011764705882352941
3 0.35551470588235295 0.15163398692810456 0.009558823529411765 0.013071895424836602
3 0.36433823529411763 0.15163398692810456 0.009558823529411765 0.013071895424836602
0 0.4970588235294118 0.26209150326797387 0.004411764705882353 0.02483660130718954
0 0.5 0.2627450980392157 0.004411764705882353 0.026143790849673203