4 0.24375 0.9 0.06102941176470588 0.2
0 0.825735294117647 0.7764705882352941 0.016176470588235296 0.054901960784313725
0 0.9415441176470588 0.7790849673202614 0.013970588235294118 0.054901960784313725
3 0.01801470588235294 0.5790849673202615 0.03602941176470588 0.0915032679738562
3 0.01764705882352941 0.3156862745098039 0.03529411764705882 0.06928104575163399
3 0.045588235294117645 0.2607843137254902 0.05588235294117647 0.06405228758169934
3 0.023529411764705882 0.22679738562091503 0.047058823529411764 0.06405228758169934
9 0.04411764705882353 0.12026143790849673 0.020588235294117647 0.02875816993464052
0 0.0375 0.08366013071895424 0.008823529411764706 0.0392156862745098
0 0.0625 0.08496732026143791 0.008823529411764706 0.04183006535947712
4 0.11985294117647059 0.1738562091503268 0.060294117647058824 0.05751633986928104
3 0.12389705882352942 0.13529411764705881 0.030147058823529412 0.0457516339869281
3 0.1661764705882353 0.07516339869281045 0.033823529411764704 0.050980392156862744
3 0.23676470588235293 0.03137254901960784 0.04411764705882353 0.026143790849673203
0 0.26801470588235293 0.050980392156862744 0.006617647058823529 0.02875816993464052
0 0.27205882352941174 0.04967320261437908 0.007352941176470588 0.023529411764705882
0 0.2783088235294118 0.04771241830065359 0.008088235294117648 0.03529411764705882
0 0.19669117647058823 0.526797385620915 0.008088235294117648 0.0392156862745098
0 0.20404411764705882 0.5176470588235295 0.011029411764705883 0.05228758169934641
0 0.21360294117647058 0.5169934640522876 0.0125 0.048366013071895426
4 0.31985294117647056 0.4725490196078431 0.04411764705882353 0.11372549019607843
0 0.35110294117647056 0.45555555555555555 0.013970588235294118 0.05620915032679739
3 0.5143382352941176 0.3954248366013072 0.03455882352941177 0.07973856209150326
3 0.5856617647058824 0.31633986928104574 0.03455882352941177 0.06535947712418301
3 0.5768382352941176 0.2411764705882353 0.03308823529411765 0.058823529411764705
3 0.4308823529411765 0.23398692810457516 0.029411764705882353 0.06535947712418301
3 0.5606617647058824 0.14575163398692811 0.028676470588235293 0.048366013071895426
3 0.4753676470588235 0.13137254901960785 0.025735294117647058 0.0457516339869281
3 0.5095588235294117 0.10784313725490197 0.022058823529411766 0.03529411764705882
3 0.5433823529411764 0.0673202614379085 0.022058823529411766 0.03529411764705882
3 0.5378676470588235 0.03725490196078431 0.019852941176470587 0.032679738562091505
3 0.4459558823529412 0.015032679738562092 0.01838235294117647 0.030065359477124184
6 0.39705882352941174 0.1300653594771242 0.016176470588235296 0.040522875816993466
0 0.3963235294117647 0.12287581699346405 0.007352941176470588 0.026143790849673203
0 0.37720588235294117 0.05228758169934641 0.004411764705882353 0.03398692810457516
2 0.375 0.060784313725490195 0.0058823529411764705 0.022222222222222223
1 0.40441176470588236 0.045098039215686274 0.0058823529411764705 0.0196078431372549
9 0.4036764705882353 0.05228758169934641 0.0058823529411764705 0.023529411764705882
1 0.40845588235294117 0.026143790849673203 0.003676470588235294 0.01568627450980392
9 0.40808823529411764 0.03594771241830065 0.0058823529411764705 0.0196078431372549
3 0.8389705882352941 0.3712418300653595 0.05 0.044444444444444446
3 0.8279411764705882 0.3392156862745098 0.060294117647058824 0.05359477124183006
4 0.8345588235294118 0.22483660130718955 0.03529411764705882 0.06274509803921569
3 0.7459558823529412 0.29869281045751633 0.04485294117647059 0.07450980392156863
0 0.7900735294117647 0.3568627450980392 0.008088235294117648 0.04967320261437908
0 0.7926470588235294 0.4071895424836601 0.007352941176470588 0.040522875816993466
5 0.6231617647058824 0.01568627450980392 0.027205882352941177 0.03137254901960784
3 0.6264705882352941 0.050980392156862744 0.026470588235294117 0.04183006535947712
3 0.6356617647058823 0.08235294117647059 0.02426470588235294 0.0392156862745098
3 0.6602941176470588 0.13986928104575164 0.027941176470588237 0.0392156862745098
3 0.7091911764705883 0.17777777777777778 0.03602941176470588 0.05228758169934641
3 0.7154411764705882 0.12745098039215685 0.03823529411764706 0.03790849673202614
3 0.7180147058823529 0.09411764705882353 0.04926470588235294 0.036601307189542485
3 0.6974264705882353 0.07254901960784314 0.05367647058823529 0.043137254901960784