4 0.8332142857142857 0.516497461928934 0.075 0.06598984771573604
4 0.9589285714285715 0.46383248730964466 0.07357142857142857 0.0850253807106599
4 0.7635714285714286 0.39149746192893403 0.03 0.09263959390862944
4 0.7253571428571428 0.4022842639593909 0.03357142857142857 0.09644670050761421
4 0.6889285714285714 0.4156091370558376 0.03214285714285714 0.09771573604060914
4 0.6439285714285714 0.45558375634517767 0.03785714285714286 0.10152284263959391
3 0.9142857142857143 0.282994923857868 0.05 0.0532994923857868
8 0.685 0.17766497461928935 0.055714285714285716 0.1700507614213198
3 0.6310714285714286 0.2398477157360406 0.030714285714285715 0.08629441624365482
8 0.6010714285714286 0.19733502538071065 0.065 0.1916243654822335
4 0.5939285714285715 0.37880710659898476 0.03642857142857143 0.09771573604060914
8 0.5539285714285714 0.37182741116751267 0.060714285714285714 0.1751269035532995
3 0.6325 0.08565989847715735 0.029285714285714286 0.05964467005076142
3 0.51 0.7557106598984772 0.05285714285714286 0.12309644670050761
8 0.5039285714285714 0.5767766497461929 0.08642857142857142 0.24746192893401014
5 0.3675 0.8876903553299492 0.13071428571428573 0.11802030456852793
4 0.3192857142857143 0.7436548223350253 0.07142857142857142 0.08883248730964467
8 0.18142857142857144 0.6408629441624365 0.16285714285714287 0.17766497461928935
3 0.06535714285714286 0.5501269035532995 0.04357142857142857 0.05964467005076142
8 0.024285714285714285 0.5177664974619289 0.045714285714285714 0.12944162436548223
3 0.30857142857142855 0.33185279187817257 0.04 0.06979695431472081
3 0.3821428571428571 0.4784263959390863 0.054285714285714284 0.0583756345177665
0 0.007857142857142858 0.8039340101522843 0.014285714285714285 0.03426395939086294
5 0.645 0.02284263959390863 0.03 0.04314720812182741
0 0.6928571428571428 0.27982233502538073 0.008571428571428572 0.02918781725888325
0 0.6689285714285714 0.35723350253807107 0.007857142857142858 0.0266497461928934
8 0.9428571428571428 0.1751269035532995 0.11428571428571428 0.12944162436548223
8 0.8225 0.12373096446700507 0.13357142857142856 0.12055837563451777
0 0.8178571428571428 0.06535532994923858 0.007142857142857143 0.024111675126903553
0 0.8260714285714286 0.07550761421319797 0.007857142857142858 0.0266497461928934
0 0.7321428571428571 0.16687817258883247 0.008571428571428572 0.03680203045685279
0 0.7253571428571428 0.1598984771573604 0.009285714285714286 0.030456852791878174