3 0.72425 0.7276666666666667 0.0245 0.04733333333333333
3 0.74725 0.7323333333333333 0.0225 0.042
3 0.7725 0.7296666666666667 0.021 0.03
3 0.81175 0.736 0.0235 0.04533333333333334
3 0.844 0.736 0.029 0.04533333333333334
3 0.953 0.776 0.053 0.030666666666666665
3 0.7255 0.814 0.024 0.04
3 0.75125 0.8186666666666667 0.0265 0.04533333333333334
3 0.77825 0.8186666666666667 0.0285 0.048
3 0.8035 0.8176666666666667 0.025 0.04066666666666666
3 0.83075 0.821 0.0255 0.038
3 0.8555 0.826 0.03 0.04933333333333333
3 0.88325 0.8266666666666667 0.0295 0.044
3 0.90925 0.8296666666666667 0.0315 0.048666666666666664
3 0.9325 0.8296666666666667 0.032 0.046
3 0.931 0.885 0.036 0.05266666666666667
3 0.98225 0.8303333333333334 0.0335 0.051333333333333335
3 0.981 0.8873333333333333 0.036 0.07866666666666666
3 0.90375 0.8813333333333333 0.0365 0.05466666666666667
3 0.873 0.879 0.032 0.051333333333333335
3 0.8475 0.8756666666666667 0.034 0.05
3 0.82 0.872 0.029 0.04933333333333333
3 0.7915 0.8676666666666667 0.029 0.054
3 0.76375 0.867 0.0305 0.046
3 0.73925 0.863 0.0295 0.051333333333333335
3 0.685 0.847 0.018 0.05266666666666667
3 0.44125 0.24333333333333335 0.0055 0.008
3 0.42825 0.25733333333333336 0.0085 0.009333333333333334
3 0.42225 0.2856666666666667 0.0075 0.008666666666666666
3 0.467 0.25333333333333335 0.007 0.009333333333333334
3 0.4805 0.217 0.005 0.004666666666666667
3 0.40475 0.326 0.0095 0.014666666666666666
3 0.384 0.293 0.01 0.01
3 0.3725 0.31166666666666665 0.008 0.012666666666666666
3 0.36725 0.322 0.0085 0.010666666666666666
3 0.36025 0.334 0.0115 0.012
3 0.351 0.3506666666666667 0.009 0.012
3 0.34325 0.36333333333333334 0.0115 0.013333333333333334
3 0.32925 0.3883333333333333 0.0125 0.015333333333333332
3 0.4275 0.376 0.01 0.016
3 0.3785 0.48833333333333334 0.014 0.018
3 0.414 0.49933333333333335 0.02 0.021333333333333333
3 0.3315 0.5336666666666666 0.017 0.024666666666666667
3 0.2985 0.5636666666666666 0.03 0.016666666666666666
3 0.2635 0.6073333333333333 0.019 0.03333333333333333
3 0.23 0.7336666666666667 0.025 0.04466666666666667
3 0.3785 0.8276666666666667 0.019 0.042
3 0.16075 0.874 0.0355 0.06266666666666666
3 0.07175 0.8466666666666667 0.0335 0.037333333333333336
3 0.34275 0.989 0.0375 0.022
3 0.0125 0.9536666666666667 0.022 0.051333333333333335
3 0.10225 0.788 0.0325 0.05333333333333334
3 0.13225 0.7383333333333333 0.0315 0.04466666666666667
3 0.17625 0.663 0.0335 0.034
3 0.391 0.7693333333333333 0.026 0.03866666666666667
3 0.43425 0.641 0.0265 0.03266666666666666
3 0.39775 0.73 0.0225 0.04
3 0.3975 0.8533333333333334 0.02 0.03333333333333333
3 0.38575 0.5916666666666667 0.0225 0.022
3 0.31325 0.4176666666666667 0.0135 0.018
3 0.30375 0.435 0.0135 0.018
3 0.294 0.44966666666666666 0.013 0.018
3 0.2855 0.465 0.014 0.019333333333333334
3 0.456 0.46166666666666667 0.011 0.019333333333333334
3 0.46 0.44533333333333336 0.013 0.014666666666666666
3 0.46025 0.431 0.0115 0.014
3 0.464 0.41733333333333333 0.01 0.014666666666666666
3 0.467 0.4036666666666667 0.01 0.012666666666666666
3 0.47425 0.37966666666666665 0.0105 0.011333333333333334
3 0.475 0.36933333333333335 0.009 0.013333333333333334
3 0.471 0.3913333333333333 0.012 0.016
3 0.47825 0.3466666666666667 0.0075 0.010666666666666666
3 0.48125 0.3396666666666667 0.0085 0.011333333333333334
3 0.44875 0.361 0.0105 0.014
3 0.48325 0.30666666666666664 0.0055 0.012
3 0.26525 0.5603333333333333 0.0155 0.023333333333333334
1 0.10025 0.8473333333333334 0.0095 0.012
2 0.0995 0.8596666666666667 0.014 0.014
9 0.43 0.9086666666666666 0.012 0.028
0 0.42525 0.8306666666666667 0.0065 0.02266666666666667
0 0.43875 0.7593333333333333 0.0065 0.02
0 0.44925 0.7623333333333333 0.0085 0.022
0 0.463 0.7556666666666667 0.007 0.019333333333333334
1 0.19425 0.609 0.0045 0.008666666666666666
1 0.23175 0.59 0.0045 0.009333333333333334
1 0.212 0.5833333333333334 0.005 0.009333333333333334
2 0.1945 0.617 0.009 0.006
1 0.42175 0.532 0.0055 0.009333333333333334
1 0.42925 0.5423333333333333 0.0045 0.01
1 0.42875 0.5733333333333334 0.0045 0.008
1 0.39125 0.6066666666666667 0.0045 0.009333333333333334
2 0.3905 0.6123333333333333 0.01 0.01
2 0.429 0.5793333333333334 0.007 0.006666666666666667
2 0.42125 0.5393333333333333 0.0045 0.006666666666666667
2 0.42925 0.5513333333333333 0.0055 0.006666666666666667
3 0.76275 0.2623333333333333 0.0165 0.01
3 0.75875 0.25566666666666665 0.0155 0.008666666666666666
3 0.756 0.251 0.013 0.007333333333333333
3 0.71525 0.36566666666666664 0.0125 0.014
3 0.72925 0.366 0.0115 0.016
3 0.73975 0.36666666666666664 0.0095 0.013333333333333334
5 0.67825 0.381 0.0305 0.023333333333333334