0 0.24375 0.6790849673202615 0.016911764705882352 0.05359477124183006
0 0.19375 0.8810457516339869 0.021323529411764706 0.05751633986928104
3 0.3095588235294118 0.9601307189542484 0.07058823529411765 0.07973856209150326
9 0.02426470588235294 0.9738562091503268 0.04852941176470588 0.05228758169934641
0 0.4036764705882353 0.9267973856209151 0.014705882352941176 0.04183006535947712
2 0.40404411764705883 0.9437908496732026 0.04485294117647059 0.04967320261437908
0 0.7863970588235294 0.9352941176470588 0.01838235294117647 0.050980392156862744
0 0.7970588235294118 0.9464052287581699 0.022058823529411766 0.054901960784313725
1 0.8051470588235294 0.9163398692810457 0.023529411764705882 0.03398692810457516
0 0.8301470588235295 0.8437908496732026 0.030882352941176472 0.0457516339869281
0 0.8511029411764706 0.8620915032679739 0.019852941176470587 0.043137254901960784
0 0.8330882352941177 0.8816993464052287 0.022058823529411766 0.040522875816993466
0 0.9363970588235294 0.5627450980392157 0.01838235294117647 0.040522875816993466
1 0.9841911764705882 0.4189542483660131 0.02426470588235294 0.03790849673202614
9 0.9794117647058823 0.4215686274509804 0.041176470588235294 0.040522875816993466
0 0.8235294117647058 0.4045751633986928 0.016176470588235296 0.05359477124183006
0 0.8297794117647059 0.4 0.01838235294117647 0.04967320261437908
4 0.8724264705882353 0.31633986928104574 0.09485294117647058 0.08366013071895424
0 0.9205882352941176 0.20261437908496732 0.01911764705882353 0.047058823529411764
0 0.6816176470588236 0.22875816993464052 0.010294117647058823 0.047058823529411764
2 0.6852941176470588 0.2326797385620915 0.01764705882352941 0.04967320261437908
3 0.74375 0.24705882352941178 0.08308823529411764 0.08888888888888889
1 0.25477941176470587 0.4542483660130719 0.009558823529411765 0.03529411764705882
1 0.2536764705882353 0.45816993464052286 0.01911764705882353 0.058823529411764705
9 0.2551470588235294 0.4588235294117647 0.029411764705882353 0.036601307189542485
1 0.1400735294117647 0.403921568627451 0.016911764705882352 0.0392156862745098
6 0.13786764705882354 0.4084967320261438 0.04044117647058824 0.040522875816993466
1 0.2036764705882353 0.21830065359477124 0.016176470588235296 0.044444444444444446
1 0.30220588235294116 0.2803921568627451 0.013235294117647059 0.040522875816993466
1 0.3154411764705882 0.2784313725490196 0.013235294117647059 0.03137254901960784
9 0.2036764705882353 0.2261437908496732 0.03235294117647059 0.03398692810457516
6 0.30772058823529413 0.28431372549019607 0.04044117647058824 0.048366013071895426
3 0.039338235294117646 0.32679738562091504 0.07867647058823529 0.08627450980392157
3 0.12610294117647058 0.17777777777777778 0.08602941176470588 0.06535947712418301
3 0.041176470588235294 0.1437908496732026 0.08235294117647059 0.07058823529411765
0 0.10551470588235294 0.11568627450980393 0.013970588235294118 0.050980392156862744
6 0.09044117647058823 0.07908496732026143 0.020588235294117647 0.06143790849673202
2 0.2036764705882353 0.1065359477124183 0.014705882352941176 0.040522875816993466
9 0.21507352941176472 0.11764705882352941 0.011029411764705883 0.04183006535947712
9 0.2286764705882353 0.1130718954248366 0.010294117647058823 0.048366013071895426
3 0.2599264705882353 0.10784313725490197 0.04338235294117647 0.08235294117647059
3 0.3150735294117647 0.0718954248366013 0.04926470588235294 0.08366013071895424
1 0.6367647058823529 0.0934640522875817 0.010294117647058823 0.03790849673202614
0 0.65625 0.1084967320261438 0.013970588235294118 0.03398692810457516
0 0.6665441176470588 0.09803921568627451 0.009558823529411765 0.047058823529411764
9 0.6610294117647059 0.10392156862745099 0.010294117647058823 0.040522875816993466
9 0.7496323529411765 0.16601307189542483 0.030147058823529412 0.03398692810457516
9 0.75625 0.06274509803921569 0.02426470588235294 0.03398692810457516
9 0.7860294117647059 0.07973856209150326 0.011764705882352941 0.04183006535947712
0 0.7555147058823529 0.09411764705882353 0.0125 0.044444444444444446
0 0.7705882352941177 0.07058823529411765 0.010294117647058823 0.03137254901960784
0 0.8202205882352941 0.024183006535947713 0.011029411764705883 0.043137254901960784
0 0.7926470588235294 0.07254901960784314 0.010294117647058823 0.0457516339869281
0 0.8091911764705882 0.17516339869281045 0.0125 0.044444444444444446
0 0.8205882352941176 0.17124183006535948 0.014705882352941176 0.0392156862745098
1 0.8128676470588235 0.16993464052287582 0.0125 0.02875816993464052
3 0.569485294117647 0.3254901960784314 0.04044117647058824 0.11764705882352941