3 0.5075 0.8572335025380711 0.030714285714285715 0.10025380710659898
3 0.5442857142857143 0.6110406091370558 0.024285714285714285 0.07487309644670051
3 0.5189285714285714 0.2893401015228426 0.015 0.03807106598984772
3 0.5235714285714286 0.08312182741116751 0.011428571428571429 0.024111675126903553
3 0.5235714285714286 0.038705583756345176 0.01 0.021573604060913704
3 0.3939285714285714 0.21637055837563451 0.012142857142857143 0.0266497461928934
3 0.395 0.10596446700507614 0.01 0.01903553299492386
4 0.5189285714285714 0.1567258883248731 0.013571428571428571 0.03934010152284264
4 0.5096428571428572 0.4847715736040609 0.02214285714285714 0.06852791878172589
3 0.3242857142857143 0.36421319796954316 0.015714285714285715 0.03807106598984772
5 0.5435714285714286 0.13324873096446702 0.02142857142857143 0.07106598984771574
9 0.4 0.03807106598984772 0.005714285714285714 0.017766497461928935
3 0.7435714285714285 0.04758883248730964 0.022857142857142857 0.01903553299492386
3 0.052142857142857144 0.19416243654822335 0.025714285714285714 0.017766497461928935
3 0.02 0.19098984771573604 0.025714285714285714 0.01649746192893401
3 0.12607142857142858 0.13578680203045684 0.020714285714285713 0.015228426395939087
3 0.1982142857142857 0.1116751269035533 0.017857142857142856 0.017766497461928935
3 0.30607142857142855 0.031091370558375634 0.012142857142857143 0.013959390862944163
3 0.27 0.06218274111675127 0.015714285714285715 0.017766497461928935
3 0.3132142857142857 0.03680203045685279 0.013571428571428571 0.017766497461928935
8 0.32607142857142857 0.023477157360406092 0.015 0.024111675126903553
3 0.2117857142857143 0.09263959390862944 0.016428571428571428 0.017766497461928935
0 0.07321428571428572 0.2550761421319797 0.007857142857142858 0.02030456852791878
0 0.065 0.25951776649746194 0.005714285714285714 0.01649746192893401
0 0.07321428571428572 0.23477157360406092 0.0064285714285714285 0.017766497461928935
0 0.08035714285714286 0.23921319796954316 0.005 0.01903553299492386
0 0.08428571428571428 0.23857868020304568 0.005714285714285714 0.02030456852791878
0 0.05785714285714286 0.29124365482233505 0.004285714285714286 0.01903553299492386
0 0.06107142857142857 0.29251269035532995 0.005 0.01903553299492386
0 0.19107142857142856 0.1998730964467005 0.0035714285714285713 0.011421319796954314
5 0.38785714285714284 0.4479695431472081 0.02857142857142857 0.12944162436548223
3 0.36 0.13642131979695432 0.01 0.024111675126903553
3 0.4367857142857143 0.007614213197969543 0.0064285714285714285 0.015228426395939087
0 0.81 0.8711928934010152 0.01 0.03680203045685279
0 0.8207142857142857 0.8718274111675127 0.008571428571428572 0.03553299492385787