3 0.9065 0.7786666666666666 0.053 0.06266666666666666
3 0.9385 0.742 0.05 0.050666666666666665
3 0.64425 0.7593333333333333 0.0635 0.052
3 0.6795 0.7246666666666667 0.055 0.044
3 0.71275 0.7463333333333333 0.0515 0.05
3 0.38525 0.7643333333333333 0.0565 0.038
3 0.3635 0.7376666666666667 0.061 0.04733333333333333
0 0.39575 0.7233333333333334 0.0085 0.032
3 0.351 0.6726666666666666 0.047 0.044
0 0.347 0.6346666666666667 0.007 0.028
9 0.39275 0.6563333333333333 0.0165 0.023333333333333334
9 0.40525 0.6493333333333333 0.0135 0.018666666666666668
9 0.42175 0.6693333333333333 0.0135 0.018666666666666668
9 0.4295 0.67 0.008 0.018666666666666668
2 0.4415 0.67 0.014 0.018666666666666668
9 0.45925 0.682 0.0135 0.02266666666666667
9 0.4655 0.6783333333333333 0.017 0.020666666666666667
3 0.27625 0.588 0.0245 0.025333333333333333
3 0.253 0.5616666666666666 0.039 0.022
9 0.27775 0.562 0.0075 0.009333333333333334
0 0.27025 0.5363333333333333 0.0045 0.015333333333333332
9 0.211 0.5526666666666666 0.014 0.012
4 0.18575 0.55 0.0225 0.025333333333333333
3 0.16 0.6133333333333333 0.049 0.02666666666666667
3 0.15075 0.5996666666666667 0.0505 0.026
3 0.1355 0.597 0.046 0.024666666666666667
3 0.1255 0.5926666666666667 0.044 0.02266666666666667
3 0.11375 0.586 0.0365 0.021333333333333333
3 0.098 0.568 0.042 0.021333333333333333
3 0.08575 0.5666666666666667 0.0455 0.028
3 0.0785 0.56 0.044 0.024
3 0.078 0.5513333333333333 0.036 0.02
3 0.09625 0.52 0.0225 0.02
3 0.0485 0.494 0.019 0.02
3 0.06475 0.478 0.0225 0.016
3 0.0445 0.475 0.017 0.015333333333333332
3 0.0365 0.4713333333333333 0.021 0.013333333333333334
3 0.01425 0.5093333333333333 0.0265 0.014666666666666666
0 0.82525 0.7983333333333333 0.0095 0.03666666666666667
0 0.79875 0.7846666666666666 0.0125 0.036
2 0.80825 0.8076666666666666 0.0295 0.03133333333333333