3 0.2639705882352941 0.969281045751634 0.13529411764705881 0.06143790849673202
3 0.14558823529411766 0.8751633986928105 0.12941176470588237 0.1111111111111111
3 0.16875 0.7980392156862746 0.12867647058823528 0.10588235294117647
0 0.37169117647058825 0.6941176470588235 0.0125 0.06013071895424837
4 0.3371323529411765 0.6137254901960785 0.06544117647058824 0.09281045751633987
3 0.6705882352941176 0.5575163398692811 0.045588235294117645 0.08496732026143791
0 0.6514705882352941 0.4928104575163399 0.008823529411764706 0.04967320261437908
3 0.6018382352941176 0.5 0.03308823529411765 0.0718954248366013
3 0.6290441176470588 0.4189542483660131 0.03308823529411765 0.058823529411764705
1 0.6731617647058824 0.4045751633986928 0.011029411764705883 0.0196078431372549
2 0.6511029411764706 0.3738562091503268 0.016911764705882352 0.026143790849673203
9 0.6536764705882353 0.3784313725490196 0.016176470588235296 0.027450980392156862
1 0.6143382352941177 0.36013071895424836 0.008088235294117648 0.03790849673202614
1 0.6253676470588235 0.3457516339869281 0.008088235294117648 0.040522875816993466
1 0.6555147058823529 0.31437908496732025 0.011029411764705883 0.043137254901960784
6 0.6183823529411765 0.28431372549019607 0.027941176470588237 0.02483660130718954
9 0.2893382352941177 0.4594771241830065 0.028676470588235293 0.02483660130718954
9 0.2922794117647059 0.44313725490196076 0.027205882352941177 0.023529411764705882
2 0.2959558823529412 0.43529411764705883 0.028676470588235293 0.03398692810457516
5 0.36617647058823527 0.42483660130718953 0.06764705882352941 0.06274509803921569
4 0.375 0.40326797385620916 0.058823529411764705 0.058823529411764705
3 0.3889705882352941 0.3588235294117647 0.06470588235294118 0.0457516339869281
1 0.4488970588235294 0.40261437908496733 0.011029411764705883 0.02875816993464052
6 0.4511029411764706 0.41045751633986927 0.016911764705882352 0.04967320261437908
1 0.5161764705882353 0.3581699346405229 0.008823529411764706 0.02875816993464052
9 0.5161764705882353 0.3673202614379085 0.008823529411764706 0.03398692810457516
0 0.5448529411764705 0.296078431372549 0.007352941176470588 0.03790849673202614
9 0.618014705882353 0.21633986928104576 0.006617647058823529 0.02483660130718954
3 0.5602941176470588 0.2627450980392157 0.023529411764705882 0.044444444444444446
3 0.5580882352941177 0.22679738562091503 0.022058823529411766 0.03790849673202614
3 0.5536764705882353 0.19869281045751633 0.023529411764705882 0.04183006535947712
0 0.6147058823529412 0.18496732026143792 0.0058823529411764705 0.027450980392156862
0 0.5904411764705882 0.18496732026143792 0.0058823529411764705 0.030065359477124184
1 0.5691176470588235 0.17516339869281045 0.0058823529411764705 0.02875816993464052
1 0.5753676470588235 0.17058823529411765 0.005147058823529412 0.01699346405228758
7 0.5680147058823529 0.1718954248366013 0.027205882352941177 0.032679738562091505
3 0.3536764705882353 0.27647058823529413 0.03676470588235294 0.06928104575163399
9 0.38823529411764707 0.2679738562091503 0.011764705882352941 0.026143790849673203
3 0.40625 0.25947712418300656 0.05073529411764706 0.043137254901960784
3 0.4099264705882353 0.23594771241830065 0.04191176470588235 0.03529411764705882
9 0.4022058823529412 0.21895424836601307 0.016176470588235296 0.022222222222222223
3 0.43161764705882355 0.21568627450980393 0.03823529411764706 0.0392156862745098
3 0.41360294117647056 0.19215686274509805 0.04485294117647059 0.03137254901960784
5 0.39742647058823527 0.16732026143790849 0.05955882352941176 0.044444444444444446
3 0.4275735294117647 0.14640522875816994 0.03602941176470588 0.03137254901960784
4 0.4264705882352941 0.1287581699346405 0.030882352941176472 0.03529411764705882
3 0.42867647058823527 0.11437908496732026 0.029411764705882353 0.02483660130718954
3 0.5003676470588235 0.10915032679738562 0.011029411764705883 0.02483660130718954
3 0.43419117647058825 0.07581699346405228 0.019852941176470587 0.026143790849673203
3 0.4430147058823529 0.06013071895424837 0.02426470588235294 0.023529411764705882
3 0.45845588235294116 0.049019607843137254 0.0125 0.022222222222222223
3 0.4400735294117647 0.045098039215686274 0.0125 0.022222222222222223
5 0.4360294117647059 0.034640522875816995 0.03235294117647059 0.022222222222222223
3 0.44779411764705884 0.030065359477124184 0.023529411764705882 0.02091503267973856
3 0.44375 0.01895424836601307 0.0125 0.0196078431372549
3 0.4183823529411765 0.013725490196078431 0.027941176470588237 0.01699346405228758
3 0.5470588235294118 0.12483660130718954 0.016176470588235296 0.027450980392156862
3 0.5448529411764705 0.10588235294117647 0.016176470588235296 0.026143790849673203
3 0.5426470588235294 0.08627450980392157 0.014705882352941176 0.026143790849673203
3 0.5316176470588235 0.009150326797385621 0.026470588235294117 0.018300653594771243
3 0.53125 0.013725490196078431 0.022794117647058822 0.022222222222222223
3 0.5441176470588235 0.027450980392156862 0.025 0.023529411764705882
3 0.524264705882353 0.032679738562091505 0.011764705882352941 0.02091503267973856
0 0.5117647058823529 0.013725490196078431 0.004411764705882353 0.01699346405228758
0 0.5150735294117647 0.01437908496732026 0.003676470588235294 0.018300653594771243
3 0.5386029411764706 0.038562091503267976 0.0125 0.0196078431372549
3 0.538235294117647 0.050980392156862744 0.013235294117647059 0.023529411764705882
3 0.5367647058823529 0.06143790849673202 0.014705882352941176 0.023529411764705882
9 0.5661764705882353 0.1084967320261438 0.010294117647058823 0.01568627450980392
9 0.5639705882352941 0.10522875816993464 0.011764705882352941 0.01437908496732026
9 0.5716911764705882 0.0784313725490196 0.011029411764705883 0.013071895424836602
9 0.575735294117647 0.06274509803921569 0.0058823529411764705 0.01045751633986928