4 0.29558823529411765 0.9555555555555556 0.0838235294117647 0.08888888888888889
3 0.7536764705882353 0.8947712418300654 0.06764705882352941 0.15294117647058825
3 0.6588235294117647 0.7784313725490196 0.045588235294117645 0.12156862745098039
3 0.5334558823529412 0.7483660130718954 0.04338235294117647 0.1111111111111111
3 0.6900735294117647 0.6411764705882353 0.04632352941176471 0.09542483660130718
4 0.3522058823529412 0.6431372549019608 0.08823529411764706 0.08627450980392157
4 0.36801470588235297 0.6032679738562091 0.0713235294117647 0.06666666666666667
3 0.3886029411764706 0.534640522875817 0.07867647058823529 0.06013071895424837
3 0.3514705882352941 0.40784313725490196 0.05 0.09934640522875816
3 0.4161764705882353 0.38169934640522873 0.060294117647058824 0.05228758169934641
3 0.4213235294117647 0.3483660130718954 0.04852941176470588 0.03790849673202614
3 0.4279411764705882 0.2875816993464052 0.051470588235294115 0.036601307189542485
3 0.44779411764705884 0.3202614379084967 0.04411764705882353 0.05228758169934641
3 0.5397058823529411 0.41241830065359475 0.027941176470588237 0.058823529411764705
3 0.5988970588235294 0.3895424836601307 0.028676470588235293 0.05751633986928104
3 0.5955882352941176 0.3392156862745098 0.026470588235294117 0.048366013071895426
3 0.5893382352941177 0.29934640522875816 0.028676470588235293 0.04967320261437908
0 0.5705882352941176 0.32222222222222224 0.007352941176470588 0.03790849673202614
0 0.7246323529411764 0.6692810457516339 0.013970588235294118 0.054901960784313725
0 0.6676470588235294 0.5450980392156862 0.008823529411764706 0.044444444444444446
1 0.7455882352941177 0.6183006535947713 0.013235294117647059 0.023529411764705882
0 0.6849264705882353 0.5228758169934641 0.008088235294117648 0.047058823529411764
6 0.6702205882352941 0.42483660130718953 0.03602941176470588 0.03137254901960784
0 0.6066176470588235 0.2679738562091503 0.007352941176470588 0.026143790849673203
0 0.6577205882352941 0.26209150326797387 0.006617647058823529 0.030065359477124184
3 0.5819852941176471 0.19673202614379084 0.016911764705882352 0.030065359477124184
3 0.5794117647058824 0.17124183006535948 0.01911764705882353 0.02875816993464052
3 0.5761029411764705 0.1450980392156863 0.016911764705882352 0.02875816993464052
3 0.5691176470588235 0.11372549019607843 0.014705882352941176 0.02875816993464052
3 0.5705882352941176 0.09934640522875816 0.016176470588235296 0.02091503267973856
5 0.5044117647058823 0.10392156862745099 0.01911764705882353 0.048366013071895426
3 0.4650735294117647 0.11045751633986928 0.028676470588235293 0.02483660130718954
4 0.4625 0.09281045751633987 0.016176470588235296 0.026143790849673203
3 0.4823529411764706 0.09803921568627451 0.016176470588235296 0.026143790849673203
3 0.45551470588235293 0.1300653594771242 0.02426470588235294 0.032679738562091505
3 0.44816176470588237 0.18235294117647058 0.03455882352941177 0.030065359477124184
4 0.44448529411764703 0.2019607843137255 0.03602941176470588 0.043137254901960784
3 0.4452205882352941 0.22549019607843138 0.04191176470588235 0.040522875816993466
5 0.40845588235294117 0.2549019607843137 0.0713235294117647 0.054901960784313725
9 0.2555147058823529 0.6967320261437908 0.03308823529411765 0.03398692810457516
9 0.26323529411764707 0.6679738562091503 0.027941176470588237 0.023529411764705882
2 0.26691176470588235 0.6607843137254902 0.03235294117647059 0.030065359477124184
9 0.7180147058823529 0.5745098039215686 0.019852941176470587 0.032679738562091505
1 0.3915441176470588 0.3888888888888889 0.011029411764705883 0.030065359477124184
7 0.6055147058823529 0.26143790849673204 0.03308823529411765 0.04183006535947712
1 0.5463235294117647 0.1738562091503268 0.007352941176470588 0.018300653594771243
9 0.5459558823529411 0.18104575163398692 0.006617647058823529 0.022222222222222223