3 0.41360294117647056 0.8666666666666667 0.13602941176470587 0.26666666666666666
3 0.5158088235294118 0.6823529411764706 0.10955882352941176 0.14640522875816994
3 0.5683823529411764 0.5751633986928104 0.09264705882352942 0.11764705882352941
3 0.32169117647058826 0.6045751633986928 0.07426470588235294 0.15816993464052287
3 0.38125 0.396078431372549 0.05661764705882353 0.08366013071895424
3 0.37463235294117647 0.28366013071895424 0.04044117647058824 0.05228758169934641
3 0.31948529411764703 0.2777777777777778 0.03897058823529412 0.05620915032679739
3 0.29191176470588237 0.2196078431372549 0.030882352941176472 0.047058823529411764
3 0.31176470588235294 0.17516339869281045 0.025 0.03137254901960784
3 0.27536764705882355 0.1803921568627451 0.027205882352941177 0.0392156862745098
3 0.26838235294117646 0.15555555555555556 0.022058823529411766 0.03398692810457516
3 0.26066176470588237 0.13856209150326798 0.019852941176470587 0.03137254901960784
3 0.2838235294117647 0.10718954248366012 0.016176470588235296 0.023529411764705882
3 0.29669117647058824 0.47320261437908495 0.05955882352941176 0.10196078431372549
3 0.2827205882352941 0.3980392156862745 0.04926470588235294 0.07973856209150326
3 0.2691176470588235 0.3411764705882353 0.04264705882352941 0.07058823529411765
3 0.2580882352941177 0.2954248366013072 0.03676470588235294 0.06013071895424837
4 0.2386029411764706 0.25098039215686274 0.028676470588235293 0.06535947712418301
3 0.24485294117647058 0.23202614379084968 0.027941176470588237 0.048366013071895426
3 0.2286764705882353 0.18823529411764706 0.026470588235294117 0.0392156862745098
3 0.03713235294117647 0.23398692810457516 0.03161764705882353 0.047058823529411764
0 0.041176470588235294 0.5196078431372549 0.023529411764705882 0.07712418300653595
0 0.0375 0.5098039215686274 0.022058823529411766 0.0784313725490196
3 0.5375 0.296078431372549 0.047058823529411764 0.06143790849673202
3 0.555514705882353 0.22875816993464052 0.06397058823529411 0.04967320261437908
3 0.5860294117647059 0.1843137254901961 0.04264705882352941 0.036601307189542485
3 0.6356617647058823 0.19869281045751633 0.05220588235294118 0.04183006535947712
3 0.6544117647058824 0.22418300653594772 0.052941176470588235 0.043137254901960784
4 0.5948529411764706 0.33398692810457514 0.060294117647058824 0.06928104575163399
3 0.6161764705882353 0.3784313725490196 0.06764705882352941 0.06928104575163399
3 0.6551470588235294 0.3888888888888889 0.06911764705882353 0.08496732026143791
6 0.6176470588235294 0.2980392156862745 0.023529411764705882 0.04183006535947712
3 0.5772058823529411 0.16993464052287582 0.041176470588235294 0.03137254901960784
3 0.7764705882352941 0.44313725490196076 0.07058823529411765 0.08366013071895424
3 0.8834558823529411 0.4954248366013072 0.08602941176470588 0.09411764705882353
3 0.9580882352941177 0.5078431372549019 0.0838235294117647 0.09019607843137255
3 0.9566176470588236 0.6313725490196078 0.08676470588235294 0.10457516339869281
1 0.96875 0.7248366013071895 0.03602941176470588 0.10065359477124183
9 0.9665441176470588 0.7405228758169935 0.04485294117647059 0.07973856209150326
0 0.6919117647058823 0.3405228758169935 0.014705882352941176 0.06405228758169934
0 0.6768382352941177 0.3352941176470588 0.015441176470588236 0.05359477124183006
0 0.7974264705882353 0.36666666666666664 0.015441176470588236 0.06143790849673202
0 0.8066176470588236 0.365359477124183 0.011764705882352941 0.050980392156862744
1 0.8051470588235294 0.5222222222222223 0.023529411764705882 0.06405228758169934
9 0.8040441176470589 0.5333333333333333 0.05073529411764706 0.07320261437908497
3 0.23345588235294118 0.08235294117647059 0.013970588235294118 0.018300653594771243
6 0.2529411764705882 0.07777777777777778 0.007352941176470588 0.01699346405228758
3 0.17794117647058824 0.10718954248366012 0.014705882352941176 0.023529411764705882
3 0.19044117647058822 0.08300653594771241 0.029411764705882353 0.022222222222222223
4 0.22720588235294117 0.06601307189542484 0.011764705882352941 0.0196078431372549
3 0.2363970588235294 0.06339869281045751 0.009558823529411765 0.01699346405228758
3 0.24044117647058824 0.04967320261437908 0.011764705882352941 0.01568627450980392
1 0.17463235294117646 0.056862745098039215 0.003676470588235294 0.011764705882352941
3 0.19191176470588237 0.03333333333333333 0.008823529411764706 0.011764705882352941
4 0.20919117647058824 0.03071895424836601 0.008088235294117648 0.01437908496732026
3 0.23308823529411765 0.038562091503267976 0.007352941176470588 0.011764705882352941
3 0.2301470588235294 0.03202614379084967 0.0058823529411764705 0.009150326797385621
1 0.3338235294117647 0.20718954248366014 0.008823529411764706 0.030065359477124184
9 0.3352941176470588 0.2150326797385621 0.010294117647058823 0.027450980392156862