0 0.42 0.7333333333333333 0.023 0.058666666666666666
0 0.393 0.7323333333333333 0.021 0.05533333333333333
4 0.79175 0.839 0.1065 0.2673333333333333
0 0.649 0.6003333333333334 0.022 0.054
0 0.592 0.543 0.026 0.05533333333333333
1 0.34625 0.622 0.0285 0.052
1 0.31625 0.607 0.0245 0.056666666666666664
0 0.39575 0.4696666666666667 0.0175 0.048666666666666664
2 0.416 0.5796666666666667 0.017 0.058
1 0.41575 0.5643333333333334 0.0175 0.05
4 0.25125 0.6076666666666667 0.0945 0.17533333333333334
4 0.2315 0.43266666666666664 0.108 0.10266666666666667
4 0.219 0.334 0.086 0.068
3 0.08425 0.3536666666666667 0.1005 0.05533333333333333
3 0.19375 0.256 0.0845 0.04933333333333333
2 0.39475 0.244 0.0115 0.030666666666666665
1 0.39525 0.23666666666666666 0.0105 0.034666666666666665
3 0.84575 0.24566666666666667 0.0835 0.048666666666666664
3 0.4225 0.154 0.027 0.04666666666666667
3 0.3805 0.148 0.028 0.04133333333333333
0 0.46825 0.10366666666666667 0.0105 0.028666666666666667
2 0.445 0.08766666666666667 0.007 0.018
1 0.44475 0.08066666666666666 0.0055 0.02266666666666667
0 0.401 0.12766666666666668 0.007 0.03
1 0.39725 0.131 0.0075 0.022
3 0.44225 0.04 0.0185 0.024
0 0.42975 0.03966666666666667 0.0065 0.024666666666666667
3 0.42875 0.008666666666666666 0.0165 0.017333333333333333