3 0.5897703549060542 0.5876623376623377 0.04592901878914405 0.039888682745825604
3 0.8329853862212944 0.6275510204081632 0.049060542797494784 0.039888682745825604
3 0.9222338204592901 0.6377551020408163 0.0511482254697286 0.039888682745825604
3 0.6456158663883089 0.3849721706864564 0.015657620041753653 0.03525046382189239
3 0.6268267223382046 0.3715213358070501 0.014613778705636743 0.036178107606679034
3 0.6187369519832986 0.34461966604823746 0.013048016701461378 0.030612244897959183
4 0.6383089770354906 0.3404452690166976 0.014613778705636743 0.03896103896103896
3 0.6132567849686847 0.27133580705009275 0.009394572025052192 0.0287569573283859
3 0.6072546972860126 0.23098330241187384 0.008872651356993737 0.01855287569573284
3 0.6286534446764092 0.19434137291280149 0.010960334029227558 0.01948051948051948
3 0.38308977035490605 0.2537105751391466 0.026096033402922755 0.017625231910946195
3 0.3872651356993737 0.24304267161410018 0.024008350730688934 0.01855287569573284
3 0.6085594989561587 0.1525974025974026 0.008350730688935281 0.017625231910946195
3 0.5947286012526096 0.12012987012987013 0.006784968684759917 0.013914656771799629
3 0.605427974947808 0.11363636363636363 0.007306889352818371 0.013914656771799629
3 0.6088204592901879 0.10064935064935066 0.007828810020876827 0.013914656771799629
3 0.6007306889352818 0.06910946196660482 0.007306889352818371 0.012059369202226345
3 0.5845511482254697 0.0686456400742115 0.006263048016701462 0.012987012987012988
3 0.5882045929018789 0.05705009276437848 0.005219206680584551 0.01020408163265306
3 0.5981210855949896 0.05705009276437848 0.005219206680584551 0.012059369202226345
3 0.5879436325678496 0.04267161410018553 0.006784968684759917 0.011131725417439703
3 0.5866388308977035 0.026437847866419294 0.006263048016701462 0.008348794063079777
3 0.5801148225469729 0.01948051948051948 0.0036534446764091857 0.00927643784786642
1 0.7841858037578288 0.5496289424860853 0.007828810020876827 0.01948051948051948
1 0.8366388308977035 0.5292207792207793 0.0041753653444676405 0.01948051948051948
1 0.9313674321503131 0.5333951762523191 0.005741127348643006 0.02040816326530612
1 0.5441022964509394 0.4044526901669759 0.004697286012526096 0.011131725417439703
9 0.7834029227557411 0.5575139146567718 0.014613778705636743 0.01855287569573284
9 0.833768267223382 0.5347866419294991 0.015135699373695199 0.013914656771799629
9 0.9298016701461378 0.5422077922077922 0.014091858037578288 0.012059369202226345
9 0.5433194154488518 0.41233766233766234 0.007306889352818371 0.012059369202226345
9 0.5532359081419624 0.29081632653061223 0.0041753653444676405 0.013914656771799629
9 0.5537578288100209 0.2532467532467532 0.003131524008350731 0.00927643784786642
1 0.5529749478079332 0.28432282003710574 0.0036534446764091857 0.01020408163265306
1 0.5537578288100209 0.24675324675324675 0.0041753653444676405 0.011131725417439703
0 0.5448851774530271 0.14703153988868276 0.003131524008350731 0.013914656771799629
1 0.5561064718162839 0.060760667903525044 0.0026096033402922755 0.006493506493506494
9 0.5561064718162839 0.06493506493506493 0.0036534446764091857 0.0037105751391465678
0 0.5571503131524008 0.011595547309833023 0.0026096033402922755 0.008348794063079777
1 0.42667014613778703 0.46660482374768086 0.005741127348643006 0.02040816326530612
9 0.4253653444676409 0.47217068645640076 0.015657620041753653 0.00927643784786642
5 0.6346555323590815 0.30194805194805197 0.015657620041753653 0.038033395176252316