3 0.7708768267223383 0.6646567717996289 0.08559498956158663 0.06771799628942486
0 0.6505741127348643 0.474025974025974 0.015135699373695199 0.04267161410018553
3 0.5811586638830898 0.39888682745825604 0.02348643006263048 0.04267161410018553
7 0.25156576200417535 0.87847866419295 0.054279749478079335 0.137291280148423
3 0.09733820459290188 0.7564935064935064 0.0975991649269311 0.07328385899814471
3 0.3804801670146138 0.6544526901669759 0.07933194154488518 0.06771799628942486
4 0.49086638830897705 0.602504638218924 0.0652400835073069 0.08998144712430427
4 0.45563674321503134 0.48886827458256027 0.059498956158663886 0.04823747680890538
5 0.6403966597077244 0.3631725417439703 0.03549060542797495 0.11038961038961038
0 0.5678496868475992 0.29684601113172543 0.005219206680584551 0.01855287569573284
2 0.5683716075156576 0.3014842300556586 0.005219206680584551 0.014842300556586271
0 0.5362734864300627 0.29730983302411873 0.004697286012526096 0.015769944341372914
0 0.5331419624217119 0.30009276437847865 0.0026096033402922755 0.012059369202226345
9 0.5362734864300627 0.30287569573283857 0.010960334029227558 0.01020408163265306
5 0.5683716075156576 0.26484230055658625 0.015657620041753653 0.03432282003710575
4 0.5897703549060542 0.1794990723562152 0.005219206680584551 0.013914656771799629
0 0.5879436325678496 0.17161410018552875 0.0026096033402922755 0.00927643784786642
6 0.5994258872651357 0.2504638218923933 0.006784968684759917 0.01855287569573284
6 0.6127348643006263 0.24953617810760667 0.007306889352818371 0.02040816326530612
5 0.6231732776617954 0.25742115027829315 0.010438413361169102 0.023191094619666047
0 0.6064718162839249 0.27087198515769945 0.0041753653444676405 0.014842300556586271
2 0.6059498956158664 0.2750463821892393 0.005219206680584551 0.008348794063079777
5 0.5884655532359081 0.12198515769944342 0.005741127348643006 0.013914656771799629
3 0.4866910229645094 0.4554730983302412 0.0360125260960334 0.03710575139146568
0 0.49504175365344466 0.4642857142857143 0.008872651356993737 0.0287569573283859
3 0.4264091858037578 0.5932282003710575 0.06889352818371608 0.04916512059369202
0 0.4167536534446764 0.6020408163265306 0.007828810020876827 0.04638218923933209
4 0.42484342379958245 0.5547309833024119 0.05323590814196242 0.03339517625231911
3 0.8248956158663883 0.5157699443413729 0.06419624217118998 0.04452690166975881