3 0.5025 0.16116751269035534 0.027857142857142858 0.07360406091370558
3 0.5617857142857143 0.28616751269035534 0.05357142857142857 0.07741116751269035
3 0.64 0.44352791878172587 0.06714285714285714 0.05964467005076142
3 0.91 0.5939086294416244 0.07714285714285714 0.06091370558375635
3 0.55 0.09644670050761421 0.05142857142857143 0.0532994923857868
3 0.71 0.08756345177664974 0.05285714285714286 0.05583756345177665
3 0.29 0.516497461928934 0.05 0.11421319796954314
3 0.29285714285714287 0.7271573604060914 0.04 0.12944162436548223
3 0.3964285714285714 0.9441624365482234 0.037142857142857144 0.10913705583756345
3 0.43392857142857144 0.942258883248731 0.04214285714285714 0.11294416243654823
3 0.4760714285714286 0.9562182741116751 0.035 0.0850253807106599
3 0.6532142857142857 0.9695431472081218 0.05071428571428571 0.0583756345177665
3 0.6203571428571428 0.9365482233502538 0.06357142857142857 0.116751269035533
3 0.5989285714285715 0.8845177664974619 0.07214285714285715 0.10913705583756345
3 0.5667857142857143 0.8356598984771574 0.07357142857142857 0.12563451776649745
3 0.5075 0.7385786802030457 0.062142857142857146 0.10152284263959391
3 0.4828571428571429 0.6960659898477157 0.06428571428571428 0.10786802030456853
3 0.4632142857142857 0.6478426395939086 0.06642857142857143 0.11548223350253807
3 0.43714285714285717 0.6097715736040609 0.06428571428571428 0.10025380710659898
3 0.41785714285714287 0.575507614213198 0.05142857142857143 0.09263959390862944
3 0.39714285714285713 0.5444162436548223 0.05714285714285714 0.09390862944162437
3 0.37857142857142856 0.5120558375634517 0.05285714285714286 0.0799492385786802
3 0.36642857142857144 0.46954314720812185 0.05142857142857143 0.08883248730964467
3 0.3457142857142857 0.4447969543147208 0.04857142857142857 0.0850253807106599
3 0.3335714285714286 0.41116751269035534 0.047142857142857146 0.08629441624365482
3 0.3414285714285714 0.5571065989847716 0.05 0.10406091370558376
3 0.30392857142857144 0.46256345177664976 0.047857142857142855 0.10532994923857868
3 0.29035714285714287 0.3743654822335025 0.03642857142857143 0.08883248730964467
3 0.23714285714285716 0.5336294416243654 0.03571428571428571 0.12309644670050761
3 0.2067857142857143 0.5310913705583756 0.03357142857142857 0.13071065989847716
3 0.1657142857142857 0.8591370558375635 0.04 0.14720812182741116
3 0.18571428571428572 0.7220812182741116 0.03571428571428571 0.12690355329949238
3 0.22107142857142856 0.7246192893401016 0.03642857142857143 0.1218274111675127
3 0.205 0.8515228426395939 0.047142857142857146 0.1319796954314721
3 0.24321428571428572 0.8483502538071066 0.039285714285714285 0.13071065989847716
3 0.25357142857142856 0.7246192893401016 0.03428571428571429 0.10406091370558376
3 0.28214285714285714 0.8489847715736041 0.03571428571428571 0.12690355329949238
3 0.24964285714285714 0.4137055837563452 0.03642857142857143 0.11928934010152284
3 0.21821428571428572 0.4219543147208122 0.030714285714285715 0.09517766497461928
5 0.24892857142857142 0.31408629441624364 0.03642857142857143 0.11040609137055837
3 0.5139285714285714 0.2785532994923858 0.04928571428571429 0.08248730964467005
3 0.5596428571428571 0.34517766497461927 0.047857142857142855 0.07614213197969544
3 0.9717857142857143 0.18401015228426396 0.056428571428571425 0.09137055837563451
3 0.7610714285714286 0.14086294416243655 0.04928571428571429 0.06091370558375635
3 0.8289285714285715 0.20875634517766498 0.052142857142857144 0.07487309644670051
3 0.9021428571428571 0.29441624365482233 0.05142857142857143 0.06598984771573604
5 0.9796428571428571 0.36928934010152287 0.04071428571428572 0.06852791878172589
3 0.29 0.2956852791878173 0.04428571428571428 0.06091370558375635
3 0.3157142857142857 0.35152284263959394 0.047142857142857146 0.07360406091370558