0 0.8235714285714286 0.33121827411167515 0.004285714285714286 0.017766497461928935
0 0.7757142857142857 0.27093908629441626 0.005714285714285714 0.01649746192893401
0 0.9239285714285714 0.4365482233502538 0.005 0.017766497461928935
0 0.8842857142857142 0.3737309644670051 0.005714285714285714 0.01903553299492386
0 0.9510714285714286 0.3470812182741117 0.0064285714285714285 0.01903553299492386
0 0.9707142857142858 0.37753807106598986 0.005714285714285714 0.01649746192893401
3 0.5825 0.3013959390862944 0.019285714285714285 0.0266497461928934
3 0.47285714285714286 0.33248730964467005 0.015714285714285715 0.030456852791878174
3 0.3492857142857143 0.13959390862944163 0.015714285714285715 0.015228426395939087
5 0.6539285714285714 0.1865482233502538 0.03785714285714286 0.030456852791878174
5 0.615 0.15228426395939088 0.032857142857142856 0.02030456852791878
5 0.6182142857142857 0.14720812182741116 0.03357142857142857 0.025380710659898477
5 0.6214285714285714 0.1434010152284264 0.032857142857142856 0.027918781725888325
5 0.6314285714285715 0.13642131979695432 0.03142857142857143 0.0266497461928934
5 0.6392857142857142 0.1313451776649746 0.03 0.024111675126903553
8 0.6385714285714286 0.12309644670050761 0.022857142857142857 0.017766497461928935
5 0.9282142857142858 0.2201776649746193 0.047857142857142855 0.03426395939086294
5 0.975 0.23096446700507614 0.047142857142857146 0.04060913705583756
3 0.4496428571428571 0.6243654822335025 0.023571428571428573 0.04314720812182741
3 0.30964285714285716 0.5558375634517766 0.025 0.04060913705583756
3 0.22714285714285715 0.3889593908629442 0.02142857142857143 0.031725888324873094
3 0.12428571428571429 0.37944162436548223 0.02142857142857143 0.025380710659898477
3 0.1432142857142857 0.21192893401015228 0.012142857142857143 0.015228426395939087
3 0.03357142857142857 0.04378172588832487 0.007142857142857143 0.011421319796954314
3 0.5953571428571428 0.038705583756345176 0.009285714285714286 0.013959390862944163
3 0.5364285714285715 0.03934010152284264 0.007142857142857143 0.01015228426395939
3 0.6475 0.04885786802030457 0.007857142857142858 0.011421319796954314
3 0.6567857142857143 0.00951776649746193 0.007857142857142858 0.008883248730964468