9 0.15642857142857142 0.2100253807106599 0.01 0.024111675126903553
9 0.15285714285714286 0.18718274111675126 0.011428571428571429 0.01649746192893401
4 0.14035714285714285 0.08883248730964467 0.017857142857142856 0.025380710659898477
4 0.14607142857142857 0.09200507614213198 0.020714285714285713 0.021573604060913704
3 0.14964285714285713 0.10025380710659898 0.020714285714285713 0.02030456852791878
3 0.15178571428571427 0.1116751269035533 0.015 0.017766497461928935
3 0.17107142857142857 0.1065989847715736 0.017857142857142856 0.02030456852791878
3 0.1732142857142857 0.10215736040609137 0.015 0.021573604060913704
4 0.165 0.12436548223350254 0.01 0.02030456852791878
3 0.16785714285714284 0.15926395939086294 0.011428571428571429 0.021573604060913704
4 0.2042857142857143 0.4486040609137056 0.03428571428571429 0.03934010152284264
0 0.19714285714285715 0.08883248730964467 0.002857142857142857 0.012690355329949238
0 0.21107142857142858 0.10723350253807107 0.0035714285714285713 0.011421319796954314
0 0.21142857142857144 0.12055837563451777 0.002857142857142857 0.012690355329949238
0 0.2382142857142857 0.12309644670050761 0.002142857142857143 0.01015228426395939
0 0.24142857142857144 0.14911167512690354 0.002857142857142857 0.011421319796954314
0 0.245 0.16687817258883247 0.002857142857142857 0.011421319796954314
0 0.24642857142857144 0.16560913705583757 0.002857142857142857 0.01649746192893401
0 0.25142857142857145 0.16053299492385786 0.004285714285714286 0.013959390862944163
0 0.2542857142857143 0.16053299492385786 0.002857142857142857 0.013959390862944163
0 0.25821428571428573 0.20621827411167512 0.0035714285714285713 0.013959390862944163
0 0.2867857142857143 0.27918781725888325 0.0035714285714285713 0.015228426395939087
5 0.2932142857142857 0.022208121827411168 0.020714285714285713 0.024111675126903553
5 0.31 0.04060913705583756 0.018571428571428572 0.027918781725888325
0 0.3414285714285714 0.044416243654822336 0.002857142857142857 0.012690355329949238
4 0.3267857142857143 0.05583756345177665 0.019285714285714285 0.017766497461928935
4 0.3657142857142857 0.10215736040609137 0.012857142857142857 0.0266497461928934
4 0.37607142857142856 0.12246192893401016 0.010714285714285714 0.02918781725888325
4 0.3825 0.15101522842639595 0.010714285714285714 0.027918781725888325
3 0.3510714285714286 0.08883248730964467 0.010714285714285714 0.02030456852791878
3 0.3703571428571429 0.1700507614213198 0.012142857142857143 0.02284263959390863
4 0.35928571428571426 0.20431472081218274 0.014285714285714285 0.027918781725888325
4 0.3875 0.17449238578680204 0.012142857142857143 0.024111675126903553
0 0.39285714285714285 0.125 0.002857142857142857 0.013959390862944163
0 0.4232142857142857 0.22525380710659898 0.0035714285714285713 0.01649746192893401
0 0.4282142857142857 0.22461928934010153 0.002142857142857143 0.012690355329949238
8 0.3653571428571429 0.3299492385786802 0.05357142857142857 0.05583756345177665
8 0.4010714285714286 0.2519035532994924 0.02214285714285714 0.046954314720812185
8 0.4357142857142857 0.27982233502538073 0.06428571428571428 0.07487309644670051
8 0.5032142857142857 0.23604060913705585 0.04357142857142857 0.048223350253807105
8 0.56 0.1967005076142132 0.04 0.04568527918781726
8 0.6525 0.13007614213197968 0.04928571428571429 0.05456852791878172
3 0.6832142857142857 0.1199238578680203 0.016428571428571428 0.01903553299492386
0 0.6007142857142858 0.14657360406091371 0.004285714285714286 0.013959390862944163
0 0.6792857142857143 0.19098984771573604 0.004285714285714286 0.013959390862944163
0 0.5489285714285714 0.18781725888324874 0.0035714285714285713 0.017766497461928935
0 0.5325 0.19098984771573604 0.005 0.01649746192893401
0 0.4610714285714286 0.2398477157360406 0.0035714285714285713 0.017766497461928935
0 0.4735714285714286 0.23921319796954316 0.004285714285714286 0.01649746192893401
0 0.4760714285714286 0.24492385786802032 0.005 0.017766497461928935
0 0.5025 0.3280456852791878 0.0035714285714285713 0.01649746192893401
0 0.48178571428571426 0.3280456852791878 0.005 0.021573604060913704
0 0.4446428571428571 0.37182741116751267 0.005 0.02030456852791878
0 0.3607142857142857 0.3153553299492386 0.004285714285714286 0.021573604060913704
0 0.30142857142857143 0.34517766497461927 0.004285714285714286 0.02030456852791878
0 0.31357142857142856 0.3464467005076142 0.005714285714285714 0.02284263959390863
0 0.31464285714285717 0.342005076142132 0.005 0.021573604060913704
9 0.32785714285714285 0.35913705583756345 0.01 0.025380710659898477
9 0.32 0.3629441624365482 0.01 0.02284263959390863
9 0.3175 0.36611675126903553 0.012142857142857143 0.024111675126903553
9 0.3075 0.375 0.010714285714285714 0.021573604060913704
9 0.3007142857142857 0.3769035532994924 0.012857142857142857 0.025380710659898477
9 0.2975 0.38261421319796957 0.009285714285714286 0.021573604060913704
9 0.29035714285714287 0.38515228426395937 0.013571428571428571 0.024111675126903553
9 0.2867857142857143 0.3864213197969543 0.012142857142857143 0.021573604060913704
9 0.2825 0.39276649746192893 0.013571428571428571 0.021573604060913704
9 0.2785714285714286 0.3953045685279188 0.011428571428571429 0.021573604060913704
9 0.27214285714285713 0.3965736040609137 0.011428571428571429 0.0266497461928934
9 0.2675 0.4016497461928934 0.010714285714285714 0.024111675126903553
9 0.2617857142857143 0.40609137055837563 0.009285714285714286 0.017766497461928935
9 0.2575 0.4098984771573604 0.009285714285714286 0.017766497461928935
9 0.25 0.41116751269035534 0.012857142857142857 0.025380710659898477
9 0.24535714285714286 0.4149746192893401 0.013571428571428571 0.025380710659898477
9 0.24142857142857144 0.42258883248730966 0.011428571428571429 0.02284263959390863
9 0.23642857142857143 0.42385786802030456 0.014285714285714285 0.025380710659898477
9 0.22857142857142856 0.43210659898477155 0.011428571428571429 0.0266497461928934
0 0.3171428571428571 0.4606598984771574 0.004285714285714286 0.02284263959390863
0 0.3007142857142857 0.4847715736040609 0.007142857142857143 0.02284263959390863
0 0.29035714285714287 0.5609137055837563 0.007857142857142858 0.025380710659898477
0 0.37642857142857145 0.9714467005076142 0.005714285714285714 0.024111675126903553
0 0.3578571428571429 0.9866751269035533 0.005714285714285714 0.01903553299492386
0 0.3625 0.9625634517766497 0.0064285714285714285 0.021573604060913704
0 0.35642857142857143 0.9137055837563451 0.007142857142857143 0.02030456852791878
0 0.33464285714285713 0.7639593908629442 0.005 0.02030456852791878
0 0.3425 0.7614213197969543 0.0064285714285714285 0.02030456852791878
0 0.3357142857142857 0.7538071065989848 0.005714285714285714 0.02030456852791878
3 0.40285714285714286 0.7652284263959391 0.02 0.06091370558375635
0 0.3246428571428571 0.5139593908629442 0.005 0.02030456852791878
0 0.42178571428571426 0.5342639593908629 0.0035714285714285713 0.02030456852791878
0 0.5175 0.48921319796954316 0.005 0.01903553299492386
0 0.5332142857142858 0.49428934010152287 0.0035714285714285713 0.01903553299492386
0 0.5460714285714285 0.5044416243654822 0.005 0.021573604060913704
3 0.445 0.475253807106599 0.018571428571428572 0.04187817258883249
3 0.47 0.47715736040609136 0.018571428571428572 0.04314720812182741
3 0.45 0.4086294416243655 0.015714285714285715 0.03553299492385787
9 0.5035714285714286 0.40418781725888325 0.007142857142857143 0.024111675126903553
9 0.5371428571428571 0.47715736040609136 0.008571428571428572 0.02284263959390863
9 0.5435714285714286 0.47652284263959394 0.007142857142857143 0.024111675126903553
9 0.5489285714285714 0.47588832487309646 0.0064285714285714285 0.02284263959390863
9 0.5539285714285714 0.4714467005076142 0.0064285714285714285 0.024111675126903553
9 0.5639285714285714 0.4733502538071066 0.007857142857142858 0.02284263959390863
9 0.5935714285714285 0.4980964467005076 0.008571428571428572 0.024111675126903553
9 0.5860714285714286 0.47652284263959394 0.0064285714285714285 0.0266497461928934
9 0.5764285714285714 0.4651015228426396 0.007142857142857143 0.0266497461928934
0 0.5946428571428571 0.6173857868020305 0.0035714285714285713 0.011421319796954314
0 0.6153571428571428 0.6675126903553299 0.005 0.025380710659898477
0 0.5992857142857143 0.6192893401015228 0.004285714285714286 0.02030456852791878
0 0.6221428571428571 0.6605329949238579 0.004285714285714286 0.021573604060913704