3 0.5575 0.5853333333333334 0.039 0.03866666666666667
4 0.71025 0.7343333333333333 0.0645 0.06733333333333333
4 0.64975 0.6753333333333333 0.0595 0.06
4 0.60425 0.625 0.0455 0.048666666666666664
4 0.53225 0.5513333333333333 0.0355 0.04
3 0.506 0.532 0.03 0.034666666666666665
3 0.4475 0.502 0.028 0.02666666666666667
3 0.4605 0.482 0.024 0.02266666666666667
3 0.4485 0.4673333333333333 0.016 0.02
3 0.4405 0.45566666666666666 0.018 0.019333333333333334
3 0.42975 0.44233333333333336 0.0225 0.019333333333333334
4 0.4185 0.42733333333333334 0.016 0.021333333333333333
4 0.40925 0.41733333333333333 0.0145 0.021333333333333333
5 0.39 0.2823333333333333 0.008 0.01
3 0.376 0.30266666666666664 0.007 0.008
4 0.3955 0.395 0.013 0.018
3 0.39075 0.38866666666666666 0.0115 0.014666666666666666
5 0.38475 0.37266666666666665 0.0125 0.02
4 0.3805 0.35933333333333334 0.01 0.013333333333333334
3 0.3795 0.351 0.011 0.01
3 0.3805 0.32966666666666666 0.007 0.008666666666666666
3 0.38 0.32133333333333336 0.011 0.009333333333333334
0 0.37075 0.357 0.0025 0.011333333333333334
6 0.371 0.3586666666666667 0.004 0.006666666666666667
3 0.33825 0.36333333333333334 0.0105 0.010666666666666666
3 0.344 0.3323333333333333 0.008 0.01
3 0.33 0.30766666666666664 0.006 0.007333333333333333
3 0.33425 0.30633333333333335 0.0055 0.007333333333333333
3 0.30175 0.354 0.0115 0.012
0 0.2985 0.32666666666666666 0.002 0.009333333333333334
1 0.2965 0.44433333333333336 0.008 0.011333333333333334
9 0.29625 0.45166666666666666 0.0065 0.018
3 0.25875 0.38533333333333336 0.0105 0.014666666666666666
3 0.1965 0.5756666666666667 0.062 0.035333333333333335
3 0.174 0.5463333333333333 0.052 0.03
3 0.2485 0.5206666666666667 0.023 0.029333333333333333
3 0.25375 0.49466666666666664 0.0315 0.025333333333333333
3 0.254 0.47833333333333333 0.037 0.027333333333333334
3 0.24825 0.464 0.0195 0.02
3 0.252 0.416 0.02 0.017333333333333333
3 0.254 0.4063333333333333 0.014 0.015333333333333332
0 0.0285 0.4053333333333333 0.004 0.017333333333333333
0 0.08525 0.398 0.0035 0.014666666666666666
4 0.172 0.38666666666666666 0.03 0.02
3 0.15025 0.38066666666666665 0.0205 0.010666666666666666
3 0.154 0.37533333333333335 0.021 0.014666666666666666
3 0.15775 0.373 0.0235 0.014
3 0.16275 0.36833333333333335 0.0225 0.014
3 0.11 0.362 0.011 0.012
9 0.0895 0.37566666666666665 0.008 0.008666666666666666
9 0.097 0.367 0.006 0.008666666666666666
5 0.16225 0.3393333333333333 0.0435 0.018666666666666668
5 0.12025 0.3396666666666667 0.0325 0.016666666666666666