4 0.591 0.018666666666666668 0.019 0.03333333333333333
3 0.601 0.043666666666666666 0.025 0.03
0 0.6135 0.084 0.008 0.028
4 0.68975 0.22066666666666668 0.0505 0.072
4 0.74375 0.3456666666666667 0.0575 0.098
3 0.78175 0.448 0.0635 0.1
8 0.91575 0.777 0.1685 0.442
3 0.585 0.28933333333333333 0.033 0.06133333333333333
3 0.55525 0.38966666666666666 0.0345 0.07
3 0.263 0.25 0.038 0.06133333333333333
3 0.2415 0.3373333333333333 0.041 0.07733333333333334
3 0.17925 0.484 0.0605 0.1
4 0.13125 0.6076666666666667 0.0905 0.158
0 0.348 0.043 0.009 0.03666666666666667