3 0.2640918580375783 0.9471243042671614 0.07620041753653445 0.07050092764378478
3 0.27139874739039666 0.8390538033395176 0.06367432150313153 0.0640074211502783
3 0.2839248434237996 0.7402597402597403 0.06367432150313153 0.059369202226345084
3 0.5597599164926931 0.8079777365491652 0.06002087682672234 0.04638218923933209
3 0.5362734864300627 0.6280148423005566 0.04645093945720251 0.06493506493506493
3 0.5634133611691023 0.6595547309833024 0.05271398747390397 0.06493506493506493
3 0.027661795407098122 0.32838589981447125 0.019832985386221295 0.03153988868274583
3 0.09681628392484343 0.3585343228200371 0.03496868475991649 0.030612244897959183
3 0.09733820459290188 0.33534322820037105 0.03288100208768267 0.023191094619666047
4 0.09472860125260961 0.10946196660482375 0.019311064718162838 0.01855287569573284
3 0.10464509394572025 0.10435992578849722 0.01826722338204593 0.012059369202226345
3 0.10334029227557412 0.0950834879406308 0.024008350730688934 0.013914656771799629
3 0.1098643006263048 0.08766233766233766 0.015135699373695199 0.01020408163265306
3 0.11612734864300626 0.07884972170686456 0.024530271398747392 0.016697588126159554
3 0.13100208768267224 0.05705009276437848 0.020876826722338204 0.015769944341372914
3 0.13856993736951984 0.04313543599257885 0.01826722338204593 0.015769944341372914
4 0.1589248434237996 0.10714285714285714 0.02244258872651357 0.01948051948051948
3 0.15292275574112735 0.10204081632653061 0.022964509394572025 0.01855287569573284
3 0.15553235908141963 0.09369202226345083 0.024008350730688934 0.016697588126159554
3 0.17014613778705637 0.12708719851576994 0.028183716075156576 0.022263450834879406
3 0.17771398747390396 0.13172541743970315 0.02139874739039666 0.01855287569573284
4 0.18528183716075156 0.13404452690166976 0.020876826722338204 0.021335807050092765
4 0.2111169102296451 0.14007421150278293 0.01722338204592902 0.016697588126159554
7 0.27505219206680587 0.7796846011131725 0.037578288100208766 0.04916512059369202
3 0.4890396659707724 0.15769944341372913 0.012526096033402923 0.022263450834879406
3 0.5039144050104384 0.15584415584415584 0.013048016701461378 0.022263450834879406
3 0.5169624217118998 0.15584415584415584 0.013048016701461378 0.01855287569573284
3 0.5302713987473904 0.1525974025974026 0.013569937369519834 0.023191094619666047
4 0.5876826722338204 0.14795918367346939 0.016701461377870562 0.021335807050092765
4 0.600991649269311 0.14517625231910947 0.013048016701461378 0.021335807050092765
3 0.6487473903966597 0.13868274582560297 0.015657620041753653 0.01948051948051948
3 0.7001565762004175 0.13404452690166976 0.01722338204592902 0.017625231910946195
4 0.7233820459290188 0.12987012987012986 0.016701461377870562 0.02040816326530612
3 0.7510438413361169 0.12523191094619665 0.016701461377870562 0.02040816326530612
3 0.7646137787056367 0.12291280148423006 0.016701461377870562 0.01948051948051948
3 0.7860125260960334 0.12291280148423006 0.017745302713987474 0.021335807050092765
3 0.7967118997912317 0.11827458256029684 0.015135699373695199 0.01948051948051948
3 0.8094989561586639 0.11641929499072357 0.014613778705636743 0.017625231910946195