5 0.6588235294117647 0.9464052287581699 0.057352941176470586 0.10718954248366012
3 0.5459558823529411 0.8235294117647058 0.03602941176470588 0.10980392156862745
3 0.5882352941176471 0.6836601307189543 0.029411764705882353 0.0784313725490196
3 0.43125 0.596078431372549 0.027205882352941177 0.07320261437908497
3 0.58125 0.526797385620915 0.027205882352941177 0.06535947712418301
3 0.5503676470588236 0.5058823529411764 0.02426470588235294 0.05751633986928104
3 0.43713235294117647 0.4928104575163399 0.02426470588235294 0.05751633986928104
3 0.575735294117647 0.4215686274509804 0.023529411764705882 0.05359477124183006
3 0.5643382352941176 0.361437908496732 0.021323529411764706 0.0457516339869281
3 0.5330882352941176 0.34248366013071896 0.01911764705882353 0.044444444444444446
3 0.5378676470588235 0.2908496732026144 0.019852941176470587 0.03790849673202614
3 0.5294117647058824 0.2477124183006536 0.01911764705882353 0.03790849673202614
3 0.49558823529411766 0.14575163398692811 0.016176470588235296 0.032679738562091505
3 0.5025735294117647 0.10326797385620914 0.013970588235294118 0.02875816993464052
4 0.5352941176470588 0.2130718954248366 0.016176470588235296 0.0392156862745098
3 0.5283088235294118 0.18758169934640523 0.016911764705882352 0.032679738562091505
3 0.524264705882353 0.15816993464052287 0.014705882352941176 0.026143790849673203
3 0.5231617647058824 0.10915032679738562 0.013970588235294118 0.02483660130718954
4 0.5268382352941177 0.12941176470588237 0.013970588235294118 0.036601307189542485
4 0.5536764705882353 0.12352941176470589 0.013235294117647059 0.030065359477124184
3 0.5459558823529411 0.10261437908496732 0.013970588235294118 0.02483660130718954
3 0.5426470588235294 0.08562091503267974 0.013235294117647059 0.02483660130718954
5 0.5253676470588236 0.08562091503267974 0.0125 0.032679738562091505
4 0.5621323529411765 0.31437908496732025 0.01838235294117647 0.050980392156862744
8 0.5639705882352941 0.24705882352941178 0.030882352941176472 0.10196078431372549
8 0.55625 0.17254901960784313 0.028676470588235293 0.0784313725490196
3 0.5536764705882353 0.029411764705882353 0.027941176470588237 0.02483660130718954
4 0.23161764705882354 0.9457516339869281 0.09411764705882353 0.09542483660130718
3 0.2511029411764706 0.8797385620915033 0.0875 0.06535947712418301
3 0.2650735294117647 0.8163398692810457 0.0875 0.06143790849673202
3 0.31066176470588236 0.6235294117647059 0.07573529411764705 0.05228758169934641
3 0.3150735294117647 0.5862745098039216 0.06985294117647059 0.048366013071895426
3 0.3235294117647059 0.5562091503267974 0.06911764705882353 0.050980392156862744
3 0.11213235294117647 0.6934640522875817 0.06985294117647059 0.05620915032679739
3 0.13014705882352942 0.6483660130718955 0.0661764705882353 0.05228758169934641
3 0.14852941176470588 0.6045751633986928 0.06764705882352941 0.05620915032679739
3 0.16580882352941176 0.48562091503267973 0.03897058823529412 0.06928104575163399
3 0.09705882352941177 0.4849673202614379 0.03529411764705882 0.07058823529411765
4 0.1297794117647059 0.48104575163398694 0.03897058823529412 0.06797385620915032
4 0.375 0.25882352941176473 0.045588235294117645 0.0392156862745098
3 0.2801470588235294 0.2699346405228758 0.039705882352941174 0.032679738562091505
5 0.21102941176470588 0.26209150326797387 0.06323529411764706 0.048366013071895426
3 0.4724264705882353 0.00980392156862745 0.025735294117647058 0.01699346405228758
3 0.4338235294117647 0.01699346405228758 0.025 0.018300653594771243
3 0.3875 0.03529411764705882 0.025 0.02091503267973856
3 0.37720588235294117 0.029411764705882353 0.023529411764705882 0.0196078431372549
5 0.38125 0.02287581699346405 0.028676470588235293 0.0196078431372549
3 0.34816176470588234 0.03790849673202614 0.027205882352941177 0.018300653594771243
3 0.34301470588235294 0.029411764705882353 0.027205882352941177 0.0196078431372549
3 0.30772058823529413 0.040522875816993466 0.028676470588235293 0.018300653594771243
3 0.30625 0.030065359477124184 0.025735294117647058 0.02091503267973856
3 0.2713235294117647 0.04183006535947712 0.026470588235294117 0.018300653594771243
3 0.2525735294117647 0.027450980392156862 0.025735294117647058 0.018300653594771243
3 0.23051470588235295 0.043137254901960784 0.030147058823529412 0.02091503267973856
3 0.19154411764705884 0.029411764705882353 0.030147058823529412 0.0196078431372549
3 0.12683823529411764 0.030065359477124184 0.028676470588235293 0.018300653594771243
4 0.40845588235294117 0.4071895424836601 0.030147058823529412 0.06666666666666667
0 0.44816176470588237 0.396078431372549 0.008088235294117648 0.03398692810457516
0 0.42058823529411765 0.2542483660130719 0.0058823529411764705 0.027450980392156862
1 0.41323529411764703 0.2522875816993464 0.0058823529411764705 0.02091503267973856
0 0.3150735294117647 0.28823529411764703 0.006617647058823529 0.022222222222222223
0 0.27647058823529413 0.2908496732026144 0.007352941176470588 0.030065359477124184
0 0.28161764705882353 0.27647058823529413 0.0058823529411764705 0.030065359477124184
0 0.29705882352941176 0.27450980392156865 0.007352941176470588 0.02875816993464052
3 0.04448529411764706 0.03594771241830065 0.03161764705882353 0.022222222222222223
3 0.010294117647058823 0.036601307189542485 0.020588235294117647 0.02091503267973856