3 0.6675 0.5126903553299492 0.045 0.12436548223350254
3 0.5167857142857143 0.7125634517766497 0.039285714285714285 0.11548223350253807
3 0.3842857142857143 0.21065989847715735 0.05285714285714286 0.04314720812182741
4 0.5467857142857143 0.9352791878172588 0.035 0.11928934010152284
4 0.5910714285714286 0.8724619289340102 0.039285714285714285 0.1281725888324873
3 0.31357142857142856 0.4479695431472081 0.06428571428571428 0.0532994923857868
3 0.5039285714285714 0.5107868020304569 0.047857142857142855 0.0850253807106599
3 0.6435714285714286 0.03807106598984772 0.037142857142857144 0.07614213197969544
4 0.9246428571428571 0.7601522842639594 0.06928571428571428 0.07106598984771574
0 0.8842857142857142 0.5374365482233503 0.011428571428571429 0.031725888324873094
0 0.8614285714285714 0.45114213197969544 0.01 0.02918781725888325
0 0.7664285714285715 0.108502538071066 0.008571428571428572 0.0266497461928934