3 0.5207142857142857 0.27284263959390864 0.03571428571428571 0.08629441624365482
3 0.5414285714285715 0.06789340101522842 0.03 0.06725888324873096
3 0.6564285714285715 0.34517766497461927 0.05 0.0583756345177665
3 0.6310714285714286 0.4403553299492386 0.05071428571428571 0.0583756345177665
3 0.6203571428571428 0.4815989847715736 0.04928571428571429 0.05710659898477157
3 0.6042857142857143 0.5266497461928934 0.054285714285714284 0.07106598984771574
3 0.5975 0.5774111675126904 0.04642857142857143 0.06091370558375635
3 0.5442857142857143 0.7766497461928934 0.055714285714285716 0.07614213197969544
3 0.505 0.9460659898477157 0.06285714285714286 0.0850253807106599
3 0.3675 0.4003807106598985 0.03642857142857143 0.08248730964467005
3 0.39714285714285713 0.3096446700507614 0.032857142857142856 0.07868020304568528
3 0.4475 0.15101522842639595 0.03214285714285714 0.07360406091370558
3 0.4725 0.08121827411167512 0.029285714285714286 0.06345177664974619
3 0.2646428571428571 0.690989847715736 0.04071428571428572 0.09517766497461928
3 0.2275 0.8191624365482234 0.04357142857142857 0.09771573604060914
3 0.18214285714285713 0.9428934010152284 0.045714285714285714 0.10406091370558376
3 0.43535714285714283 0.949238578680203 0.04357142857142857 0.09644670050761421
5 0.29678571428571426 0.5850253807106599 0.04928571428571429 0.12436548223350254
4 0.3357142857142857 0.48413705583756345 0.03571428571428571 0.07741116751269035
4 0.42428571428571427 0.2265228426395939 0.027142857142857142 0.07233502538071065
3 0.4957142857142857 0.021573604060913704 0.027142857142857142 0.04314720812182741
9 0.40285714285714286 0.3737309644670051 0.012857142857142857 0.03680203045685279
5 0.6939285714285715 0.2049492385786802 0.060714285714285714 0.06218274111675127
3 0.8053571428571429 0.46890862944162437 0.025 0.0901015228426396
3 0.6878571428571428 0.5653553299492385 0.055714285714285716 0.06472081218274112
3 0.655 0.6675126903553299 0.054285714285714284 0.06598984771573604
3 0.6492857142857142 0.7163705583756346 0.05714285714285714 0.07487309644670051
3 0.6071428571428571 0.9263959390862944 0.05285714285714286 0.06852791878172589
3 0.6907142857142857 0.516497461928934 0.05285714285714286 0.0583756345177665
3 0.6982142857142857 0.47588832487309646 0.05357142857142857 0.05583756345177665
3 0.7103571428571429 0.44225888324873097 0.04214285714285714 0.05456852791878172
3 0.7189285714285715 0.4003807106598985 0.052142857142857144 0.05456852791878172
3 0.7285714285714285 0.3610406091370558 0.05142857142857143 0.05710659898477157
3 0.7385714285714285 0.3229695431472081 0.047142857142857146 0.05710659898477157
3 0.7446428571428572 0.2893401015228426 0.04928571428571429 0.05583756345177665
3 0.7628571428571429 0.23413705583756345 0.03857142857142857 0.046954314720812185
3 0.7632142857142857 0.1935279187817259 0.04928571428571429 0.05203045685279188
3 0.7978571428571428 0.14593908629441624 0.04428571428571428 0.04060913705583756
3 0.7825 0.06916243654822335 0.039285714285714285 0.03934010152284264
3 0.8010714285714285 0.015228426395939087 0.04214285714285714 0.030456852791878174
5 0.8746428571428572 0.08185279187817258 0.030714285714285715 0.0799492385786802
4 0.7421428571428571 0.8572335025380711 0.03428571428571429 0.0901015228426396
0 0.7060714285714286 0.9517766497461929 0.010714285714285714 0.017766497461928935
0 0.6946428571428571 0.9352791878172588 0.009285714285714286 0.02030456852791878
0 0.8778571428571429 0.2703045685279188 0.01 0.017766497461928935
1 0.8539285714285715 0.4276649746192893 0.010714285714285714 0.025380710659898477
9 0.8982142857142857 0.03489847715736041 0.013571428571428571 0.0266497461928934
2 0.8892857142857142 0.028553299492385786 0.01 0.02918781725888325
9 0.7832142857142858 0.6668781725888325 0.013571428571428571 0.03934010152284264
0 0.3582142857142857 0.4397208121827411 0.010714285714285714 0.0266497461928934
4 0.6232142857142857 0.8851522842639594 0.05357142857142857 0.07487309644670051
3 0.6017857142857143 0.9727157360406091 0.056428571428571425 0.05203045685279188
5 0.625 0.8305837563451777 0.07857142857142857 0.09771573604060914