3 0.016701461377870562 0.3177179962894249 0.026096033402922755 0.05658627087198516
3 0.019050104384133612 0.42810760667903525 0.038100208768267224 0.041743970315398886
3 0.3311586638830898 0.1442486085343228 0.024530271398747392 0.04359925788497217
9 0.3136743215031315 0.08998144712430427 0.008350730688935281 0.014842300556586271
1 0.3155010438413361 0.08766233766233766 0.004697286012526096 0.021335807050092765
5 0.030532359081419623 0.13821892393320964 0.061064718162839246 0.055658627087198514
5 0.30349686847599167 0.019016697588126158 0.09864300626304802 0.038033395176252316
2 0.576722338204593 0.40120593692022266 0.017745302713987474 0.017625231910946195
3 0.5780271398747391 0.5027829313543599 0.049582463465553235 0.04823747680890538
3 0.5855949895615866 0.5463821892393321 0.04384133611691023 0.04823747680890538
3 0.6367432150313153 0.7031539888682746 0.05323590814196242 0.055658627087198514
4 0.6659707724425887 0.7852504638218923 0.0709812108559499 0.07328385899814471
3 0.6803235908141962 0.8534322820037106 0.06419624217118998 0.07050092764378478
7 0.7092901878914405 0.9531539888682746 0.05010438413361169 0.05844155844155844
3 0.8760438413361169 0.4744897959183674 0.042275574112734866 0.045454545454545456