3 0.3782142857142857 0.8153553299492385 0.02214285714285714 0.05964467005076142
3 0.4207142857142857 0.8223350253807107 0.02142857142857143 0.06852791878172589
3 0.17035714285714285 0.9536802030456852 0.05071428571428571 0.04187817258883249
0 0.25142857142857145 0.9276649746192893 0.008571428571428572 0.03299492385786802
3 0.40535714285714286 0.9029187817258884 0.027857142857142858 0.07233502538071065
3 0.41714285714285715 0.217005076142132 0.008571428571428572 0.02030456852791878
4 0.42214285714285715 0.2633248730964467 0.012857142857142857 0.04187817258883249
4 0.40964285714285714 0.40926395939086296 0.013571428571428571 0.03426395939086294
8 0.3889285714285714 0.3743654822335025 0.020714285714285713 0.08883248730964467
0 0.35285714285714287 0.5120558375634517 0.004285714285714286 0.01649746192893401
0 0.3489285714285714 0.5107868020304569 0.0035714285714285713 0.01903553299492386
0 0.36357142857142855 0.5171319796954315 0.007142857142857143 0.01903553299492386
0 0.3557142857142857 0.5063451776649747 0.004285714285714286 0.017766497461928935
0 0.3125 0.807741116751269 0.0064285714285714285 0.0266497461928934
3 0.16071428571428573 0.258248730964467 0.015714285714285715 0.024111675126903553
3 0.36964285714285716 0.03807106598984772 0.009285714285714286 0.012690355329949238
0 0.5028571428571429 0.16687817258883247 0.004285714285714286 0.013959390862944163
0 0.4032142857142857 0.0450507614213198 0.002142857142857143 0.008883248730964468
0 0.4114285714285714 0.05012690355329949 0.002857142857142857 0.011421319796954314
3 0.3632142857142857 0.023477157360406092 0.005 0.008883248730964468
3 0.3535714285714286 0.020939086294416244 0.005714285714285714 0.008883248730964468
3 0.35714285714285715 0.015862944162436547 0.007142857142857143 0.008883248730964468
0 0.3432142857142857 0.00951776649746193 0.0035714285714285713 0.008883248730964468
4 0.3271428571428571 0.00951776649746193 0.008571428571428572 0.011421319796954314
4 0.3367857142857143 0.008248730964467006 0.0064285714285714285 0.011421319796954314
4 0.8592857142857143 0.6986040609137056 0.018571428571428572 0.03934010152284264