3 0.1775735294117647 0.9464052287581699 0.16838235294117648 0.10718954248366012
3 0.19595588235294117 0.822875816993464 0.1463235294117647 0.14248366013071895
3 0.5 0.4392156862745098 0.04852941176470588 0.11241830065359477
9 0.3235294117647059 0.5718954248366013 0.022058823529411766 0.048366013071895426
9 0.2036764705882353 0.7287581699346405 0.047058823529411764 0.058823529411764705
9 0.2610294117647059 0.7444444444444445 0.047058823529411764 0.058823529411764705
9 0.24889705882352942 0.7281045751633987 0.04632352941176471 0.06013071895424837
2 0.26948529411764705 0.6398692810457516 0.04926470588235294 0.05359477124183006
0 0.3238970588235294 0.7418300653594772 0.019852941176470587 0.08235294117647059
0 0.29448529411764707 0.7620915032679738 0.022794117647058822 0.08888888888888889
0 0.3014705882352941 0.7281045751633987 0.016176470588235296 0.08104575163398693
0 0.3996323529411765 0.4320261437908497 0.016911764705882352 0.0718954248366013
0 0.3900735294117647 0.40326797385620916 0.013970588235294118 0.06143790849673202
3 0.7106617647058824 0.9058823529411765 0.15661764705882353 0.1437908496732026
3 0.6841911764705882 0.7816993464052288 0.14926470588235294 0.12549019607843137
3 0.6757352941176471 0.6601307189542484 0.1411764705882353 0.09934640522875816
3 0.8161764705882353 0.5771241830065359 0.06764705882352941 0.1450980392156863
3 0.88125 0.7790849673202614 0.09632352941176471 0.20130718954248367
3 0.7147058823529412 0.27320261437908494 0.07647058823529412 0.05751633986928104
3 0.5808823529411765 0.1934640522875817 0.07352941176470588 0.05751633986928104
3 0.8047794117647059 0.257516339869281 0.04044117647058824 0.07320261437908497
3 0.8628676470588236 0.24313725490196078 0.06397058823529411 0.05751633986928104
3 0.7485294117647059 0.1803921568627451 0.05 0.06013071895424837
3 0.875 0.16013071895424835 0.051470588235294115 0.06143790849673202
3 0.9404411764705882 0.2496732026143791 0.060294117647058824 0.08104575163398693
3 0.961764705882353 0.15294117647058825 0.04264705882352941 0.047058823529411764
3 0.8165441176470588 0.09411764705882353 0.04044117647058824 0.04967320261437908
3 0.8323529411764706 0.047058823529411764 0.033823529411764704 0.036601307189542485
3 0.7610294117647058 0.0784313725490196 0.030882352941176472 0.047058823529411764
3 0.7301470588235294 0.02287581699346405 0.025 0.040522875816993466
1 0.4900735294117647 0.8660130718954249 0.025735294117647058 0.07712418300653595
6 0.4863970588235294 0.8542483660130719 0.04191176470588235 0.18169934640522875
1 0.45036764705882354 0.4320261437908497 0.0125 0.0718954248366013
9 0.44926470588235295 0.4418300653594771 0.026470588235294117 0.054901960784313725
0 0.5886029411764706 0.9287581699346406 0.019852941176470587 0.06143790849673202
0 0.6235294117647059 0.8816993464052287 0.023529411764705882 0.07973856209150326
0 0.5944852941176471 0.8555555555555555 0.019852941176470587 0.08496732026143791
0 0.6029411764705882 0.8973856209150327 0.011764705882352941 0.050980392156862744
3 0.6738970588235295 0.592156862745098 0.12720588235294117 0.0915032679738562
3 0.6691176470588235 0.5274509803921569 0.11323529411764706 0.07973856209150326
3 0.6683823529411764 0.5261437908496732 0.11323529411764706 0.07973856209150326
4 0.6551470588235294 0.4300653594771242 0.08676470588235294 0.09411764705882353
1 0.7966911764705882 0.33986928104575165 0.013970588235294118 0.047058823529411764
1 0.7952205882352941 0.33725490196078434 0.009558823529411765 0.044444444444444446
9 0.7955882352941176 0.35490196078431374 0.014705882352941176 0.040522875816993466
6 0.7352941176470589 0.373202614379085 0.051470588235294115 0.058823529411764705
0 0.7507352941176471 0.3915032679738562 0.011764705882352941 0.048366013071895426
0 0.6573529411764706 0.3366013071895425 0.011764705882352941 0.048366013071895426
3 0.9551470588235295 0.9575163398692811 0.08970588235294118 0.08235294117647059
6 0.5797794117647059 0.3281045751633987 0.030147058823529412 0.06535947712418301
6 0.45992647058823527 0.26143790849673204 0.05514705882352941 0.06274509803921569
1 0.6132352941176471 0.16732026143790849 0.008823529411764706 0.03137254901960784
1 0.6216911764705882 0.17058823529411765 0.008088235294117648 0.032679738562091505
1 0.6268382352941176 0.15555555555555556 0.008088235294117648 0.023529411764705882
1 0.6172794117647059 0.1542483660130719 0.008088235294117648 0.023529411764705882
6 0.6246323529411765 0.1718954248366013 0.03455882352941177 0.032679738562091505
0 0.5981617647058823 0.13790849673202615 0.011029411764705883 0.0457516339869281
1 0.6558823529411765 0.16601307189542483 0.010294117647058823 0.047058823529411764
6 0.6661764705882353 0.169281045751634 0.03235294117647059 0.0457516339869281
4 0.6665441176470588 0.10326797385620914 0.025735294117647058 0.06797385620915032
4 0.7790441176470588 0.04771241830065359 0.02426470588235294 0.05359477124183006
1 0.9139705882352941 0.12745098039215685 0.010294117647058823 0.03529411764705882
1 0.76875 0.12287581699346405 0.009558823529411765 0.02875816993464052
1 0.7977941176470589 0.038562091503267976 0.007352941176470588 0.02483660130718954
9 0.7691176470588236 0.1392156862745098 0.011764705882352941 0.027450980392156862
9 0.9121323529411764 0.1392156862745098 0.0125 0.027450980392156862
9 0.7981617647058824 0.049019607843137254 0.009558823529411765 0.027450980392156862