3 0.30325 0.076 0.0255 0.03866666666666667
3 0.3205 0.02666666666666667 0.023 0.032
4 0.20825 0.051666666666666666 0.0445 0.038
0 0.24975 0.09466666666666666 0.0115 0.034666666666666665
0 0.21525 0.08633333333333333 0.0085 0.027333333333333334
0 0.227 0.08266666666666667 0.011 0.029333333333333333
0 0.592 0.254 0.01 0.028
1 0.63525 0.3233333333333333 0.0105 0.028
2 0.6355 0.3313333333333333 0.01 0.028
3 0.1635 0.201 0.038 0.04466666666666667
3 0.131 0.201 0.038 0.05
3 0.061 0.334 0.054 0.06666666666666667
3 0.101 0.3416666666666667 0.045 0.06466666666666666
3 0.2695 0.17866666666666667 0.028 0.044
3 0.24175 0.14966666666666667 0.0335 0.038
0 0.25175 0.28933333333333333 0.0115 0.04133333333333333
3 0.15875 0.519 0.0525 0.09
3 0.1075 0.6876666666666666 0.064 0.13133333333333333
3 0.04 0.49966666666666665 0.08 0.051333333333333335
0 0.07 0.527 0.02 0.035333333333333335
0 0.089 0.515 0.021 0.035333333333333335
1 0.73425 0.871 0.0175 0.048666666666666664
2 0.73125 0.877 0.0195 0.06733333333333333
4 0.81375 0.9463333333333334 0.0815 0.10733333333333334
3 0.714 0.569 0.05 0.08866666666666667
2 0.8295 0.568 0.029 0.029333333333333333
2 0.8205 0.5433333333333333 0.024 0.030666666666666665
2 0.81 0.524 0.025 0.030666666666666665
2 0.7995 0.5016666666666667 0.027 0.023333333333333334
2 0.79225 0.4683333333333333 0.0145 0.035333333333333335
3 0.6675 0.3873333333333333 0.039 0.05733333333333333
3 0.62375 0.20366666666666666 0.0305 0.04466666666666667
3 0.615 0.156 0.021 0.044