9 0.05220588235294118 0.8444444444444444 0.041176470588235294 0.05228758169934641
0 0.2555147058823529 0.49673202614379086 0.008088235294117648 0.0392156862745098
3 0.2599264705882353 0.5130718954248366 0.06102941176470588 0.043137254901960784
3 0.3176470588235294 0.5209150326797386 0.060294117647058824 0.043137254901960784
3 0.35955882352941176 0.7830065359477124 0.051470588235294115 0.11764705882352941
0 0.8099264705882353 0.9607843137254902 0.022794117647058822 0.07581699346405228
9 0.7783088235294118 0.8437908496732026 0.03308823529411765 0.040522875816993466
3 0.6672794117647058 0.7967320261437908 0.06838235294117648 0.09803921568627451
3 0.74375 0.7718954248366013 0.09044117647058823 0.06928104575163399
5 0.6227941176470588 0.5535947712418301 0.03676470588235294 0.07712418300653595
0 0.3827205882352941 0.5163398692810458 0.005147058823529412 0.036601307189542485
0 0.38419117647058826 0.5228758169934641 0.005147058823529412 0.03398692810457516
0 0.3875 0.5183006535947713 0.0058823529411764705 0.03529411764705882
3 0.6422794117647059 0.469281045751634 0.04779411764705882 0.036601307189542485
4 0.6334558823529411 0.44248366013071894 0.04044117647058824 0.03790849673202614
0 0.5834558823529412 0.37516339869281046 0.003676470588235294 0.02091503267973856
1 0.569485294117647 0.39019607843137255 0.005147058823529412 0.01699346405228758
9 0.569485294117647 0.3954248366013072 0.006617647058823529 0.01699346405228758
2 0.5727941176470588 0.3633986928104575 0.004411764705882353 0.01568627450980392
0 0.5794117647058824 0.37450980392156863 0.004411764705882353 0.022222222222222223
1 0.5724264705882353 0.35947712418300654 0.003676470588235294 0.01568627450980392
1 0.49522058823529413 0.330718954248366 0.003676470588235294 0.013071895424836602
9 0.49522058823529413 0.3352941176470588 0.003676470588235294 0.01437908496732026
0 0.4525735294117647 0.31633986928104574 0.003676470588235294 0.01568627450980392
2 0.4514705882352941 0.3196078431372549 0.007352941176470588 0.009150326797385621
3 0.4566176470588235 0.3058823529411765 0.023529411764705882 0.018300653594771243
3 0.47463235294117645 0.3405228758169935 0.0125 0.0196078431372549
0 0.48308823529411765 0.3281045751633987 0.0029411764705882353 0.018300653594771243
3 0.48566176470588235 0.30392156862745096 0.011029411764705883 0.01699346405228758
1 0.47573529411764703 0.32745098039215687 0.004411764705882353 0.01437908496732026
9 0.4753676470588235 0.33202614379084966 0.006617647058823529 0.01045751633986928
3 0.4783088235294118 0.31176470588235294 0.015441176470588236 0.01437908496732026
3 0.4808823529411765 0.31633986928104574 0.011764705882352941 0.018300653594771243
0 0.5738970588235294 0.29150326797385623 0.0022058823529411764 0.01568627450980392
3 0.5779411764705882 0.2699346405228758 0.016176470588235296 0.01437908496732026
0 0.5294117647058824 0.269281045751634 0.0029411764705882353 0.01045751633986928
1 0.5080882352941176 0.28627450980392155 0.0029411764705882353 0.01045751633986928
2 0.506985294117647 0.28954248366013075 0.008088235294117648 0.009150326797385621
0 0.4764705882352941 0.28954248366013075 0.0029411764705882353 0.01437908496732026
1 0.4852941176470588 0.28888888888888886 0.0029411764705882353 0.01045751633986928
2 0.4852941176470588 0.2908496732026144 0.0029411764705882353 0.009150326797385621
1 0.4988970588235294 0.2797385620915033 0.0022058823529411764 0.013071895424836602
9 0.49963235294117647 0.2830065359477124 0.006617647058823529 0.009150326797385621
3 0.4886029411764706 0.2797385620915033 0.01838235294117647 0.013071895424836602
3 0.5077205882352941 0.27712418300653596 0.016911764705882352 0.013071895424836602
3 0.5143382352941176 0.2823529411764706 0.011029411764705883 0.01568627450980392
3 0.45551470588235293 0.27124183006535946 0.016911764705882352 0.011764705882352941
3 0.4753676470588235 0.269281045751634 0.016911764705882352 0.013071895424836602
6 0.5044117647058823 0.2647058823529412 0.004411764705882353 0.009150326797385621
3 0.5099264705882353 0.2568627450980392 0.008088235294117648 0.011764705882352941
3 0.5080882352941176 0.2542483660130719 0.007352941176470588 0.011764705882352941
3 0.5040441176470588 0.2496732026143791 0.006617647058823529 0.01045751633986928
3 0.5025735294117647 0.24640522875816995 0.006617647058823529 0.009150326797385621
3 0.5011029411764706 0.2437908496732026 0.006617647058823529 0.011764705882352941
0 0.5194852941176471 0.23333333333333334 0.0022058823529411764 0.009150326797385621
3 0.5415441176470588 0.24183006535947713 0.011029411764705883 0.00784313725490196
3 0.5334558823529412 0.23594771241830065 0.0125 0.009150326797385621
3 0.5205882352941177 0.22549019607843138 0.010294117647058823 0.006535947712418301
4 0.5191176470588236 0.22091503267973855 0.011764705882352941 0.01045751633986928
9 0.5136029411764705 0.2326797385620915 0.0022058823529411764 0.00784313725490196
7 0.5073529411764706 0.22745098039215686 0.004411764705882353 0.00784313725490196
3 0.5106617647058823 0.21437908496732025 0.008088235294117648 0.00784313725490196
4 0.5047794117647059 0.2084967320261438 0.003676470588235294 0.006535947712418301
3 0.5011029411764706 0.20522875816993463 0.003676470588235294 0.00522875816993464
3 0.48970588235294116 0.2045751633986928 0.004411764705882353 0.006535947712418301
4 0.48308823529411765 0.1980392156862745 0.004411764705882353 0.006535947712418301