0 0.94375 0.5509803921568628 0.008088235294117648 0.027450980392156862
0 0.94375 0.5516339869281046 0.005147058823529412 0.02091503267973856
3 0.9650735294117647 0.6339869281045751 0.06985294117647059 0.054901960784313725
3 0.8897058823529411 0.6581699346405229 0.058823529411764705 0.050980392156862744
0 0.8356617647058824 0.5169934640522876 0.008088235294117648 0.027450980392156862
0 0.7963235294117647 0.469281045751634 0.007352941176470588 0.03137254901960784
0 0.8025735294117647 0.5287581699346405 0.008088235294117648 0.030065359477124184
0 0.8128676470588235 0.5026143790849673 0.005147058823529412 0.032679738562091505
0 0.8202205882352941 0.530718954248366 0.006617647058823529 0.03137254901960784
0 0.8220588235294117 0.5228758169934641 0.007352941176470588 0.02875816993464052
3 0.705514705882353 0.8960784313725491 0.04632352941176471 0.09803921568627451
0 0.30220588235294116 0.5575163398692811 0.008823529411764706 0.040522875816993466
3 0.3665441176470588 0.5758169934640522 0.05955882352941176 0.043137254901960784
9 0.3261029411764706 0.6130718954248366 0.022794117647058822 0.026143790849673203
1 0.325 0.6006535947712418 0.010294117647058823 0.030065359477124184
3 0.1349264705882353 0.5124183006535947 0.05073529411764706 0.04183006535947712
3 0.7540441176470588 0.33464052287581697 0.011029411764705883 0.018300653594771243
3 0.6900735294117647 0.33464052287581697 0.0125 0.01568627450980392
3 0.6863970588235294 0.32483660130718955 0.009558823529411765 0.01437908496732026
3 0.680514705882353 0.3130718954248366 0.011029411764705883 0.01437908496732026
3 0.7088235294117647 0.38562091503267976 0.016176470588235296 0.02875816993464052
3 0.7613970588235294 0.5104575163398692 0.025735294117647058 0.040522875816993466
3 0.7522058823529412 0.48562091503267973 0.023529411764705882 0.032679738562091505
3 0.7419117647058824 0.4627450980392157 0.022058823529411766 0.03137254901960784
3 0.7345588235294118 0.4444444444444444 0.020588235294117647 0.023529411764705882
9 0.73125 0.4954248366013072 0.006617647058823529 0.023529411764705882
1 0.731985294117647 0.48823529411764705 0.005147058823529412 0.027450980392156862
2 0.4772058823529412 0.7372549019607844 0.026470588235294117 0.03398692810457516
1 0.4764705882352941 0.7294117647058823 0.011764705882352941 0.044444444444444446
0 0.6356617647058823 0.5065359477124183 0.008088235294117648 0.032679738562091505
3 0.44485294117647056 0.46143790849673205 0.025 0.03137254901960784
6 0.4625 0.4294117647058823 0.007352941176470588 0.0196078431372549
3 0.4808823529411765 0.3993464052287582 0.01764705882352941 0.027450980392156862
3 0.5139705882352941 0.4915032679738562 0.025 0.0392156862745098
3 0.5338235294117647 0.5052287581699346 0.026470588235294117 0.050980392156862744
3 0.5459558823529411 0.45098039215686275 0.01838235294117647 0.036601307189542485
3 0.5742647058823529 0.5183006535947713 0.023529411764705882 0.040522875816993466
9 0.5691176470588235 0.5764705882352941 0.020588235294117647 0.026143790849673203
1 0.5610294117647059 0.5738562091503268 0.0058823529411764705 0.023529411764705882
1 0.5676470588235294 0.5725490196078431 0.007352941176470588 0.0392156862745098
2 0.5503676470588236 0.569281045751634 0.021323529411764706 0.02483660130718954
1 0.5514705882352942 0.5620915032679739 0.008823529411764706 0.03398692810457516
0 0.5286764705882353 0.5588235294117647 0.008823529411764706 0.03529411764705882
0 0.5301470588235294 0.5581699346405229 0.007352941176470588 0.03398692810457516
0 0.5275735294117647 0.5522875816993464 0.005147058823529412 0.03529411764705882
3 0.5426470588235294 0.4 0.014705882352941176 0.026143790849673203
3 0.5036764705882353 0.3562091503267974 0.013235294117647059 0.022222222222222223
3 0.5095588235294117 0.3503267973856209 0.011764705882352941 0.018300653594771243
3 0.5161764705882353 0.34248366013071896 0.011764705882352941 0.018300653594771243
3 0.5345588235294118 0.3045751633986928 0.010294117647058823 0.01568627450980392
3 0.5606617647058824 0.39019607843137255 0.015441176470588236 0.02483660130718954
3 0.5768382352941176 0.4725490196078431 0.022794117647058822 0.0457516339869281
3 0.5772058823529411 0.44836601307189544 0.020588235294117647 0.036601307189542485
3 0.58125 0.426797385620915 0.015441176470588236 0.030065359477124184
3 0.5830882352941177 0.4084967320261438 0.016176470588235296 0.027450980392156862
3 0.5849264705882353 0.39215686274509803 0.013970588235294118 0.023529411764705882
3 0.5768382352941176 0.3366013071895425 0.011029411764705883 0.0196078431372549
3 0.5952205882352941 0.30718954248366015 0.009558823529411765 0.01568627450980392
0 0.586764705882353 0.26209150326797387 0.0029411764705882353 0.011764705882352941
3 0.6014705882352941 0.25620915032679736 0.007352941176470588 0.01045751633986928
9 0.5889705882352941 0.27450980392156865 0.0029411764705882353 0.01045751633986928
1 0.5889705882352941 0.27320261437908494 0.0029411764705882353 0.00784313725490196
3 0.6257352941176471 0.33986928104575165 0.011764705882352941 0.018300653594771243
3 0.6165441176470589 0.31699346405228757 0.009558823529411765 0.01437908496732026
3 0.6161764705882353 0.30196078431372547 0.008823529411764706 0.013071895424836602
3 0.6183823529411765 0.28104575163398693 0.007352941176470588 0.01045751633986928
3 0.61875 0.27058823529411763 0.008088235294117648 0.01045751633986928
3 0.6264705882352941 0.26143790849673204 0.007352941176470588 0.01045751633986928
3 0.6183823529411765 0.2568627450980392 0.0058823529411764705 0.009150326797385621