3 0.9422794117647059 0.03986928104575163 0.027205882352941177 0.032679738562091505
3 0.91875 0.05816993464052288 0.025735294117647058 0.03529411764705882
3 0.9683823529411765 0.06862745098039216 0.029411764705882353 0.03529411764705882
3 0.9871323529411765 0.10130718954248366 0.025735294117647058 0.03529411764705882
3 0.9886029411764706 0.17777777777777778 0.022794117647058822 0.047058823529411764
0 0.6889705882352941 0.08104575163398693 0.007352941176470588 0.026143790849673203
3 0.6926470588235294 0.15294117647058825 0.04264705882352941 0.02875816993464052
3 0.7018382352941176 0.16862745098039217 0.04338235294117647 0.03398692810457516
3 0.7125 0.1895424836601307 0.045588235294117645 0.036601307189542485
3 0.7261029411764706 0.22287581699346407 0.04338235294117647 0.032679738562091505
3 0.7352941176470589 0.24901960784313726 0.04411764705882353 0.03529411764705882
3 0.7514705882352941 0.2738562091503268 0.054411764705882354 0.03790849673202614
3 0.7639705882352941 0.3183006535947712 0.04852941176470588 0.040522875816993466
3 0.6441176470588236 0.4150326797385621 0.03529411764705882 0.06928104575163399
3 0.6183823529411765 0.2973856209150327 0.027941176470588237 0.048366013071895426
3 0.606985294117647 0.24836601307189543 0.027205882352941177 0.047058823529411764
0 0.5970588235294118 0.26601307189542484 0.008823529411764706 0.032679738562091505
0 0.600735294117647 0.06339869281045751 0.0058823529411764705 0.027450980392156862
3 0.5632352941176471 0.05555555555555555 0.01911764705882353 0.030065359477124184
3 0.5558823529411765 0.02483660130718954 0.016176470588235296 0.03137254901960784
0 0.49411764705882355 0.1588235294117647 0.007352941176470588 0.030065359477124184
3 0.5323529411764706 0.19869281045751633 0.020588235294117647 0.04183006535947712
3 0.4264705882352941 0.028104575163398694 0.026470588235294117 0.032679738562091505
4 0.43014705882352944 0.05163398692810457 0.01911764705882353 0.03790849673202614
3 0.4275735294117647 0.08104575163398693 0.01838235294117647 0.04183006535947712
3 0.44816176470588237 0.08104575163398693 0.016911764705882352 0.0392156862745098
3 0.4525735294117647 0.1326797385620915 0.021323529411764706 0.040522875816993466
0 0.4452205882352941 0.12418300653594772 0.008088235294117648 0.03137254901960784
3 0.4279411764705882 0.1503267973856209 0.01911764705882353 0.047058823529411764
4 0.42683823529411763 0.19019607843137254 0.019852941176470587 0.05620915032679739
4 0.43125 0.36209150326797385 0.027205882352941177 0.0784313725490196
0 0.4488970588235294 0.3954248366013072 0.008088235294117648 0.03790849673202614
3 0.4294117647058823 0.5215686274509804 0.029411764705882353 0.08366013071895424
0 0.42830882352941174 0.5581699346405229 0.0125 0.036601307189542485
3 0.3636029411764706 0.6692810457516339 0.06691176470588235 0.08627450980392157
9 0.41507352941176473 0.9137254901960784 0.013970588235294118 0.05751633986928104
2 0.3926470588235294 0.8862745098039215 0.016176470588235296 0.06013071895424837
3 0.38529411764705884 0.27450980392156865 0.05 0.044444444444444446
0 0.38382352941176473 0.1392156862745098 0.0058823529411764705 0.032679738562091505
9 0.3786764705882353 0.1326797385620915 0.007352941176470588 0.022222222222222223
3 0.03455882352941177 0.043137254901960784 0.027941176470588237 0.036601307189542485
0 0.9363970588235294 0.8836601307189542 0.016911764705882352 0.044444444444444446
0 0.9753676470588235 0.9058823529411765 0.021323529411764706 0.044444444444444446
0 0.9805147058823529 0.9222222222222223 0.02426470588235294 0.040522875816993466
3 0.9805147058823529 0.8725490196078431 0.03897058823529412 0.07712418300653595
3 0.9830882352941176 0.6274509803921569 0.033823529411764704 0.08888888888888889
0 0.35257352941176473 0.5509803921568628 0.0125 0.03790849673202614
9 0.39338235294117646 0.5202614379084968 0.01911764705882353 0.026143790849673203
9 0.3948529411764706 0.48823529411764705 0.022058823529411766 0.02483660130718954
9 0.3941176470588235 0.4542483660130719 0.01911764705882353 0.027450980392156862