4 0.38 0.4067258883248731 0.027142857142857142 0.021573604060913704
4 0.4675 0.8096446700507615 0.020714285714285713 0.07106598984771574
4 0.5664285714285714 0.2315989847715736 0.01 0.0266497461928934
4 0.5585714285714286 0.17766497461928935 0.008571428571428572 0.027918781725888325
4 0.5739285714285715 0.2633248730964467 0.010714285714285714 0.0266497461928934
4 0.6321428571428571 0.2639593908629442 0.022857142857142857 0.02030456852791878
4 0.5521428571428572 0.1434010152284264 0.007142857142857143 0.02284263959390863
4 0.4203571428571429 0.4397208121827411 0.02214285714285714 0.03934010152284264
3 0.44642857142857145 0.5177664974619289 0.014285714285714285 0.04314720812182741
3 0.445 0.6104060913705583 0.014285714285714285 0.03807106598984772
3 0.45607142857142857 0.7373096446700508 0.015 0.04060913705583756
3 0.4421428571428571 0.5653553299492385 0.012857142857142857 0.03426395939086294
3 0.43535714285714283 0.47652284263959394 0.016428571428571428 0.0266497461928934
3 0.5771428571428572 0.28743654822335024 0.011428571428571429 0.0266497461928934
3 0.5592857142857143 0.19860406091370558 0.011428571428571429 0.021573604060913704
3 0.5653571428571429 0.21573604060913706 0.007857142857142858 0.017766497461928935
3 0.5464285714285714 0.1116751269035533 0.005714285714285714 0.012690355329949238
3 0.5242857142857142 0.1065989847715736 0.005714285714285714 0.015228426395939087
3 0.5560714285714285 0.1681472081218274 0.007857142857142858 0.021573604060913704
3 0.5439285714285714 0.10088832487309644 0.0064285714285714285 0.013959390862944163
3 0.55 0.1319796954314721 0.007142857142857143 0.017766497461928935
3 0.5396428571428571 0.08883248730964467 0.0064285714285714285 0.015228426395939087
8 0.5378571428571428 0.21763959390862944 0.03 0.05964467005076142
8 0.5314285714285715 0.2906091370558376 0.015714285714285715 0.06345177664974619
8 0.5757142857142857 0.3800761421319797 0.018571428571428572 0.05456852791878172
3 0.5282142857142857 0.24809644670050762 0.009285714285714286 0.021573604060913704
3 0.43892857142857145 0.3953045685279188 0.02642857142857143 0.021573604060913704
0 0.46035714285714285 0.4866751269035533 0.007857142857142858 0.01903553299492386
0 0.7175 0.942258883248731 0.007857142857142858 0.0266497461928934
0 0.6232142857142857 0.5253807106598984 0.005 0.017766497461928935
0 0.49714285714285716 0.5697969543147208 0.005714285714285714 0.02030456852791878
0 0.495 0.45621827411167515 0.004285714285714286 0.013959390862944163
0 0.6114285714285714 0.48286802030456855 0.004285714285714286 0.01649746192893401
0 0.5914285714285714 0.34454314720812185 0.002857142857142857 0.01649746192893401
0 0.5957142857142858 0.33756345177664976 0.004285714285714286 0.015228426395939087
0 0.495 0.2848984771573604 0.004285714285714286 0.01903553299492386
0 0.5910714285714286 0.36738578680203043 0.0035714285714285713 0.01903553299492386
0 0.5682142857142857 0.16878172588832488 0.0035714285714285713 0.01015228426395939
8 0.5303571428571429 0.13895939086294415 0.009285714285714286 0.02918781725888325
0 0.5646428571428571 0.14276649746192893 0.0035714285714285713 0.013959390862944163
0 0.5639285714285714 0.14911167512690354 0.002142857142857143 0.008883248730964468
0 0.5696428571428571 0.18718274111675126 0.005 0.01903553299492386
0 0.5885714285714285 0.23857868020304568 0.002857142857142857 0.015228426395939087
0 0.5853571428571429 0.22398477157360405 0.0035714285714285713 0.013959390862944163
0 0.5842857142857143 0.21192893401015228 0.004285714285714286 0.012690355329949238
0 0.5771428571428572 0.19543147208121828 0.002857142857142857 0.012690355329949238
0 0.5710714285714286 0.21129441624365483 0.0035714285714285713 0.01649746192893401
8 0.45321428571428574 0.07487309644670051 0.015 0.017766497461928935
0 0.18571428571428572 0.18781725888324874 0.004285714285714286 0.012690355329949238