9 0.42683823529411763 0.9281045751633987 0.013970588235294118 0.054901960784313725
6 0.5463235294117647 0.8986928104575164 0.03235294117647059 0.11372549019607843
9 0.5044117647058823 0.5908496732026144 0.013235294117647059 0.04967320261437908
9 0.5775735294117647 0.5607843137254902 0.0125 0.04967320261437908
9 0.5761029411764705 0.5222222222222223 0.0125 0.043137254901960784
0 0.6323529411764706 0.5947712418300654 0.011764705882352941 0.044444444444444446
1 0.42683823529411763 0.9104575163398693 0.01838235294117647 0.0457516339869281
1 0.5533088235294118 0.9006535947712418 0.01838235294117647 0.054901960784313725
9 0.6272058823529412 0.9248366013071896 0.022058823529411766 0.07973856209150326
0 0.7033088235294118 0.8058823529411765 0.013970588235294118 0.05620915032679739
9 0.6838235294117647 0.6352941176470588 0.023529411764705882 0.04183006535947712
2 0.6628676470588235 0.6235294117647059 0.028676470588235293 0.036601307189542485
1 0.65625 0.6183006535947713 0.008088235294117648 0.026143790849673203
0 0.6621323529411764 0.6091503267973856 0.009558823529411765 0.047058823529411764
0 0.4022058823529412 0.5189542483660131 0.011764705882352941 0.0392156862745098
0 0.37022058823529413 0.3843137254901961 0.009558823529411765 0.044444444444444446
3 0.12720588235294117 0.25555555555555554 0.0661764705882353 0.05359477124183006
9 0.1386029411764706 0.18627450980392157 0.022794117647058822 0.030065359477124184
3 0.20183823529411765 0.1261437908496732 0.05073529411764706 0.03529411764705882
5 0.4011029411764706 0.18758169934640523 0.03308823529411765 0.07712418300653595
3 0.43272058823529413 0.08823529411764706 0.03455882352941177 0.043137254901960784
3 0.49301470588235297 0.05620915032679739 0.01838235294117647 0.03398692810457516
0 0.4158088235294118 0.054901960784313725 0.008088235294117648 0.02875816993464052
4 0.41654411764705884 0.03202614379084967 0.016911764705882352 0.0457516339869281
0 0.5691176470588235 0.4013071895424837 0.008823529411764706 0.047058823529411764
4 0.5367647058823529 0.2718954248366013 0.025 0.06535947712418301
9 0.5007352941176471 0.23594771241830065 0.008823529411764706 0.032679738562091505
1 0.5003676470588235 0.23006535947712417 0.006617647058823529 0.03137254901960784
0 0.5246323529411765 0.11176470588235295 0.008088235294117648 0.032679738562091505
0 0.5367647058823529 0.29477124183006537 0.008823529411764706 0.043137254901960784
9 0.5224264705882353 0.11241830065359477 0.01838235294117647 0.026143790849673203
0 0.525 0.08235294117647059 0.0058823529411764705 0.02875816993464052
9 0.5893382352941177 0.13398692810457516 0.006617647058823529 0.027450980392156862
9 0.5147058823529411 0.08888888888888889 0.007352941176470588 0.023529411764705882
1 0.513235294117647 0.08366013071895424 0.008823529411764706 0.02875816993464052
3 0.5404411764705882 0.03398692810457516 0.022058823529411766 0.03137254901960784
9 0.5841911764705883 0.2 0.011029411764705883 0.02875816993464052
0 0.5852941176470589 0.19084967320261437 0.0058823529411764705 0.02875816993464052