7 0.12463235294117647 0.00980392156862745 0.04191176470588235 0.0196078431372549
2 0.10036764705882353 0.0542483660130719 0.0125 0.030065359477124184
3 0.11764705882352941 0.0869281045751634 0.041176470588235294 0.05620915032679739
3 0.10955882352941176 0.2437908496732026 0.052941176470588235 0.06405228758169934
9 0.07610294117647058 0.3366013071895425 0.030147058823529412 0.027450980392156862
3 0.10330882352941176 0.3888888888888889 0.019852941176470587 0.03790849673202614
3 0.07867647058823529 0.3941176470588235 0.030882352941176472 0.03529411764705882
3 0.08345588235294117 0.40588235294117647 0.03161764705882353 0.040522875816993466
3 0.18382352941176472 0.3673202614379085 0.03823529411764706 0.08627450980392157
1 0.3003676470588235 0.0869281045751634 0.009558823529411765 0.030065359477124184
2 0.3003676470588235 0.09869281045751634 0.009558823529411765 0.02483660130718954
1 0.36911764705882355 0.00980392156862745 0.007352941176470588 0.0196078431372549
2 0.37022058823529413 0.016339869281045753 0.008088235294117648 0.01699346405228758
3 0.3558823529411765 0.08300653594771241 0.023529411764705882 0.0457516339869281
4 0.3602941176470588 0.16143790849673204 0.029411764705882353 0.06143790849673202
1 0.39705882352941174 0.13333333333333333 0.008823529411764706 0.023529411764705882
1 0.39926470588235297 0.14444444444444443 0.007352941176470588 0.0196078431372549
6 0.39926470588235297 0.15359477124183007 0.025 0.048366013071895426
0 0.47573529411764703 0.1980392156862745 0.007352941176470588 0.040522875816993466
0 0.48125 0.26601307189542484 0.008088235294117648 0.0457516339869281
0 0.475 0.2673202614379085 0.007352941176470588 0.040522875816993466
0 0.4661764705882353 0.2627450980392157 0.007352941176470588 0.044444444444444446
1 0.4610294117647059 0.28627450980392155 0.008823529411764706 0.02875816993464052
1 0.46286764705882355 0.29869281045751633 0.011029411764705883 0.030065359477124184
0 0.45992647058823527 0.29869281045751633 0.011029411764705883 0.03529411764705882
1 0.4386029411764706 0.2980392156862745 0.009558823529411765 0.03137254901960784
0 0.44080882352941175 0.30980392156862746 0.009558823529411765 0.02875816993464052
9 0.4386029411764706 0.3156862745098039 0.011029411764705883 0.03529411764705882
1 0.475 0.34901960784313724 0.008823529411764706 0.03137254901960784
0 0.4768382352941177 0.36209150326797385 0.008088235294117648 0.02091503267973856
9 0.47352941176470587 0.36013071895424836 0.011764705882352941 0.043137254901960784
3 0.5588235294117647 0.23660130718954248 0.0661764705882353 0.05228758169934641
3 0.586764705882353 0.2980392156862745 0.06470588235294118 0.06013071895424837
4 0.4591911764705882 0.46862745098039216 0.05514705882352941 0.1084967320261438
3 0.5264705882352941 0.6882352941176471 0.06470588235294118 0.134640522875817
3 0.674264705882353 0.49411764705882355 0.051470588235294115 0.08888888888888889
1 0.6275735294117647 0.75359477124183 0.019852941176470587 0.05359477124183006
9 0.625 0.7699346405228759 0.01911764705882353 0.05228758169934641
0 0.7158088235294118 0.34444444444444444 0.009558823529411765 0.048366013071895426
1 0.7198529411764706 0.3261437908496732 0.004411764705882353 0.0196078431372549
0 0.7389705882352942 0.338562091503268 0.008823529411764706 0.04183006535947712
9 0.7246323529411764 0.4169934640522876 0.01838235294117647 0.044444444444444446
9 0.6948529411764706 0.38169934640522873 0.025 0.03398692810457516
9 0.6889705882352941 0.36993464052287583 0.025 0.03398692810457516
4 0.22463235294117648 0.9797385620915032 0.08602941176470588 0.040522875816993466