8 0.7687891440501043 0.3622448979591837 0.04384133611691023 0.06957328385899815
4 0.2453027139874739 0.910482374768089 0.0709812108559499 0.10296846011131726
3 0.3530793319415449 0.7852504638218923 0.061064718162839246 0.08812615955473098
0 0.2818371607515658 0.8181818181818182 0.008350730688935281 0.03339517625231911
0 0.7095511482254697 0.39007421150278293 0.0036534446764091857 0.01948051948051948
0 0.6696242171189979 0.38961038961038963 0.007306889352818371 0.01855287569573284
0 0.5161795407098121 0.6312615955473099 0.006263048016701462 0.012059369202226345
4 0.7092901878914405 0.3538961038961039 0.018789144050104383 0.032467532467532464
1 0.40735908141962424 0.5811688311688312 0.007828810020876827 0.013914656771799629
1 0.4031837160751566 0.5788497217068646 0.004697286012526096 0.011131725417439703
9 0.4089248434237996 0.5932282003710575 0.016179540709812108 0.017625231910946195
9 0.5164405010438413 0.6465677179962894 0.01722338204592902 0.01855287569573284
9 0.4131002087682672 0.6706864564007421 0.02035490605427975 0.02411873840445269
9 0.4052713987473904 0.6451762523191095 0.01722338204592902 0.030612244897959183
0 0.2896659707724426 0.8274582560296846 0.006263048016701462 0.02040816326530612
9 0.31393528183716074 0.7792207792207793 0.01722338204592902 0.03525046382189239
9 0.3901356993736952 0.6934137291280148 0.016179540709812108 0.030612244897959183
9 0.3804801670146138 0.7040816326530612 0.014613778705636743 0.029684601113172542
9 0.36351774530271397 0.7226345083487941 0.01826722338204593 0.03710575139146568
9 0.32515657620041755 0.7680890538033395 0.014613778705636743 0.03710575139146568
9 0.33376826722338204 0.7518552875695733 0.01826722338204593 0.02504638218923933
9 0.34055323590814196 0.7397959183673469 0.014091858037578288 0.023191094619666047
1 0.22025052192066805 0.8158627087198516 0.007306889352818371 0.017625231910946195
1 0.2340814196242171 0.8000927643784786 0.007828810020876827 0.013914656771799629
9 0.22286012526096033 0.8283858998144712 0.016701461377870562 0.02040816326530612
9 0.23695198329853862 0.8140074211502782 0.016701461377870562 0.017625231910946195
0 0.23721294363256784 0.87430426716141 0.012004175365344467 0.01948051948051948
2 0.2132045929018789 0.900278293135436 0.02035490605427975 0.041743970315398886
0 0.09290187891440502 0.9842300556586271 0.010438413361169102 0.02040816326530612
9 0.39613778705636743 0.5255102040816326 0.017745302713987474 0.017625231910946195
9 0.5185281837160751 0.5241187384044527 0.01722338204592902 0.014842300556586271
3 0.7346033402922756 0.27736549165120594 0.031837160751565764 0.027829313543599257
3 0.752348643006263 0.2592764378478664 0.027661795407098122 0.021335807050092765
3 0.7567849686847599 0.2532467532467532 0.026096033402922755 0.025974025974025976
3 0.7987995824634656 0.24211502782931354 0.01826722338204593 0.02411873840445269
3 0.7797494780793319 0.22217068645640073 0.022964509394572025 0.01948051948051948
4 0.7847077244258872 0.2147495361781076 0.02244258872651357 0.021335807050092765
3 0.8308977035490606 0.16883116883116883 0.021920668058455117 0.016697588126159554
3 0.8350730688935282 0.16094619666048238 0.020876826722338204 0.015769944341372914
3 0.8956158663883089 0.22680890538033396 0.014613778705636743 0.021335807050092765
3 0.6730167014613778 0.36688311688311687 0.014091858037578288 0.02504638218923933
3 0.16858037578288101 0.36410018552875695 0.027139874739039668 0.032467532467532464
3 0.21477035490605428 0.37059369202226344 0.02870563674321503 0.030612244897959183
3 0.9642484342379958 0.11131725417439703 0.01826722338204593 0.016697588126159554
3 0.9746868475991649 0.06725417439703155 0.008872651356993737 0.012059369202226345
3 0.9692066805845512 0.09183673469387756 0.009394572025052192 0.011131725417439703
3 0.9010960334029228 0.09369202226345083 0.012004175365344467 0.011131725417439703
3 0.9112734864300627 0.11920222634508348 0.012526096033402923 0.017625231910946195