1 0.9272058823529412 0.8542483660130719 0.026470588235294117 0.0718954248366013
0 0.9073529411764706 0.761437908496732 0.03823529411764706 0.11895424836601307
0 0.8628676470588236 0.769281045751634 0.025735294117647058 0.12941176470588237
0 0.7963235294117647 0.7477124183006536 0.030882352941176472 0.13856209150326798
0 0.74375 0.8026143790849674 0.030147058823529412 0.13856209150326798
0 0.7599264705882353 0.7084967320261438 0.027205882352941177 0.11764705882352941
0 0.774264705882353 0.6568627450980392 0.023529411764705882 0.11895424836601307
0 0.7213235294117647 0.711764705882353 0.029411764705882353 0.12156862745098039
1 0.7150735294117647 0.6784313725490196 0.0125 0.05228758169934641
0 0.6253676470588235 0.64640522875817 0.03308823529411765 0.13202614379084968
0 0.32830882352941176 0.6130718954248366 0.03161764705882353 0.08366013071895424
2 0.33308823529411763 0.6392156862745098 0.03676470588235294 0.09411764705882353
0 0.5639705882352941 0.4091503267973856 0.016176470588235296 0.09411764705882353
0 0.5466911764705882 0.4111111111111111 0.021323529411764706 0.09803921568627451
0 0.5433823529411764 0.37058823529411766 0.01764705882352941 0.07973856209150326
0 0.5183823529411765 0.4895424836601307 0.01764705882352941 0.09803921568627451
0 0.49963235294117647 0.4627450980392157 0.01838235294117647 0.09673202614379085
0 0.4974264705882353 0.4339869281045752 0.015441176470588236 0.08888888888888889
0 0.48308823529411765 0.41568627450980394 0.016176470588235296 0.0784313725490196
0 0.47205882352941175 0.39738562091503266 0.020588235294117647 0.09411764705882353
0 0.45992647058823527 0.365359477124183 0.016911764705882352 0.09281045751633987
0 0.5125 0.3287581699346405 0.014705882352941176 0.08496732026143791
0 0.5172794117647059 0.2980392156862745 0.013970588235294118 0.0784313725490196
0 0.48933823529411763 0.3032679738562091 0.015441176470588236 0.0784313725490196
0 0.04191176470588235 0.16666666666666666 0.020588235294117647 0.06666666666666667
0 0.29007352941176473 0.17647058823529413 0.011029411764705883 0.06013071895424837
0 0.27941176470588236 0.17647058823529413 0.013235294117647059 0.06535947712418301
0 0.25698529411764703 0.17777777777777778 0.013970588235294118 0.07581699346405228
0 0.23198529411764707 0.17777777777777778 0.015441176470588236 0.06013071895424837
0 0.36764705882352944 0.18496732026143792 0.011764705882352941 0.06405228758169934
0 0.43970588235294117 0.17254901960784313 0.008823529411764706 0.05751633986928104
0 0.4198529411764706 0.1437908496732026 0.008823529411764706 0.05751633986928104
3 0.9297794117647059 0.3915032679738562 0.05955882352941176 0.13725490196078433
3 0.8643382352941177 0.39477124183006534 0.06102941176470588 0.1411764705882353
3 0.8209558823529411 0.3405228758169935 0.09338235294117647 0.08758169934640522
3 0.7647058823529411 0.24705882352941178 0.08235294117647059 0.08366013071895424
3 0.6919117647058823 0.24183006535947713 0.06470588235294118 0.08366013071895424
5 0.6294117647058823 0.1522875816993464 0.07941176470588235 0.12418300653594772
3 0.5713235294117647 0.14183006535947712 0.029411764705882353 0.06666666666666667
3 0.5040441176470588 0.12222222222222222 0.05661764705882353 0.050980392156862744
3 0.475 0.10392156862745099 0.057352941176470586 0.040522875816993466
3 0.7452205882352941 0.1784313725490196 0.06397058823529411 0.08235294117647059
3 0.9018382352941177 0.19607843137254902 0.07573529411764705 0.06274509803921569
3 0.9746323529411764 0.23071895424836603 0.05073529411764706 0.06405228758169934
3 0.9731617647058823 0.18235294117647058 0.05367647058823529 0.050980392156862744
3 0.9058823529411765 0.1437908496732026 0.06323529411764706 0.054901960784313725
4 0.8139705882352941 0.15947712418300652 0.07352941176470588 0.06535947712418301
3 0.7444852941176471 0.1130718954248366 0.03455882352941177 0.0457516339869281
3 0.7290441176470588 0.1411764705882353 0.05955882352941176 0.04967320261437908
3 0.8102941176470588 0.1084967320261438 0.06323529411764706 0.036601307189542485
3 0.7827205882352941 0.1 0.05514705882352941 0.03529411764705882
3 0.6882352941176471 0.09673202614379085 0.047058823529411764 0.04183006535947712
3 0.6783088235294118 0.13790849673202615 0.04191176470588235 0.06405228758169934
3 0.6650735294117647 0.0673202614379085 0.05367647058823529 0.040522875816993466
3 0.6852941176470588 0.04379084967320261 0.05 0.03529411764705882
3 0.6345588235294117 0.038562091503267976 0.03529411764705882 0.040522875816993466
3 0.4915441176470588 0.05555555555555555 0.04044117647058824 0.048366013071895426
3 0.47058823529411764 0.08169934640522876 0.04852941176470588 0.03529411764705882
3 0.5220588235294118 0.020261437908496733 0.030882352941176472 0.03790849673202614
3 0.49779411764705883 0.029411764705882353 0.03529411764705882 0.043137254901960784
0 0.4091911764705882 0.26601307189542484 0.013970588235294118 0.07712418300653595
0 0.3860294117647059 0.25947712418300656 0.011764705882352941 0.07450980392156863
0 0.36066176470588235 0.257516339869281 0.0125 0.07581699346405228
0 0.3422794117647059 0.2601307189542484 0.0125 0.07581699346405228
0 0.31985294117647056 0.2601307189542484 0.014705882352941176 0.0784313725490196
0 0.29669117647058824 0.25947712418300656 0.0125 0.07450980392156863
0 0.24963235294117647 0.26405228758169935 0.011029411764705883 0.06797385620915032
0 0.22536764705882353 0.2718954248366013 0.015441176470588236 0.0784313725490196
0 0.19595588235294117 0.27450980392156865 0.0125 0.07058823529411765
0 0.17463235294117646 0.27908496732026145 0.013970588235294118 0.07973856209150326
0 0.1488970588235294 0.28169934640522876 0.0125 0.07973856209150326
0 0.11875 0.28954248366013075 0.013970588235294118 0.0718954248366013
0 0.09705882352941177 0.2908496732026144 0.014705882352941176 0.07712418300653595
0 0.07573529411764705 0.29869281045751633 0.01764705882352941 0.07712418300653595
0 0.04154411764705882 0.3006535947712418 0.016911764705882352 0.0784313725490196
0 0.01911764705882353 0.2751633986928105 0.020588235294117647 0.08758169934640522
0 0.4334558823529412 0.27450980392156865 0.0125 0.07320261437908497
0 0.4496323529411765 0.2751633986928105 0.008088235294117648 0.06928104575163399
0 0.4632352941176471 0.265359477124183 0.010294117647058823 0.06797385620915032
0 0.47463235294117645 0.25555555555555554 0.0125 0.07712418300653595
0 0.49926470588235294 0.25555555555555554 0.011764705882352941 0.0718954248366013
0 0.43051470588235297 0.2503267973856209 0.0125 0.07973856209150326
0 0.4102941176470588 0.2411764705882353 0.008823529411764706 0.07450980392156863
0 0.3849264705882353 0.24183006535947713 0.009558823529411765 0.08366013071895424
0 0.3448529411764706 0.23660130718954248 0.010294117647058823 0.08104575163398693
0 0.32536764705882354 0.238562091503268 0.0125 0.08235294117647059
0 0.30772058823529413 0.2065359477124183 0.0125 0.07581699346405228
0 0.12573529411764706 0.2633986928104575 0.014705882352941176 0.07450980392156863
0 0.14816176470588235 0.2647058823529412 0.013970588235294118 0.07973856209150326
0 0.17426470588235293 0.25359477124183005 0.014705882352941176 0.08888888888888889
0 0.20220588235294118 0.2503267973856209 0.011764705882352941 0.0718954248366013
0 0.23161764705882354 0.2503267973856209 0.013235294117647059 0.06928104575163399
0 0.05625 0.27320261437908494 0.015441176470588236 0.0784313725490196
0 0.04742647058823529 0.22091503267973855 0.016911764705882352 0.06797385620915032
0 0.027573529411764705 0.22156862745098038 0.013970588235294118 0.06666666666666667
0 0.0875 0.26666666666666666 0.016176470588235296 0.07581699346405228
3 0.575735294117647 0.01895424836601307 0.03529411764705882 0.03790849673202614
3 0.5988970588235294 0.03202614379084967 0.022794117647058822 0.043137254901960784
3 0.975 0.47058823529411764 0.05 0.12287581699346405
0 0.5753676470588235 0.17058823529411765 0.0125 0.05359477124183006
2 0.6900735294117647 0.29673202614379085 0.028676470588235293 0.054901960784313725