5 0.19963465553235907 0.9642857142857143 0.1289144050104384 0.06957328385899815
3 0.27609603340292277 0.8436920222634509 0.09081419624217119 0.09554730983302412
0 0.15683716075156576 0.8710575139146568 0.016179540709812108 0.06493506493506493
0 0.16336116910229645 0.8548237476808905 0.017745302713987474 0.06029684601113173
0 0.17014613778705637 0.8432282003710575 0.021920668058455117 0.06679035250463822
3 0.32620041753653445 0.6493506493506493 0.07620041753653445 0.055658627087198514
6 0.36221294363256784 0.7560296846011132 0.05636743215031315 0.06679035250463822
3 0.4535490605427975 0.6150278293135436 0.06367432150313153 0.0575139146567718
5 0.6197807933194155 0.5820964749536178 0.06315240083507306 0.07699443413729128
5 0.6156054279749478 0.5255102040816326 0.05167014613778706 0.06957328385899815
6 0.46894572025052195 0.5111317254174397 0.042275574112734866 0.04638218923933209
9 0.36873695198329853 0.5069573283858998 0.016179540709812108 0.02504638218923933
9 0.37239039665970775 0.5046382189239332 0.019311064718162838 0.025974025974025976
1 0.3948329853862213 0.5018552875695733 0.008872651356993737 0.027829313543599257
5 0.4232776617954071 0.47031539888682744 0.13883089770354906 0.07606679035250463
5 0.4016179540709812 0.4452690166975881 0.06732776617954071 0.04823747680890538
5 0.41492693110647183 0.44990723562152135 0.08977035490605428 0.05380333951762523
5 0.43606471816283926 0.3826530612244898 0.04540709812108559 0.038033395176252316
9 0.427713987473904 0.35992578849721707 0.015135699373695199 0.01855287569573284
3 0.4376304801670146 0.35435992578849723 0.031837160751565764 0.025974025974025976
9 0.4405010438413361 0.32560296846011133 0.011482254697286013 0.012987012987012988
9 0.43058455114822547 0.31493506493506496 0.007306889352818371 0.017625231910946195
3 0.4616388308977035 0.3140074211502783 0.029749478079331943 0.023191094619666047
3 0.4650313152400835 0.2764378478664193 0.025052192066805846 0.016697588126159554
3 0.4838204592901879 0.26437847866419295 0.024008350730688934 0.01855287569573284
6 0.5592379958246346 0.46938775510204084 0.016179540709812108 0.04081632653061224
1 0.5592379958246346 0.45918367346938777 0.007828810020876827 0.016697588126159554
5 0.5965553235908142 0.413265306122449 0.026096033402922755 0.05844155844155844
7 0.5855949895615866 0.3589981447124304 0.021920668058455117 0.027829313543599257
3 0.5461899791231732 0.24257884972170687 0.007828810020876827 0.01948051948051948
5 0.5146137787056367 0.2537105751391466 0.013569937369519834 0.0287569573283859
0 0.4791231732776618 0.24072356215213359 0.003131524008350731 0.01020408163265306
0 0.48721294363256784 0.23933209647495363 0.0026096033402922755 0.012987012987012988
7 0.4979123173277662 0.2435064935064935 0.009394572025052192 0.015769944341372914
3 0.4890396659707724 0.2212430426716141 0.021920668058455117 0.015769944341372914
4 0.4906054279749478 0.21567717996289426 0.021920668058455117 0.015769944341372914
7 0.4989561586638831 0.20686456400742115 0.011482254697286013 0.011131725417439703
5 0.5649791231732777 0.2147495361781076 0.013048016701461378 0.032467532467532464
9 0.5563674321503131 0.2012987012987013 0.003131524008350731 0.00927643784786642
1 0.5563674321503131 0.19990723562152132 0.003131524008350731 0.012059369202226345
1 0.5508872651356994 0.1859925788497217 0.0015657620041753654 0.006493506493506494
9 0.5506263048016702 0.18831168831168832 0.003131524008350731 0.0074211502782931356
3 0.56419624217119 0.19990723562152132 0.007306889352818371 0.013914656771799629
5 0.5388830897703549 0.17207792207792208 0.014091858037578288 0.026901669758812616
5 0.5130480167014614 0.17857142857142858 0.04801670146137787 0.021335807050092765
4 0.5266179540709812 0.1702226345083488 0.008350730688935281 0.012059369202226345
3 0.5276617954070981 0.16233766233766234 0.010438413361169102 0.00927643784786642
3 0.511482254697286 0.16094619666048238 0.005219206680584551 0.008348794063079777
4 0.5187891440501043 0.1614100185528757 0.005219206680584551 0.011131725417439703
5 0.5623695198329853 0.17625231910946196 0.010960334029227558 0.025974025974025976
5 0.5631524008350731 0.16929499072356216 0.009394572025052192 0.023191094619666047
6 0.5694154488517745 0.18089053803339517 0.0041753653444676405 0.011131725417439703