3 0.03679540709812108 0.6326530612244898 0.04540709812108559 0.07977736549165121
3 0.14561586638830898 0.6539888682745826 0.0407098121085595 0.07792207792207792
9 0.20146137787056367 0.6846011131725418 0.011482254697286013 0.029684601113172542
9 0.20902922755741127 0.6674397031539888 0.01722338204592902 0.03432282003710575
9 0.2100730688935282 0.6437847866419295 0.016179540709812108 0.027829313543599257
3 0.25234864300626303 0.6813543599257885 0.03392484342379958 0.075139146567718
3 0.4754697286012526 0.7096474953617811 0.028183716075156576 0.08905380333951762
3 0.5307933194154488 0.7319109461966605 0.025052192066805846 0.09276437847866419
3 0.5615866388308977 0.7532467532467533 0.026096033402922755 0.08905380333951762
9 0.6503131524008351 0.7806122448979592 0.009394572025052192 0.0287569573283859
1 0.6510960334029228 0.7792207792207793 0.005741127348643006 0.027829313543599257
1 0.6680584551148225 0.7778293135435993 0.009394572025052192 0.015769944341372914
9 0.6743215031315241 0.7857142857142857 0.008350730688935281 0.029684601113172542
3 0.7640918580375783 0.8042671614100185 0.030271398747390398 0.09461966604823747
3 0.7974947807933194 0.801948051948052 0.033402922755741124 0.09183673469387756
3 0.9467640918580376 0.8423005565862709 0.0407098121085595 0.10018552875695733
5 0.46998956158663885 0.5180890538033395 0.07045929018789145 0.06215213358070501
3 0.5274008350730689 0.4466604823747681 0.019311064718162838 0.05844155844155844
3 0.46007306889352817 0.43692022263450836 0.02139874739039666 0.0575139146567718
3 0.5305323590814196 0.33116883116883117 0.01826722338204593 0.05194805194805195
3 0.4650313152400835 0.2829313543599258 0.03653444676409186 0.03339517625231911
3 0.5237473903966597 0.07699443413729128 0.010960334029227558 0.025974025974025976
3 0.5093945720250522 0.07467532467532467 0.012526096033402923 0.026901669758812616
3 0.45902922755741127 0.12059369202226346 0.0255741127348643 0.027829313543599257
3 0.4514613778705637 0.13682745825602968 0.029227557411273485 0.0287569573283859
3 0.4318893528183716 0.1725417439703154 0.027661795407098122 0.03153988868274583
3 0.421972860125261 0.19109461966604824 0.024530271398747392 0.025974025974025976
3 0.41388308977035493 0.20686456400742115 0.033402922755741124 0.03153988868274583
3 0.39639874739039666 0.24165120593692022 0.027661795407098122 0.0287569573283859
3 0.3911795407098121 0.2606679035250464 0.027661795407098122 0.029684601113172542
3 0.3781315240083507 0.274582560296846 0.037056367432150315 0.03339517625231911
3 0.31106471816283926 0.2963821892393321 0.024008350730688934 0.045454545454545456