3 0.42994791666666665 0.3037037037037037 0.011979166666666667 0.020370370370370372
3 0.44609375 0.29768518518518516 0.008854166666666666 0.012037037037037037
3 0.446875 0.3162037037037037 0.010416666666666666 0.012037037037037037
3 0.44635416666666666 0.33564814814814814 0.011458333333333333 0.01574074074074074
5 0.43515625 0.3611111111111111 0.0203125 0.03888888888888889
3 0.4359375 0.33935185185185185 0.014583333333333334 0.021296296296296296
3 0.47708333333333336 0.4115740740740741 0.017708333333333333 0.025
3 0.39140625 0.34675925925925927 0.013020833333333334 0.021296296296296296
3 0.39114583333333336 0.36666666666666664 0.014583333333333334 0.020370370370370372
3 0.39088541666666665 0.40046296296296297 0.015104166666666667 0.028703703703703703
3 0.35442708333333334 0.3597222222222222 0.015104166666666667 0.023148148148148147
3 0.3294270833333333 0.4078703703703704 0.015104166666666667 0.026851851851851852
3 0.32317708333333334 0.4236111111111111 0.021354166666666667 0.03425925925925926
3 0.3072916666666667 0.4601851851851852 0.026041666666666668 0.037037037037037035
3 0.29609375 0.4847222222222222 0.028645833333333332 0.04351851851851852
1 0.30416666666666664 0.5504629629629629 0.010416666666666666 0.03981481481481482
9 0.30364583333333334 0.5611111111111111 0.008333333333333333 0.03333333333333333
1 0.2986979166666667 0.7263888888888889 0.022395833333333334 0.07314814814814814
9 0.29791666666666666 0.7486111111111111 0.023958333333333335 0.08055555555555556
3 0.3958333333333333 0.6425925925925926 0.035416666666666666 0.07962962962962963
3 0.61328125 0.7486111111111111 0.0671875 0.09537037037037037
3 0.48776041666666664 0.525 0.0328125 0.046296296296296294
1 0.259375 0.7351851851851852 0.017708333333333333 0.06296296296296296
9 0.2591145833333333 0.7555555555555555 0.019270833333333334 0.06851851851851852
3 0.18385416666666668 0.7638888888888888 0.06875 0.11481481481481481
3 0.11979166666666667 0.9004629629629629 0.109375 0.18055555555555555