4 0.5778571428571428 0.4270304568527919 0.032857142857142856 0.11548223350253807
3 0.4539285714285714 0.4467005076142132 0.025 0.06598984771573604
5 0.9735714285714285 0.7544416243654822 0.05142857142857143 0.15101522842639595
4 0.39321428571428574 0.3470812182741117 0.02642857142857143 0.07487309644670051
4 0.47214285714285714 0.23857868020304568 0.027142857142857142 0.06598984771573604
3 0.5928571428571429 0.19225888324873097 0.02142857142857143 0.05456852791878172
5 0.44357142857142856 0.0932741116751269 0.024285714285714285 0.08756345177664974
5 0.8657142857142858 0.34390862944162437 0.05285714285714286 0.1319796954314721
5 0.8307142857142857 0.2506345177664975 0.047142857142857146 0.10279187817258884
4 0.805 0.1802030456852792 0.024285714285714285 0.0532994923857868
4 0.7635714285714286 0.03236040609137056 0.017142857142857144 0.03680203045685279
3 0.7153571428571428 0.014593908629441625 0.02214285714285714 0.02918781725888325
4 0.5414285714285715 0.9657360406091371 0.03571428571428571 0.06598984771573604
0 0.3628571428571429 0.0532994923857868 0.005714285714285714 0.017766497461928935
0 0.38571428571428573 0.0717005076142132 0.005714285714285714 0.021573604060913704
0 0.32107142857142856 0.03807106598984772 0.007857142857142858 0.02030456852791878
0 0.2839285714285714 0.018401015228426396 0.009285714285714286 0.024111675126903553
0 0.2839285714285714 0.10152284263959391 0.007857142857142858 0.02030456852791878
0 0.2717857142857143 0.10723350253807107 0.007857142857142858 0.021573604060913704
0 0.26 0.11738578680203046 0.007142857142857143 0.01903553299492386
0 0.3325 0.15228426395939088 0.005 0.02284263959390863
0 0.3182142857142857 0.15355329949238578 0.0064285714285714285 0.017766497461928935
0 0.33 0.2036802030456853 0.008571428571428572 0.01649746192893401
0 0.3157142857142857 0.19416243654822335 0.005714285714285714 0.02284263959390863
0 0.3025 0.18908629441624367 0.010714285714285714 0.02284263959390863
0 0.24321428571428572 0.1681472081218274 0.0064285714285714285 0.021573604060913704
0 0.24928571428571428 0.1947969543147208 0.005714285714285714 0.01649746192893401
0 0.21464285714285714 0.24048223350253808 0.0064285714285714285 0.024111675126903553
0 0.20642857142857143 0.23477157360406092 0.007142857142857143 0.02030456852791878
0 0.27 0.3730964467005076 0.007142857142857143 0.017766497461928935
0 0.26071428571428573 0.36548223350253806 0.007142857142857143 0.02030456852791878
0 0.19285714285714287 0.34581218274111675 0.008571428571428572 0.0266497461928934
0 0.18035714285714285 0.3686548223350254 0.007857142857142858 0.0266497461928934
0 0.17142857142857143 0.37944162436548223 0.008571428571428572 0.02284263959390863
0 0.32535714285714284 0.5063451776649747 0.007857142857142858 0.025380710659898477
0 0.31642857142857145 0.5418781725888325 0.005714285714285714 0.02284263959390863
0 0.30357142857142855 0.5450507614213198 0.01 0.02918781725888325
0 0.26571428571428574 0.5025380710659898 0.008571428571428572 0.017766497461928935
0 0.24142857142857144 0.5824873096446701 0.008571428571428572 0.02030456852791878
0 0.22357142857142856 0.5564720812182741 0.007142857142857143 0.01649746192893401
0 0.21071428571428572 0.6008883248730964 0.007142857142857143 0.021573604060913704
0 0.22071428571428572 0.6846446700507615 0.011428571428571429 0.024111675126903553
0 0.21142857142857144 0.7093908629441624 0.005714285714285714 0.017766497461928935
0 0.20214285714285715 0.7703045685279187 0.008571428571428572 0.027918781725888325
0 0.20214285714285715 0.8096446700507615 0.01 0.027918781725888325
0 0.17642857142857143 0.8267766497461929 0.011428571428571429 0.024111675126903553
0 0.7360714285714286 0.18083756345177665 0.007857142857142858 0.024111675126903553
0 0.7989285714285714 0.08185279187817258 0.0035714285714285713 0.01903553299492386
0 0.22428571428571428 0.1732233502538071 0.008571428571428572 0.021573604060913704
0 0.2714285714285714 0.03553299492385787 0.004285714285714286 0.015228426395939087
0 0.2675 0.02728426395939086 0.005 0.01649746192893401
0 0.2757142857142857 0.031725888324873094 0.008571428571428572 0.02030456852791878
0 0.2735714285714286 0.005710659898477157 0.007142857142857143 0.011421319796954314
0 0.3514285714285714 0.02918781725888325 0.007142857142857143 0.017766497461928935
0 0.35964285714285715 0.01967005076142132 0.005 0.01649746192893401
1 0.36607142857142855 0.02918781725888325 0.005 0.015228426395939087
0 0.36142857142857143 0.031091370558375634 0.004285714285714286 0.01649746192893401
0 0.3492857142857143 0.06472081218274112 0.005714285714285714 0.02030456852791878
0 0.3457142857142857 0.07296954314720812 0.004285714285714286 0.01903553299492386
0 0.3360714285714286 0.06979695431472081 0.005 0.02030456852791878
0 0.24928571428571428 0.1681472081218274 0.005714285714285714 0.021573604060913704
0 0.27214285714285713 0.5 0.007142857142857143 0.017766497461928935
0 0.32035714285714284 0.541243654822335 0.0064285714285714285 0.01649746192893401
0 0.21428571428571427 0.5901015228426396 0.007142857142857143 0.017766497461928935
0 0.22857142857142856 0.5602791878172588 0.004285714285714286 0.01649746192893401
0 0.23285714285714285 0.5710659898477157 0.005714285714285714 0.017766497461928935
0 0.22535714285714287 0.5799492385786802 0.007857142857142858 0.02030456852791878
0 0.215 0.7043147208121827 0.005714285714285714 0.017766497461928935
0 0.215 0.7208121827411168 0.008571428571428572 0.02030456852791878
0 0.225 0.7201776649746193 0.01 0.0266497461928934
0 0.21392857142857144 0.7588832487309645 0.010714285714285714 0.030456852791878174
0 0.06357142857142857 0.8153553299492385 0.015714285714285715 0.0266497461928934
0 0.8407142857142857 0.22715736040609136 0.005714285714285714 0.02030456852791878
1 0.3075 0.15736040609137056 0.007857142857142858 0.017766497461928935