9 0.7356617647058824 0.8686274509803922 0.05514705882352941 0.06928104575163399
9 0.7683823529411765 0.8464052287581699 0.0661764705882353 0.0718954248366013
9 0.7492647058823529 0.8065359477124183 0.06911764705882353 0.06797385620915032
9 0.7308823529411764 0.7869281045751634 0.039705882352941174 0.07320261437908497
1 0.7378676470588236 0.8627450980392157 0.030147058823529412 0.10196078431372549
1 0.7669117647058824 0.8339869281045752 0.025 0.07581699346405228
1 0.7606617647058823 0.8045751633986928 0.022794117647058822 0.0718954248366013
1 0.7702205882352942 0.7954248366013071 0.021323529411764706 0.06666666666666667
1 0.7327205882352941 0.7718954248366013 0.022794117647058822 0.07973856209150326
0 0.7915441176470588 0.7856209150326797 0.01838235294117647 0.08104575163398693
0 0.6669117647058823 0.5771241830065359 0.016176470588235296 0.06666666666666667
0 0.6533088235294118 0.561437908496732 0.011029411764705883 0.0457516339869281
0 0.6856617647058824 0.38823529411764707 0.0125 0.06274509803921569
0 0.7183823529411765 0.3183006535947712 0.011764705882352941 0.048366013071895426
1 0.7172794117647059 0.3065359477124183 0.006617647058823529 0.022222222222222223
0 0.9334558823529412 0.4418300653594771 0.022794117647058822 0.06274509803921569
0 0.9169117647058823 0.4366013071895425 0.01911764705882353 0.054901960784313725
0 0.9514705882352941 0.31633986928104574 0.014705882352941176 0.054901960784313725
0 0.9386029411764706 0.3104575163398693 0.015441176470588236 0.048366013071895426
0 0.9834558823529411 0.2751633986928105 0.015441176470588236 0.0457516339869281
0 0.9294117647058824 0.2607843137254902 0.014705882352941176 0.0457516339869281
0 0.919485294117647 0.2568627450980392 0.013970588235294118 0.0457516339869281
9 0.9805147058823529 0.1300653594771242 0.015441176470588236 0.027450980392156862
2 0.8852941176470588 0.1718954248366013 0.023529411764705882 0.027450980392156862
1 0.8908088235294118 0.1522875816993464 0.008088235294117648 0.03529411764705882
1 0.8852941176470588 0.15163398692810456 0.007352941176470588 0.03137254901960784
1 0.8775735294117647 0.15947712418300652 0.009558823529411765 0.026143790849673203
1 0.8672794117647059 0.16732026143790849 0.009558823529411765 0.02875816993464052
1 0.8580882352941176 0.18104575163398692 0.011764705882352941 0.032679738562091505
1 0.8558823529411764 0.19411764705882353 0.011764705882352941 0.040522875816993466
1 0.8485294117647059 0.19869281045751633 0.010294117647058823 0.03398692810457516
1 0.8430147058823529 0.21241830065359477 0.013970588235294118 0.032679738562091505
1 0.8430147058823529 0.21633986928104576 0.0125 0.030065359477124184
1 0.8389705882352941 0.24509803921568626 0.011764705882352941 0.022222222222222223
1 0.8415441176470588 0.25359477124183005 0.016911764705882352 0.036601307189542485
1 0.8415441176470588 0.29150326797385623 0.013970588235294118 0.047058823529411764
6 0.8209558823529411 0.3202614379084967 0.05661764705882353 0.04183006535947712
2 0.888235294117647 0.06797385620915032 0.013235294117647059 0.02091503267973856
0 0.8132352941176471 0.07254901960784314 0.008823529411764706 0.030065359477124184
0 0.8172794117647059 0.10522875816993464 0.0125 0.032679738562091505
0 0.8088235294117647 0.09803921568627451 0.008823529411764706 0.03398692810457516
0 0.8051470588235294 0.0934640522875817 0.010294117647058823 0.03529411764705882
0 0.8069852941176471 0.09477124183006536 0.008088235294117648 0.030065359477124184
9 0.6713235294117647 0.0058823529411764705 0.010294117647058823 0.011764705882352941
1 0.6852941176470588 0.01045751633986928 0.011764705882352941 0.02091503267973856
1 0.6834558823529412 0.00849673202614379 0.009558823529411765 0.01699346405228758
1 0.6919117647058823 0.013725490196078431 0.011764705882352941 0.0196078431372549
1 0.6959558823529411 0.016339869281045753 0.009558823529411765 0.0196078431372549
9 0.6948529411764706 0.02679738562091503 0.013235294117647059 0.01699346405228758
2 0.6577205882352941 0.09084967320261438 0.008088235294117648 0.022222222222222223
1 0.6205882352941177 0.11960784313725491 0.011764705882352941 0.030065359477124184
6 0.6268382352941176 0.12483660130718954 0.03308823529411765 0.032679738562091505
7 0.5878676470588236 0.10261437908496732 0.027205882352941177 0.048366013071895426
0 0.5985294117647059 0.0803921568627451 0.0058823529411764705 0.032679738562091505
1 0.5658088235294118 0.09084967320261438 0.006617647058823529 0.02483660130718954
6 0.5705882352941176 0.09673202614379085 0.033823529411764704 0.026143790849673203
0 0.5930147058823529 0.046405228758169936 0.005147058823529412 0.027450980392156862
0 0.6231617647058824 0.052941176470588235 0.008088235294117648 0.040522875816993466
0 0.6279411764705882 0.038562091503267976 0.007352941176470588 0.027450980392156862
0 0.6283088235294118 0.03333333333333333 0.006617647058823529 0.027450980392156862
0 0.6466911764705883 0.041176470588235294 0.005147058823529412 0.027450980392156862
0 0.6540441176470588 0.034640522875816995 0.005147058823529412 0.02483660130718954
0 0.4117647058823529 0.011111111111111112 0.011764705882352941 0.022222222222222223
0 0.41654411764705884 0.03529411764705882 0.006617647058823529 0.03137254901960784
0 0.34816176470588234 0.016339869281045753 0.009558823529411765 0.027450980392156862
0 0.6073529411764705 0.2065359477124183 0.008823529411764706 0.044444444444444446
0 0.6172794117647059 0.2875816993464052 0.0125 0.047058823529411764
0 0.6132352941176471 0.27124183006535946 0.010294117647058823 0.050980392156862744
0 0.5518382352941177 0.14313725490196078 0.008088235294117648 0.040522875816993466
1 0.5349264705882353 0.1411764705882353 0.008088235294117648 0.026143790849673203
2 0.5345588235294118 0.1477124183006536 0.014705882352941176 0.026143790849673203
0 0.5231617647058824 0.1392156862745098 0.006617647058823529 0.03790849673202614
1 0.08933823529411765 0.984967320261438 0.030147058823529412 0.030065359477124184
9 0.03161764705882353 0.9013071895424837 0.04264705882352941 0.08758169934640522
7 0.01764705882352941 0.7601307189542483 0.03529411764705882 0.17124183006535948
6 0.06286764705882353 0.7810457516339869 0.04926470588235294 0.10065359477124183
9 0.0974264705882353 0.7973856209150327 0.03161764705882353 0.08366013071895424
9 0.09632352941176471 0.7379084967320262 0.025 0.07712418300653595
3 0.04338235294117647 0.6562091503267974 0.08676470588235294 0.11241830065359477
7 0.05661764705882353 0.5633986928104575 0.058823529411764705 0.12026143790849673
9 0.021691176470588235 0.5359477124183006 0.03308823529411765 0.047058823529411764
2 0.04448529411764706 0.42745098039215684 0.06691176470588235 0.07581699346405228
1 0.11948529411764706 0.4699346405228758 0.021323529411764706 0.050980392156862744
1 0.1213235294117647 0.4627450980392157 0.020588235294117647 0.044444444444444446
1 0.08860294117647059 0.5718954248366013 0.013970588235294118 0.03790849673202614
1 0.09338235294117647 0.5607843137254902 0.01764705882352941 0.03137254901960784
3 0.06985294117647059 0.469281045751634 0.11470588235294117 0.11241830065359477
1 0.003676470588235294 0.12549019607843137 0.0058823529411764705 0.023529411764705882
1 0.0022058823529411764 0.11568627450980393 0.004411764705882353 0.032679738562091505
3 0.022058823529411766 0.06993464052287582 0.04411764705882353 0.03790849673202614
4 0.013602941176470588 0.18366013071895426 0.027205882352941177 0.06928104575163399
2 0.007352941176470588 0.04379084967320261 0.014705882352941176 0.022222222222222223
3 0.022058823529411766 0.03202614379084967 0.04411764705882353 0.03529411764705882
3 0.034926470588235295 0.011764705882352941 0.04926470588235294 0.023529411764705882
3 0.07794117647058824 0.009150326797385621 0.030882352941176472 0.018300653594771243
3 0.09926470588235294 0.013725490196078431 0.023529411764705882 0.027450980392156862
1 0.09522058823529411 0.02679738562091503 0.008088235294117648 0.02483660130718954
1 0.09669117647058824 0.025490196078431372 0.006617647058823529 0.01699346405228758
9 0.09522058823529411 0.03137254901960784 0.009558823529411765 0.023529411764705882
1 0.09485294117647058 0.12549019607843137 0.010294117647058823 0.03137254901960784
9 0.09558823529411764 0.13071895424836602 0.008823529411764706 0.03137254901960784
3 0.20294117647058824 0.01437908496732026 0.04411764705882353 0.026143790849673203
3 0.1988970588235294 0.02679738562091503 0.03308823529411765 0.027450980392156862
3 0.20588235294117646 0.03594771241830065 0.03676470588235294 0.032679738562091505
3 0.19411764705882353 0.07058823529411765 0.04411764705882353 0.03398692810457516
3 0.12830882352941175 0.09019607843137255 0.0375 0.03398692810457516
1 0.12794117647058822 0.10457516339869281 0.008823529411764706 0.026143790849673203
2 0.12904411764705884 0.11176470588235295 0.006617647058823529 0.027450980392156862
2 0.13272058823529412 0.16470588235294117 0.0125 0.026143790849673203
0 0.11691176470588235 0.17973856209150327 0.007352941176470588 0.03790849673202614
0 0.12169117647058823 0.17777777777777778 0.009558823529411765 0.04183006535947712
9 0.20588235294117646 0.11045751633986928 0.020588235294117647 0.022222222222222223
3 0.17573529411764705 0.09281045751633987 0.027941176470588237 0.04183006535947712
0 0.1849264705882353 0.10784313725490197 0.006617647058823529 0.030065359477124184
3 0.15845588235294117 0.12287581699346405 0.04926470588235294 0.036601307189542485
1 0.15257352941176472 0.1627450980392157 0.008088235294117648 0.03790849673202614
4 0.17058823529411765 0.15620915032679739 0.06470588235294118 0.048366013071895426
3 0.1761029411764706 0.1934640522875817 0.07573529411764705 0.05751633986928104
3 0.14852941176470588 0.2281045751633987 0.06911764705882353 0.050980392156862744
4 0.16397058823529412 0.24509803921568626 0.07941176470588235 0.06928104575163399
9 0.11470588235294117 0.29411764705882354 0.022058823529411766 0.03398692810457516
1 0.18088235294117647 0.25359477124183005 0.011764705882352941 0.04967320261437908
1 0.19338235294117648 0.2633986928104575 0.007352941176470588 0.027450980392156862
1 0.18970588235294117 0.2503267973856209 0.0058823529411764705 0.040522875816993466
1 0.1761029411764706 0.28954248366013075 0.013970588235294118 0.030065359477124184
7 0.1625 0.27908496732026145 0.03676470588235294 0.07712418300653595
7 0.12536764705882353 0.3333333333333333 0.028676470588235293 0.05751633986928104
4 0.031985294117647056 0.33398692810457514 0.06397058823529411 0.08235294117647059
3 0.10183823529411765 0.39019607843137255 0.09485294117647058 0.07712418300653595
1 0.1426470588235294 0.9026143790849673 0.023529411764705882 0.03529411764705882
1 0.1547794117647059 0.8738562091503268 0.021323529411764706 0.06405228758169934
1 0.19117647058823528 0.8516339869281045 0.023529411764705882 0.05359477124183006
1 0.2036764705882353 0.8143790849673203 0.01911764705882353 0.08627450980392157
1 0.17279411764705882 0.8156862745098039 0.01911764705882353 0.08627450980392157
1 0.1922794117647059 0.8176470588235294 0.030147058823529412 0.050980392156862744
1 0.20036764705882354 0.7248366013071895 0.016911764705882352 0.06666666666666667
1 0.22279411764705884 0.722875816993464 0.023529411764705882 0.04967320261437908
1 0.22647058823529412 0.7032679738562092 0.01911764705882353 0.04967320261437908
1 0.23529411764705882 0.6294117647058823 0.027941176470588237 0.050980392156862744
1 0.23051470588235295 0.6176470588235294 0.015441176470588236 0.03790849673202614
0 0.38676470588235295 0.8156862745098039 0.020588235294117647 0.08888888888888889
0 0.35294117647058826 0.7803921568627451 0.020588235294117647 0.08627450980392157
0 0.3047794117647059 0.7163398692810458 0.0125 0.044444444444444446
0 0.29375 0.7098039215686275 0.016911764705882352 0.0784313725490196
0 0.39595588235294116 0.43529411764705883 0.0125 0.06274509803921569
0 0.4143382352941177 0.4320261437908497 0.013970588235294118 0.06666666666666667
0 0.5073529411764706 0.44248366013071894 0.008823529411764706 0.05620915032679739
0 0.4547794117647059 0.27450980392156865 0.011029411764705883 0.04967320261437908
1 0.5029411764705882 0.11699346405228758 0.007352941176470588 0.022222222222222223
1 0.5051470588235294 0.10457516339869281 0.0058823529411764705 0.02091503267973856
1 0.5007352941176471 0.1111111111111111 0.0058823529411764705 0.01568627450980392
1 0.4970588235294118 0.12549019607843137 0.008823529411764706 0.023529411764705882
1 0.4948529411764706 0.11633986928104575 0.0058823529411764705 0.02091503267973856
1 0.4904411764705882 0.11176470588235295 0.007352941176470588 0.01699346405228758
1 0.4838235294117647 0.12287581699346405 0.007352941176470588 0.0392156862745098
1 0.48161764705882354 0.11960784313725491 0.010294117647058823 0.0196078431372549
1 0.47941176470588237 0.10718954248366012 0.007352941176470588 0.03398692810457516
1 0.4768382352941177 0.1084967320261438 0.006617647058823529 0.023529411764705882
0 0.46139705882352944 0.15294117647058825 0.0125 0.04183006535947712
1 0.4573529411764706 0.11568627450980393 0.007352941176470588 0.02483660130718954
1 0.4488970588235294 0.11176470588235295 0.006617647058823529 0.027450980392156862
1 0.4345588235294118 0.12156862745098039 0.007352941176470588 0.023529411764705882
1 0.4253676470588235 0.12549019607843137 0.006617647058823529 0.013071895424836602
1 0.4319852941176471 0.1111111111111111 0.006617647058823529 0.023529411764705882
1 0.4077205882352941 0.11895424836601307 0.009558823529411765 0.03398692810457516
1 0.3889705882352941 0.1261437908496732 0.008823529411764706 0.02483660130718954
1 0.3628676470588235 0.12418300653594772 0.008088235294117648 0.03137254901960784
1 0.3558823529411765 0.12287581699346405 0.008823529411764706 0.04183006535947712
1 0.34963235294117645 0.12745098039215685 0.008088235294117648 0.03529411764705882
9 0.31176470588235294 0.09084967320261438 0.008823529411764706 0.032679738562091505
9 0.3058823529411765 0.11764705882352941 0.008823529411764706 0.03398692810457516
1 0.3014705882352941 0.12091503267973856 0.007352941176470588 0.040522875816993466
1 0.3 0.1588235294117647 0.007352941176470588 0.043137254901960784
1 0.1536764705882353 0.5183006535947713 0.020588235294117647 0.058823529411764705
1 0.19117647058823528 0.5627450980392157 0.01764705882352941 0.03790849673202614
1 0.19044117647058822 0.5444444444444444 0.016176470588235296 0.030065359477124184
1 0.16470588235294117 0.45359477124183006 0.016176470588235296 0.02875816993464052
6 0.1676470588235294 0.42287581699346405 0.05588235294117647 0.048366013071895426
1 0.15294117647058825 0.3993464052287582 0.014705882352941176 0.040522875816993466
1 0.16066176470588237 0.3954248366013072 0.015441176470588236 0.048366013071895426
1 0.1577205882352941 0.38823529411764707 0.011029411764705883 0.04183006535947712
1 0.1588235294117647 0.3503267973856209 0.014705882352941176 0.03137254901960784
1 0.16139705882352942 0.338562091503268 0.013970588235294118 0.03137254901960784
1 0.16397058823529412 0.3281045751633987 0.011764705882352941 0.026143790849673203
0 0.21948529411764706 0.19215686274509805 0.0125 0.04183006535947712
1 0.2172794117647059 0.21633986928104576 0.0125 0.027450980392156862
1 0.2088235294117647 0.257516339869281 0.014705882352941176 0.02875816993464052
1 0.21176470588235294 0.25163398692810457 0.010294117647058823 0.02483660130718954
1 0.25220588235294117 0.2980392156862745 0.010294117647058823 0.026143790849673203
1 0.2514705882352941 0.2928104575163399 0.016176470588235296 0.03398692810457516
1 0.21948529411764706 0.2980392156862745 0.009558823529411765 0.044444444444444446
1 0.2301470588235294 0.2928104575163399 0.007352941176470588 0.03398692810457516
1 0.22389705882352942 0.29215686274509806 0.011029411764705883 0.0457516339869281
1 0.3044117647058823 0.2542483660130719 0.010294117647058823 0.050980392156862744
1 0.31323529411764706 0.21437908496732025 0.010294117647058823 0.04183006535947712
1 0.30625 0.21895424836601307 0.008088235294117648 0.03529411764705882
0 0.2555147058823529 0.24313725490196078 0.008088235294117648 0.04183006535947712
0 0.2639705882352941 0.20326797385620915 0.007352941176470588 0.040522875816993466
0 0.26323529411764707 0.21437908496732025 0.010294117647058823 0.03137254901960784
1 0.24411764705882352 0.1718954248366013 0.007352941176470588 0.02483660130718954
1 0.24338235294117647 0.19084967320261437 0.008823529411764706 0.04183006535947712
1 0.25441176470588234 0.18823529411764706 0.010294117647058823 0.026143790849673203
1 0.25441176470588234 0.19019607843137254 0.011764705882352941 0.0457516339869281
1 0.3709558823529412 0.22156862745098038 0.006617647058823529 0.01437908496732026
0 0.35404411764705884 0.2111111111111111 0.011029411764705883 0.043137254901960784