5 0.8779411764705882 0.1287581699346405 0.2411764705882353 0.17647058823529413
6 0.8514705882352941 0.20326797385620915 0.061764705882352944 0.043137254901960784
1 0.8419117647058824 0.19673202614379084 0.01764705882352941 0.048366013071895426
1 0.5352941176470588 0.04771241830065359 0.011764705882352941 0.043137254901960784
9 0.5352941176470588 0.056862745098039215 0.01764705882352941 0.040522875816993466
0 0.5297794117647059 0.03529411764705882 0.008088235294117648 0.044444444444444446
0 0.5352941176470588 0.026143790849673203 0.007352941176470588 0.04183006535947712
0 0.5448529411764705 0.034640522875816995 0.008823529411764706 0.048366013071895426
0 0.5573529411764706 0.056862745098039215 0.011764705882352941 0.048366013071895426
9 0.555514705882353 0.06601307189542484 0.013970588235294118 0.03529411764705882
0 0.5742647058823529 0.056862745098039215 0.008823529411764706 0.03790849673202614
0 0.58125 0.04967320261437908 0.008088235294117648 0.04183006535947712
0 0.5856617647058824 0.06209150326797386 0.011029411764705883 0.050980392156862744
0 0.5783088235294118 0.06928104575163399 0.006617647058823529 0.036601307189542485
0 0.5974264705882353 0.0673202614379085 0.008088235294117648 0.048366013071895426
0 0.6102941176470589 0.06013071895424837 0.011764705882352941 0.047058823529411764
0 0.6099264705882353 0.07908496732026143 0.011029411764705883 0.040522875816993466
0 0.6091911764705882 0.09542483660130718 0.008088235294117648 0.018300653594771243
0 0.6172794117647059 0.08823529411764706 0.009558823529411765 0.05359477124183006
0 0.6452205882352942 0.047058823529411764 0.009558823529411765 0.05228758169934641
0 0.6661764705882353 0.05359477124183006 0.011764705882352941 0.047058823529411764
0 0.6529411764705882 0.04379084967320261 0.011764705882352941 0.0457516339869281
0 0.6808823529411765 0.05228758169934641 0.010294117647058823 0.04967320261437908
0 0.5077205882352941 0.058823529411764705 0.0125 0.04967320261437908
0 0.5176470588235295 0.10588235294117647 0.008823529411764706 0.044444444444444446
0 0.5253676470588236 0.10457516339869281 0.011029411764705883 0.05228758169934641
0 0.5591911764705882 0.14836601307189543 0.0125 0.058823529411764705
0 0.5051470588235294 0.13986928104575164 0.008823529411764706 0.03398692810457516
0 0.4974264705882353 0.13398692810457516 0.0125 0.05359477124183006
1 0.45955882352941174 0.048366013071895426 0.013235294117647059 0.036601307189542485
9 0.4606617647058823 0.058823529411764705 0.016911764705882352 0.0392156862745098
3 0.43713235294117647 0.11895424836601307 0.0713235294117647 0.07320261437908497
1 0.38676470588235295 0.13137254901960785 0.013235294117647059 0.05620915032679739
9 0.3860294117647059 0.13790849673202615 0.027941176470588237 0.03790849673202614
3 0.3613970588235294 0.016339869281045753 0.0375 0.032679738562091505
0 0.4 0.2679738562091503 0.016176470588235296 0.06535947712418301
0 0.41360294117647056 0.2777777777777778 0.015441176470588236 0.0457516339869281
0 0.42573529411764705 0.3437908496732026 0.011764705882352941 0.06535947712418301
1 0.3996323529411765 0.5143790849673202 0.016911764705882352 0.050980392156862744
1 0.41213235294117645 0.5143790849673202 0.021323529411764706 0.05359477124183006
9 0.4125 0.5372549019607843 0.03235294117647059 0.05228758169934641
6 0.6584558823529412 0.30522875816993467 0.08455882352941177 0.06143790849673202
1 0.6426470588235295 0.28431372549019607 0.01911764705882353 0.050980392156862744
4 0.6220588235294118 0.34705882352941175 0.09852941176470588 0.10065359477124183
3 0.29448529411764707 0.8816993464052287 0.1698529411764706 0.15294117647058825
0 0.21911764705882353 0.8169934640522876 0.016176470588235296 0.0784313725490196
0 0.2363970588235294 0.8183006535947712 0.02426470588235294 0.07320261437908497
0 0.23823529411764705 0.7823529411764706 0.025 0.07450980392156863
0 0.21911764705882353 0.7529411764705882 0.025 0.08104575163398693
0 0.2661764705882353 0.7673202614379085 0.022058823529411766 0.08104575163398693
0 0.25919117647058826 0.7045751633986929 0.022794117647058822 0.06274509803921569
3 0.13676470588235295 0.6366013071895424 0.15 0.15947712418300652
3 0.04522058823529412 0.08888888888888889 0.07426470588235294 0.09673202614379085
1 0.1713235294117647 0.14444444444444443 0.016176470588235296 0.032679738562091505
1 0.17463235294117646 0.134640522875817 0.016911764705882352 0.03137254901960784
9 0.1761029411764706 0.15359477124183007 0.01838235294117647 0.050980392156862744
1 0.21654411764705883 0.10784313725490197 0.015441176470588236 0.03529411764705882
1 0.21985294117647058 0.0915032679738562 0.013235294117647059 0.036601307189542485
9 0.22169117647058822 0.11176470588235295 0.016911764705882352 0.0457516339869281
3 0.836764705882353 0.3954248366013072 0.12058823529411765 0.09803921568627451