3 0.27348643006263046 0.8334879406307978 0.03966597077244259 0.08812615955473098
3 0.39744258872651356 0.5978664192949907 0.037056367432150315 0.05287569573283859
3 0.45041753653444677 0.5616883116883117 0.033402922755741124 0.05287569573283859
3 0.49478079331941544 0.62708719851577 0.030271398747390398 0.059369202226345084
3 0.5399269311064718 0.4452690166975881 0.027661795407098122 0.04081632653061224
3 0.22573068893528184 0.9744897959183674 0.029749478079331943 0.04916512059369202
3 0.8781315240083507 0.2940630797773655 0.015135699373695199 0.02040816326530612
1 0.45902922755741127 0.8603896103896104 0.010960334029227558 0.013914656771799629
1 0.5892484342379958 0.9216141001855288 0.007306889352818371 0.017625231910946195
1 0.5900313152400835 0.9670686456400742 0.010960334029227558 0.023191094619666047
9 0.4629436325678497 0.87291280148423 0.018789144050104383 0.014842300556586271
9 0.5876826722338204 0.9318181818181818 0.021920668058455117 0.015769944341372914
9 0.5892484342379958 0.9763450834879406 0.018789144050104383 0.021335807050092765