0 0.22285714285714286 0.41941624365482233 0.017142857142857144 0.044416243654822336
0 0.25285714285714284 0.43274111675126903 0.02142857142857143 0.04314720812182741
0 0.6385714285714286 0.5647208121827412 0.015714285714285715 0.04314720812182741
0 0.6567857142857143 0.5615482233502538 0.015 0.04949238578680203
0 0.5710714285714286 0.7931472081218274 0.019285714285714285 0.0532994923857868
0 0.8217857142857142 0.6091370558375635 0.019285714285714285 0.04314720812182741
0 0.8371428571428572 0.5596446700507615 0.017142857142857144 0.03553299492385787
1 0.5317857142857143 0.2233502538071066 0.010714285714285714 0.03553299492385787
1 0.5457142857142857 0.22271573604060912 0.011428571428571429 0.03680203045685279
1 0.5625 0.22398477157360405 0.015 0.04187817258883249
1 0.36428571428571427 0.23921319796954316 0.015714285714285715 0.046954314720812185
1 0.3414285714285714 0.24555837563451777 0.022857142857142857 0.04187817258883249
1 0.2982142857142857 0.24936548223350255 0.019285714285714285 0.03934010152284264
1 0.395 0.05583756345177665 0.012857142857142857 0.048223350253807105
1 0.41214285714285714 0.057741116751269035 0.015714285714285715 0.044416243654822336
1 0.4725 0.057741116751269035 0.017857142857142856 0.044416243654822336