0 0.54725 0.9613333333333334 0.0125 0.02666666666666667
3 0.45925 0.9563333333333334 0.0335 0.08466666666666667
3 0.02375 0.8183333333333334 0.0475 0.08066666666666666
3 0.05125 0.819 0.0675 0.08866666666666667
3 0.0745 0.7306666666666667 0.062 0.07066666666666667
3 0.1235 0.7293333333333333 0.051 0.076
3 0.177 0.7276666666666667 0.066 0.048666666666666664
3 0.31375 0.479 0.0215 0.035333333333333335
3 0.2795 0.3983333333333333 0.037 0.019333333333333334
4 0.2835 0.37966666666666665 0.035 0.023333333333333334
3 0.34675 0.18966666666666668 0.0135 0.011333333333333334
3 0.35475 0.14333333333333334 0.0135 0.009333333333333334
4 0.36525 0.127 0.0085 0.01
4 0.366 0.136 0.016 0.010666666666666666
3 0.37 0.14766666666666667 0.016 0.01
3 0.3735 0.14233333333333334 0.016 0.008666666666666666
3 0.407 0.13366666666666666 0.007 0.008666666666666666
3 0.40475 0.129 0.0115 0.007333333333333333
4 0.39675 0.119 0.0055 0.01
3 0.3955 0.126 0.006 0.008
4 0.38375 0.12566666666666668 0.0135 0.01
3 0.3805 0.13 0.015 0.009333333333333334
3 0.3945 0.13766666666666666 0.014 0.008666666666666666
3 0.418 0.138 0.014 0.008
3 0.42675 0.14 0.0125 0.010666666666666666
3 0.42175 0.164 0.0085 0.012
3 0.409 0.152 0.009 0.009333333333333334
3 0.39725 0.15633333333333332 0.0085 0.011333333333333334
0 0.3985 0.14133333333333334 0.002 0.008
3 0.39625 0.162 0.0085 0.012
3 0.3965 0.17033333333333334 0.009 0.011333333333333334
4 0.3955 0.184 0.007 0.014666666666666666
1 0.41375 0.179 0.0025 0.007333333333333333
2 0.41425 0.18166666666666667 0.0025 0.007333333333333333
3 0.42325 0.178 0.0085 0.013333333333333334
4 0.42425 0.184 0.0095 0.016
3 0.423 0.19433333333333333 0.007 0.011333333333333334
3 0.4115 0.201 0.009 0.014
4 0.39375 0.193 0.0085 0.014
3 0.39625 0.20366666666666666 0.0125 0.011333333333333334
4 0.39475 0.212 0.0085 0.014666666666666666
3 0.3965 0.22433333333333333 0.012 0.012666666666666666
3 0.39425 0.23533333333333334 0.0135 0.016
0 0.3855 0.23566666666666666 0.004 0.011333333333333334
4 0.37175 0.235 0.0105 0.016666666666666666
0 0.37425 0.25 0.0045 0.010666666666666666
0 0.4305 0.199 0.003 0.011333333333333334
3 0.42725 0.22333333333333333 0.0175 0.012
9 0.42775 0.21066666666666667 0.0045 0.009333333333333334
3 0.4265 0.23533333333333334 0.01 0.013333333333333334
0 0.4295 0.24433333333333335 0.003 0.01
3 0.409 0.259 0.011 0.014
0 0.40375 0.2703333333333333 0.0035 0.012666666666666666
0 0.38975 0.2613333333333333 0.0055 0.013333333333333334
0 0.3895 0.25 0.004 0.014666666666666666
2 0.39675 0.2833333333333333 0.0045 0.009333333333333334
0 0.39025 0.279 0.0055 0.015333333333333332
0 0.38525 0.278 0.0035 0.012
5 0.386 0.2876666666666667 0.011 0.024666666666666667
4 0.38675 0.313 0.0115 0.020666666666666667
3 0.383 0.3463333333333333 0.011 0.023333333333333334
3 0.3835 0.37266666666666665 0.013 0.024
3 0.37775 0.42733333333333334 0.0215 0.030666666666666665
3 0.3725 0.4656666666666667 0.017 0.034
3 0.3695 0.5126666666666667 0.019 0.04133333333333333
3 0.40125 0.5553333333333333 0.0495 0.04
3 0.4475 0.7383333333333333 0.036 0.07266666666666667
3 0.63525 0.8216666666666667 0.0495 0.09
4 0.52775 0.7766666666666666 0.0335 0.06933333333333333
3 0.56175 0.564 0.0295 0.052
3 0.4935 0.5423333333333333 0.023 0.048666666666666664
3 0.488 0.48333333333333334 0.023 0.04
5 0.47975 0.43533333333333335 0.0245 0.05333333333333334
2 0.5145 0.42833333333333334 0.013 0.014
4 0.47675 0.29233333333333333 0.0115 0.026
0 0.4765 0.23866666666666667 0.004 0.013333333333333334
0 0.47375 0.24066666666666667 0.0025 0.012
0 0.4715 0.27066666666666667 0.004 0.014666666666666666
0 0.47575 0.26966666666666667 0.0035 0.012666666666666666
0 0.4785 0.2683333333333333 0.003 0.014
0 0.48525 0.2816666666666667 0.0035 0.014
0 0.496 0.2786666666666667 0.004 0.013333333333333334
9 0.48975 0.2856666666666667 0.0045 0.011333333333333334
9 0.49125 0.2806666666666667 0.0035 0.008
9 0.49725 0.257 0.0085 0.008666666666666666
3 0.5165 0.187 0.01 0.012666666666666666
4 0.52375 0.176 0.0115 0.013333333333333334
3 0.5405 0.09666666666666666 0.011 0.006666666666666667
4 0.54525 0.09466666666666666 0.0105 0.008
5 0.55025 0.09133333333333334 0.0135 0.009333333333333334
3 0.5745 0.076 0.011 0.006666666666666667
3 0.57925 0.08533333333333333 0.0105 0.006666666666666667
3 0.55225 0.07833333333333334 0.0105 0.006
3 0.54325 0.08466666666666667 0.0115 0.006666666666666667
3 0.561 0.083 0.011 0.007333333333333333
3 0.56 0.087 0.014 0.007333333333333333
3 0.5035 0.049666666666666665 0.007 0.004666666666666667
3 0.51475 0.050333333333333334 0.0085 0.004666666666666667
8 0.49975 0.593 0.0255 0.06333333333333334