3 0.14170146137787057 0.17115027829313545 0.1477035490605428 0.1437847866419295
3 0.04592901878914405 0.5162337662337663 0.0918580375782881 0.09369202226345083
1 0.06889352818371608 0.8469387755102041 0.029227557411273485 0.05194805194805195
1 0.28235908141962424 0.36688311688311687 0.022964509394572025 0.041743970315398886
1 0.43136743215031315 0.45222634508348797 0.0255741127348643 0.04359925788497217
1 0.4488517745302714 0.6539888682745826 0.025052192066805846 0.055658627087198514
1 0.2340814196242171 0.9346011131725418 0.02661795407098121 0.03432282003710575
1 0.2330375782881002 0.9137291280148423 0.029749478079331943 0.03525046382189239
9 0.2330375782881002 0.9216141001855288 0.02870563674321503 0.08812615955473098
6 0.3087160751565762 0.5227272727272727 0.08924843423799582 0.11595547309833024
2 0.2883611691022965 0.3696660482374768 0.042275574112734866 0.05287569573283859
9 0.4331941544885177 0.45315398886827457 0.04592901878914405 0.036178107606679034
9 0.4509394572025052 0.6595547309833024 0.04279749478079332 0.04638218923933209
1 0.8596033402922756 0.30241187384044527 0.017745302713987474 0.029684601113172542
1 0.8637787056367432 0.30844155844155846 0.031315240083507306 0.05102040816326531
9 0.8564718162839249 0.30658627087198514 0.05845511482254697 0.041743970315398886
5 0.5730688935281837 0.32653061224489793 0.10751565762004175 0.6530612244897959