5 0.29392857142857143 0.8039340101522843 0.05785714285714286 0.2017766497461929
5 0.3225 0.8578680203045685 0.05785714285714286 0.18781725888324874
5 0.35428571428571426 0.8781725888324873 0.03857142857142857 0.14974619289340102
5 0.35 0.6859137055837563 0.037142857142857144 0.13578680203045684
3 0.4182142857142857 0.9815989847715736 0.019285714285714285 0.03426395939086294
5 0.5703571428571429 0.8756345177664975 0.027857142857142858 0.12436548223350254
3 0.37142857142857144 0.5996192893401016 0.02857142857142857 0.07487309644670051
3 0.37785714285714284 0.5279187817258884 0.02 0.07106598984771574
4 0.4589285714285714 0.7696700507614214 0.02214285714285714 0.0799492385786802
8 0.5235714285714286 0.7785532994923858 0.015714285714285715 0.0901015228426396
3 0.4617857142857143 0.5653553299492385 0.017857142857142856 0.06725888324873096
3 0.5757142857142857 0.4517766497461929 0.017142857142857144 0.06598984771573604
4 0.17857142857142858 0.24809644670050762 0.032857142857142856 0.04949238578680203
0 0.9382142857142857 0.8648477157360406 0.013571428571428571 0.021573604060913704
0 0.905 0.7296954314720813 0.01 0.015228426395939087
0 0.8882142857142857 0.6643401015228426 0.010714285714285714 0.013959390862944163
0 0.8957142857142857 0.6751269035532995 0.008571428571428572 0.015228426395939087
0 0.8839285714285714 0.6770304568527918 0.010714285714285714 0.011421319796954314
0 0.8767857142857143 0.708756345177665 0.009285714285714286 0.01649746192893401
0 0.8864285714285715 0.7062182741116751 0.008571428571428572 0.013959390862944163
3 0.7717857142857143 0.1935279187817259 0.016428571428571428 0.05710659898477157
5 0.5442857142857143 0.041243654822335024 0.05142857142857143 0.06979695431472081
0 0.08892857142857143 0.17576142131979697 0.010714285714285714 0.024111675126903553
0 0.11392857142857143 0.1034263959390863 0.007857142857142858 0.0266497461928934
4 0.45107142857142857 0.1802030456852792 0.015 0.04314720812182741
3 0.47464285714285714 0.2100253807106599 0.015 0.044416243654822336
4 0.4467857142857143 0.2880710659898477 0.015 0.050761421319796954
3 0.46785714285714286 0.3946700507614213 0.015714285714285715 0.050761421319796954
3 0.5235714285714286 0.35913705583756345 0.015714285714285715 0.06091370558375635
9 0.5225 0.17893401015228427 0.0064285714285714285 0.027918781725888325