0 0.68 0.9626666666666667 0.079 0.07466666666666667
9 0.55325 0.7506666666666667 0.0415 0.148
2 0.4815 0.6596666666666666 0.032 0.11
9 0.519 0.6623333333333333 0.039 0.11533333333333333
0 0.01675 0.866 0.0335 0.07066666666666667
0 0.0785 0.7056666666666667 0.072 0.06466666666666666
0 0.095 0.6666666666666666 0.074 0.08266666666666667
9 0.1735 0.686 0.07 0.10533333333333333
9 0.18875 0.6373333333333333 0.0745 0.10266666666666667
2 0.18875 0.5863333333333334 0.0755 0.08333333333333333
9 0.24275 0.536 0.0445 0.10133333333333333
0 0.2045 0.47833333333333333 0.045 0.07666666666666666
9 0.2095 0.531 0.044 0.098
9 0.275 0.44533333333333336 0.053 0.092
9 0.3 0.44533333333333336 0.044 0.096
9 0.321 0.45666666666666667 0.04 0.09333333333333334
9 0.338 0.28933333333333333 0.027 0.08266666666666667
0 0.28775 0.30966666666666665 0.0385 0.094
0 0.2575 0.3396666666666667 0.049 0.08333333333333333
0 0.41825 0.38566666666666666 0.0255 0.06466666666666666
1 0.2465 0.6853333333333333 0.047 0.06666666666666667
9 0.25475 0.6956666666666667 0.0685 0.12733333333333333
4 0.35775 0.539 0.1655 0.30333333333333334
0 0.47275 0.31666666666666665 0.0245 0.04933333333333333
0 0.45075 0.3626666666666667 0.0295 0.08666666666666667
0 0.45075 0.45066666666666666 0.0295 0.092
9 0.4805 0.46366666666666667 0.046 0.09933333333333333
9 0.51175 0.5686666666666667 0.0435 0.11466666666666667
9 0.498 0.503 0.059 0.09266666666666666
2 0.54425 0.4176666666666667 0.0295 0.09933333333333333
9 0.56425 0.4266666666666667 0.0435 0.088
9 0.63075 0.43733333333333335 0.0375 0.09866666666666667
9 0.64675 0.465 0.0405 0.082
2 0.60025 0.4726666666666667 0.0345 0.08266666666666667
6 0.59575 0.587 0.0845 0.19133333333333333