5 0.795 0.1681472081218274 0.07571428571428572 0.16878172588832488
3 0.8292857142857143 0.08312182741116751 0.04428571428571428 0.06725888324873096
3 0.7667857142857143 0.03489847715736041 0.04357142857142857 0.06725888324873096
3 0.9178571428571428 0.1281725888324873 0.047142857142857146 0.09137055837563451
3 0.9857142857142858 0.09200507614213198 0.02857142857142857 0.07741116751269035
3 0.9846428571428572 0.18527918781725888 0.030714285714285715 0.08375634517766498
0 0.38571428571428573 0.9175126903553299 0.017142857142857144 0.04314720812182741
0 0.42392857142857143 0.7620558375634517 0.010714285714285714 0.03934010152284264
0 0.44285714285714284 0.7531725888324873 0.011428571428571429 0.044416243654822336
0 0.5375 0.7068527918781726 0.013571428571428571 0.04060913705583756
0 0.4317857142857143 0.4447969543147208 0.0064285714285714285 0.02918781725888325
0 0.43785714285714283 0.4460659898477157 0.008571428571428572 0.03426395939086294
0 0.45 0.44416243654822335 0.008571428571428572 0.02030456852791878
0 0.39 0.6484771573604061 0.012857142857142857 0.030456852791878174
0 0.5589285714285714 0.5729695431472082 0.009285714285714286 0.031725888324873094
0 0.5664285714285714 0.5545685279187818 0.008571428571428572 0.03553299492385787
0 0.5739285714285715 0.5602791878172588 0.0064285714285714285 0.01903553299492386
0 0.4317857142857143 0.7074873096446701 0.009285714285714286 0.031725888324873094
1 0.4232142857142857 0.758248730964467 0.005 0.01649746192893401
0 0.4025 0.35406091370558374 0.010714285714285714 0.03553299492385787
0 0.42142857142857143 0.29949238578680204 0.008571428571428572 0.02030456852791878
0 0.5032142857142857 0.35596446700507617 0.007857142857142858 0.03426395939086294
0 0.4546428571428571 0.3248730964467005 0.005 0.015228426395939087
0 0.4614285714285714 0.3293147208121827 0.005714285714285714 0.021573604060913704
0 0.45821428571428574 0.31408629441624364 0.005 0.01649746192893401
0 0.4617857142857143 0.31789340101522845 0.0064285714285714285 0.01903553299492386
1 0.5032142857142857 0.3496192893401015 0.005 0.013959390862944163
1 0.4125 0.20304568527918782 0.005 0.012690355329949238
0 0.4114285714285714 0.21192893401015228 0.005714285714285714 0.027918781725888325
0 0.4160714285714286 0.21129441624365483 0.007857142857142858 0.031725888324873094
0 0.45321428571428574 0.24175126903553298 0.005 0.024111675126903553
0 0.5314285714285715 0.2315989847715736 0.007142857142857143 0.01649746192893401
0 0.5471428571428572 0.23223350253807107 0.005714285714285714 0.03299492385786802
0 0.5525 0.233502538071066 0.0064285714285714285 0.030456852791878174
0 0.45 0.1884517766497462 0.005714285714285714 0.031725888324873094
0 0.4567857142857143 0.18781725888324874 0.0064285714285714285 0.030456852791878174
0 0.44142857142857145 0.16243654822335024 0.005714285714285714 0.030456852791878174
0 0.44571428571428573 0.16434010152284265 0.004285714285714286 0.0266497461928934
0 0.5253571428571429 0.09898477157360407 0.005 0.012690355329949238
0 0.4807142857142857 0.015228426395939087 0.004285714285714286 0.017766497461928935
0 0.4860714285714286 0.011421319796954314 0.0035714285714285713 0.02284263959390863
0 0.6096428571428572 0.028553299492385786 0.005 0.01903553299492386
0 0.6167857142857143 0.031091370558375634 0.0064285714285714285 0.031725888324873094