3 0.1213235294117647 0.4477124183006536 0.039705882352941174 0.02483660130718954
3 0.14558823529411766 0.43137254901960786 0.03823529411764706 0.026143790849673203
3 0.16433823529411765 0.42287581699346405 0.028676470588235293 0.022222222222222223
3 0.17205882352941176 0.4522875816993464 0.025 0.02091503267973856
3 0.2036764705882353 0.43790849673202614 0.026470588235294117 0.023529411764705882
3 0.24669117647058825 0.4294117647058823 0.02426470588235294 0.022222222222222223
3 0.24080882352941177 0.40588235294117647 0.021323529411764706 0.0196078431372549
3 0.2235294117647059 0.4019607843137255 0.020588235294117647 0.022222222222222223
3 0.29816176470588235 0.4235294117647059 0.019852941176470587 0.018300653594771243
3 0.20147058823529412 0.39281045751633986 0.013235294117647059 0.01699346405228758
0 0.3547794117647059 0.6457516339869281 0.005147058823529412 0.02875816993464052
0 0.3650735294117647 0.6372549019607843 0.005147058823529412 0.027450980392156862
0 0.3790441176470588 0.6130718954248366 0.005147058823529412 0.026143790849673203
0 0.38566176470588237 0.6084967320261437 0.005147058823529412 0.027450980392156862
0 0.3915441176470588 0.6071895424836601 0.005147058823529412 0.02483660130718954
0 0.39926470588235297 0.6032679738562091 0.004411764705882353 0.027450980392156862
0 0.3981617647058823 0.5954248366013072 0.005147058823529412 0.027450980392156862
0 0.3963235294117647 0.5947712418300654 0.004411764705882353 0.026143790849673203
0 0.4051470588235294 0.5973856209150327 0.004411764705882353 0.026143790849673203
0 0.4051470588235294 0.5869281045751634 0.004411764705882353 0.026143790849673203
0 0.41507352941176473 0.5862745098039216 0.005147058823529412 0.02483660130718954
0 0.4455882352941177 0.5620915032679739 0.004411764705882353 0.026143790849673203
0 0.4827205882352941 0.5823529411764706 0.003676470588235294 0.02483660130718954
0 0.48198529411764707 0.5875816993464053 0.003676470588235294 0.02483660130718954
0 0.45808823529411763 0.4993464052287582 0.0029411764705882353 0.023529411764705882
0 0.45073529411764707 0.49869281045751634 0.0029411764705882353 0.01699346405228758
0 0.4551470588235294 0.5071895424836601 0.004411764705882353 0.02091503267973856
0 0.46139705882352944 0.5019607843137255 0.003676470588235294 0.02091503267973856
5 0.6441176470588236 0.6555555555555556 0.06323529411764706 0.05359477124183006
0 0.6091911764705882 0.5986928104575163 0.005147058823529412 0.018300653594771243
0 0.6150735294117647 0.5934640522875817 0.006617647058823529 0.026143790849673203
0 0.6136029411764706 0.5673202614379085 0.005147058823529412 0.02091503267973856
0 0.6033088235294117 0.5633986928104575 0.005147058823529412 0.023529411764705882
0 0.6176470588235294 0.5607843137254902 0.004411764705882353 0.023529411764705882
0 0.5477941176470589 0.5529411764705883 0.004411764705882353 0.02091503267973856
0 0.55 0.5287581699346405 0.004411764705882353 0.022222222222222223
0 0.5625 0.5281045751633987 0.004411764705882353 0.02091503267973856
0 0.5533088235294118 0.5516339869281046 0.005147058823529412 0.018300653594771243
0 0.5588235294117647 0.5241830065359477 0.0029411764705882353 0.018300653594771243
0 0.5547794117647059 0.5215686274509804 0.003676470588235294 0.018300653594771243
0 0.5613970588235294 0.5104575163398692 0.003676470588235294 0.0196078431372549
0 0.5650735294117647 0.5117647058823529 0.003676470588235294 0.0196078431372549
0 0.5735294117647058 0.530718954248366 0.004411764705882353 0.018300653594771243
0 0.4933823529411765 0.46405228758169936 0.004411764705882353 0.018300653594771243
0 0.5 0.46601307189542485 0.0029411764705882353 0.0196078431372549
0 0.49669117647058825 0.46797385620915033 0.003676470588235294 0.018300653594771243
0 0.5319852941176471 0.4915032679738562 0.005147058823529412 0.02091503267973856
0 0.5316176470588235 0.4843137254901961 0.004411764705882353 0.01699346405228758
1 0.5470588235294118 0.4673202614379085 0.004411764705882353 0.01699346405228758
0 0.5625 0.46797385620915033 0.004411764705882353 0.01568627450980392
0 0.5944852941176471 0.5098039215686274 0.005147058823529412 0.02091503267973856
3 0.3327205882352941 0.4150326797385621 0.019852941176470587 0.0196078431372549
0 0.5665441176470588 0.4895424836601307 0.003676470588235294 0.0196078431372549
0 0.5698529411764706 0.4947712418300654 0.004411764705882353 0.0196078431372549
0 0.5801470588235295 0.4993464052287582 0.004411764705882353 0.02091503267973856
0 0.5856617647058824 0.5006535947712418 0.005147058823529412 0.018300653594771243
0 0.5566176470588236 0.4666666666666667 0.004411764705882353 0.01568627450980392
4 0.8625 0.4934640522875817 0.026470588235294117 0.02483660130718954
3 0.8753676470588235 0.4915032679738562 0.027205882352941177 0.023529411764705882
4 0.8720588235294118 0.47908496732026146 0.027941176470588237 0.022222222222222223
3 0.8716911764705882 0.47058823529411764 0.02426470588235294 0.01568627450980392
3 0.8746323529411765 0.4627450980392157 0.02426470588235294 0.01568627450980392
3 0.8724264705882353 0.4588235294117647 0.02426470588235294 0.01568627450980392
3 0.8672794117647059 0.45098039215686275 0.02426470588235294 0.01568627450980392
3 0.8716911764705882 0.44575163398692813 0.02426470588235294 0.01568627450980392
3 0.8724264705882353 0.4392156862745098 0.02426470588235294 0.01568627450980392
3 0.8735294117647059 0.434640522875817 0.016176470588235296 0.01437908496732026
3 0.850735294117647 0.4241830065359477 0.010294117647058823 0.01437908496732026
4 0.8713235294117647 0.42549019607843136 0.014705882352941176 0.01437908496732026
3 0.881985294117647 0.3588235294117647 0.013970588235294118 0.01437908496732026
0 0.84375 0.43529411764705883 0.003676470588235294 0.01568627450980392
0 0.8610294117647059 0.37973856209150325 0.0029411764705882353 0.011764705882352941
0 0.8643382352941177 0.39477124183006534 0.0022058823529411764 0.01568627450980392
3 0.8823529411764706 0.36405228758169933 0.013235294117647059 0.009150326797385621
3 0.8838235294117647 0.369281045751634 0.014705882352941176 0.009150326797385621
3 0.8845588235294117 0.37516339869281046 0.016176470588235296 0.01045751633986928
4 0.7757352941176471 0.36797385620915035 0.020588235294117647 0.01699346405228758
4 0.7625 0.38496732026143793 0.022058823529411766 0.01699346405228758
4 0.7816176470588235 0.35751633986928105 0.014705882352941176 0.011764705882352941
3 0.78125 0.426797385620915 0.009558823529411765 0.01437908496732026
4 0.7922794117647058 0.4549019607843137 0.02426470588235294 0.02091503267973856
0 0.7216911764705882 0.47124183006535947 0.003676470588235294 0.01437908496732026
3 0.8279411764705882 0.35947712418300654 0.014705882352941176 0.01045751633986928
3 0.8113970588235294 0.3535947712418301 0.006617647058823529 0.009150326797385621
0 0.6665441176470588 0.49019607843137253 0.003676470588235294 0.018300653594771243
0 0.6683823529411764 0.492156862745098 0.0029411764705882353 0.01699346405228758
0 0.6705882352941176 0.492156862745098 0.0029411764705882353 0.01699346405228758
3 0.7264705882352941 0.4627450980392157 0.01911764705882353 0.018300653594771243
3 0.7272058823529411 0.4516339869281046 0.01911764705882353 0.01437908496732026
3 0.7386029411764706 0.44248366013071894 0.022794117647058822 0.01437908496732026
3 0.7426470588235294 0.42745098039215684 0.01911764705882353 0.013071895424836602
3 0.7610294117647058 0.39281045751633986 0.01764705882352941 0.011764705882352941
3 0.7647058823529411 0.3895424836601307 0.01911764705882353 0.013071895424836602
3 0.7683823529411765 0.38169934640522873 0.016176470588235296 0.013071895424836602
3 0.7698529411764706 0.3764705882352941 0.014705882352941176 0.013071895424836602
4 0.7713235294117647 0.37450980392156863 0.016176470588235296 0.01437908496732026
3 0.7797794117647059 0.3607843137254902 0.015441176470588236 0.01045751633986928
3 0.8117647058823529 0.4542483660130719 0.01911764705882353 0.01699346405228758
3 0.8143382352941176 0.45098039215686275 0.021323529411764706 0.01568627450980392
3 0.8169117647058823 0.4372549019607843 0.01911764705882353 0.011764705882352941
3 0.8125 0.44052287581699345 0.020588235294117647 0.01568627450980392
3 0.819485294117647 0.4326797385620915 0.019852941176470587 0.013071895424836602
3 0.8238970588235294 0.42287581699346405 0.021323529411764706 0.01437908496732026
3 0.8242647058823529 0.41830065359477125 0.020588235294117647 0.01568627450980392
4 0.830514705882353 0.40980392156862744 0.01838235294117647 0.01437908496732026
3 0.8283088235294118 0.40261437908496733 0.021323529411764706 0.013071895424836602
4 0.8444852941176471 0.3764705882352941 0.0125 0.01045751633986928
3 0.8125 0.3908496732026144 0.016176470588235296 0.01045751633986928
3 0.8143382352941176 0.3888888888888889 0.013970588235294118 0.011764705882352941
3 0.8169117647058823 0.3836601307189543 0.01764705882352941 0.011764705882352941
3 0.8404411764705882 0.3790849673202614 0.01764705882352941 0.01568627450980392
3 0.8290441176470589 0.3993464052287582 0.022794117647058822 0.01437908496732026
3 0.8319852941176471 0.39215686274509803 0.021323529411764706 0.013071895424836602
3 0.8356617647058824 0.3869281045751634 0.016911764705882352 0.013071895424836602
3 0.8481617647058823 0.37712418300653594 0.016911764705882352 0.011764705882352941
3 0.84375 0.3712418300653595 0.016911764705882352 0.013071895424836602
3 0.8430147058823529 0.36666666666666664 0.016911764705882352 0.011764705882352941
3 0.8511029411764706 0.365359477124183 0.015441176470588236 0.011764705882352941
3 0.8555147058823529 0.3607843137254902 0.013970588235294118 0.01045751633986928
0 0.6599264705882353 0.5117647058823529 0.005147058823529412 0.022222222222222223
0 0.6525735294117647 0.49607843137254903 0.003676470588235294 0.01699346405228758