4 0.19642857142857142 0.5958121827411168 0.03428571428571429 0.07487309644670051
3 0.17285714285714285 0.4073604060913706 0.022857142857142857 0.030456852791878174
4 0.18428571428571427 0.3147208121827411 0.018571428571428572 0.030456852791878174
4 0.21571428571428572 0.2956852791878173 0.017142857142857144 0.027918781725888325
4 0.22392857142857142 0.22779187817258884 0.016428571428571428 0.031725888324873094
4 0.26 0.258248730964467 0.014285714285714285 0.0266497461928934
4 0.2817857142857143 0.17893401015228427 0.009285714285714286 0.017766497461928935
4 0.29964285714285716 0.1618020304568528 0.007857142857142858 0.01903553299492386
5 0.27714285714285714 0.258248730964467 0.018571428571428572 0.05203045685279188
5 0.20535714285714285 0.2233502538071066 0.02214285714285714 0.04060913705583756
5 0.29464285714285715 0.27220812182741116 0.017857142857142856 0.03680203045685279
3 0.23214285714285715 0.1814720812182741 0.01 0.015228426395939087
3 0.2739285714285714 0.2100253807106599 0.010714285714285714 0.01903553299492386
3 0.28785714285714287 0.16434010152284265 0.007142857142857143 0.013959390862944163
3 0.2475 0.15291878172588833 0.007857142857142858 0.011421319796954314
3 0.3171428571428571 0.14593908629441624 0.007142857142857143 0.015228426395939087
3 0.2932142857142857 0.14276649746192893 0.0064285714285714285 0.013959390862944163
3 0.30857142857142855 0.1281725888324873 0.007142857142857143 0.01015228426395939
3 0.30142857142857143 0.12055837563451777 0.005714285714285714 0.01015228426395939
3 0.2575 0.13578680203045684 0.007857142857142858 0.012690355329949238
3 0.2625 0.125 0.0064285714285714285 0.011421319796954314
3 0.3117857142857143 0.11294416243654823 0.005 0.012690355329949238
3 0.32285714285714284 0.1065989847715736 0.005714285714285714 0.012690355329949238
3 0.3242857142857143 0.09073604060913705 0.005714285714285714 0.008883248730964468
5 0.2725 0.09961928934010152 0.009285714285714286 0.01903553299492386
5 0.2835714285714286 0.09708121827411167 0.008571428571428572 0.01649746192893401
5 0.2875 0.08565989847715735 0.009285714285714286 0.01903553299492386
5 0.305 0.09898477157360407 0.007142857142857143 0.017766497461928935
3 0.3192857142857143 0.07931472081218274 0.004285714285714286 0.008883248730964468
3 0.3078571428571429 0.08946700507614214 0.004285714285714286 0.008883248730964468
3 0.29928571428571427 0.08121827411167512 0.005714285714285714 0.01015228426395939
3 0.31535714285714284 0.06535532994923858 0.005 0.008883248730964468
5 0.29642857142857143 0.05456852791878172 0.005714285714285714 0.015228426395939087
5 0.3028571428571429 0.05456852791878172 0.004285714285714286 0.012690355329949238
3 0.2985714285714286 0.06916243654822335 0.004285714285714286 0.008883248730964468
3 0.28964285714285715 0.06852791878172589 0.0035714285714285713 0.007614213197969543
5 0.29392857142857143 0.07360406091370558 0.0064285714285714285 0.015228426395939087
3 0.3025 0.07487309644670051 0.005 0.01015228426395939
3 0.30714285714285716 0.061548223350253804 0.004285714285714286 0.008883248730964468
8 0.5646428571428571 0.8845177664974619 0.04357142857142857 0.13959390862944163
3 0.7925 0.9359137055837563 0.05928571428571429 0.06979695431472081
3 0.6521428571428571 0.7354060913705583 0.027142857142857142 0.05964467005076142
3 0.6357142857142857 0.6903553299492385 0.025714285714285714 0.0532994923857868
3 0.6232142857142857 0.6453045685279187 0.04214285714285714 0.03934010152284264
3 0.6025 0.6135786802030457 0.023571428571428573 0.046954314720812185
3 0.5739285714285715 0.5939086294416244 0.02642857142857143 0.04568527918781726
3 0.5885714285714285 0.5831218274111675 0.02142857142857143 0.044416243654822336
5 0.5032142857142857 0.5241116751269036 0.03214285714285714 0.06598984771573604
3 0.5432142857142858 0.4936548223350254 0.017857142857142856 0.03553299492385787
3 0.5332142857142858 0.4720812182741117 0.016428571428571428 0.03553299492385787
3 0.5235714285714286 0.4543147208121827 0.017142857142857144 0.030456852791878174
3 0.5142857142857142 0.4352791878172589 0.017142857142857144 0.03299492385786802
3 0.43964285714285717 0.3635786802030457 0.013571428571428571 0.021573604060913704
4 0.4878571428571429 0.37817258883248733 0.015714285714285715 0.030456852791878174
3 0.4785714285714286 0.36548223350253806 0.011428571428571429 0.02030456852791878
3 0.46964285714285714 0.350253807106599 0.015 0.02284263959390863
3 0.4682142857142857 0.3369289340101523 0.010714285714285714 0.021573604060913704
5 0.42607142857142855 0.3223350253807107 0.016428571428571428 0.03553299492385787
8 0.3964285714285714 0.2512690355329949 0.014285714285714285 0.030456852791878174
5 0.3775 0.20431472081218274 0.012142857142857143 0.03299492385786802
5 0.3892857142857143 0.20748730964467005 0.012857142857142857 0.0266497461928934
3 0.38285714285714284 0.25444162436548223 0.01 0.01903553299492386
3 0.38535714285714284 0.23286802030456852 0.007857142857142858 0.013959390862944163
3 0.4007142857142857 0.3052030456852792 0.012857142857142857 0.024111675126903553
0 0.5460714285714285 0.4473350253807107 0.0064285714285714285 0.021573604060913704
0 0.44285714285714284 0.23857868020304568 0.004285714285714286 0.012690355329949238
0 0.46714285714285714 0.2899746192893401 0.002857142857142857 0.01649746192893401
0 0.4689285714285714 0.2893401015228426 0.0035714285714285713 0.015228426395939087
0 0.41035714285714286 0.18908629441624367 0.0035714285714285713 0.012690355329949238
3 0.45321428571428574 0.30710659898477155 0.012142857142857143 0.02284263959390863
3 0.43785714285714283 0.29885786802030456 0.011428571428571429 0.021573604060913704
3 0.44642857142857145 0.2982233502538071 0.008571428571428572 0.017766497461928935
3 0.44285714285714284 0.28743654822335024 0.01 0.01649746192893401
3 0.43642857142857144 0.2785532994923858 0.01 0.01903553299492386
3 0.4303571428571429 0.2645939086294416 0.009285714285714286 0.01903553299492386
3 0.36607142857142855 0.17703045685279187 0.0064285714285714285 0.011421319796954314
5 0.3842857142857143 0.15038071065989847 0.01 0.01903553299492386
3 0.365 0.14593908629441624 0.007142857142857143 0.015228426395939087
0 0.01107142857142857 0.4619289340101523 0.005 0.02030456852791878
0 0.006071428571428571 0.4631979695431472 0.0035714285714285713 0.02030456852791878
0 0.08071428571428571 0.33946700507614214 0.005714285714285714 0.01649746192893401
0 0.09392857142857143 0.3604060913705584 0.0035714285714285713 0.015228426395939087
0 0.0975 0.3610406091370558 0.0035714285714285713 0.01649746192893401
0 0.09892857142857144 0.34390862944162437 0.005 0.017766497461928935
0 0.08535714285714285 0.33375634517766495 0.0064285714285714285 0.017766497461928935
0 0.08857142857142856 0.3280456852791878 0.005714285714285714 0.01649746192893401
0 0.10535714285714286 0.3464467005076142 0.0035714285714285713 0.012690355329949238
0 0.11642857142857142 0.31725888324873097 0.004285714285714286 0.017766497461928935
0 0.11857142857142858 0.3369289340101523 0.004285714285714286 0.01649746192893401
0 0.14714285714285713 0.2633248730964467 0.004285714285714286 0.013959390862944163
0 0.15892857142857142 0.25253807106598986 0.0035714285714285713 0.01015228426395939
0 0.21571428571428572 0.16116751269035534 0.002857142857142857 0.01015228426395939
0 0.205 0.1751269035532995 0.002857142857142857 0.01015228426395939
0 0.19357142857142856 0.1814720812182741 0.002857142857142857 0.01015228426395939
0 0.2 0.17449238578680204 0.002857142857142857 0.008883248730964468
0 0.17357142857142857 0.2315989847715736 0.004285714285714286 0.011421319796954314