0 0.5596428571428571 0.6199238578680203 0.016428571428571428 0.06472081218274112
0 0.6585714285714286 0.5875634517766497 0.018571428571428572 0.0583756345177665
0 0.7610714285714286 0.5348984771573604 0.020714285714285713 0.05964467005076142
0 0.7489285714285714 0.4606598984771574 0.019285714285714285 0.04314720812182741
0 0.7478571428571429 0.3470812182741117 0.014285714285714285 0.04949238578680203
0 0.41535714285714287 0.4473350253807107 0.015 0.0266497461928934
0 0.4546428571428571 0.4029187817258883 0.016428571428571428 0.04949238578680203
0 0.34535714285714286 0.475253807106599 0.013571428571428571 0.03426395939086294
0 0.2667857142857143 0.5513959390862944 0.013571428571428571 0.03680203045685279
0 0.355 0.43274111675126903 0.012857142857142857 0.03299492385786802
0 0.4225 0.36928934010152287 0.012142857142857143 0.03299492385786802
0 0.17357142857142857 0.6154822335025381 0.025714285714285714 0.06091370558375635
0 0.24285714285714285 0.4397208121827411 0.018571428571428572 0.05203045685279188
0 0.22964285714285715 0.5285532994923858 0.013571428571428571 0.03426395939086294
0 0.18928571428571428 0.5564720812182741 0.012857142857142857 0.031725888324873094
0 0.14392857142857143 0.5907360406091371 0.016428571428571428 0.03426395939086294
0 0.2925 0.4263959390862944 0.010714285714285714 0.03807106598984772
0 0.48035714285714287 0.2950507614213198 0.010714285714285714 0.05203045685279188
0 0.39464285714285713 0.4302030456852792 0.015 0.050761421319796954
0 0.16214285714285714 0.5520304568527918 0.02 0.04568527918781726
0 0.07285714285714286 0.6446700507614214 0.011428571428571429 0.03553299492385787
0 0.08642857142857142 0.6630710659898477 0.02 0.03680203045685279
0 0.10785714285714286 0.6453045685279187 0.022857142857142857 0.046954314720812185
0 0.4735714285714286 0.2893401015228426 0.007142857142857143 0.03553299492385787
0 0.4517857142857143 0.36548223350253806 0.012142857142857143 0.04314720812182741
0 0.4010714285714286 0.4149746192893401 0.013571428571428571 0.030456852791878174
0 0.03428571428571429 0.6395939086294417 0.011428571428571429 0.03553299492385787
0 0.235 0.4016497461928934 0.015714285714285715 0.05203045685279188
0 0.22107142857142856 0.4010152284263959 0.015 0.06598984771573604
0 0.29214285714285715 0.3350253807106599 0.014285714285714285 0.04568527918781726
0 0.2789285714285714 0.3381979695431472 0.012142857142857143 0.04949238578680203
0 0.29928571428571427 0.3115482233502538 0.011428571428571429 0.03426395939086294
0 0.37535714285714283 0.2563451776649746 0.009285714285714286 0.04060913705583756
0 0.35892857142857143 0.26776649746192893 0.007857142857142858 0.03553299492385787
0 0.3382142857142857 0.29251269035532995 0.010714285714285714 0.03934010152284264
0 0.4085714285714286 0.22715736040609136 0.007142857142857143 0.03299492385786802
0 0.011785714285714287 0.6465736040609137 0.019285714285714285 0.02918781725888325
0 0.3892857142857143 0.3299492385786802 0.017142857142857144 0.04568527918781726
0 0.4175 0.3083756345177665 0.015 0.04314720812182741