8 0.5895833333333333 0.8125 0.10625 0.375
3 0.6916666666666667 0.8453703703703703 0.071875 0.18703703703703703
4 0.4830729166666667 0.6611111111111111 0.0515625 0.13518518518518519
4 0.5708333333333333 0.5435185185185185 0.04479166666666667 0.11296296296296296
4 0.5015625 0.487962962962963 0.042708333333333334 0.09259259259259259
4 0.5643229166666667 0.4115740740740741 0.03802083333333333 0.0712962962962963
3 0.4934895833333333 0.3138888888888889 0.03697916666666667 0.053703703703703705
4 0.5643229166666667 0.2814814814814815 0.0328125 0.06111111111111111
1 0.65390625 0.3416666666666667 0.011979166666666667 0.027777777777777776
1 0.65078125 0.33935185185185185 0.013020833333333334 0.041666666666666664
9 0.6513020833333333 0.34814814814814815 0.0109375 0.037037037037037035
3 0.45598958333333334 0.09351851851851851 0.018229166666666668 0.02962962962962963
3 0.48932291666666666 0.07361111111111111 0.016145833333333335 0.026851851851851852
4 0.4747395833333333 0.046296296296296294 0.015104166666666667 0.03148148148148148