3 0.41432291666666665 0.7796296296296297 0.03802083333333333 0.06296296296296296
3 0.45364583333333336 0.6611111111111111 0.021875 0.040740740740740744
3 0.2916666666666667 0.8949074074074074 0.06770833333333333 0.09351851851851851
3 0.3177083333333333 0.825 0.053125 0.08333333333333333
3 0.415625 0.6680555555555555 0.025 0.03796296296296296
3 0.4283854166666667 0.6402777777777777 0.018229166666666668 0.032407407407407406
3 0.37552083333333336 0.6842592592592592 0.026041666666666668 0.040740740740740744
3 0.37942708333333336 0.6666666666666666 0.027604166666666666 0.03148148148148148
3 0.39453125 0.6305555555555555 0.019270833333333334 0.027777777777777776
3 0.4265625 0.6148148148148148 0.014583333333333334 0.027777777777777776
3 0.4518229166666667 0.5782407407407407 0.011979166666666667 0.017592592592592594
3 0.43046875 0.5949074074074074 0.013020833333333334 0.019444444444444445
3 0.43046875 0.5773148148148148 0.013020833333333334 0.019444444444444445
3 0.4466145833333333 0.5685185185185185 0.011979166666666667 0.016666666666666666
3 0.44166666666666665 0.5546296296296296 0.010416666666666666 0.012962962962962963
3 0.46875 0.5615740740740741 0.010416666666666666 0.01574074074074074
0 0.37421875 0.6226851851851852 0.005729166666666666 0.028703703703703703
2 0.46328125 0.6324074074074074 0.005729166666666666 0.014814814814814815
2 0.47239583333333335 0.6305555555555555 0.00625 0.020370370370370372
2 0.47630208333333335 0.6527777777777778 0.0046875 0.018518518518518517
2 0.48098958333333336 0.6467592592592593 0.0046875 0.017592592592592594
2 0.4822916666666667 0.6287037037037037 0.005208333333333333 0.016666666666666666
2 0.4783854166666667 0.6226851851851852 0.005729166666666666 0.01574074074074074
0 0.4630208333333333 0.625462962962963 0.004166666666666667 0.019444444444444445
0 0.47604166666666664 0.6425925925925926 0.005208333333333333 0.020370370370370372
0 0.4817708333333333 0.6370370370370371 0.003125 0.020370370370370372
0 0.47239583333333335 0.6217592592592592 0.004166666666666667 0.019444444444444445
0 0.4786458333333333 0.6157407407407407 0.004166666666666667 0.016666666666666666
0 0.45859375 0.5560185185185185 0.0036458333333333334 0.012037037037037037
2 0.45859375 0.5601851851851852 0.0036458333333333334 0.011111111111111112
2 0.5083333333333333 0.7097222222222223 0.007291666666666667 0.028703703703703703
0 0.5083333333333333 0.6976851851851852 0.009375 0.026851851851851852
2 0.37265625 0.7097222222222223 0.009895833333333333 0.03425925925925926
0 0.3734375 0.7013888888888888 0.009375 0.041666666666666664
0 0.25390625 0.8513888888888889 0.015104166666666667 0.07685185185185185
2 0.2825520833333333 0.7819444444444444 0.030729166666666665 0.03796296296296296
2 0.32760416666666664 0.7013888888888888 0.019791666666666666 0.028703703703703703
2 0.33880208333333334 0.6865740740740741 0.013020833333333334 0.030555555555555555
4 0.5947916666666667 0.8083333333333333 0.03854166666666667 0.06666666666666667
5 0.5765625 0.7129629629629629 0.035416666666666666 0.10925925925925926