3 0.35661764705882354 0.4627450980392157 0.041176470588235294 0.08104575163398693
3 0.35073529411764703 0.39738562091503266 0.075 0.06535947712418301
3 0.3996323529411765 0.3405228758169935 0.0375 0.05620915032679739
3 0.5941176470588235 0.2869281045751634 0.030882352941176472 0.040522875816993466
3 0.5893382352941177 0.16601307189542483 0.02426470588235294 0.023529411764705882
3 0.5488970588235295 0.13137254901960785 0.0125 0.027450980392156862
3 0.48198529411764707 0.11960784313725491 0.0125 0.02483660130718954
3 0.4863970588235294 0.09019607843137255 0.011029411764705883 0.018300653594771243
3 0.45036764705882354 0.12156862745098039 0.0125 0.02091503267973856
3 0.5209558823529412 0.05359477124183006 0.006617647058823529 0.013071895424836602
3 0.34963235294117645 0.28823529411764703 0.03308823529411765 0.050980392156862744
3 0.3996323529411765 0.3065359477124183 0.028676470588235293 0.050980392156862744
3 0.4099264705882353 0.2738562091503268 0.03308823529411765 0.050980392156862744
3 0.4290441176470588 0.2326797385620915 0.04191176470588235 0.04183006535947712
3 0.42573529411764705 0.21830065359477124 0.025 0.036601307189542485
3 0.4297794117647059 0.19934640522875818 0.03308823529411765 0.030065359477124184
3 0.43308823529411766 0.18758169934640523 0.03235294117647059 0.030065359477124184
3 0.44191176470588234 0.18169934640522875 0.033823529411764704 0.03398692810457516
3 0.4319852941176471 0.16470588235294117 0.015441176470588236 0.026143790849673203
3 0.4349264705882353 0.15098039215686274 0.015441176470588236 0.022222222222222223
3 0.4261029411764706 0.12287581699346405 0.015441176470588236 0.023529411764705882
3 0.42169117647058824 0.1065359477124183 0.025735294117647058 0.02483660130718954
3 0.4551470588235294 0.09673202614379085 0.026470588235294117 0.018300653594771243
3 0.569485294117647 0.11699346405228758 0.015441176470588236 0.0196078431372549
4 0.5540441176470589 0.10196078431372549 0.028676470588235293 0.02091503267973856
3 0.5705882352941176 0.2372549019607843 0.03235294117647059 0.040522875816993466
3 0.5889705882352941 0.2601307189542484 0.026470588235294117 0.036601307189542485
3 0.5746323529411764 0.2130718954248366 0.030147058823529412 0.04183006535947712
3 0.5724264705882353 0.19738562091503267 0.016911764705882352 0.02875816993464052
3 0.4588235294117647 0.08496732026143791 0.01911764705882353 0.01568627450980392
4 0.47095588235294117 0.08104575163398693 0.011029411764705883 0.018300653594771243
4 0.45955882352941174 0.0738562091503268 0.016176470588235296 0.01437908496732026
8 0.46139705882352944 0.06862745098039216 0.030147058823529412 0.022222222222222223
3 0.5272058823529412 0.06993464052287582 0.007352941176470588 0.01437908496732026
0 0.5283088235294118 0.07254901960784314 0.003676470588235294 0.011764705882352941
0 0.5253676470588236 0.0718954248366013 0.003676470588235294 0.013071895424836602
0 0.4606617647058823 0.2718954248366013 0.008088235294117648 0.0392156862745098
0 0.4525735294117647 0.27058823529411763 0.006617647058823529 0.03398692810457516
0 0.39191176470588235 0.24313725490196078 0.007352941176470588 0.04183006535947712
0 0.38198529411764703 0.2477124183006536 0.005147058823529412 0.022222222222222223
0 0.3801470588235294 0.2529411764705882 0.0058823529411764705 0.0196078431372549
0 0.2599264705882353 0.3980392156862745 0.016911764705882352 0.05620915032679739
9 0.2599264705882353 0.39738562091503266 0.027205882352941177 0.0392156862745098
0 0.5599264705882353 0.28627450980392155 0.008088235294117648 0.03137254901960784
2 0.5606617647058824 0.29411764705882354 0.008088235294117648 0.03398692810457516
9 0.4742647058823529 0.2568627450980392 0.010294117647058823 0.030065359477124184
0 0.4738970588235294 0.2496732026143791 0.008088235294117648 0.02875816993464052
0 0.4724264705882353 0.24836601307189543 0.006617647058823529 0.023529411764705882
0 0.5297794117647059 0.12679738562091503 0.003676470588235294 0.018300653594771243
9 0.6264705882352941 0.22287581699346407 0.016176470588235296 0.01699346405228758
9 0.6231617647058824 0.2169934640522876 0.016911764705882352 0.018300653594771243
5 0.6514705882352941 0.28823529411764703 0.0661764705882353 0.07973856209150326
0 0.5952205882352941 0.22156862745098038 0.008088235294117648 0.02483660130718954
9 0.6139705882352942 0.18496732026143792 0.011764705882352941 0.01699346405228758
9 0.3827205882352941 0.238562091503268 0.016911764705882352 0.022222222222222223
0 0.4834558823529412 0.049019607843137254 0.005147058823529412 0.01437908496732026
0 0.4948529411764706 0.03594771241830065 0.0029411764705882353 0.009150326797385621
9 0.5845588235294118 0.13202614379084968 0.008823529411764706 0.018300653594771243
5 0.7051470588235295 0.5647058823529412 0.11323529411764706 0.23790849673202613
1 0.8944852941176471 0.9810457516339869 0.03455882352941177 0.03529411764705882