3 0.4685714285714286 0.7734771573604061 0.02142857142857143 0.07487309644670051
3 0.5435714285714286 0.5399746192893401 0.018571428571428572 0.05964467005076142
3 0.48392857142857143 0.3769035532994924 0.013571428571428571 0.04314720812182741
3 0.5160714285714286 0.04251269035532995 0.012142857142857143 0.031725888324873094
4 0.415 0.21637055837563451 0.011428571428571429 0.03680203045685279
4 0.48642857142857143 0.2315989847715736 0.014285714285714285 0.044416243654822336
4 0.3392857142857143 0.5038071065989848 0.04285714285714286 0.04314720812182741
4 0.47964285714285715 0.46446700507614214 0.016428571428571428 0.0532994923857868
5 0.46 0.3083756345177665 0.02 0.07868020304568528
5 0.3939285714285714 0.6192893401015228 0.029285714285714286 0.1065989847715736
8 0.41892857142857143 0.35723350253807107 0.029285714285714286 0.13578680203045684
8 0.5775 0.16878172588832488 0.020714285714285713 0.10406091370558376
8 0.6067857142857143 0.949238578680203 0.04071428571428572 0.09898477157360407
3 0.37285714285714283 0.958756345177665 0.025714285714285714 0.0799492385786802
4 0.165 0.7043147208121827 0.05285714285714286 0.048223350253807105
4 0.06428571428571428 0.7163705583756346 0.05 0.03934010152284264
3 0.5285714285714286 0.005710659898477157 0.015714285714285715 0.011421319796954314
3 0.4067857142857143 0.015228426395939087 0.019285714285714285 0.02284263959390863
4 0.40214285714285714 0.03236040609137056 0.02 0.0266497461928934
3 0.40785714285714286 0.005076142131979695 0.018571428571428572 0.01015228426395939
0 0.2671428571428571 0.47588832487309646 0.007142857142857143 0.02030456852791878
0 0.20035714285714284 0.4796954314720812 0.0064285714285714285 0.017766497461928935
0 0.38821428571428573 0.27093908629441626 0.005 0.01649746192893401
0 0.36714285714285716 0.4035532994923858 0.005714285714285714 0.02030456852791878
0 0.39535714285714285 0.18527918781725888 0.0035714285714285713 0.017766497461928935
0 0.3925 0.19733502538071065 0.005 0.021573604060913704
0 0.4139285714285714 0.08375634517766498 0.0035714285714285713 0.017766497461928935
3 0.19071428571428573 0.37246192893401014 0.017142857142857144 0.046954314720812185