3 0.08178571428571428 0.6954314720812182 0.05357142857142857 0.04314720812182741
3 0.05714285714285714 0.6510152284263959 0.05285714285714286 0.03299492385786802
5 0.16785714285714284 0.6154822335025381 0.11285714285714285 0.07614213197969544
3 0.23285714285714285 0.6579949238578681 0.05 0.044416243654822336
3 0.3092857142857143 0.6383248730964467 0.041428571428571426 0.03807106598984772
3 0.38 0.6192893401015228 0.047142857142857146 0.04060913705583756
3 0.39285714285714285 0.5609137055837563 0.04285714285714286 0.03807106598984772
3 0.4667857142857143 0.5951776649746193 0.04071428571428572 0.03553299492385787
3 0.475 0.5469543147208121 0.045714285714285714 0.04060913705583756
3 0.5360714285714285 0.5748730964467005 0.039285714285714285 0.03807106598984772
3 0.5660714285714286 0.5203045685279187 0.04357142857142857 0.03807106598984772
3 0.6171428571428571 0.5596446700507615 0.04428571428571428 0.03553299492385787
4 0.6514285714285715 0.5063451776649747 0.04 0.03553299492385787
4 0.7082142857142857 0.5298223350253807 0.04357142857142857 0.04187817258883249
3 0.7457142857142857 0.48096446700507617 0.041428571428571426 0.03807106598984772
9 0.7785714285714286 0.4949238578680203 0.017142857142857144 0.017766497461928935
3 0.815 0.5050761421319797 0.04428571428571428 0.03553299492385787
3 0.8146428571428571 0.46446700507614214 0.04071428571428572 0.03553299492385787
3 0.8696428571428572 0.4600253807106599 0.035 0.03426395939086294
3 0.8992857142857142 0.49048223350253806 0.04 0.03426395939086294
3 0.9257142857142857 0.4346446700507614 0.04285714285714286 0.03680203045685279
3 0.9717857142857143 0.46954314720812185 0.04214285714285714 0.03807106598984772
3 0.9371428571428572 0.5640862944162437 0.05714285714285714 0.044416243654822336
3 0.0675 0.4847715736040609 0.047857142857142855 0.050761421319796954
3 0.8914285714285715 0.0932741116751269 0.041428571428571426 0.04949238578680203