3 0.6645833333333333 0.8722222222222222 0.04583333333333333 0.13333333333333333
9 0.8572916666666667 0.925 0.029166666666666667 0.046296296296296294
3 0.5026041666666666 0.5009259259259259 0.028125 0.07592592592592592
3 0.559375 0.35185185185185186 0.027083333333333334 0.05925925925925926
3 0.8171875 0.44166666666666665 0.053125 0.046296296296296294
7 0.8510416666666667 0.09814814814814815 0.016666666666666666 0.040740740740740744
3 0.86875 0.09722222222222222 0.025 0.04259259259259259
3 0.890625 0.10092592592592593 0.025 0.03518518518518519
3 0.9078125 0.09444444444444444 0.015625 0.02962962962962963
3 0.8651041666666667 0.053703703703703705 0.03229166666666667 0.025925925925925925
3 0.8671875 0.018518518518518517 0.021875 0.025925925925925925
6 0.8427083333333333 0.023148148148148147 0.014583333333333334 0.016666666666666666
0 0.7760416666666666 0.04259259259259259 0.004166666666666667 0.022222222222222223
3 0.7078125 0.10185185185185185 0.019791666666666666 0.03333333333333333
3 0.7380208333333333 0.10092592592592593 0.019791666666666666 0.03518518518518519
3 0.7515625 0.049074074074074076 0.021875 0.027777777777777776
3 0.7317708333333334 0.044444444444444446 0.017708333333333333 0.03333333333333333
3 0.69375 0.03796296296296296 0.01875 0.03148148148148148
3 0.6697916666666667 0.03611111111111111 0.01875 0.03148148148148148
3 0.7432291666666667 0.022222222222222223 0.036458333333333336 0.025925925925925925
0 0.1625 0.47685185185185186 0.010416666666666666 0.03148148148148148
0 0.20416666666666666 0.4425925925925926 0.0125 0.03333333333333333
0 0.1828125 0.4287037037037037 0.013541666666666667 0.03148148148148148
0 0.1953125 0.425 0.011458333333333333 0.03518518518518519
5 0.30364583333333334 0.3287037037037037 0.026041666666666668 0.06111111111111111
3 0.46979166666666666 0.21388888888888888 0.01875 0.04259259259259259
3 0.325 0.25092592592592594 0.025 0.053703703703703705
3 0.284375 0.2388888888888889 0.04375 0.037037037037037035
4 0.3385416666666667 0.19814814814814816 0.022916666666666665 0.04814814814814815
3 0.31197916666666664 0.16296296296296298 0.040625 0.025925925925925925
3 0.3125 0.14166666666666666 0.0375 0.024074074074074074
3 0.3260416666666667 0.12314814814814815 0.0375 0.027777777777777776
3 0.32395833333333335 0.10092592592592593 0.0375 0.024074074074074074
3 0.3140625 0.075 0.036458333333333336 0.027777777777777776
3 0.3359375 0.058333333333333334 0.03229166666666667 0.024074074074074074
3 0.353125 0.025925925925925925 0.03125 0.02962962962962963
5 0.37135416666666665 0.11574074074074074 0.021875 0.046296296296296294
3 0.37083333333333335 0.08796296296296297 0.01875 0.03518518518518519
3 0.4161458333333333 0.09444444444444444 0.017708333333333333 0.037037037037037035
3 0.43854166666666666 0.10925925925925926 0.01875 0.040740740740740744
6 0.3765625 0.1638888888888889 0.013541666666666667 0.03148148148148148
1 0.37552083333333336 0.15833333333333333 0.007291666666666667 0.020370370370370372
3 0.4640625 0.04351851851851852 0.017708333333333333 0.03518518518518519
3 0.5515625 0.05925925925925926 0.013541666666666667 0.02962962962962963
3 0.5286458333333334 0.04351851851851852 0.013541666666666667 0.027777777777777776
4 0.4921875 0.012962962962962963 0.015625 0.025925925925925925
5 0.4421875 0.012037037037037037 0.015625 0.024074074074074074
3 0.41041666666666665 0.014814814814814815 0.014583333333333334 0.02962962962962963
3 0.39010416666666664 0.017592592592592594 0.017708333333333333 0.027777777777777776