0 0.73325 0.44533333333333336 0.0065 0.025333333333333333
1 0.73675 0.44166666666666665 0.0045 0.015333333333333332
1 0.74925 0.457 0.0065 0.014
1 0.78475 0.4646666666666667 0.0065 0.013333333333333334
1 0.7885 0.4653333333333333 0.008 0.021333333333333333
1 0.80325 0.4706666666666667 0.0095 0.024
1 0.8045 0.4693333333333333 0.009 0.013333333333333334
1 0.82925 0.45966666666666667 0.0075 0.016666666666666666
1 0.7735 0.4583333333333333 0.009 0.018
0 0.7575 0.4563333333333333 0.008 0.023333333333333334
0 0.74125 0.4633333333333333 0.0095 0.02266666666666667
0 0.75075 0.463 0.0115 0.027333333333333334
0 0.82425 0.4876666666666667 0.0115 0.03
0 0.834 0.49966666666666665 0.008 0.015333333333333332
0 0.848 0.5013333333333333 0.014 0.02666666666666667
0 0.88325 0.41733333333333333 0.0105 0.018666666666666668
9 0.91575 0.45466666666666666 0.0065 0.025333333333333333
2 0.98375 0.5703333333333334 0.0255 0.018
0 0.762 0.45166666666666666 0.008 0.020666666666666667
2 0.40225 0.422 0.0125 0.018666666666666668
2 0.36025 0.46066666666666667 0.0165 0.02266666666666667
2 0.27475 0.482 0.0245 0.024
2 0.27775 0.4746666666666667 0.0275 0.025333333333333333
1 0.338 0.49933333333333335 0.009 0.021333333333333333
1 0.37375 0.4723333333333333 0.0075 0.014
1 0.3815 0.631 0.01 0.016666666666666666
0 0.37125 0.4846666666666667 0.0065 0.013333333333333334
0 0.37475 0.4796666666666667 0.0055 0.014
0 0.36525 0.5973333333333334 0.0085 0.025333333333333333
0 0.357 0.6033333333333334 0.009 0.021333333333333333
0 0.359 0.6083333333333333 0.006 0.015333333333333332
0 0.33575 0.6203333333333333 0.0065 0.026
1 0.33925 0.6163333333333333 0.0045 0.012666666666666666
1 0.351 0.6193333333333333 0.011 0.018666666666666668
1 0.3615 0.62 0.007 0.014666666666666666
1 0.3165 0.674 0.009 0.016
1 0.3215 0.6683333333333333 0.007 0.016666666666666666
0 0.31275 0.6663333333333333 0.0065 0.015333333333333332
0 0.31175 0.653 0.0095 0.028666666666666667
0 0.3045 0.659 0.008 0.026
0 0.3175 0.7336666666666667 0.011 0.03
0 0.276 0.723 0.013 0.03
2 0.2775 0.72 0.028 0.017333333333333333
2 0.319 0.7306666666666667 0.03 0.018666666666666668
2 0.10425 0.9386666666666666 0.0235 0.02266666666666667
1 0.10125 0.9393333333333334 0.0095 0.018666666666666668
0 0.09675 0.9233333333333333 0.0185 0.024
3 0.92025 0.26566666666666666 0.0255 0.042
3 0.9515 0.2713333333333333 0.024 0.04533333333333334