3 0.6351774530271399 0.5946196660482375 0.028183716075156576 0.04638218923933209
5 0.7293841336116911 0.42439703153988867 0.029749478079331943 0.05473098330241188
0 0.7899269311064718 0.24072356215213359 0.005741127348643006 0.01948051948051948
3 0.8006263048016702 0.1549165120593692 0.020876826722338204 0.01855287569573284
5 0.8376826722338204 0.11456400742115028 0.03549060542797495 0.06029684601113173
3 0.8238517745302714 0.07884972170686456 0.015135699373695199 0.01855287569573284
3 0.8588204592901879 0.03849721706864564 0.01826722338204593 0.017625231910946195
3 0.8155010438413361 0.046846011131725415 0.015135699373695199 0.01948051948051948
3 0.9076200417536534 0.04452690166975881 0.016701461377870562 0.016697588126159554
3 0.8888308977035491 0.014842300556586271 0.017745302713987474 0.016697588126159554
3 0.9410229645093946 0.01437847866419295 0.018789144050104383 0.017625231910946195
3 0.9488517745302714 0.012523191094619666 0.014613778705636743 0.017625231910946195
3 0.5013048016701461 0.4485157699443414 0.03288100208768267 0.036178107606679034
3 0.49660751565762007 0.49536178107606677 0.038100208768267224 0.03525046382189239
4 0.5495824634655533 0.29313543599257885 0.029227557411273485 0.027829313543599257
3 0.5331419624217119 0.22077922077922077 0.02870563674321503 0.02411873840445269
3 0.5112212943632568 0.20408163265306123 0.014091858037578288 0.02411873840445269
3 0.5200939457202505 0.15398886827458255 0.02348643006263048 0.022263450834879406
3 0.531054279749478 0.09972170686456401 0.010960334029227558 0.01948051948051948
3 0.46842379958246344 0.09461966604823747 0.016179540709812108 0.016697588126159554
3 0.49947807933194155 0.06957328385899815 0.016701461377870562 0.016697588126159554
3 0.4968684759916493 0.061224489795918366 0.017745302713987474 0.016697588126159554
3 0.49504175365344466 0.04916512059369202 0.01722338204592902 0.016697588126159554
3 0.49399791231732776 0.039888682745825604 0.016179540709812108 0.014842300556586271
3 0.49191022964509395 0.03293135435992579 0.016179540709812108 0.017625231910946195
3 0.48538622129436326 0.006029684601113173 0.017745302713987474 0.012059369202226345
0 0.3178496868475992 0.32235621521335805 0.0041753653444676405 0.01948051948051948
3 0.33168058455114824 0.3464749536178108 0.030793319415448852 0.0287569573283859
3 0.3355949895615866 0.29730983302411873 0.028183716075156576 0.02504638218923933
3 0.33481210855949894 0.28014842300556586 0.02661795407098121 0.022263450834879406
3 0.3363778705636743 0.2527829313543599 0.02244258872651357 0.026901669758812616
3 0.21346555323590813 0.17857142857142858 0.022964509394572025 0.023191094619666047
3 0.23042797494780792 0.13218923933209648 0.024530271398747392 0.017625231910946195
5 0.2651356993736952 0.1989795918367347 0.03653444676409186 0.032467532467532464
5 0.2740083507306889 0.1730055658627087 0.029227557411273485 0.026901669758812616
3 0.27713987473903967 0.16558441558441558 0.022964509394572025 0.015769944341372914
5 0.2805323590814196 0.15166975881261596 0.02870563674321503 0.021335807050092765
3 0.2802713987473904 0.1437847866419295 0.024008350730688934 0.014842300556586271
3 0.28105427974947805 0.13543599257884972 0.02244258872651357 0.012987012987012988
3 0.28366388308977036 0.1284786641929499 0.02348643006263048 0.015769944341372914
4 0.049060542797494784 0.9123376623376623 0.05845511482254697 0.06029684601113173