8 0.008571428571428572 0.20050761421319796 0.017142857142857144 0.02030456852791878
8 0.016785714285714286 0.19098984771573604 0.03357142857142857 0.021573604060913704
0 0.047142857142857146 0.14593908629441624 0.002857142857142857 0.007614213197969543
8 0.05178571428571429 0.19416243654822335 0.023571428571428573 0.02030456852791878
5 0.17714285714285713 0.22461928934010153 0.027142857142857142 0.030456852791878174
5 0.22892857142857143 0.2696700507614213 0.027857142857142858 0.024111675126903553
4 0.2292857142857143 0.14911167512690354 0.015714285714285715 0.01649746192893401
5 0.1657142857142857 0.20621827411167512 0.014285714285714285 0.0266497461928934
8 0.11392857142857143 0.22461928934010153 0.023571428571428573 0.027918781725888325
8 0.1707142857142857 0.1947969543147208 0.02142857142857143 0.024111675126903553
8 0.15892857142857142 0.17258883248730963 0.02214285714285714 0.02284263959390863
3 0.08892857142857143 0.19733502538071065 0.015 0.011421319796954314
3 0.03964285714285714 0.20241116751269037 0.015 0.008883248730964468
3 0.09428571428571429 0.23096446700507614 0.015714285714285715 0.017766497461928935
3 0.12821428571428573 0.2131979695431472 0.015 0.015228426395939087
3 0.1957142857142857 0.15545685279187818 0.012857142857142857 0.011421319796954314
3 0.20535714285714285 0.17576142131979697 0.010714285714285714 0.011421319796954314
3 0.14535714285714285 0.19796954314720813 0.015 0.015228426395939087
0 0.0425 0.5285532994923858 0.005 0.01903553299492386
9 0.05178571428571429 0.5038071065989848 0.010714285714285714 0.017766497461928935
8 0.18571428571428572 0.5552030456852792 0.054285714285714284 0.07233502538071065
3 0.035 0.7804568527918782 0.05142857142857143 0.0583756345177665
3 0.3275 0.2848984771573604 0.016428571428571428 0.01649746192893401
3 0.31857142857142856 0.29124365482233505 0.018571428571428572 0.024111675126903553
0 0.3657142857142857 0.28553299492385786 0.002857142857142857 0.012690355329949238
0 0.4007142857142857 0.309010152284264 0.002857142857142857 0.008883248730964468
0 0.4035714285714286 0.3115482233502538 0.002857142857142857 0.011421319796954314
3 0.47928571428571426 0.30774111675126903 0.02 0.0266497461928934
3 0.31285714285714283 0.45241116751269034 0.02857142857142857 0.03426395939086294
8 0.31642857142857145 0.508248730964467 0.07 0.12563451776649745
0 0.5242857142857142 0.7937817258883249 0.007142857142857143 0.013959390862944163
0 0.5225 0.7899746192893401 0.005 0.011421319796954314
0 0.5282142857142857 0.5222081218274112 0.005 0.011421319796954314
9 0.5267857142857143 0.5279187817258884 0.009285714285714286 0.01015228426395939
2 0.4660714285714286 0.5450507614213198 0.010714285714285714 0.011421319796954314
2 0.47285714285714286 0.5228426395939086 0.01 0.02030456852791878
3 0.5425 0.36548223350253806 0.02214285714285714 0.02284263959390863
3 0.5703571428571429 0.16560913705583757 0.012142857142857143 0.011421319796954314
3 0.575 0.15926395939086294 0.014285714285714285 0.013959390862944163
3 0.5796428571428571 0.157994923857868 0.012142857142857143 0.011421319796954314
3 0.5814285714285714 0.1548223350253807 0.012857142857142857 0.012690355329949238
3 0.5842857142857143 0.15418781725888325 0.014285714285714285 0.011421319796954314
3 0.59 0.15101522842639595 0.012857142857142857 0.012690355329949238
3 0.5939285714285715 0.14657360406091371 0.012142857142857143 0.008883248730964468
3 0.5971428571428572 0.14403553299492386 0.012857142857142857 0.013959390862944163
3 0.6075 0.13451776649746192 0.012142857142857143 0.012690355329949238
3 0.6692857142857143 0.08629441624365482 0.01 0.007614213197969543
3 0.6653571428571429 0.09263959390862944 0.009285714285714286 0.01015228426395939
3 0.6239285714285714 0.12563451776649745 0.012142857142857143 0.015228426395939087
3 0.6285714285714286 0.1218274111675127 0.015714285714285715 0.01015228426395939
3 0.5953571428571428 0.32550761421319796 0.016428571428571428 0.021573604060913704
3 0.6964285714285714 0.1281725888324873 0.011428571428571429 0.012690355329949238
3 0.6360714285714286 0.16624365482233502 0.010714285714285714 0.012690355329949238
4 0.7167857142857142 0.07741116751269035 0.009285714285714286 0.012690355329949238
5 0.6278571428571429 0.2563451776649746 0.02 0.03807106598984772
4 0.6453571428571429 0.315989847715736 0.010714285714285714 0.02030456852791878
9 0.6257142857142857 0.5228426395939086 0.011428571428571429 0.015228426395939087
2 0.6842857142857143 0.5437817258883249 0.012857142857142857 0.011421319796954314
2 0.7128571428571429 0.5463197969543148 0.011428571428571429 0.011421319796954314
0 0.685 0.5361675126903553 0.005714285714285714 0.013959390862944163
0 0.7135714285714285 0.5399746192893401 0.005714285714285714 0.013959390862944163
8 0.665 0.5057106598984772 0.047142857142857146 0.04187817258883249
5 0.7332142857142857 0.5196700507614214 0.047857142857142855 0.044416243654822336
3 0.7696428571428572 0.48350253807106597 0.030714285714285715 0.02284263959390863
5 0.7557142857142857 0.0450507614213198 0.011428571428571429 0.01649746192893401
3 0.9417857142857143 0.11421319796954314 0.010714285714285714 0.015228426395939087
3 0.9521428571428572 0.11802030456852793 0.011428571428571429 0.012690355329949238
3 0.9871428571428571 0.11802030456852793 0.01 0.015228426395939087