3 0.26875 0.9731481481481481 0.04375 0.053703703703703705
0 0.265625 0.49166666666666664 0.0125 0.046296296296296294
3 0.35208333333333336 0.49074074074074076 0.03125 0.08518518518518518
7 0.34375 0.275 0.016666666666666666 0.03888888888888889
3 0.3729166666666667 0.325 0.025 0.06111111111111111
3 0.4973958333333333 0.49537037037037035 0.030208333333333334 0.06851851851851852
2 0.8489583333333334 0.8064814814814815 0.022916666666666665 0.05740740740740741
1 0.5213541666666667 0.25277777777777777 0.007291666666666667 0.020370370370370372
9 0.521875 0.2564814814814815 0.008333333333333333 0.024074074074074074
1 0.5109375 0.1388888888888889 0.005208333333333333 0.014814814814814815
6 0.5125 0.14722222222222223 0.008333333333333333 0.020370370370370372
3 0.4708333333333333 0.12407407407407407 0.016666666666666666 0.02962962962962963
1 0.35208333333333336 0.14444444444444443 0.00625 0.022222222222222223
9 0.3515625 0.14907407407407408 0.007291666666666667 0.024074074074074074
3 0.36302083333333335 0.0712962962962963 0.015625 0.03148148148148148
3 0.40729166666666666 0.06481481481481481 0.0125 0.025925925925925925
7 0.39010416666666664 0.03611111111111111 0.011458333333333333 0.03148148148148148
3 0.4739583333333333 0.020370370370370372 0.0125 0.022222222222222223