5 0.26278705636743216 0.47866419294990725 0.08507306889352818 0.06493506493506493
5 0.02348643006263048 0.46938775510204084 0.04697286012526096 0.0575139146567718
9 0.3058455114822547 0.5542671614100185 0.031315240083507306 0.03432282003710575
4 0.4089248434237996 0.7843228200371057 0.08089770354906055 0.08256029684601113
4 0.4055323590814196 0.672077922077922 0.07411273486430063 0.07699443413729128
4 0.5101774530271399 0.6674397031539888 0.07254697286012526 0.08070500927643785
5 0.5187891440501043 0.7903525046382189 0.10751565762004175 0.09276437847866419
4 0.5396659707724426 0.9313543599257885 0.09812108559498957 0.11131725417439703
7 0.4047494780793319 0.601113172541744 0.055845511482254695 0.059369202226345084
6 0.509133611691023 0.46614100185528756 0.0861169102296451 0.0640074211502783
3 0.5467118997912317 0.3654916512059369 0.061064718162839246 0.0686456400742115
3 0.40109603340292277 0.12755102040816327 0.04540709812108559 0.039888682745825604
3 0.49504175365344466 0.12430426716141002 0.048538622129436326 0.04638218923933209
5 0.34707724425887265 0.24907235621521337 0.049060542797494784 0.06957328385899815
0 0.8483820459290188 0.9582560296846011 0.02139874739039666 0.05380333951762523
0 0.8392484342379958 0.9299628942486086 0.024008350730688934 0.06029684601113173
5 0.8457724425887265 0.4067717996289425 0.17066805845511482 0.22356215213358072
4 0.6510960334029228 0.020871985157699443 0.01722338204592902 0.041743970315398886
1 0.6223903966597077 0.24257884972170687 0.006784968684759917 0.026901669758812616
1 0.6401356993736952 0.10064935064935066 0.007828810020876827 0.02504638218923933
9 0.639874739039666 0.11178107606679036 0.005219206680584551 0.023191094619666047
9 0.6221294363256785 0.25463821892393323 0.006263048016701462 0.0287569573283859