3 0.22678571428571428 0.08185279187817258 0.065 0.044416243654822336
3 0.19178571428571428 0.38578680203045684 0.027857142857142858 0.11421319796954314
3 0.22892857142857143 0.39086294416243655 0.027857142857142858 0.10913705583756345
3 0.26357142857142857 0.38261421319796957 0.02857142857142857 0.10279187817258884
3 0.3032142857142857 0.38451776649746194 0.027857142857142858 0.1065989847715736
3 0.34285714285714286 0.45558375634517767 0.027142857142857142 0.10913705583756345
3 0.38107142857142856 0.4536802030456853 0.027857142857142858 0.10279187817258884
3 0.4142857142857143 0.45748730964467005 0.022857142857142857 0.10786802030456853
3 0.4928571428571429 0.4727157360406091 0.025714285714285714 0.11548223350253807
3 0.5292857142857142 0.47906091370558374 0.02857142857142857 0.11294416243654823
3 0.5253571428571429 0.5723350253807107 0.06928571428571428 0.050761421319796954
3 0.5135714285714286 0.6364213197969543 0.055714285714285716 0.046954314720812185
3 0.5157142857142857 0.6947969543147208 0.06285714285714286 0.046954314720812185
3 0.3607142857142857 0.6269035532994924 0.03 0.11421319796954314
3 0.4067857142857143 0.9079949238578681 0.035 0.11294416243654823
3 0.32535714285714284 0.623730964467005 0.02642857142857143 0.11548223350253807
3 0.2889285714285714 0.6351522842639594 0.03214285714285714 0.12055837563451777
3 0.2571428571428571 0.5824873096446701 0.03 0.11421319796954314
3 0.22142857142857142 0.6192893401015228 0.027142857142857142 0.10406091370558376
3 0.18535714285714286 0.6269035532994924 0.030714285714285715 0.116751269035533
3 0.1432142857142857 0.631979695431472 0.030714285714285715 0.10406091370558376
3 0.10964285714285714 0.608502538071066 0.029285714285714286 0.12055837563451777
3 0.07464285714285715 0.6110406091370558 0.03214285714285714 0.12055837563451777
3 0.03571428571428571 0.6135786802030457 0.032857142857142856 0.11040609137055837
3 0.009285714285714286 0.633248730964467 0.018571428571428572 0.1116751269035533
4 0.4585714285714286 0.48223350253807107 0.025714285714285714 0.09137055837563451
4 0.5689285714285715 0.4612944162436548 0.023571428571428573 0.10786802030456853
4 0.7939285714285714 0.5291878172588832 0.03214285714285714 0.09644670050761421
3 0.6910714285714286 0.45685279187817257 0.027857142857142858 0.10406091370558376
3 0.6603571428571429 0.550761421319797 0.030714285714285715 0.09898477157360407
3 0.7121428571428572 0.2645939086294416 0.06142857142857143 0.05203045685279188
3 0.9096428571428572 0.18401015228426396 0.06357142857142857 0.048223350253807105
3 0.9192857142857143 0.4016497461928934 0.037142857142857144 0.11548223350253807
3 0.8732142857142857 0.39911167512690354 0.03357142857142857 0.11802030456852793
3 0.9121428571428571 0.6554568527918782 0.027142857142857142 0.10532994923857868
3 0.8739285714285714 0.6548223350253807 0.027857142857142858 0.1065989847715736
3 0.8285714285714286 0.6560913705583756 0.041428571428571426 0.10152284263959391
3 0.8342857142857143 0.5482233502538071 0.03 0.09644670050761421
3 0.9660714285714286 0.3934010152284264 0.035 0.1065989847715736
3 0.8410714285714286 0.3965736040609137 0.030714285714285715 0.11040609137055837
5 0.7396428571428572 0.4352791878172589 0.045 0.14720812182741116
5 0.7953571428571429 0.3800761421319797 0.07214285714285715 0.16624365482233502
6 0.9557142857142857 0.25571065989847713 0.04285714285714286 0.031725888324873094
0 0.9575 0.3280456852791878 0.020714285714285713 0.01649746192893401
0 0.9582142857142857 0.3166243654822335 0.017857142857142856 0.01903553299492386
0 0.13142857142857142 0.7823604060913706 0.011428571428571429 0.013959390862944163
0 0.1375 0.7607868020304569 0.016428571428571428 0.013959390862944163
0 0.32321428571428573 0.7861675126903553 0.009285714285714286 0.01903553299492386
0 0.3742857142857143 0.7633248730964467 0.008571428571428572 0.006345177664974619
0 0.425 0.8178934010152284 0.007142857142857143 0.01649746192893401
0 0.44607142857142856 0.7982233502538071 0.010714285714285714 0.02030456852791878
0 0.45607142857142857 0.8178934010152284 0.007857142857142858 0.021573604060913704
0 0.43785714285714283 0.8229695431472082 0.008571428571428572 0.01903553299492386
0 0.3792857142857143 0.7703045685279187 0.01 0.012690355329949238
0 0.5625 0.6370558375634517 0.0064285714285714285 0.012690355329949238
0 0.5807142857142857 0.6300761421319797 0.01 0.01903553299492386
0 0.6182142857142857 0.7563451776649747 0.009285714285714286 0.02030456852791878
0 0.6528571428571428 0.7112944162436549 0.01 0.01649746192893401
0 0.6117857142857143 0.8807106598984772 0.010714285714285714 0.027918781725888325
0 0.5946428571428571 0.9733502538071066 0.010714285714285714 0.02284263959390863
0 0.6735714285714286 0.7658629441624365 0.011428571428571429 0.01903553299492386
0 0.6821428571428572 0.7614213197969543 0.007142857142857143 0.017766497461928935
0 0.6867857142857143 0.7525380710659898 0.009285714285714286 0.017766497461928935
0 0.7164285714285714 0.7347715736040609 0.015714285714285715 0.02030456852791878
0 0.7328571428571429 0.7626903553299492 0.011428571428571429 0.02284263959390863
0 0.7535714285714286 0.7645939086294417 0.014285714285714285 0.01649746192893401
0 0.7457142857142857 0.7201776649746193 0.012857142857142857 0.013959390862944163
9 0.715 0.6637055837563451 0.024285714285714285 0.02284263959390863
0 0.6278571428571429 0.3762690355329949 0.01 0.013959390862944163
0 0.9435714285714286 0.6833756345177665 0.007142857142857143 0.013959390862944163
9 0.9407142857142857 0.6833756345177665 0.017142857142857144 0.008883248730964468
9 0.9089285714285714 0.809010152284264 0.023571428571428573 0.01649746192893401
6 0.6428571428571429 0.7043147208121827 0.03428571428571429 0.07614213197969544
0 0.6935714285714286 0.7125634517766497 0.011428571428571429 0.01903553299492386
7 0.6846428571428571 0.6897208121827412 0.02214285714285714 0.06979695431472081