3 0.36025 0.8076666666666666 0.0845 0.13666666666666666
3 0.3045 0.679 0.057 0.07933333333333334
3 0.44775 0.443 0.0455 0.04733333333333333
4 0.41025 0.409 0.0435 0.042
4 0.38025 0.381 0.0355 0.035333333333333335
3 0.34675 0.35533333333333333 0.0305 0.032
4 0.326 0.3303333333333333 0.028 0.03
3 0.30525 0.319 0.0255 0.028666666666666667
3 0.266 0.2836666666666667 0.023 0.022
3 0.25525 0.2723333333333333 0.0155 0.019333333333333334
3 0.249 0.261 0.018 0.014
1 0.238 0.26966666666666667 0.004 0.016666666666666666
9 0.2385 0.27566666666666667 0.008 0.011333333333333334
3 0.237 0.25033333333333335 0.019 0.016666666666666666
3 0.2275 0.23733333333333334 0.016 0.018666666666666668
3 0.218 0.22733333333333333 0.017 0.018666666666666668
3 0.2045 0.20866666666666667 0.012 0.016
3 0.2005 0.20366666666666666 0.012 0.015333333333333332
3 0.11925 0.2876666666666667 0.0205 0.026
3 0.0585 0.31733333333333336 0.019 0.025333333333333333
3 0.06225 0.297 0.0315 0.023333333333333334
3 0.06175 0.2796666666666667 0.0355 0.018
3 0.04725 0.2683333333333333 0.0265 0.014
3 0.04775 0.257 0.0205 0.015333333333333332
3 0.01225 0.36133333333333334 0.0245 0.028
3 0.0045 0.3343333333333333 0.009 0.023333333333333334
3 0.05575 0.229 0.0185 0.018
3 0.054 0.21833333333333332 0.016 0.008666666666666666
3 0.058 0.201 0.014 0.016666666666666666
3 0.12375 0.13733333333333334 0.0105 0.009333333333333334
3 0.1945 0.19033333333333333 0.013 0.012666666666666666
3 0.1915 0.176 0.013 0.013333333333333334
3 0.18925 0.16833333333333333 0.0115 0.011333333333333334
0 0.18525 0.13966666666666666 0.0035 0.008666666666666666
1 0.171 0.152 0.003 0.006666666666666667
9 0.17175 0.15466666666666667 0.0045 0.006666666666666667
3 0.13475 0.12433333333333334 0.0085 0.01
3 0.14025 0.12266666666666666 0.0045 0.006666666666666667
3 0.216 0.09766666666666667 0.006 0.006