5 0.5975 0.9098984771573604 0.165 0.12690355329949238
3 0.7153571428571428 0.8096446700507615 0.045 0.13959390862944163
4 0.7832142857142858 0.5444162436548223 0.04214285714285714 0.1598984771573604
3 0.6710714285714285 0.49619289340101524 0.045 0.14720812182741116
3 0.8396428571428571 0.1484771573604061 0.039285714285714285 0.09898477157360407
0 0.30642857142857144 0.4663705583756345 0.02 0.03426395939086294
0 0.31357142857142856 0.4479695431472081 0.02 0.04060913705583756
0 0.3082142857142857 0.3946700507614213 0.016428571428571428 0.03553299492385787
0 0.30392857142857144 0.3800761421319797 0.016428571428571428 0.04187817258883249
0 0.32392857142857145 0.07614213197969544 0.012142857142857143 0.03807106598984772
3 0.12535714285714286 0.6649746192893401 0.08357142857142857 0.07868020304568528