3 0.8470588235294118 0.8274509803921568 0.12352941176470589 0.12026143790849673
0 0.9319852941176471 0.9712418300653595 0.016911764705882352 0.04967320261437908
9 0.7536764705882353 0.6241830065359477 0.033823529411764704 0.0457516339869281
0 0.7783088235294118 0.5117647058823529 0.015441176470588236 0.06666666666666667
0 0.7165441176470588 0.5281045751633987 0.0125 0.05751633986928104
0 0.7308823529411764 0.5117647058823529 0.010294117647058823 0.043137254901960784
3 0.6702205882352941 0.5993464052287582 0.06397058823529411 0.134640522875817
3 0.6408088235294118 0.48823529411764705 0.05661764705882353 0.1084967320261438
3 0.6227941176470588 0.3908496732026144 0.04852941176470588 0.09673202614379085
3 0.606985294117647 0.2908496732026144 0.04044117647058824 0.07973856209150326
3 0.5882352941176471 0.2130718954248366 0.039705882352941174 0.06013071895424837
3 0.54375 0.12679738562091503 0.04044117647058824 0.054901960784313725
3 0.5658088235294118 0.09607843137254903 0.03161764705882353 0.048366013071895426
3 0.5426470588235294 0.056862745098039215 0.04264705882352941 0.048366013071895426
3 0.5466911764705882 0.02287581699346405 0.025735294117647058 0.040522875816993466
3 0.475 0.09084967320261438 0.027941176470588237 0.05359477124183006
3 0.4650735294117647 0.03529411764705882 0.02426470588235294 0.04183006535947712
3 0.39595588235294116 0.020261437908496733 0.02426470588235294 0.040522875816993466
9 0.29705882352941176 0.12810457516339868 0.023529411764705882 0.03398692810457516
9 0.26286764705882354 0.11699346405228758 0.009558823529411765 0.032679738562091505
3 0.2161764705882353 0.9150326797385621 0.07941176470588235 0.16993464052287582
6 0.2566176470588235 0.7287581699346405 0.03823529411764706 0.09542483660130718
3 0.0875 0.9196078431372549 0.13676470588235295 0.15816993464052287
3 0.13823529411764707 0.7450980392156863 0.13088235294117648 0.17516339869281045
9 0.20441176470588235 0.5045751633986928 0.030882352941176472 0.05228758169934641
0 0.2555147058823529 0.47320261437908495 0.015441176470588236 0.06013071895424837
0 0.2577205882352941 0.3457516339869281 0.013970588235294118 0.05620915032679739
2 0.21764705882352942 0.3633986928104575 0.025 0.04183006535947712
9 0.27205882352941174 0.2169934640522876 0.01764705882352941 0.047058823529411764
3 0.2974264705882353 0.41241830065359475 0.04485294117647059 0.11372549019607843
3 0.30661764705882355 0.31633986928104574 0.04264705882352941 0.0915032679738562
3 0.3191176470588235 0.21895424836601307 0.03823529411764706 0.09281045751633987
3 0.32794117647058824 0.165359477124183 0.03235294117647059 0.06928104575163399
3 0.33639705882352944 0.10130718954248366 0.030147058823529412 0.0718954248366013
3 0.3448529411764706 0.06274509803921569 0.025 0.05228758169934641
3 0.3503676470588235 0.022222222222222223 0.025735294117647058 0.044444444444444446
0 0.3694852941176471 0.01437908496732026 0.006617647058823529 0.02875816993464052
0 0.37426470588235294 0.015032679738562092 0.0058823529411764705 0.030065359477124184
9 0.7459558823529412 0.5431372549019607 0.025735294117647058 0.048366013071895426
9 0.7363970588235295 0.5209150326797386 0.030147058823529412 0.0457516339869281
0 0.7511029411764706 0.37777777777777777 0.0125 0.05751633986928104
0 0.7599264705882353 0.38562091503267976 0.013970588235294118 0.054901960784313725
1 0.7069852941176471 0.2901960784313726 0.0125 0.03398692810457516
9 0.7084558823529412 0.4294117647058823 0.027205882352941177 0.040522875816993466
9 0.6985294117647058 0.4111111111111111 0.029411764705882353 0.040522875816993466
0 0.6727941176470589 0.46013071895424834 0.011764705882352941 0.05228758169934641
0 0.66875 0.45294117647058824 0.011029411764705883 0.0457516339869281
2 0.6529411764705882 0.2980392156862745 0.027941176470588237 0.03137254901960784
2 0.6514705882352941 0.2856209150326797 0.026470588235294117 0.030065359477124184
2 0.7286764705882353 0.2581699346405229 0.013235294117647059 0.0457516339869281
1 0.6716911764705882 0.18562091503267975 0.009558823529411765 0.023529411764705882
1 0.6702205882352941 0.1803921568627451 0.011029411764705883 0.026143790849673203
9 0.6257352941176471 0.19934640522875818 0.023529411764705882 0.027450980392156862
9 0.606985294117647 0.11895424836601307 0.021323529411764706 0.023529411764705882
9 0.6044117647058823 0.10261437908496732 0.01764705882352941 0.027450980392156862
9 0.5819852941176471 0.06405228758169934 0.016911764705882352 0.023529411764705882
9 0.5047794117647059 0.020261437908496733 0.008088235294117648 0.030065359477124184
1 0.5051470588235294 0.01699346405228758 0.007352941176470588 0.02875816993464052
1 0.5055147058823529 0.01568627450980392 0.008088235294117648 0.03137254901960784