3 0.7453027139874739 0.6335807050092764 0.030271398747390398 0.061224489795918366
4 0.7223382045929019 0.549165120593692 0.020876826722338204 0.04638218923933209
3 0.7077244258872651 0.50139146567718 0.024008350730688934 0.04916512059369202
3 0.6805845511482255 0.3854359925788497 0.020876826722338204 0.032467532467532464
3 0.6756263048016702 0.35667903525046385 0.029749478079331943 0.03432282003710575
4 0.666231732776618 0.33070500927643787 0.01826722338204593 0.030612244897959183
3 0.6492693110647182 0.3469387755102041 0.010438413361169102 0.02411873840445269
9 0.8340292275574113 0.7806122448979592 0.015657620041753653 0.03432282003710575
9 0.8971816283924844 0.9081632653061225 0.026096033402922755 0.03896103896103896
3 0.5660229645093946 0.1841372912801484 0.009916492693110648 0.017625231910946195
4 0.5534968684759917 0.15120593692022263 0.008872651356993737 0.02040816326530612
3 0.5563674321503131 0.1266233766233766 0.008350730688935281 0.013914656771799629
3 0.5610647181628392 0.08858998144712431 0.007306889352818371 0.012059369202226345
3 0.5490605427974948 0.030612244897959183 0.006263048016701462 0.00927643784786642
3 0.5568893528183716 0.014842300556586271 0.005219206680584551 0.011131725417439703
9 0.8102818371607515 0.7634508348794063 0.02035490605427975 0.01855287569573284
9 0.7601774530271399 0.5862708719851577 0.019311064718162838 0.01855287569573284
9 0.7437369519832986 0.5180890538033395 0.013569937369519834 0.013914656771799629
0 0.7134655532359081 0.3696660482374768 0.005219206680584551 0.02504638218923933
1 0.3089770354906054 0.7843228200371057 0.010438413361169102 0.01948051948051948
1 0.3442066805845512 0.6521335807050093 0.007828810020876827 0.01855287569573284
9 0.3079331941544885 0.8024118738404453 0.008350730688935281 0.01855287569573284
9 0.34237995824634654 0.6683673469387755 0.008350730688935281 0.021335807050092765
9 0.6751043841336117 0.49165120593692024 0.005741127348643006 0.016697588126159554
9 0.4196242171189979 0.3534322820037106 0.0041753653444676405 0.016697588126159554
9 0.4394572025052192 0.28385899814471244 0.003131524008350731 0.012987012987012988
9 0.44441544885177453 0.2569573283858998 0.0026096033402922755 0.011131725417439703
9 0.45015657620041755 0.25742115027829315 0.0036534446764091857 0.012059369202226345
9 0.4561586638830898 0.26437847866419295 0.003131524008350731 0.011131725417439703
9 0.4496346555323591 0.23469387755102042 0.0026096033402922755 0.00927643784786642
9 0.4603340292275574 0.24907235621521337 0.0020876826722338203 0.01020408163265306
9 0.46450939457202506 0.21057513914656772 0.0020876826722338203 0.00927643784786642
9 0.4618997912317328 0.1901669758812616 0.003131524008350731 0.00927643784786642
9 0.4924321503131524 0.16883116883116883 0.004697286012526096 0.00927643784786642
9 0.4697286012526096 0.16048237476808905 0.0020876826722338203 0.0074211502782931356
9 0.47494780793319413 0.1553803339517625 0.003131524008350731 0.006493506493506494
9 0.5887265135699373 0.19294990723562153 0.003131524008350731 0.00927643784786642
9 0.537839248434238 0.21150278293135436 0.007828810020876827 0.0074211502782931356
9 0.5464509394572025 0.2077922077922078 0.005219206680584551 0.0055658627087198514
9 0.6234342379958246 0.23376623376623376 0.0036534446764091857 0.0074211502782931356
9 0.6127348643006263 0.2300556586270872 0.003131524008350731 0.00927643784786642
9 0.7998434237995825 0.7277365491651205 0.02244258872651357 0.021335807050092765
9 0.7938413361169102 0.7050092764378478 0.021920668058455117 0.016697588126159554
9 0.7886221294363257 0.6934137291280148 0.020876826722338204 0.01948051948051948
9 0.7870563674321504 0.6790352504638218 0.019832985386221295 0.01855287569573284
2 0.7578288100208769 0.48283858998144713 0.011482254697286013 0.012059369202226345
1 0.6756263048016702 0.48283858998144713 0.005741127348643006 0.013914656771799629
1 0.6234342379958246 0.2277365491651206 0.0026096033402922755 0.008348794063079777
1 0.6124739039665971 0.22495361781076068 0.0026096033402922755 0.008348794063079777
1 0.589509394572025 0.18645640074211503 0.0026096033402922755 0.00927643784786642
1 0.5456680584551148 0.2012987012987013 0.004697286012526096 0.00927643784786642
1 0.5370563674321504 0.20686456400742115 0.003131524008350731 0.011131725417439703
1 0.49191022964509395 0.16419294990723562 0.0036534446764091857 0.00927643784786642
1 0.47494780793319413 0.14981447124304267 0.0020876826722338203 0.00463821892393321
1 0.4694676409185804 0.15445269016697588 0.0026096033402922755 0.006493506493506494
1 0.46242171189979125 0.1836734693877551 0.003131524008350731 0.0055658627087198514
1 0.46529227557411273 0.2054730983302412 0.0026096033402922755 0.008348794063079777
1 0.4496346555323591 0.22866419294990722 0.0026096033402922755 0.008348794063079777
1 0.4605949895615866 0.24211502782931354 0.0036534446764091857 0.00927643784786642
1 0.44545929018789143 0.24907235621521337 0.0026096033402922755 0.008348794063079777
1 0.45041753653444677 0.2504638218923933 0.003131524008350731 0.0074211502782931356
1 0.45668058455114824 0.25834879406307976 0.003131524008350731 0.01020408163265306
1 0.4201461377870564 0.3455473098330241 0.0041753653444676405 0.012059369202226345
1 0.4405010438413361 0.27782931354359924 0.0041753653444676405 0.013914656771799629
3 0.9321503131524008 0.37430426716141 0.021920668058455117 0.0287569573283859
3 0.9089248434237995 0.3399814471243043 0.02139874739039666 0.026901669758812616
3 0.8705636743215032 0.28339517625231914 0.017745302713987474 0.023191094619666047
3 0.8447286012526096 0.23840445269016697 0.008872651356993737 0.02040816326530612
3 0.8324634655532359 0.2388682745825603 0.011482254697286013 0.01948051948051948
1 0.4733820459290188 0.12708719851576994 0.0020876826722338203 0.0055658627087198514
9 0.47312108559498955 0.1331168831168831 0.0026096033402922755 0.006493506493506494