4 0.6889285714285714 0.09581218274111675 0.025 0.05964467005076142
3 0.7171428571428572 0.3210659898477157 0.02142857142857143 0.050761421319796954
0 0.7267857142857143 0.8521573604060914 0.009285714285714286 0.011421319796954314
0 0.4278571428571429 0.12119289340101523 0.002857142857142857 0.011421319796954314
0 0.41928571428571426 0.12373096446700507 0.004285714285714286 0.01903553299492386
0 0.4232142857142857 0.12119289340101523 0.0035714285714285713 0.01649746192893401
0 0.4789285714285714 0.2233502538071066 0.005 0.015228426395939087
0 0.4710714285714286 0.21446700507614214 0.0035714285714285713 0.012690355329949238
0 0.4782142857142857 0.2633248730964467 0.0035714285714285713 0.01649746192893401
0 0.5010714285714286 0.23794416243654823 0.0064285714285714285 0.011421319796954314
0 0.5028571428571429 0.22081218274111675 0.004285714285714286 0.017766497461928935
0 0.465 0.1713197969543147 0.004285714285714286 0.015228426395939087
0 0.45535714285714285 0.18718274111675126 0.0035714285714285713 0.013959390862944163
0 0.45785714285714285 0.20748730964467005 0.004285714285714286 0.011421319796954314
0 0.47 0.17639593908629442 0.004285714285714286 0.012690355329949238
0 0.5314285714285715 0.46573604060913704 0.004285714285714286 0.012690355329949238
0 0.5814285714285714 0.4517766497461929 0.004285714285714286 0.012690355329949238
0 0.49607142857142855 0.5038071065989848 0.0035714285714285713 0.01015228426395939
0 0.475 0.5177664974619289 0.005714285714285714 0.012690355329949238
0 0.48392857142857143 0.47652284263959394 0.0035714285714285713 0.011421319796954314
0 0.4589285714285714 0.5 0.005 0.012690355329949238
0 0.45321428571428574 0.4486040609137056 0.005 0.006345177664974619
0 0.44607142857142856 0.45621827411167515 0.005 0.013959390862944163
5 0.9596428571428571 0.9447969543147208 0.07642857142857143 0.10786802030456853
0 0.83 0.8921319796954315 0.004285714285714286 0.005076142131979695
3 0.017142857142857144 0.6637055837563451 0.018571428571428572 0.0583756345177665
3 0.22642857142857142 0.07868020304568528 0.02857142857142857 0.030456852791878174
3 0.2275 0.048223350253807105 0.035 0.02284263959390863