3 0.4411764705882353 0.027450980392156862 0.01764705882352941 0.054901960784313725
3 0.47941176470588237 0.11633986928104575 0.014705882352941176 0.06274509803921569
3 0.4536764705882353 0.15098039215686274 0.016176470588235296 0.06666666666666667
3 0.43676470588235294 0.34509803921568627 0.014705882352941176 0.06535947712418301
3 0.46139705882352944 0.37712418300653594 0.016911764705882352 0.06405228758169934
3 0.4922794117647059 0.3209150326797386 0.015441176470588236 0.06143790849673202
3 0.3996323529411765 0.5823529411764706 0.03897058823529412 0.050980392156862744
3 0.5003676470588235 0.561437908496732 0.01838235294117647 0.06666666666666667
3 0.44227941176470587 0.45816993464052286 0.015441176470588236 0.06666666666666667
3 0.38786764705882354 0.15947712418300652 0.03897058823529412 0.03137254901960784
3 0.3805147058823529 0.2065359477124183 0.03602941176470588 0.036601307189542485
3 0.38676470588235295 0.06797385620915032 0.033823529411764704 0.0392156862745098
3 0.42058823529411765 0.01241830065359477 0.014705882352941176 0.02483660130718954
3 0.3963235294117647 0.44836601307189544 0.039705882352941174 0.0392156862745098
9 0.35955882352941176 0.1522875816993464 0.0058823529411764705 0.02483660130718954
0 0.36213235294117646 0.17908496732026144 0.006617647058823529 0.013071895424836602
9 0.4202205882352941 0.18366013071895426 0.006617647058823529 0.022222222222222223
1 0.42058823529411765 0.18104575163398692 0.0058823529411764705 0.009150326797385621
0 0.5139705882352941 0.2699346405228758 0.0058823529411764705 0.011764705882352941
0 0.5165441176470589 0.28888888888888886 0.005147058823529412 0.01045751633986928
1 0.5216911764705883 0.2503267973856209 0.005147058823529412 0.01437908496732026
2 0.5216911764705883 0.2522875816993464 0.005147058823529412 0.02091503267973856
1 0.5095588235294117 0.4496732026143791 0.0058823529411764705 0.01045751633986928
9 0.5095588235294117 0.44901960784313727 0.0058823529411764705 0.022222222222222223
3 0.006985294117647059 0.7183006535947712 0.013970588235294118 0.027450980392156862
4 0.06911764705882353 0.7163398692810458 0.039705882352941174 0.03137254901960784
3 0.12352941176470589 0.6496732026143791 0.020588235294117647 0.07320261437908497
3 0.15183823529411763 0.6411764705882353 0.019852941176470587 0.06928104575163399
3 0.17205882352941176 0.6529411764705882 0.01911764705882353 0.06666666666666667
3 0.19375 0.6503267973856209 0.01838235294117647 0.07450980392156863
3 0.21544117647058825 0.6477124183006536 0.01764705882352941 0.06928104575163399
3 0.17463235294117646 0.7673202614379085 0.04191176470588235 0.03137254901960784
3 0.07904411764705882 0.7862745098039216 0.02426470588235294 0.022222222222222223
3 0.24558823529411763 0.681045751633987 0.03676470588235294 0.03137254901960784
3 0.2599264705882353 0.7673202614379085 0.03897058823529412 0.03398692810457516
3 0.4724264705882353 0.6215686274509804 0.016911764705882352 0.06405228758169934
3 0.4459558823529412 0.6320261437908496 0.01838235294117647 0.06666666666666667
3 0.5683823529411764 0.5973856209150327 0.03676470588235294 0.03398692810457516
3 0.5455882352941176 0.7058823529411765 0.016176470588235296 0.05751633986928104
3 0.5764705882352941 0.8699346405228758 0.03823529411764706 0.043137254901960784
3 0.5533088235294118 0.2549019607843137 0.03161764705882353 0.04967320261437908
3 0.5268382352941177 0.2973856209150327 0.016911764705882352 0.06405228758169934
3 0.5238970588235294 0.38169934640522873 0.016911764705882352 0.06535947712418301
3 0.5606617647058824 0.3026143790849673 0.030147058823529412 0.040522875816993466
3 0.5360294117647059 0.5287581699346405 0.01764705882352941 0.06405228758169934
0 0.41691176470588237 0.3045751633986928 0.004411764705882353 0.013071895424836602
4 0.4033088235294118 0.5326797385620915 0.03308823529411765 0.03790849673202614
9 0.44926470588235295 0.5450980392156862 0.007352941176470588 0.023529411764705882
1 0.4488970588235294 0.5444444444444444 0.006617647058823529 0.011764705882352941
0 0.41323529411764703 0.7111111111111111 0.0058823529411764705 0.00784313725490196
0 0.3900735294117647 0.8431372549019608 0.003676470588235294 0.01568627450980392
0 0.3827205882352941 0.8450980392156863 0.005147058823529412 0.009150326797385621
9 0.51875 0.6313725490196078 0.005147058823529412 0.02091503267973856
1 0.5183823529411765 0.6287581699346405 0.004411764705882353 0.01045751633986928
3 0.5077205882352941 0.74640522875817 0.016911764705882352 0.06274509803921569
3 0.47941176470588237 0.838562091503268 0.01764705882352941 0.0718954248366013
3 0.45183823529411765 0.8901960784313725 0.015441176470588236 0.07320261437908497
3 0.4863970588235294 0.9535947712418301 0.01838235294117647 0.06666666666666667
3 0.40698529411764706 0.9143790849673202 0.016911764705882352 0.0718954248366013
4 0.40808823529411764 0.8215686274509804 0.013235294117647059 0.06405228758169934
9 0.5408088235294117 0.8993464052287582 0.005147058823529412 0.023529411764705882
1 0.5404411764705882 0.9006535947712418 0.0058823529411764705 0.01045751633986928
0 0.8981617647058824 0.6686274509803921 0.008088235294117648 0.006535947712418301
0 0.7617647058823529 0.9915032679738562 0.008823529411764706 0.009150326797385621
0 0.6014705882352941 0.9810457516339869 0.007352941176470588 0.011764705882352941
0 0.606985294117647 0.9758169934640523 0.005147058823529412 0.011764705882352941
0 0.6055147058823529 0.8797385620915033 0.003676470588235294 0.01045751633986928