0 0.43714285714285717 0.975253807106599 0.015714285714285715 0.024111675126903553
0 0.4832142857142857 0.9828680203045685 0.015 0.031725888324873094
0 0.44392857142857145 0.8083756345177665 0.012142857142857143 0.04060913705583756
0 0.49785714285714283 0.8312182741116751 0.012857142857142857 0.03807106598984772
0 0.48 0.7525380710659898 0.01 0.04314720812182741
0 0.4735714285714286 0.7246192893401016 0.011428571428571429 0.03299492385786802
0 0.4592857142857143 0.7017766497461929 0.008571428571428572 0.03299492385786802
0 0.4275 0.7284263959390863 0.005 0.02284263959390863
0 0.42428571428571427 0.7138324873096447 0.01 0.03426395939086294
0 0.41678571428571426 0.6281725888324873 0.007857142857142858 0.03299492385786802
0 0.41964285714285715 0.4416243654822335 0.007857142857142858 0.03553299492385787
0 0.4228571428571429 0.4263959390862944 0.012857142857142857 0.03299492385786802
0 0.5689285714285715 0.274746192893401 0.005 0.02918781725888325
0 0.5635714285714286 0.27918781725888325 0.005714285714285714 0.027918781725888325
0 0.6546428571428572 0.24111675126903553 0.0064285714285714285 0.030456852791878174
0 0.6735714285714286 0.16370558375634517 0.005714285714285714 0.025380710659898477
0 0.43392857142857144 0.06091370558375635 0.009285714285714286 0.027918781725888325
0 0.43857142857142856 0.06091370558375635 0.005714285714285714 0.025380710659898477
1 0.4760714285714286 0.19289340101522842 0.007857142857142858 0.017766497461928935
1 0.47785714285714287 0.18527918781725888 0.008571428571428572 0.017766497461928935
1 0.4760714285714286 0.10786802030456853 0.007857142857142858 0.015228426395939087
0 0.47964285714285715 0.29378172588832485 0.005 0.0266497461928934
0 0.48035714285714287 0.29251269035532995 0.010714285714285714 0.031725888324873094
0 0.6439285714285714 0.1814720812182741 0.007857142857142858 0.025380710659898477
0 0.6635714285714286 0.1732233502538071 0.007142857142857143 0.0266497461928934
3 0.7407142857142858 0.046954314720812185 0.041428571428571426 0.06598984771573604
4 0.8035714285714286 0.19035532994923857 0.05285714285714286 0.09644670050761421
4 0.9771428571428571 0.43591370558375636 0.045714285714285714 0.13578680203045684
5 0.875 0.48984771573604063 0.10142857142857142 0.20050761421319796
3 0.9407142857142857 0.4930203045685279 0.07571428571428572 0.13578680203045684
1 0.475 0.10152284263959391 0.008571428571428572 0.02030456852791878