3 0.5143528183716075 0.9642857142857143 0.06419624217118998 0.04359925788497217
3 0.5250521920668059 0.8353432282003711 0.055323590814196244 0.06029684601113173
3 0.5576722338204593 0.6924860853432282 0.049582463465553235 0.04359925788497217
9 0.9791231732776617 0.8223562152133581 0.025052192066805846 0.02504638218923933
0 0.4412839248434238 0.9262523191094619 0.007828810020876827 0.03432282003710575
0 0.4514613778705637 0.9285714285714286 0.006263048016701462 0.022263450834879406
0 0.450678496868476 0.7430426716141002 0.009916492693110648 0.029684601113172542
0 0.5913361169102297 0.7170686456400742 0.009394572025052192 0.025974025974025976
3 0.4279749478079332 0.5936920222634509 0.04384133611691023 0.03525046382189239
3 0.4470250521920668 0.461038961038961 0.0360125260960334 0.027829313543599257
3 0.4585073068893528 0.42346938775510207 0.03392484342379958 0.026901669758812616
3 0.46633611691022964 0.38636363636363635 0.03496868475991649 0.02504638218923933
3 0.6414405010438413 0.3942486085343228 0.015657620041753653 0.029684601113172542
3 0.6450939457202505 0.5547309833024119 0.018789144050104383 0.04638218923933209
3 0.636482254697286 0.7170686456400742 0.03392484342379958 0.03710575139146568
3 0.5078288100208769 0.2815398886827458 0.026096033402922755 0.02504638218923933
1 0.9958246346555324 0.2036178107606679 0.003131524008350731 0.01020408163265306
9 0.9939979123173278 0.20918367346938777 0.006784968684759917 0.012059369202226345
8 0.8092379958246346 0.06586270871985157 0.019311064718162838 0.027829313543599257
8 0.7961899791231732 0.054267161410018555 0.019311064718162838 0.02504638218923933
3 0.8335073068893528 0.23933209647495363 0.025052192066805846 0.016697588126159554
3 0.8282881002087683 0.2323747680890538 0.024008350730688934 0.015769944341372914
4 0.8128914405010439 0.20918367346938777 0.02035490605427975 0.01948051948051948
3 0.8011482254697286 0.19573283858998144 0.021920668058455117 0.014842300556586271
3 0.7974947807933194 0.1901669758812616 0.022964509394572025 0.01855287569573284
4 0.7914926931106472 0.18228200371057515 0.019311064718162838 0.017625231910946195
3 0.7927974947807933 0.17439703153988867 0.020876826722338204 0.012987012987012988
4 0.7894050104384134 0.16651205936920221 0.019311064718162838 0.015769944341372914
3 0.782098121085595 0.16280148423005567 0.019311064718162838 0.015769944341372914
3 0.7794885177453027 0.1567717996289425 0.019311064718162838 0.014842300556586271
5 0.7325156576200418 0.044990723562152134 0.01722338204592902 0.023191094619666047
3 0.7197286012526096 0.031076066790352505 0.011482254697286013 0.01020408163265306
3 0.6983298538622129 0.02922077922077922 0.012526096033402923 0.01020408163265306
3 0.7967118997912317 0.034786641929499075 0.013048016701461378 0.008348794063079777
4 0.6944154488517745 0.2588126159554731 0.02035490605427975 0.022263450834879406
3 0.7343423799582464 0.08302411873840446 0.010438413361169102 0.01020408163265306
3 0.7398225469728601 0.09090909090909091 0.012004175365344467 0.00927643784786642
6 0.7651356993736952 0.023191094619666047 0.010438413361169102 0.011131725417439703
3 0.7202505219206681 0.01437847866419295 0.005219206680584551 0.008348794063079777
3 0.715553235908142 0.00927643784786642 0.008350730688935281 0.011131725417439703
3 0.7199895615866388 0.004174397031539889 0.005741127348643006 0.008348794063079777
8 0.8272442588726514 0.030612244897959183 0.030271398747390398 0.01855287569573284
3 0.6124739039665971 0.5445269016697588 0.03496868475991649 0.03525046382189239
9 0.39509394572025053 0.8951762523191095 0.009394572025052192 0.04081632653061224
9 0.40657620041753656 0.9007421150278293 0.011482254697286013 0.03896103896103896