3 0.8110714285714286 0.9689086294416244 0.055 0.05964467005076142
3 0.8253571428571429 0.9238578680203046 0.047857142857142855 0.06345177664974619
8 0.8242857142857143 0.8610406091370558 0.07571428571428572 0.0901015228426396
3 0.9085714285714286 0.9295685279187818 0.06142857142857143 0.06979695431472081
4 0.98 0.8870558375634517 0.04 0.06091370558375635
3 0.7785714285714286 0.6434010152284264 0.04 0.06345177664974619
4 0.7857142857142857 0.18908629441624367 0.025714285714285714 0.06852791878172589
3 0.7260714285714286 0.22715736040609136 0.029285714285714286 0.06852791878172589
3 0.7478571428571429 0.14911167512690354 0.02 0.03680203045685279
3 0.8332142857142857 0.014593908629441625 0.015 0.02918781725888325
3 0.4735714285714286 0.5329949238578681 0.041428571428571426 0.048223350253807105
3 0.4828571428571429 0.5050761421319797 0.04285714285714286 0.04568527918781726
9 0.5232142857142857 0.4879441624365482 0.019285714285714285 0.0266497461928934
1 0.5221428571428571 0.48286802030456855 0.01 0.021573604060913704
3 0.515 0.44923857868020306 0.04285714285714286 0.050761421319796954
3 0.43392857142857144 0.46890862944162437 0.04071428571428572 0.04949238578680203
3 0.39785714285714285 0.4352791878172589 0.032857142857142856 0.04314720812182741
8 0.4546428571428571 0.4276649746192893 0.095 0.1218274111675127
5 0.41714285714285715 0.3635786802030457 0.06428571428571428 0.07487309644670051
8 0.33785714285714286 0.3876903553299492 0.06 0.07487309644670051
4 0.37535714285714283 0.38071065989847713 0.039285714285714285 0.0532994923857868
8 0.3107142857142857 0.31725888324873097 0.08714285714285715 0.1116751269035533
3 0.3132142857142857 0.5875634517766497 0.04071428571428572 0.050761421319796954