3 0.47941176470588237 0.7470588235294118 0.075 0.1450980392156863
3 0.4102941176470588 0.3045751633986928 0.029411764705882353 0.04183006535947712
3 0.475 0.3790849673202614 0.041176470588235294 0.054901960784313725
3 0.3915441176470588 0.3633986928104575 0.03602941176470588 0.05751633986928104
3 0.34705882352941175 0.38562091503267976 0.03529411764705882 0.06013071895424837
3 0.27058823529411763 0.169281045751634 0.020588235294117647 0.03529411764705882
4 0.1827205882352941 0.042483660130718956 0.0125 0.03529411764705882
3 0.31433823529411764 0.14313725490196078 0.019852941176470587 0.027450980392156862
3 0.26029411764705884 0.05163398692810457 0.023529411764705882 0.0196078431372549
3 0.28823529411764703 0.05555555555555555 0.013235294117647059 0.01699346405228758
3 0.26176470588235295 0.016339869281045753 0.011764705882352941 0.01699346405228758
3 0.35441176470588237 0.19150326797385622 0.027941176470588237 0.03529411764705882
3 0.3474264705882353 0.2934640522875817 0.03308823529411765 0.05359477124183006
3 0.23897058823529413 0.01241830065359477 0.011764705882352941 0.01437908496732026
0 0.24044117647058824 0.6679738562091503 0.016176470588235296 0.054901960784313725
0 0.21213235294117647 0.2647058823529412 0.009558823529411765 0.03790849673202614
2 0.20551470588235293 0.30130718954248364 0.009558823529411765 0.032679738562091505
0 0.2073529411764706 0.28431372549019607 0.008823529411764706 0.040522875816993466
0 0.21764705882352942 0.7418300653594772 0.016176470588235296 0.06928104575163399
0 0.24080882352941177 0.7490196078431373 0.015441176470588236 0.07058823529411765
0 0.010294117647058823 0.7810457516339869 0.01764705882352941 0.0718954248366013
0 0.05588235294117647 0.7071895424836602 0.023529411764705882 0.06013071895424837
9 0.054411764705882354 0.7215686274509804 0.027941176470588237 0.07320261437908497
2 0.16066176470588237 0.8169934640522876 0.025735294117647058 0.06013071895424837
2 0.08860294117647059 0.43856209150326797 0.019852941176470587 0.043137254901960784
0 0.20845588235294119 0.23529411764705882 0.008088235294117648 0.02875816993464052
0 0.3235294117647059 0.043137254901960784 0.0058823529411764705 0.018300653594771243
0 0.20220588235294118 0.2477124183006536 0.008823529411764706 0.040522875816993466
3 0.9441176470588235 0.21437908496732025 0.039705882352941174 0.036601307189542485
3 0.9202205882352941 0.20588235294117646 0.03602941176470588 0.032679738562091505
3 0.9400735294117647 0.19084967320261437 0.03897058823529412 0.03398692810457516
3 0.9169117647058823 0.17908496732026144 0.029411764705882353 0.023529411764705882
3 0.9099264705882353 0.1718954248366013 0.03161764705882353 0.022222222222222223
3 0.9040441176470588 0.19869281045751633 0.03161764705882353 0.026143790849673203
4 0.8488970588235294 0.16732026143790849 0.03308823529411765 0.03137254901960784
4 0.8345588235294118 0.16143790849673204 0.030882352941176472 0.030065359477124184
3 0.8727941176470588 0.16143790849673204 0.03235294117647059 0.030065359477124184
4 0.8503676470588235 0.1437908496732026 0.028676470588235293 0.02875816993464052
4 0.8334558823529412 0.1392156862745098 0.03455882352941177 0.032679738562091505
3 0.8180147058823529 0.15947712418300652 0.030147058823529412 0.026143790849673203
3 0.8143382352941176 0.13790849673202615 0.02426470588235294 0.022222222222222223
3 0.8007352941176471 0.14967320261437908 0.030882352941176472 0.030065359477124184
3 0.7838235294117647 0.1437908496732026 0.027941176470588237 0.02875816993464052
3 0.7724264705882353 0.13856209150326798 0.030147058823529412 0.026143790849673203
3 0.8051470588235294 0.1300653594771242 0.027941176470588237 0.0196078431372549
3 0.7926470588235294 0.12679738562091503 0.026470588235294117 0.02091503267973856
3 0.7808823529411765 0.12091503267973856 0.030882352941176472 0.02483660130718954
9 0.9268382352941177 0.13725490196078433 0.0125 0.018300653594771243
6 0.8974264705882353 0.12418300653594772 0.016911764705882352 0.023529411764705882
6 0.8838235294117647 0.1287581699346405 0.01764705882352941 0.0196078431372549
3 0.8772058823529412 0.12352941176470589 0.029411764705882353 0.022222222222222223
3 0.8529411764705882 0.10980392156862745 0.025 0.023529411764705882
3 0.8371323529411765 0.10326797385620914 0.027205882352941177 0.023529411764705882
4 0.8261029411764705 0.09477124183006536 0.025735294117647058 0.02483660130718954
3 0.8106617647058824 0.0934640522875817 0.025735294117647058 0.022222222222222223
3 0.7977941176470589 0.08954248366013072 0.025 0.022222222222222223
4 0.788235294117647 0.07973856209150326 0.026470588235294117 0.026143790849673203
3 0.7625 0.0738562091503268 0.026470588235294117 0.022222222222222223
4 0.7522058823529412 0.06928104575163399 0.025 0.023529411764705882
4 0.7216911764705882 0.06013071895424837 0.022794117647058822 0.02091503267973856
3 0.7547794117647059 0.1287581699346405 0.030147058823529412 0.02483660130718954
3 0.7665441176470589 0.1130718954248366 0.027205882352941177 0.022222222222222223
4 0.7566176470588235 0.1065359477124183 0.027941176470588237 0.02483660130718954
4 0.743014705882353 0.10130718954248366 0.02426470588235294 0.027450980392156862
4 0.7091911764705883 0.0869281045751634 0.022794117647058822 0.02483660130718954
3 0.7025735294117647 0.05359477124183006 0.022794117647058822 0.01568627450980392
3 0.6911764705882353 0.0457516339869281 0.020588235294117647 0.018300653594771243
3 0.6852941176470588 0.045098039215686274 0.023529411764705882 0.01699346405228758
3 0.6893382352941176 0.07908496732026143 0.025735294117647058 0.022222222222222223
3 0.6698529411764705 0.07254901960784314 0.022058823529411766 0.022222222222222223
3 0.65 0.06405228758169934 0.020588235294117647 0.018300653594771243
4 0.5738970588235294 0.024183006535947713 0.019852941176470587 0.0196078431372549
3 0.5871323529411765 0.04967320261437908 0.01838235294117647 0.018300653594771243
3 0.5838235294117647 0.00784313725490196 0.01911764705882353 0.01568627450980392
3 0.5988970588235294 0.01045751633986928 0.015441176470588236 0.013071895424836602
3 0.43566176470588236 0.011764705882352941 0.02426470588235294 0.01568627450980392
3 0.45294117647058824 0.013725490196078431 0.020588235294117647 0.01437908496732026
3 0.5169117647058824 0.006535947712418301 0.01764705882352941 0.013071895424836602
3 0.6330882352941176 0.05816993464052288 0.01911764705882353 0.01699346405228758
3 0.6011029411764706 0.054901960784313725 0.022794117647058822 0.018300653594771243
2 0.2797794117647059 0.8869281045751634 0.04191176470588235 0.05359477124183006
3 0.46948529411764706 0.3032679738562091 0.03897058823529412 0.047058823529411764
4 0.3845588235294118 0.47843137254901963 0.051470588235294115 0.11764705882352941
5 0.4430147058823529 0.4718954248366013 0.05955882352941176 0.09673202614379085
4 0.3665441176470588 0.11830065359477124 0.01838235294117647 0.030065359477124184
1 0.26323529411764707 0.6679738562091503 0.008823529411764706 0.02091503267973856