8 0.4566176470588235 0.25882352941176473 0.016176470588235296 0.036601307189542485
8 0.475 0.2222222222222222 0.016176470588235296 0.026143790849673203
3 0.48308823529411765 0.25882352941176473 0.008823529411764706 0.01568627450980392
0 0.48933823529411763 0.24444444444444444 0.003676470588235294 0.01568627450980392
3 0.4922794117647059 0.2522875816993464 0.006617647058823529 0.013071895424836602
8 0.5040441176470588 0.27058823529411763 0.015441176470588236 0.04183006535947712
8 0.5018382352941176 0.25620915032679736 0.015441176470588236 0.03398692810457516
3 0.5011029411764706 0.28888888888888886 0.019852941176470587 0.023529411764705882
3 0.4963235294117647 0.2973856209150327 0.010294117647058823 0.01699346405228758
0 0.5360294117647059 0.3065359477124183 0.0029411764705882353 0.022222222222222223
0 0.5378676470588235 0.3130718954248366 0.003676470588235294 0.022222222222222223
0 0.5301470588235294 0.29477124183006537 0.0029411764705882353 0.0196078431372549
0 0.5507352941176471 0.31699346405228757 0.004411764705882353 0.02483660130718954
3 0.5393382352941176 0.32941176470588235 0.01838235294117647 0.026143790849673203
3 0.47757352941176473 0.36470588235294116 0.01838235294117647 0.02875816993464052
0 0.45625 0.3803921568627451 0.011029411764705883 0.047058823529411764
0 0.40661764705882353 0.3810457516339869 0.013235294117647059 0.05359477124183006
3 0.5338235294117647 0.3686274509803922 0.026470588235294117 0.036601307189542485
0 0.5573529411764706 0.37450980392156863 0.004411764705882353 0.030065359477124184
3 0.5580882352941177 0.36666666666666664 0.01764705882352941 0.032679738562091505
0 0.5658088235294118 0.3568627450980392 0.006617647058823529 0.026143790849673203
0 0.5621323529411765 0.35228758169934643 0.003676470588235294 0.027450980392156862
0 0.5665441176470588 0.4019607843137255 0.0125 0.0457516339869281
0 0.5944852941176471 0.3888888888888889 0.009558823529411765 0.050980392156862744
0 0.5941176470588235 0.38496732026143793 0.010294117647058823 0.0457516339869281
8 0.5327205882352941 0.5588235294117647 0.0713235294117647 0.1843137254901961
0 0.6702205882352941 0.3235294117647059 0.005147058823529412 0.022222222222222223
0 0.6878676470588235 0.32222222222222224 0.005147058823529412 0.022222222222222223
0 0.7051470588235295 0.35751633986928105 0.0029411764705882353 0.02483660130718954
0 0.7102941176470589 0.36013071895424836 0.004411764705882353 0.02483660130718954
0 0.6875 0.3738562091503268 0.0058823529411764705 0.03137254901960784
0 0.6926470588235294 0.3980392156862745 0.0058823529411764705 0.030065359477124184
0 0.6985294117647058 0.4150326797385621 0.0058823529411764705 0.03790849673202614
0 0.7036764705882353 0.37777777777777777 0.0058823529411764705 0.026143790849673203
0 0.694485294117647 0.3111111111111111 0.0022058823529411764 0.023529411764705882
0 0.6985294117647058 0.3111111111111111 0.004411764705882353 0.02091503267973856
0 0.6966911764705882 0.338562091503268 0.005147058823529412 0.023529411764705882
0 0.6966911764705882 0.33464052287581697 0.005147058823529412 0.023529411764705882
0 0.8007352941176471 0.37712418300653594 0.010294117647058823 0.05620915032679739
0 0.7908088235294117 0.39281045751633986 0.009558823529411765 0.040522875816993466
0 0.7470588235294118 0.3908496732026144 0.010294117647058823 0.054901960784313725
0 0.7555147058823529 0.39281045751633986 0.008088235294117648 0.05359477124183006
0 0.7551470588235294 0.3738562091503268 0.007352941176470588 0.04967320261437908
0 0.7470588235294118 0.37254901960784315 0.008823529411764706 0.047058823529411764
0 0.7261029411764706 0.6490196078431373 0.015441176470588236 0.05359477124183006
0 0.705514705882353 0.6320261437908496 0.0125 0.058823529411764705
0 0.6878676470588235 0.5496732026143791 0.0125 0.0457516339869281
0 0.6908088235294118 0.5209150326797386 0.011029411764705883 0.0457516339869281
0 0.6727941176470589 0.538562091503268 0.007352941176470588 0.044444444444444446
0 0.6529411764705882 0.5241830065359477 0.007352941176470588 0.044444444444444446
0 0.6503676470588236 0.5163398692810458 0.005147058823529412 0.044444444444444446
0 0.6441176470588236 0.5130718954248366 0.007352941176470588 0.043137254901960784
0 0.6746323529411765 0.5091503267973856 0.009558823529411765 0.0457516339869281
0 0.663235294117647 0.5137254901960784 0.007352941176470588 0.044444444444444446
0 0.6569852941176471 0.5124183006535947 0.006617647058823529 0.04183006535947712
2 0.7047794117647059 0.5862745098039216 0.028676470588235293 0.027450980392156862
2 0.7025735294117647 0.5738562091503268 0.015441176470588236 0.03398692810457516
2 0.7886029411764706 0.7019607843137254 0.016911764705882352 0.06013071895424837
2 0.8544117647058823 0.7254901960784313 0.03823529411764706 0.044444444444444446
2 0.8308823529411765 0.7111111111111111 0.039705882352941174 0.04967320261437908
3 0.4113970588235294 0.2784313725490196 0.0125 0.02091503267973856
3 0.40698529411764706 0.28431372549019607 0.0125 0.01437908496732026
3 0.40808823529411764 0.2934640522875817 0.011764705882352941 0.01699346405228758
3 0.4051470588235294 0.3026143790849673 0.014705882352941176 0.01699346405228758
3 0.40955882352941175 0.3137254901960784 0.014705882352941176 0.02091503267973856
3 0.40588235294117647 0.32287581699346407 0.013235294117647059 0.02091503267973856
4 0.3966911764705882 0.3281045751633987 0.015441176470588236 0.03398692810457516
3 0.3926470588235294 0.34509803921568627 0.01764705882352941 0.023529411764705882
3 0.3889705882352941 0.3581699346405229 0.01911764705882353 0.023529411764705882
3 0.3849264705882353 0.3686274509803922 0.01838235294117647 0.026143790849673203
3 0.3926470588235294 0.269281045751634 0.011764705882352941 0.01568627450980392
3 0.39191176470588235 0.2784313725490196 0.011764705882352941 0.01568627450980392
3 0.38786764705882354 0.29150326797385623 0.0125 0.02091503267973856
3 0.38419117647058826 0.2980392156862745 0.015441176470588236 0.023529411764705882
3 0.3849264705882353 0.30980392156862746 0.013970588235294118 0.018300653594771243
3 0.38382352941176473 0.3209150326797386 0.016176470588235296 0.02483660130718954
3 0.36911764705882355 0.30718954248366015 0.014705882352941176 0.02091503267973856
3 0.3650735294117647 0.3183006535947712 0.015441176470588236 0.022222222222222223
3 0.37022058823529413 0.3300653594771242 0.016911764705882352 0.027450980392156862
3 0.3665441176470588 0.34183006535947713 0.01838235294117647 0.02483660130718954
3 0.35257352941176473 0.296078431372549 0.0125 0.022222222222222223
3 0.3474264705882353 0.307843137254902 0.015441176470588236 0.027450980392156862
3 0.34191176470588236 0.33202614379084966 0.016176470588235296 0.02875816993464052
3 0.35919117647058824 0.365359477124183 0.021323529411764706 0.030065359477124184
8 0.32683823529411765 0.32941176470588235 0.0375 0.08104575163398693
0 0.31286764705882353 0.3803921568627451 0.009558823529411765 0.047058823529411764
0 0.3099264705882353 0.3738562091503268 0.008088235294117648 0.047058823529411764
3 0.35294117647058826 0.503921568627451 0.033823529411764704 0.06143790849673202
3 0.30514705882352944 0.5078431372549019 0.041176470588235294 0.05620915032679739
3 0.33492647058823527 0.5496732026143791 0.03455882352941177 0.06143790849673202
3 0.3165441176470588 0.6084967320261437 0.04485294117647059 0.07450980392156863
3 0.2716911764705882 0.5771241830065359 0.04191176470588235 0.06928104575163399
3 0.30367647058823527 0.6908496732026144 0.052941176470588235 0.10065359477124183
3 0.27426470588235297 0.7901960784313725 0.0661764705882353 0.12679738562091503
3 0.2400735294117647 0.64640522875817 0.05808823529411765 0.10065359477124183
3 0.17279411764705882 0.6705882352941176 0.0661764705882353 0.09673202614379085
3 0.11139705882352942 0.7777777777777778 0.0875 0.13071895424836602
3 0.1400735294117647 0.8947712418300654 0.09926470588235294 0.1607843137254902
3 0.2301470588235294 0.9274509803921569 0.08970588235294118 0.1450980392156863
3 0.34044117647058825 0.9450980392156862 0.075 0.10980392156862745
8 0.040808823529411765 0.8751633986928105 0.08161764705882353 0.2496732026143791
0 0.24080882352941177 0.3156862745098039 0.005147058823529412 0.022222222222222223
0 0.23455882352941176 0.33202614379084966 0.004411764705882353 0.023529411764705882
0 0.22977941176470587 0.33202614379084966 0.005147058823529412 0.023529411764705882
0 0.20919117647058824 0.30392156862745096 0.006617647058823529 0.022222222222222223
0 0.20551470588235293 0.3032679738562091 0.005147058823529412 0.02091503267973856
0 0.16875 0.3359477124183007 0.008088235294117648 0.026143790849673203
0 0.15808823529411764 0.3326797385620915 0.0058823529411764705 0.027450980392156862
0 0.24705882352941178 0.37777777777777777 0.011764705882352941 0.06274509803921569
0 0.24338235294117647 0.3712418300653595 0.010294117647058823 0.06013071895424837
0 0.22720588235294117 0.3758169934640523 0.011764705882352941 0.06143790849673202
0 0.20220588235294118 0.3803921568627451 0.011764705882352941 0.05228758169934641
0 0.19154411764705884 0.38300653594771245 0.011029411764705883 0.05228758169934641
0 0.1625 0.39738562091503266 0.008823529411764706 0.06013071895424837
1 0.14926470588235294 0.33790849673202616 0.0058823529411764705 0.022222222222222223
0 0.14963235294117647 0.3326797385620915 0.005147058823529412 0.030065359477124184
0 0.14080882352941176 0.39019607843137255 0.015441176470588236 0.06405228758169934
0 0.1275735294117647 0.3862745098039216 0.011029411764705883 0.050980392156862744
0 0.11985294117647059 0.3562091503267974 0.011764705882352941 0.048366013071895426
0 0.1150735294117647 0.3915032679738562 0.0125 0.050980392156862744
0 0.11139705882352942 0.3862745098039216 0.008088235294117648 0.05359477124183006
0 0.09889705882352941 0.3954248366013072 0.0125 0.06928104575163399
0 0.09191176470588236 0.3980392156862745 0.016176470588235296 0.06928104575163399
0 0.016911764705882352 0.4130718954248366 0.010294117647058823 0.06535947712418301
0 0.01213235294117647 0.5686274509803921 0.0125 0.04967320261437908
0 0.004044117647058824 0.5758169934640522 0.008088235294117648 0.050980392156862744
0 0.026470588235294117 0.5712418300653594 0.010294117647058823 0.04967320261437908
0 0.10845588235294118 0.49084967320261436 0.009558823529411765 0.0457516339869281
0 0.08970588235294118 0.4764705882352941 0.007352941176470588 0.0457516339869281
0 0.08161764705882353 0.47320261437908495 0.010294117647058823 0.04967320261437908
0 0.19522058823529412 0.503921568627451 0.008088235294117648 0.048366013071895426
0 0.20183823529411765 0.5045751633986928 0.008088235294117648 0.04967320261437908
0 0.2088235294117647 0.4928104575163399 0.007352941176470588 0.044444444444444446
0 0.2349264705882353 0.47581699346405226 0.009558823529411765 0.044444444444444446
0 0.2261029411764706 0.4738562091503268 0.008088235294117648 0.050980392156862744
0 0.21764705882352942 0.4627450980392157 0.0058823529411764705 0.04183006535947712
0 0.20330882352941176 0.4915032679738562 0.006617647058823529 0.04183006535947712
8 0.2691176470588235 0.43071895424836604 0.057352941176470586 0.12679738562091503