2 0.14816176470588235 0.9261437908496732 0.09044117647058823 0.09803921568627451
1 0.13602941176470587 0.8986928104575164 0.047058823529411764 0.09542483660130718
3 0.21433823529411763 0.4130718954248366 0.05955882352941176 0.11241830065359477
9 0.5981617647058823 0.7601307189542483 0.04338235294117647 0.09281045751633987
9 0.7246323529411764 0.7738562091503268 0.028676470588235293 0.12026143790849673
9 0.7113970588235294 0.6477124183006536 0.025735294117647058 0.09542483660130718
9 0.6595588235294118 0.538562091503268 0.022058823529411766 0.0915032679738562
9 0.6669117647058823 0.40980392156862744 0.01911764705882353 0.06666666666666667
1 0.6088235294117647 0.7699346405228759 0.025 0.054901960784313725
1 0.5977941176470588 0.742483660130719 0.027941176470588237 0.0784313725490196
1 0.7227941176470588 0.7627450980392156 0.03529411764705882 0.11372549019607843
1 0.7246323529411764 0.7150326797385621 0.025735294117647058 0.06797385620915032
1 0.7113970588235294 0.6196078431372549 0.02426470588235294 0.08104575163398693
1 0.6580882352941176 0.5274509803921569 0.025 0.08496732026143791
1 0.6665441176470588 0.3895424836601307 0.019852941176470587 0.06535947712418301
3 0.8143382352941176 0.8745098039215686 0.09632352941176471 0.25098039215686274
4 0.7121323529411765 0.43529411764705883 0.05367647058823529 0.1411764705882353
4 0.7922794117647058 0.4954248366013072 0.06397058823529411 0.16732026143790849
3 0.7125 0.29934640522875816 0.04264705882352941 0.08366013071895424
3 0.7797794117647059 0.3241830065359477 0.04632352941176471 0.09934640522875816
3 0.7095588235294118 0.20065359477124184 0.03676470588235294 0.06666666666666667
3 0.7735294117647059 0.21437908496732025 0.04411764705882353 0.07581699346405228
3 0.7716911764705883 0.15098039215686274 0.0375 0.06405228758169934
4 0.7643382352941176 0.08627450980392157 0.028676470588235293 0.05751633986928104
4 0.7544117647058823 0.05228758169934641 0.025 0.044444444444444446
0 0.700735294117647 0.07450980392156863 0.013235294117647059 0.054901960784313725
0 0.6349264705882353 0.25098039215686274 0.0125 0.06797385620915032
9 0.9400735294117647 0.3235294117647059 0.015441176470588236 0.05359477124183006
1 0.9411764705882353 0.3065359477124183 0.01911764705882353 0.050980392156862744
3 0.9753676470588235 0.17973856209150327 0.04926470588235294 0.050980392156862744
3 0.9591911764705883 0.16470588235294117 0.06985294117647059 0.05228758169934641
3 0.9422794117647059 0.12810457516339868 0.06985294117647059 0.047058823529411764
3 0.9257352941176471 0.05751633986928104 0.060294117647058824 0.036601307189542485
3 0.9033088235294118 0.04183006535947712 0.04926470588235294 0.03137254901960784
3 0.9246323529411765 0.03202614379084967 0.06985294117647059 0.032679738562091505