3 0.13177083333333334 0.7537037037037037 0.08645833333333333 0.07777777777777778
3 0.2328125 0.7 0.06354166666666666 0.08148148148148149
3 0.1421875 0.8833333333333333 0.08645833333333333 0.0962962962962963
3 0.12604166666666666 0.950925925925926 0.09791666666666667 0.09814814814814815
3 0.1515625 0.9814814814814815 0.08020833333333334 0.037037037037037035
3 0.2791666666666667 0.8462962962962963 0.06041666666666667 0.1037037037037037
3 0.33177083333333335 0.9694444444444444 0.09270833333333334 0.06111111111111111
3 0.7651041666666667 0.46111111111111114 0.057291666666666664 0.04814814814814815
3 0.7317708333333334 0.48518518518518516 0.05520833333333333 0.05925925925925926
3 0.7130208333333333 0.5046296296296297 0.046875 0.046296296296296294
3 0.6994791666666667 0.5222222222222223 0.053125 0.04814814814814815
3 0.6755208333333333 0.4287037037037037 0.036458333333333336 0.03888888888888889
4 0.7817708333333333 0.30833333333333335 0.034375 0.046296296296296294
7 0.39375 0.5851851851851851 0.022916666666666665 0.06666666666666667
9 0.3307291666666667 0.7287037037037037 0.015625 0.05
9 0.30885416666666665 0.7379629629629629 0.019791666666666666 0.053703703703703705
9 0.3203125 0.7268518518518519 0.017708333333333333 0.046296296296296294
9 0.33958333333333335 0.7157407407407408 0.014583333333333334 0.05
9 0.3489583333333333 0.7129629629629629 0.0125 0.04814814814814815
9 0.36041666666666666 0.7083333333333334 0.014583333333333334 0.046296296296296294
9 0.37395833333333334 0.7 0.014583333333333334 0.04814814814814815
9 0.38125 0.6972222222222222 0.016666666666666666 0.04259259259259259
9 0.390625 0.6916666666666667 0.01875 0.046296296296296294
9 0.4010416666666667 0.6814814814814815 0.014583333333333334 0.044444444444444446
9 0.41302083333333334 0.6722222222222223 0.015625 0.044444444444444446
9 0.4192708333333333 0.6666666666666666 0.015625 0.05185185185185185
9 0.4317708333333333 0.6611111111111111 0.017708333333333333 0.040740740740740744
9 0.465625 0.6333333333333333 0.016666666666666666 0.04814814814814815
9 0.45364583333333336 0.6407407407407407 0.019791666666666666 0.040740740740740744
9 0.496875 0.6064814814814815 0.022916666666666665 0.05
9 0.5104166666666666 0.600925925925926 0.014583333333333334 0.04259259259259259
9 0.5197916666666667 0.5972222222222222 0.016666666666666666 0.03888888888888889
9 0.5322916666666667 0.5888888888888889 0.020833333333333332 0.037037037037037035
9 0.5427083333333333 0.5796296296296296 0.01875 0.040740740740740744
9 0.5630208333333333 0.5657407407407408 0.021875 0.03518518518518519
9 0.5786458333333333 0.5592592592592592 0.019791666666666666 0.03333333333333333
9 0.59375 0.549074074074074 0.022916666666666665 0.03148148148148148
9 0.6020833333333333 0.5351851851851852 0.014583333333333334 0.040740740740740744
9 0.6161458333333333 0.5268518518518519 0.017708333333333333 0.03888888888888889
9 0.6317708333333333 0.5185185185185185 0.013541666666666667 0.037037037037037035
2 0.6479166666666667 0.5074074074074074 0.01875 0.025925925925925925
7 0.7588541666666667 0.3537037037037037 0.021875 0.040740740740740744
0 0.1828125 0.75 0.015625 0.044444444444444446
0 0.044270833333333336 0.7768518518518519 0.017708333333333333 0.05
0 0.005208333333333333 0.34074074074074073 0.010416666666666666 0.02962962962962963
0 0.04375 0.3138888888888889 0.010416666666666666 0.027777777777777776
0 0.052083333333333336 0.31296296296296294 0.010416666666666666 0.022222222222222223
6 0.7317708333333334 0.41574074074074074 0.017708333333333333 0.03518518518518519
1 0.7348958333333333 0.4111111111111111 0.007291666666666667 0.022222222222222223
0 0.85625 0.4740740740740741 0.008333333333333333 0.037037037037037035
0 0.8604166666666667 0.48333333333333334 0.010416666666666666 0.02962962962962963
0 0.03333333333333333 0.587037037037037 0.0125 0.037037037037037035
0 0.0265625 0.6370370370370371 0.013541666666666667 0.037037037037037035
0 0.019791666666666666 0.6601851851851852 0.0125 0.03518518518518519
1 0.03229166666666667 0.725 0.01875 0.03518518518518519
2 0.03333333333333333 0.7379629629629629 0.0125 0.03518518518518519
9 0.084375 0.7037037037037037 0.014583333333333334 0.04814814814814815
9 0.09479166666666666 0.6981481481481482 0.014583333333333334 0.044444444444444446
9 0.10885416666666667 0.6907407407407408 0.015625 0.044444444444444446
9 0.11979166666666667 0.6814814814814815 0.014583333333333334 0.04814814814814815
0 0.04635416666666667 0.6842592592592592 0.015625 0.04259259259259259
0 0.24791666666666667 0.7935185185185185 0.010416666666666666 0.046296296296296294
1 0.24427083333333333 0.7861111111111111 0.007291666666666667 0.024074074074074074
0 0.21354166666666666 0.5296296296296297 0.0125 0.03333333333333333
0 0.2125 0.5138888888888888 0.008333333333333333 0.027777777777777776
9 0.025520833333333333 0.38425925925925924 0.021875 0.027777777777777776
1 0.7614583333333333 0.4148148148148148 0.00625 0.02962962962962963
9 0.7619791666666667 0.42314814814814816 0.019791666666666666 0.020370370370370372
0 0.6713541666666667 0.4777777777777778 0.009375 0.037037037037037035
0 0.6635416666666667 0.4842592592592593 0.008333333333333333 0.027777777777777776
0 0.8338541666666667 0.30925925925925923 0.007291666666666667 0.03333333333333333
0 0.8421875 0.31296296296296294 0.007291666666666667 0.03333333333333333
0 0.9026041666666667 0.35 0.009375 0.025925925925925925
1 0.9104166666666667 0.35462962962962963 0.00625 0.020370370370370372
1 0.9052083333333333 0.36018518518518516 0.00625 0.016666666666666666
0 0.8770833333333333 0.30462962962962964 0.010416666666666666 0.027777777777777776
0 0.9302083333333333 0.3 0.008333333333333333 0.02962962962962963
9 0.8619791666666666 0.3074074074074074 0.015625 0.025925925925925925
1 0.8635416666666667 0.3111111111111111 0.00625 0.018518518518518517
7 0.8109375 0.3277777777777778 0.015625 0.044444444444444446
0 0.7817708333333333 0.33055555555555555 0.007291666666666667 0.027777777777777776
0 0.9161458333333333 0.32314814814814813 0.007291666666666667 0.027777777777777776
9 0.915625 0.3277777777777778 0.0125 0.022222222222222223
1 0.9666666666666667 0.34074074074074073 0.008333333333333333 0.022222222222222223
0 0.984375 0.3712962962962963 0.008333333333333333 0.03148148148148148