8 0.5539285714285714 0.8267766497461929 0.13071428571428573 0.10279187817258884
8 0.4789285714285714 0.3895939086294416 0.039285714285714285 0.20812182741116753
8 0.4253571428571429 0.34073604060913704 0.04357142857142857 0.20939086294416243
8 0.5375 0.2918781725888325 0.03357142857142857 0.21065989847715735
8 0.5817857142857142 0.2906091370558376 0.03357142857142857 0.21065989847715735
8 0.6310714285714286 0.28045685279187815 0.03357142857142857 0.21065989847715735
8 0.6789285714285714 0.2887055837563452 0.04214285714285714 0.20939086294416243
8 0.7278571428571429 0.29314720812182743 0.04285714285714286 0.20812182741116753
8 0.3703571428571429 0.30647208121827413 0.039285714285714285 0.217005076142132
5 0.27214285714285713 0.491751269035533 0.037142857142857144 0.217005076142132
5 0.27714285714285714 0.2779187817258883 0.037142857142857144 0.21573604060913706
5 0.32285714285714284 0.32614213197969544 0.037142857142857144 0.21573604060913706
5 0.05178571428571429 0.958756345177665 0.10357142857142858 0.06979695431472081
5 0.4860714285714286 0.751269035532995 0.11928571428571429 0.06852791878172589
5 0.6371428571428571 0.7360406091370558 0.16 0.06852791878172589
5 0.5767857142857142 0.6110406091370558 0.12214285714285714 0.06472081218274112
5 0.5557142857142857 0.5272842639593909 0.12 0.06218274111675127
5 0.7110714285714286 0.5171319796954315 0.18071428571428572 0.05964467005076142
5 0.7525 0.6567258883248731 0.12214285714285714 0.06472081218274112
5 0.7439285714285714 0.5856598984771574 0.12214285714285714 0.06472081218274112
5 0.7496428571428572 0.45114213197969544 0.12214285714285714 0.06472081218274112
5 0.7782142857142857 0.30774111675126903 0.045 0.20939086294416243
5 0.5635714285714286 0.4473350253807107 0.12 0.06218274111675127