3 0.7606993736951984 0.8775510204081632 0.042275574112734866 0.10018552875695733
3 0.9021398747390397 0.9243970315398887 0.0767223382045929 0.06029684601113173
3 0.8812630480167014 0.8622448979591837 0.06837160751565761 0.05844155844155844
3 0.8616910229645094 0.8089053803339518 0.059498956158663886 0.05380333951762523
3 0.8499478079331941 0.7578849721706865 0.05271398747390397 0.04638218923933209
5 0.4240605427974948 0.6168831168831169 0.050626304801670144 0.2597402597402597
3 0.6062108559498957 0.5700371057513914 0.05688935281837161 0.05102040816326531
3 0.6004697286012526 0.5236549165120594 0.048538622129436326 0.05102040816326531
3 0.6004697286012526 0.4800556586270872 0.04540709812108559 0.039888682745825604
3 0.5548016701461378 0.3807977736549165 0.032359081419624215 0.039888682745825604
3 0.5206158663883089 0.3358070500927644 0.016179540709812108 0.03896103896103896
3 0.44545929018789143 0.3474025974025974 0.01826722338204593 0.04359925788497217
5 0.44154488517745305 0.40862708719851576 0.028183716075156576 0.07884972170686456
3 0.2677453027139875 0.2982374768089054 0.026096033402922755 0.039888682745825604
4 0.5631524008350731 0.32838589981447125 0.03549060542797495 0.05194805194805195
4 0.5975991649269311 0.3293135435992579 0.028183716075156576 0.029684601113172542
4 0.5915970772442589 0.3116883116883117 0.02870563674321503 0.029684601113172542
3 0.5589770354906054 0.3042671614100185 0.031315240083507306 0.029684601113172542
0 0.600991649269311 0.2792207792207792 0.006784968684759917 0.022263450834879406
7 0.5819415448851775 0.2690166975881262 0.022964509394572025 0.025974025974025976
4 0.5803757828810021 0.23608534322820038 0.03653444676409186 0.039888682745825604
4 0.5688935281837161 0.15306122448979592 0.025052192066805846 0.02411873840445269
3 0.4585073068893528 0.24257884972170687 0.015135699373695199 0.032467532467532464
7 0.4592901878914405 0.21428571428571427 0.012526096033402923 0.027829313543599257
3 0.46424843423799583 0.1679035250463822 0.013048016701461378 0.025974025974025976
3 0.4668580375782881 0.1391465677179963 0.010960334029227558 0.03339517625231911
3 0.46998956158663885 0.1062152133580705 0.012004175365344467 0.023191094619666047
3 0.56758872651357 0.10250463821892393 0.012004175365344467 0.023191094619666047
5 0.5657620041753654 0.14007421150278293 0.028183716075156576 0.01855287569573284
5 0.5602818371607515 0.13218923933209648 0.042275574112734866 0.0287569573283859
5 0.5271398747390397 0.07653061224489796 0.031315240083507306 0.08070500927643785
7 0.5208768267223383 0.046846011131725415 0.010438413361169102 0.023191094619666047
0 0.5307933194154488 0.006957328385899814 0.003131524008350731 0.013914656771799629
1 0.5245302713987474 0.006957328385899814 0.0041753653444676405 0.01020408163265306
3 0.48068893528183715 0.008348794063079777 0.009394572025052192 0.016697588126159554
5 0.5182672233820459 0.021799628942486084 0.014613778705636743 0.04359925788497217
6 0.49373695198329853 0.4689239332096475 0.011482254697286013 0.030612244897959183
1 0.49399791231732776 0.4619666048237477 0.007828810020876827 0.02411873840445269