4 0.6235294117647059 0.3542483660130719 0.060294117647058824 0.06535947712418301
3 0.23198529411764707 0.4843137254901961 0.08602941176470588 0.09803921568627451
9 0.45 0.47908496732026146 0.022058823529411766 0.0457516339869281
3 0.44227941176470587 0.41633986928104577 0.06544117647058824 0.08758169934640522
3 0.3316176470588235 0.45816993464052286 0.09117647058823529 0.08496732026143791
3 0.15735294117647058 0.5189542483660131 0.054411764705882354 0.12026143790849673
3 0.07573529411764705 0.561437908496732 0.08529411764705883 0.13725490196078433
7 0.20551470588235293 0.34901960784313724 0.05220588235294118 0.06535947712418301
1 0.1988970588235294 0.3503267973856209 0.013970588235294118 0.0392156862745098
6 0.04522058823529412 0.33725490196078434 0.05367647058823529 0.047058823529411764
3 0.3588235294117647 0.3065359477124183 0.075 0.0718954248366013
3 0.29558823529411765 0.2679738562091503 0.07205882352941176 0.06274509803921569
4 0.36470588235294116 0.24705882352941178 0.03235294117647059 0.06274509803921569
3 0.16176470588235295 0.31241830065359477 0.0838235294117647 0.06013071895424837
9 0.14522058823529413 0.2633986928104575 0.025735294117647058 0.030065359477124184
3 0.18566176470588236 0.2679738562091503 0.04779411764705882 0.05751633986928104
3 0.09632352941176471 0.2928104575163399 0.04852941176470588 0.07581699346405228
4 0.3095588235294118 0.1934640522875817 0.05588235294117647 0.047058823529411764
3 0.22463235294117648 0.2529411764705882 0.028676470588235293 0.050980392156862744
3 0.5283088235294118 0.2 0.06102941176470588 0.04183006535947712
4 0.6125 0.16209150326797386 0.06470588235294118 0.06535947712418301
3 0.5669117647058823 0.13398692810457516 0.03529411764705882 0.03790849673202614
0 0.36066176470588235 0.14640522875816994 0.006617647058823529 0.02875816993464052
9 0.3720588235294118 0.17320261437908496 0.01911764705882353 0.022222222222222223
9 0.3625 0.169281045751634 0.014705882352941176 0.022222222222222223
3 0.23272058823529412 0.21568627450980393 0.06838235294117648 0.047058823529411764