4 0.6382142857142857 0.7614213197969543 0.03357142857142857 0.11928934010152284
4 0.5607142857142857 0.29758883248730966 0.02 0.05456852791878172
5 0.6089285714285714 0.4860406091370558 0.039285714285714285 0.116751269035533
5 0.6182142857142857 0.618020304568528 0.030714285714285715 0.1319796954314721
0 0.6203571428571428 0.3464467005076142 0.0064285714285714285 0.030456852791878174
0 0.6264285714285714 0.3470812182741117 0.005714285714285714 0.024111675126903553
0 0.6021428571428571 0.18464467005076143 0.005714285714285714 0.01903553299492386
0 0.3407142857142857 0.3610406091370558 0.007142857142857143 0.031725888324873094
0 0.35642857142857143 0.28109137055837563 0.004285714285714286 0.024111675126903553
0 0.3703571428571429 0.23096446700507614 0.0064285714285714285 0.02030456852791878
0 0.37785714285714284 0.2315989847715736 0.007142857142857143 0.0266497461928934
0 0.36357142857142855 0.14213197969543148 0.005714285714285714 0.02030456852791878
0 0.3992857142857143 0.06979695431472081 0.004285714285714286 0.02030456852791878
0 0.40214285714285714 0.06091370558375635 0.004285714285714286 0.015228426395939087
0 0.3757142857142857 0.0399746192893401 0.004285714285714286 0.01649746192893401
0 0.24357142857142858 0.6275380710659898 0.011428571428571429 0.03934010152284264
0 0.22214285714285714 0.8147208121827412 0.011428571428571429 0.04060913705583756
0 0.20535714285714285 0.8052030456852792 0.010714285714285714 0.044416243654822336
0 0.19285714285714287 0.8134517766497462 0.011428571428571429 0.03807106598984772
0 0.21535714285714286 0.8115482233502538 0.009285714285714286 0.03680203045685279
0 0.0925 0.3236040609137056 0.0064285714285714285 0.02030456852791878
0 0.13428571428571429 0.31725888324873097 0.008571428571428572 0.03299492385786802
0 0.14785714285714285 0.28109137055837563 0.004285714285714286 0.0266497461928934
0 0.3575 0.27982233502538073 0.0064285714285714285 0.011421319796954314
0 0.1775 0.24428934010152284 0.007857142857142858 0.01649746192893401
0 0.3807142857142857 0.01967005076142132 0.005714285714285714 0.013959390862944163
0 0.023214285714285715 0.25380710659898476 0.009285714285714286 0.02284263959390863
1 0.004285714285714286 0.25 0.008571428571428572 0.02284263959390863
1 0.019642857142857142 0.24619289340101522 0.007857142857142858 0.012690355329949238