3 0.28964285714285715 0.4739847715736041 0.07357142857142857 0.05456852791878172
8 0.24607142857142858 0.3889593908629442 0.18642857142857142 0.13324873096446702
3 0.4521428571428571 0.45621827411167515 0.06571428571428571 0.05456852791878172
8 0.43357142857142855 0.3883248730964467 0.09 0.08121827411167512
3 0.44 0.3470812182741117 0.06428571428571428 0.03680203045685279
0 0.5696428571428571 0.4860406091370558 0.009285714285714286 0.03553299492385787
0 0.5325 0.2906091370558376 0.007857142857142858 0.03299492385786802
0 0.5617857142857143 0.2100253807106599 0.010714285714285714 0.03426395939086294
0 0.5678571428571428 0.14974619289340102 0.01 0.030456852791878174
0 0.5771428571428572 0.1618020304568528 0.008571428571428572 0.031725888324873094
0 0.5946428571428571 0.13959390862944163 0.007857142857142858 0.030456852791878174
0 0.5917857142857142 0.1281725888324873 0.009285714285714286 0.027918781725888325
0 0.7671428571428571 0.15926395939086294 0.008571428571428572 0.03680203045685279
0 0.7582142857142857 0.141497461928934 0.009285714285714286 0.03680203045685279
0 0.78 0.14974619289340102 0.008571428571428572 0.03299492385786802
0 0.7867857142857143 0.10532994923857868 0.012142857142857143 0.04060913705583756
0 0.8046428571428571 0.01903553299492386 0.010714285714285714 0.030456852791878174
3 0.8153571428571429 0.559010152284264 0.045 0.10786802030456853
0 0.5871428571428572 0.809010152284264 0.011428571428571429 0.03426395939086294
0 0.5557142857142857 0.7506345177664975 0.012857142857142857 0.03934010152284264