3 0.31892857142857145 0.9213197969543148 0.023571428571428573 0.0532994923857868
3 0.3392857142857143 0.8559644670050761 0.024285714285714285 0.05710659898477157
3 0.32571428571428573 0.8267766497461929 0.022857142857142857 0.05203045685279188
3 0.3610714285714286 0.7842639593908629 0.025 0.05583756345177665
3 0.42178571428571426 0.7677664974619289 0.017857142857142856 0.0532994923857868
3 0.3782142857142857 0.7214467005076142 0.020714285714285713 0.04949238578680203
3 0.4328571428571429 0.7093908629441624 0.017142857142857144 0.050761421319796954
3 0.39285714285714285 0.5989847715736041 0.018571428571428572 0.04568527918781726
3 0.45035714285714284 0.5958121827411168 0.016428571428571428 0.046954314720812185
3 0.455 0.5406091370558376 0.012857142857142857 0.04060913705583756
8 0.4114285714285714 0.5050761421319797 0.02 0.048223350253807105
3 0.46464285714285714 0.5057106598984772 0.020714285714285713 0.046954314720812185
3 0.4760714285714286 0.30583756345177665 0.013571428571428571 0.04314720812182741
3 0.44535714285714284 0.24873096446700507 0.015 0.03807106598984772
3 0.2671428571428571 0.05012690355329949 0.02 0.01903553299492386
3 0.24 0.04251269035532995 0.02142857142857143 0.021573604060913704
3 0.2025 0.03236040609137056 0.019285714285714285 0.01903553299492386
3 0.1775 0.024111675126903553 0.023571428571428573 0.02284263959390863
3 0.11892857142857143 0.00951776649746193 0.025 0.01903553299492386
3 0.09107142857142857 0.005076142131979695 0.023571428571428573 0.01015228426395939
3 0.06642857142857143 0.7709390862944162 0.022857142857142857 0.04187817258883249
3 0.017142857142857144 0.8711928934010152 0.024285714285714285 0.044416243654822336
3 0.08321428571428571 0.7303299492385786 0.023571428571428573 0.044416243654822336