3 0.3525 0.28553299492385786 0.039285714285714285 0.03553299492385787
3 0.3942857142857143 0.5653553299492385 0.03 0.07741116751269035
3 0.4064285714285714 0.6681472081218274 0.03 0.08756345177664974
3 0.4232142857142857 0.8185279187817259 0.03785714285714286 0.11928934010152284
3 0.4432142857142857 0.6053299492385786 0.029285714285714286 0.08121827411167512
3 0.5257142857142857 0.2563451776649746 0.047142857142857146 0.03553299492385787
4 0.43642857142857144 0.06408629441624365 0.02 0.04949238578680203
0 0.16178571428571428 0.9016497461928934 0.010714285714285714 0.024111675126903553
0 0.11 0.9644670050761421 0.014285714285714285 0.027918781725888325
0 0.2742857142857143 0.6973350253807107 0.01 0.02918781725888325
0 0.2978571428571429 0.5019035532994924 0.005714285714285714 0.02918781725888325
0 0.3 0.491751269035533 0.007142857142857143 0.02918781725888325
0 0.30892857142857144 0.3477157360406091 0.007857142857142858 0.02284263959390863
0 0.2885714285714286 0.3553299492385787 0.007142857142857143 0.027918781725888325
0 0.13142857142857142 0.2950507614213198 0.005714285714285714 0.01903553299492386
0 0.4164285714285714 0.18718274111675126 0.005714285714285714 0.0266497461928934
0 0.31464285714285717 0.046954314720812185 0.005 0.02284263959390863
0 0.4425 0.13388324873096447 0.0064285714285714285 0.024111675126903553
0 0.5207142857142857 0.12373096446700507 0.005714285714285714 0.024111675126903553
0 0.13107142857142856 0.2887055837563452 0.0064285714285714285 0.021573604060913704
0 0.24285714285714285 0.2620558375634518 0.005714285714285714 0.021573604060913704
0 0.28 0.3565989847715736 0.005714285714285714 0.025380710659898477
0 0.5682142857142857 0.1947969543147208 0.005 0.0266497461928934
0 0.7014285714285714 0.21763959390862944 0.004285714285714286 0.021573604060913704
0 0.7039285714285715 0.2151015228426396 0.005 0.021573604060913704
4 0.7060714285714286 0.2684010152284264 0.04642857142857143 0.03680203045685279
0 0.7685714285714286 0.774746192893401 0.01 0.031725888324873094
0 0.8164285714285714 0.9574873096446701 0.012857142857142857 0.03426395939086294
0 0.7885714285714286 0.7791878172588832 0.01 0.03807106598984772
0 0.7753571428571429 0.7753807106598984 0.009285714285714286 0.02284263959390863
3 0.49857142857142855 0.9708121827411168 0.03142857142857143 0.05583756345177665
3 0.43392857142857144 0.9511421319796954 0.035 0.09517766497461928
0 0.2742857142857143 0.6928934010152284 0.007142857142857143 0.015228426395939087