3 0.08786764705882352 0.1568627450980392 0.04485294117647059 0.06535947712418301
3 0.37720588235294117 0.2084967320261438 0.041176470588235294 0.032679738562091505
3 0.36911764705882355 0.5065359477124183 0.04264705882352941 0.06405228758169934
3 0.5106617647058823 0.3810457516339869 0.04191176470588235 0.050980392156862744
3 0.5220588235294118 0.44575163398692813 0.045588235294117645 0.05751633986928104
3 0.5338235294117647 0.5627450980392157 0.04264705882352941 0.058823529411764705
3 0.6238970588235294 0.6189542483660131 0.03897058823529412 0.05620915032679739
3 0.7349264705882353 0.8013071895424837 0.03897058823529412 0.05751633986928104
5 0.7011029411764705 0.5209150326797386 0.0375 0.09803921568627451
3 0.5970588235294118 0.9660130718954248 0.04264705882352941 0.044444444444444446
3 0.34963235294117645 0.965359477124183 0.030147058823529412 0.06666666666666667
3 0.6128676470588236 0.09542483660130718 0.03455882352941177 0.07058823529411765
3 0.8691176470588236 0.2261437908496732 0.030882352941176472 0.07581699346405228
1 0.02426470588235294 0.28366013071895424 0.011764705882352941 0.018300653594771243
9 0.030147058823529412 0.2908496732026144 0.011764705882352941 0.0196078431372549
0 0.23933823529411766 0.5856209150326798 0.008088235294117648 0.013071895424836602
0 0.23308823529411765 0.5797385620915033 0.007352941176470588 0.01437908496732026
0 0.23786764705882352 0.7712418300653595 0.008088235294117648 0.013071895424836602
0 0.24595588235294116 0.7790849673202614 0.008088235294117648 0.01045751633986928
0 0.3150735294117647 0.7366013071895425 0.008088235294117648 0.011764705882352941
0 0.31948529411764703 0.7450980392156863 0.006617647058823529 0.01045751633986928
0 0.5547794117647059 0.930718954248366 0.0125 0.013071895424836602
0 0.7018382352941176 0.6209150326797386 0.005147058823529412 0.01045751633986928
0 0.6955882352941176 0.6130718954248366 0.007352941176470588 0.00784313725490196
0 0.8161764705882353 0.39869281045751637 0.008823529411764706 0.01568627450980392
0 0.8161764705882353 0.37777777777777777 0.007352941176470588 0.013071895424836602
1 0.7566176470588235 0.3483660130718954 0.008823529411764706 0.01437908496732026
9 0.7536764705882353 0.3509803921568627 0.014705882352941176 0.022222222222222223
0 0.6452205882352942 0.32745098039215687 0.011029411764705883 0.0196078431372549
1 0.6922794117647059 0.27908496732026145 0.006617647058823529 0.009150326797385621
9 0.6922794117647059 0.27647058823529413 0.011029411764705883 0.0196078431372549
5 0.7625 0.2326797385620915 0.03235294117647059 0.07581699346405228
0 0.7816176470588235 0.22287581699346407 0.0058823529411764705 0.01437908496732026
0 0.7018382352941176 0.13333333333333333 0.011029411764705883 0.02091503267973856
6 0.7805147058823529 0.1588235294117647 0.021323529411764706 0.05620915032679739
6 0.8003676470588236 0.10915032679738562 0.021323529411764706 0.048366013071895426
6 0.8128676470588235 0.25620915032679736 0.01838235294117647 0.047058823529411764
0 0.825 0.2549019607843137 0.008823529411764706 0.00784313725490196
6 0.8077205882352941 0.3281045751633987 0.0125 0.05228758169934641
1 0.4261029411764706 0.40588235294117647 0.006617647058823529 0.011764705882352941
9 0.425 0.4065359477124183 0.014705882352941176 0.01045751633986928