2 0.2784446764091858 0.8469387755102041 0.037056367432150315 0.04081632653061224
9 0.2870563674321503 0.8854359925788498 0.019832985386221295 0.05844155844155844
7 0.2651356993736952 0.8209647495361782 0.05323590814196242 0.07050092764378478
6 0.3037578288100209 0.885899814471243 0.031315240083507306 0.07050092764378478
6 0.4715553235908142 0.7439703153988868 0.02244258872651357 0.0686456400742115
1 0.5981210855949896 0.7940630797773655 0.012526096033402923 0.02411873840445269
7 0.5973382045929019 0.775974025974026 0.0255741127348643 0.08812615955473098
9 0.886482254697286 0.8538961038961039 0.019311064718162838 0.05473098330241188
6 0.8345511482254697 0.8353432282003711 0.07306889352818371 0.075139146567718
0 0.787839248434238 0.6929499072356216 0.012004175365344467 0.03710575139146568
0 0.7987995824634656 0.687847866419295 0.012004175365344467 0.038033395176252316
9 0.7800104384133612 0.6637291280148423 0.02870563674321503 0.041743970315398886
9 0.7541753653444676 0.6280148423005566 0.024008350730688934 0.029684601113172542
3 0.5764613778705637 0.42578849721706863 0.02348643006263048 0.03525046382189239
5 0.4144050104384134 0.48144712430426717 0.0511482254697286 0.03896103896103896
4 0.4329331941544885 0.46382189239332094 0.05375782881002088 0.04081632653061224
0 0.4809498956158664 0.4322820037105751 0.007828810020876827 0.027829313543599257
0 0.4989561586638831 0.44109461966604824 0.006263048016701462 0.030612244897959183
0 0.5013048016701461 0.4387755102040816 0.005741127348643006 0.027829313543599257
0 0.5020876826722338 0.4355287569573284 0.007306889352818371 0.030612244897959183
1 0.517223382045929 0.45408163265306123 0.007306889352818371 0.026901669758812616
1 0.5297494780793319 0.45408163265306123 0.008350730688935281 0.026901669758812616
9 0.5300104384133612 0.45964749536178107 0.007828810020876827 0.021335807050092765
9 0.5180062630480167 0.46289424860853434 0.007828810020876827 0.025974025974025976
3 0.6051670146137788 0.36688311688311687 0.0360125260960334 0.038033395176252316
9 0.5046972860125261 0.4100185528756957 0.006263048016701462 0.02040816326530612
3 0.5341858037578288 0.2917439703153989 0.014091858037578288 0.023191094619666047
9 0.5174843423799582 0.2787569573283859 0.0036534446764091857 0.012059369202226345
7 0.5336638830897703 0.24443413729128013 0.010960334029227558 0.021335807050092765
9 0.5537578288100209 0.23469387755102042 0.0041753653444676405 0.011131725417439703
0 0.5292275574112735 0.21103896103896103 0.003131524008350731 0.012059369202226345
0 0.5219206680584552 0.21799628942486085 0.003131524008350731 0.011131725417439703
9 0.5266179540709812 0.2189239332096475 0.005219206680584551 0.0074211502782931356
1 0.5365344467640919 0.20964749536178107 0.003131524008350731 0.00927643784786642
1 0.5349686847599165 0.20269016697588127 0.0020876826722338203 0.006493506493506494
9 0.5362734864300627 0.212430426716141 0.0036534446764091857 0.00927643784786642
6 0.5347077244258872 0.20454545454545456 0.004697286012526096 0.008348794063079777
7 0.5258350730688935 0.1906307977736549 0.005741127348643006 0.012059369202226345
6 0.5357515657620042 0.18460111317254174 0.004697286012526096 0.011131725417439703
1 0.535490605427975 0.16883116883116883 0.0020876826722338203 0.0055658627087198514
9 0.5357515657620042 0.17068645640074212 0.0026096033402922755 0.0074211502782931356
3 0.5388830897703549 0.1679035250463822 0.005741127348643006 0.00927643784786642
6 0.5177453027139874 0.3807977736549165 0.007306889352818371 0.023191094619666047