4 0.95975 0.9543333333333334 0.0685 0.09133333333333334
3 0.925 0.8343333333333334 0.132 0.094
3 0.7215 0.785 0.131 0.08866666666666667
0 0.8405 0.5673333333333334 0.026 0.04666666666666667
5 0.70925 0.5136666666666667 0.0695 0.12333333333333334
3 0.37175 0.8453333333333334 0.0645 0.19066666666666668
0 0.28425 0.6886666666666666 0.0195 0.034666666666666665
3 0.05625 0.14833333333333334 0.0415 0.046
3 0.086 0.21766666666666667 0.086 0.04733333333333333
4 0.113 0.7146666666666667 0.132 0.084
5 0.09325 0.799 0.1865 0.08333333333333333
4 0.0715 0.8926666666666667 0.143 0.09333333333333334
3 0.056 0.9826666666666667 0.108 0.034666666666666665
3 0.386 0.6273333333333333 0.059 0.13733333333333334
3 0.48075 0.524 0.0485 0.12133333333333333
3 0.5515 0.43266666666666664 0.047 0.09066666666666667
3 0.384 0.47933333333333333 0.043 0.1
3 0.3855 0.37366666666666665 0.04 0.08466666666666667
3 0.4505 0.2663333333333333 0.032 0.06333333333333334
3 0.51325 0.27366666666666667 0.0365 0.056666666666666664
3 0.57 0.258 0.034 0.05466666666666667
4 0.33375 0.25466666666666665 0.0305 0.05733333333333333
1 0.37775 0.23766666666666666 0.0135 0.024666666666666667
9 0.381 0.24833333333333332 0.009 0.026
3 0.61575 0.20266666666666666 0.0685 0.04
3 0.6185 0.17566666666666667 0.059 0.03
3 0.62475 0.15233333333333332 0.0605 0.03133333333333333
4 0.59075 0.11666666666666667 0.0485 0.03866666666666667
9 0.565 0.105 0.018 0.018
1 0.55825 0.08966666666666667 0.0075 0.014
2 0.55675 0.09533333333333334 0.0145 0.012
1 0.5685 0.08066666666666666 0.006 0.018666666666666668
1 0.574 0.077 0.006 0.026
4 0.57025 0.06966666666666667 0.0445 0.03133333333333333
3 0.5665 0.05733333333333333 0.048 0.032
3 0.55975 0.049666666666666665 0.0475 0.03133333333333333
3 0.5245 0.11266666666666666 0.047 0.044
3 0.4725 0.119 0.024 0.03666666666666667
0 0.364 0.12466666666666666 0.009 0.028
3 0.40075 0.11033333333333334 0.0245 0.03933333333333333
3 0.4005 0.07066666666666667 0.022 0.03333333333333333
5 0.35725 0.05633333333333333 0.0305 0.06466666666666666
3 0.39725 0.020666666666666667 0.0185 0.029333333333333333
3 0.472 0.03166666666666667 0.019 0.028666666666666667
3 0.53775 0.007 0.0395 0.014
3 0.44325 0.006666666666666667 0.0165 0.013333333333333334
1 0.41925 0.005333333333333333 0.0075 0.010666666666666666
9 0.4195 0.012 0.008 0.014666666666666666