3 0.5686325678496869 0.8390538033395176 0.024530271398747392 0.0862708719851577
3 0.5302713987473904 0.8673469387755102 0.022964509394572025 0.08534322820037106
3 0.5007828810020877 0.8320964749536178 0.024530271398747392 0.08905380333951762
3 0.5621085594989561 0.7481447124304267 0.021920668058455117 0.06586270871985157
3 0.5268789144050104 0.7295918367346939 0.027661795407098122 0.08256029684601113
3 0.4953027139874739 0.7448979591836735 0.019832985386221295 0.06307977736549165
3 0.4971294363256785 0.6530612244897959 0.01722338204592902 0.06493506493506493
3 0.5274008350730689 0.6349721706864564 0.02035490605427975 0.07884972170686456
3 0.4694676409185804 0.6368274582560297 0.01722338204592902 0.06215213358070501
3 0.5524530271398748 0.6057513914656771 0.019311064718162838 0.059369202226345084
3 0.49660751565762007 0.5862708719851577 0.015135699373695199 0.05009276437847866
3 0.5198329853862212 0.5394248608534323 0.017745302713987474 0.04916512059369202
3 0.4971294363256785 0.5352504638218923 0.01722338204592902 0.05194805194805195
3 0.494258872651357 0.47263450834879406 0.011482254697286013 0.039888682745825604
3 0.5190501043841336 0.48283858998144713 0.01826722338204593 0.045454545454545456
3 0.49608559498956156 0.4299628942486085 0.010960334029227558 0.036178107606679034
3 0.5185281837160751 0.41465677179962895 0.010960334029227558 0.03153988868274583
3 0.49843423799582465 0.39517625231910947 0.014613778705636743 0.03339517625231911
3 0.5177453027139874 0.35760667903525045 0.013569937369519834 0.030612244897959183
3 0.5430584551148225 0.2230983302411874 0.012004175365344467 0.023191094619666047
8 0.4992171189979123 0.20964749536178107 0.014091858037578288 0.05009276437847866
3 0.15370563674321502 0.5273654916512059 0.04123173277661795 0.030612244897959183
3 0.16440501043841335 0.5023191094619666 0.037578288100208766 0.02504638218923933
3 0.4932150313152401 0.12059369202226346 0.007306889352818371 0.02040816326530612
1 0.3475991649269311 0.9383116883116883 0.010438413361169102 0.017625231910946195
1 0.3729123173277662 0.8942486085343229 0.008872651356993737 0.022263450834879406
9 0.3473382045929019 0.9587198515769945 0.014091858037578288 0.023191094619666047
9 0.37082463465553234 0.9169758812615956 0.013048016701461378 0.023191094619666047