3 0.83 0.708756345177665 0.047142857142857146 0.05456852791878172
3 0.5003571428571428 0.7734771573604061 0.020714285714285713 0.07233502538071065
3 0.5064285714285715 0.949238578680203 0.02142857142857143 0.08883248730964467
3 0.36428571428571427 0.37944162436548223 0.018571428571428572 0.04060913705583756
3 0.31607142857142856 0.20241116751269037 0.02214285714285714 0.0266497461928934
4 0.5010714285714286 0.1199238578680203 0.015 0.03426395939086294
3 0.5307142857142857 0.053934010152284266 0.015714285714285715 0.02918781725888325
9 0.49357142857142855 0.050761421319796954 0.005714285714285714 0.012690355329949238
1 0.49392857142857144 0.048223350253807105 0.005 0.01015228426395939
9 0.5089285714285714 0.025380710659898477 0.0064285714285714285 0.012690355329949238
1 0.5092857142857142 0.020939086294416244 0.005714285714285714 0.013959390862944163