0 0.10330882352941176 0.5143790849673202 0.0125 0.050980392156862744
0 0.09191176470588236 0.5124183006535947 0.010294117647058823 0.04967320261437908
1 0.10698529411764705 0.4398692810457516 0.008088235294117648 0.032679738562091505
2 0.10588235294117647 0.45359477124183006 0.010294117647058823 0.02875816993464052
3 0.012867647058823529 0.39019607843137255 0.025735294117647058 0.032679738562091505
0 0.15514705882352942 0.44836601307189544 0.010294117647058823 0.03398692810457516
3 0.25220588235294117 0.2111111111111111 0.0058823529411764705 0.011764705882352941
3 0.2698529411764706 0.2111111111111111 0.0058823529411764705 0.009150326797385621
3 0.2772058823529412 0.20915032679738563 0.0058823529411764705 0.01045751633986928
3 0.2849264705882353 0.21045751633986928 0.003676470588235294 0.00784313725490196
3 0.2911764705882353 0.21045751633986928 0.004411764705882353 0.00784313725490196
3 0.2878676470588235 0.21372549019607842 0.005147058823529412 0.009150326797385621
3 0.2959558823529412 0.21241830065359477 0.005147058823529412 0.009150326797385621
3 0.29669117647058824 0.21830065359477124 0.006617647058823529 0.00784313725490196
3 0.2963235294117647 0.22418300653594772 0.007352941176470588 0.011764705882352941
3 0.3088235294117647 0.22091503267973855 0.007352941176470588 0.01045751633986928
3 0.31470588235294117 0.23333333333333334 0.007352941176470588 0.011764705882352941
3 0.2529411764705882 0.22287581699346407 0.007352941176470588 0.009150326797385621
3 0.25441176470588234 0.22745098039215686 0.0058823529411764705 0.01045751633986928
3 0.25882352941176473 0.23398692810457516 0.0058823529411764705 0.01045751633986928
3 0.2613970588235294 0.23921568627450981 0.006617647058823529 0.01045751633986928
3 0.26323529411764707 0.2437908496732026 0.007352941176470588 0.011764705882352941
3 0.26544117647058824 0.24705882352941178 0.007352941176470588 0.013071895424836602
8 0.25036764705882353 0.24052287581699347 0.013970588235294118 0.02875816993464052
3 0.2647058823529412 0.2281045751633987 0.007352941176470588 0.011764705882352941
3 0.2665441176470588 0.22941176470588234 0.006617647058823529 0.009150326797385621
3 0.2676470588235294 0.23202614379084968 0.0058823529411764705 0.009150326797385621
3 0.27205882352941174 0.238562091503268 0.007352941176470588 0.011764705882352941
3 0.27647058823529413 0.24444444444444444 0.007352941176470588 0.013071895424836602
3 0.27941176470588236 0.2503267973856209 0.008823529411764706 0.01437908496732026
3 0.2783088235294118 0.23202614379084968 0.008088235294117648 0.01437908496732026
3 0.28125 0.23529411764705882 0.006617647058823529 0.01045751633986928
3 0.2852941176470588 0.2411764705882353 0.007352941176470588 0.011764705882352941
3 0.29154411764705884 0.24705882352941178 0.008088235294117648 0.013071895424836602
3 0.29448529411764707 0.2496732026143791 0.009558823529411765 0.01568627450980392
0 0.35110294117647056 0.2568627450980392 0.003676470588235294 0.01437908496732026
0 0.35073529411764703 0.25163398692810457 0.004411764705882353 0.0196078431372549
0 0.35698529411764707 0.25555555555555554 0.003676470588235294 0.01437908496732026
0 0.3926470588235294 0.265359477124183 0.0029411764705882353 0.018300653594771243
1 0.37279411764705883 0.265359477124183 0.004411764705882353 0.00784313725490196
2 0.3738970588235294 0.2699346405228758 0.009558823529411765 0.011764705882352941
3 0.34375 0.28366013071895424 0.0125 0.018300653594771243
3 0.36213235294117646 0.28431372549019607 0.013970588235294118 0.01699346405228758
3 0.35441176470588237 0.2954248366013072 0.011764705882352941 0.01568627450980392
3 0.36066176470588235 0.30392156862745096 0.015441176470588236 0.0196078431372549
3 0.37536764705882353 0.29673202614379085 0.0125 0.018300653594771243
3 0.38198529411764703 0.2849673202614379 0.0125 0.01568627450980392
3 0.39558823529411763 0.296078431372549 0.013235294117647059 0.01699346405228758
8 0.4113970588235294 0.28104575163398693 0.03161764705882353 0.047058823529411764
3 0.40661764705882353 0.307843137254902 0.013235294117647059 0.01437908496732026
3 0.3889705882352941 0.31241830065359477 0.016176470588235296 0.018300653594771243
3 0.3698529411764706 0.31699346405228757 0.016176470588235296 0.022222222222222223
3 0.37830882352941175 0.33137254901960783 0.016911764705882352 0.022222222222222223
3 0.3966911764705882 0.3215686274509804 0.013970588235294118 0.018300653594771243
3 0.41801470588235295 0.3176470588235294 0.015441176470588236 0.02091503267973856
3 0.42830882352941174 0.30392156862745096 0.016911764705882352 0.02483660130718954
3 0.3926470588235294 0.3405228758169935 0.020588235294117647 0.02483660130718954
3 0.39742647058823527 0.3562091503267974 0.01838235294117647 0.022222222222222223
3 0.40845588235294117 0.3712418300653595 0.019852941176470587 0.026143790849673203
3 0.41875 0.3888888888888889 0.021323529411764706 0.032679738562091505
3 0.4308823529411765 0.41568627450980394 0.026470588235294117 0.03398692810457516
3 0.4411764705882353 0.4372549019607843 0.027941176470588237 0.040522875816993466
3 0.45330882352941176 0.4673202614379085 0.03161764705882353 0.050980392156862744
3 0.4606617647058823 0.5071895424836601 0.03602941176470588 0.054901960784313725
4 0.4727941176470588 0.5418300653594771 0.03529411764705882 0.07712418300653595
3 0.48970588235294116 0.5973856209150327 0.04411764705882353 0.07581699346405228
3 0.5080882352941176 0.6869281045751634 0.058823529411764705 0.10326797385620914
3 0.06286764705882353 0.918954248366013 0.12279411764705882 0.1568627450980392
3 0.1860294117647059 0.9294117647058824 0.09411764705882353 0.1411764705882353
3 0.3327205882352941 0.8960784313725491 0.07573529411764705 0.2
3 0.549264705882353 0.8379084967320262 0.075 0.1437908496732026
3 0.4077205882352941 0.32941176470588235 0.016911764705882352 0.026143790849673203
3 0.41691176470588237 0.34183006535947713 0.01764705882352941 0.027450980392156862
3 0.4279411764705882 0.3562091503267974 0.01911764705882353 0.02483660130718954
3 0.43933823529411764 0.3738562091503268 0.021323529411764706 0.02875816993464052
3 0.4485294117647059 0.3908496732026144 0.022058823529411766 0.036601307189542485
3 0.4632352941176471 0.4143790849673203 0.025 0.036601307189542485
3 0.48455882352941176 0.43790849673202614 0.033823529411764704 0.05228758169934641
3 0.5014705882352941 0.4738562091503268 0.03529411764705882 0.05359477124183006
3 0.5205882352941177 0.5124183006535947 0.03235294117647059 0.054901960784313725
3 0.5389705882352941 0.5581699346405229 0.05 0.06535947712418301
3 0.4275735294117647 0.32745098039215687 0.016911764705882352 0.022222222222222223
3 0.4349264705882353 0.33725490196078434 0.016911764705882352 0.023529411764705882
3 0.4485294117647059 0.34967320261437906 0.01911764705882353 0.02483660130718954
3 0.45845588235294116 0.36405228758169933 0.021323529411764706 0.027450980392156862
3 0.4742647058823529 0.3738562091503268 0.01764705882352941 0.02875816993464052
8 0.4970588235294118 0.38169934640522873 0.05588235294117647 0.09673202614379085
3 0.5253676470588236 0.44509803921568625 0.03455882352941177 0.05359477124183006
3 0.5779411764705882 0.5287581699346405 0.04411764705882353 0.058823529411764705
3 0.6268382352941176 0.5281045751633987 0.04632352941176471 0.06013071895424837
3 0.4404411764705882 0.31437908496732025 0.016176470588235296 0.022222222222222223
3 0.45441176470588235 0.32745098039215687 0.01911764705882353 0.02483660130718954
3 0.4661764705882353 0.338562091503268 0.01764705882352941 0.023529411764705882
3 0.5047794117647059 0.2928104575163399 0.027205882352941177 0.018300653594771243
3 0.5084558823529411 0.3032679738562091 0.02426470588235294 0.01568627450980392
3 0.5191176470588236 0.3058823529411765 0.025 0.018300653594771243
3 0.5294117647058824 0.31241830065359477 0.027941176470588237 0.023529411764705882
3 0.5430147058823529 0.3156862745098039 0.02426470588235294 0.02483660130718954
3 0.5625 0.3300653594771242 0.03529411764705882 0.02483660130718954
1 0.51875 0.3261437908496732 0.003676470588235294 0.01437908496732026
9 0.518014705882353 0.3352941176470588 0.005147058823529412 0.01437908496732026
3 0.5088235294117647 0.33464052287581697 0.0058823529411764705 0.018300653594771243
0 0.4838235294117647 0.3058823529411765 0.004411764705882353 0.013071895424836602
9 0.48308823529411765 0.3130718954248366 0.0058823529411764705 0.009150326797385621
2 0.525 0.3503267973856209 0.014705882352941176 0.01568627450980392
1 0.5367647058823529 0.33464052287581697 0.0058823529411764705 0.01568627450980392
2 0.5360294117647059 0.34901960784313724 0.007352941176470588 0.013071895424836602
1 0.569485294117647 0.3607843137254902 0.006617647058823529 0.02091503267973856
2 0.5698529411764706 0.3738562091503268 0.0058823529411764705 0.01568627450980392
3 0.6257352941176471 0.3908496732026144 0.03235294117647059 0.03398692810457516
3 0.6452205882352942 0.40588235294117647 0.0375 0.043137254901960784
3 0.6584558823529412 0.48562091503267973 0.021323529411764706 0.030065359477124184
0 0.6889705882352941 0.42745098039215684 0.0058823529411764705 0.0392156862745098
0 0.6959558823529411 0.4261437908496732 0.008088235294117648 0.0392156862745098
0 0.6919117647058823 0.4045751633986928 0.007352941176470588 0.030065359477124184
1 0.7088235294117647 0.4915032679738562 0.011764705882352941 0.03398692810457516
3 0.7058823529411765 0.5058823529411764 0.014705882352941176 0.036601307189542485
1 0.7316176470588235 0.492156862745098 0.010294117647058823 0.030065359477124184
2 0.7294117647058823 0.5071895424836601 0.016176470588235296 0.036601307189542485
1 0.7503676470588235 0.4869281045751634 0.011029411764705883 0.03790849673202614
2 0.7477941176470588 0.5065359477124183 0.014705882352941176 0.032679738562091505
0 0.7536764705882353 0.5888888888888889 0.011764705882352941 0.06928104575163399
0 0.7654411764705882 0.6 0.013235294117647059 0.06274509803921569
1 0.7930147058823529 0.6052287581699346 0.015441176470588236 0.04967320261437908
9 0.7915441176470588 0.6209150326797386 0.01838235294117647 0.05228758169934641
1 0.8121323529411765 0.5620915032679739 0.015441176470588236 0.0392156862745098
9 0.8099264705882353 0.5784313725490197 0.01838235294117647 0.043137254901960784
9 0.8371323529411765 0.5235294117647059 0.011029411764705883 0.03529411764705882
1 0.7797794117647059 0.7058823529411765 0.016911764705882352 0.05751633986928104
9 0.7790441176470588 0.7320261437908496 0.013970588235294118 0.044444444444444446
1 0.8422794117647059 0.6993464052287581 0.016911764705882352 0.06535947712418301
2 0.8415441176470588 0.726797385620915 0.011029411764705883 0.047058823529411764
1 0.9128676470588235 0.7294117647058823 0.027205882352941177 0.07581699346405228
2 0.9091911764705882 0.7477124183006536 0.04632352941176471 0.06274509803921569
1 0.9463235294117647 0.6359477124183006 0.01911764705882353 0.05620915032679739
2 0.9404411764705882 0.6535947712418301 0.041176470588235294 0.04967320261437908
0 0.9772058823529411 0.692156862745098 0.020588235294117647 0.08496732026143791
0 0.9525735294117647 0.822875816993464 0.021323529411764706 0.09019607843137255
0 0.9786764705882353 0.7980392156862746 0.01911764705882353 0.07973856209150326
1 0.9860294117647059 0.8784313725490196 0.027941176470588237 0.06535947712418301
3 0.8033088235294118 0.873202614379085 0.12867647058823528 0.15163398692810456