7 0.033455882352941176 0.5679738562091503 0.06544117647058824 0.09019607843137255
0 0.03823529411764706 0.5901960784313726 0.013235294117647059 0.05620915032679739
0 0.09338235294117647 0.5464052287581699 0.008823529411764706 0.036601307189542485
6 0.057352941176470586 0.5379084967320261 0.03823529411764706 0.05359477124183006
6 0.14375 0.5856209150326798 0.04191176470588235 0.08104575163398693
7 0.12095588235294118 0.5509803921568628 0.06102941176470588 0.10065359477124183
7 0.012867647058823529 0.5013071895424837 0.025735294117647058 0.0457516339869281
7 0.07463235294117647 0.4843137254901961 0.06838235294117648 0.06143790849673202
9 0.11323529411764706 0.4843137254901961 0.025 0.022222222222222223
9 0.11985294117647059 0.47516339869281043 0.025 0.022222222222222223
9 0.12095588235294118 0.44901960784313727 0.02426470588235294 0.027450980392156862
2 0.13713235294117648 0.47320261437908495 0.0125 0.03398692810457516
3 0.10477941176470588 0.4392156862745098 0.07573529411764705 0.0392156862745098
3 0.13088235294117648 0.3366013071895425 0.041176470588235294 0.02483660130718954
3 0.09044117647058823 0.3516339869281046 0.045588235294117645 0.02875816993464052
3 0.08713235294117647 0.29215686274509806 0.03161764705882353 0.02483660130718954
3 0.11176470588235295 0.28169934640522876 0.033823529411764704 0.022222222222222223
3 0.04926470588235294 0.31176470588235294 0.041176470588235294 0.032679738562091505
3 0.01764705882352941 0.31437908496732025 0.033823529411764704 0.032679738562091505
3 0.17904411764705883 0.5418300653594771 0.04926470588235294 0.06143790849673202
9 0.20183823529411765 0.5137254901960784 0.011029411764705883 0.0392156862745098
3 0.22830882352941176 0.5777777777777777 0.0375 0.07581699346405228
3 0.26948529411764705 0.6084967320261437 0.06691176470588235 0.08496732026143791
3 0.3150735294117647 0.6202614379084967 0.06397058823529411 0.07973856209150326
3 0.38382352941176473 0.6320261437908496 0.06323529411764706 0.08235294117647059
3 0.4345588235294118 0.6555555555555556 0.058823529411764705 0.08235294117647059
3 0.4904411764705882 0.6712418300653594 0.054411764705882354 0.07712418300653595
3 0.5301470588235294 0.6856209150326797 0.052941176470588235 0.08758169934640522
3 0.5786764705882353 0.692156862745098 0.05 0.08496732026143791
3 0.6900735294117647 0.74640522875817 0.05220588235294118 0.09673202614379085
3 0.7577205882352941 0.7588235294117647 0.05514705882352941 0.09803921568627451
2 0.8948529411764706 0.8287581699346406 0.020588235294117647 0.05751633986928104
0 0.7955882352941176 0.8163398692810457 0.013235294117647059 0.0718954248366013
0 0.8102941176470588 0.8444444444444444 0.016176470588235296 0.07320261437908497
0 0.819485294117647 0.826797385620915 0.015441176470588236 0.06928104575163399
9 0.8102941176470588 0.7686274509803922 0.027941176470588237 0.05751633986928104
9 0.6066176470588235 0.5934640522875817 0.025 0.03398692810457516
9 0.6110294117647059 0.5725490196078431 0.030882352941176472 0.026143790849673203
9 0.6125 0.5594771241830065 0.029411764705882353 0.026143790849673203
3 0.6286764705882353 0.722875816993464 0.054411764705882354 0.08104575163398693
1 0.6518382352941177 0.7444444444444445 0.021323529411764706 0.06666666666666667
9 0.6529411764705882 0.7581699346405228 0.022058823529411766 0.07058823529411765
4 0.047058823529411764 0.8058823529411765 0.09411764705882353 0.10588235294117647
3 0.0849264705882353 0.8980392156862745 0.11838235294117647 0.17254901960784313
3 0.18823529411764706 0.8 0.027941176470588237 0.04967320261437908
0 0.22536764705882353 0.7189542483660131 0.015441176470588236 0.06013071895424837
0 0.40808823529411764 0.7372549019607844 0.014705882352941176 0.05751633986928104
0 0.40955882352941175 0.711764705882353 0.008823529411764706 0.040522875816993466
0 0.5213235294117647 0.8411764705882353 0.01911764705882353 0.0718954248366013
0 0.5393382352941176 0.8392156862745098 0.01838235294117647 0.07320261437908497
0 0.5650735294117647 0.8320261437908497 0.016911764705882352 0.0718954248366013
0 0.6036764705882353 0.8137254901960784 0.01911764705882353 0.06928104575163399
3 0.39044117647058824 0.961437908496732 0.10735294117647058 0.07712418300653595
3 0.4904411764705882 0.9745098039215686 0.07794117647058824 0.050980392156862744
9 0.9727941176470588 0.8797385620915033 0.03823529411764706 0.06535947712418301
7 0.9025735294117647 0.9823529411764705 0.0875 0.03529411764705882
1 0.9786764705882353 0.9830065359477124 0.022058823529411766 0.03137254901960784