0 0.6107142857142858 0.36611675126903553 0.008571428571428572 0.03426395939086294
9 0.7360714285714286 0.2131979695431472 0.017857142857142856 0.03299492385786802
0 0.7742857142857142 0.11548223350253807 0.007142857142857143 0.025380710659898477
0 0.7796428571428572 0.11865482233502538 0.005 0.024111675126903553
0 0.8075 0.06472081218274112 0.0064285714285714285 0.025380710659898477
0 0.8157142857142857 0.06598984771573604 0.005714285714285714 0.027918781725888325
0 0.8196428571428571 0.06725888324873096 0.007857142857142858 0.027918781725888325
5 0.8303571428571429 0.09708121827411167 0.039285714285714285 0.06725888324873096
5 0.8567857142857143 0.061548223350253804 0.035 0.05203045685279188
4 0.8657142857142858 0.04568527918781726 0.02857142857142857 0.03299492385786802
3 0.8960714285714285 0.011421319796954314 0.03214285714285714 0.02030456852791878