9 0.016179540709812108 0.38868274582560297 0.013569937369519834 0.01855287569573284
3 0.0255741127348643 0.436456400742115 0.04801670146137787 0.032467532467532464
7 0.0407098121085595 0.42207792207792205 0.025052192066805846 0.027829313543599257
3 0.047233820459290185 0.4137291280148423 0.02870563674321503 0.03153988868274583
0 0.04462421711899791 0.6456400742115028 0.010960334029227558 0.04081632653061224
0 0.0634133611691023 0.6307977736549165 0.013048016701461378 0.04823747680890538
9 0.24869519832985387 0.9795918367346939 0.024530271398747392 0.025974025974025976
9 0.25626304801670147 0.9596474953617811 0.020876826722338204 0.02504638218923933
9 0.2640918580375783 0.9322820037105751 0.022964509394572025 0.027829313543599257
9 0.2698329853862213 0.8942486085343229 0.024008350730688934 0.025974025974025976
9 0.2982776617954071 0.7755102040816326 0.019311064718162838 0.02411873840445269
9 0.2946242171189979 0.7917439703153989 0.02244258872651357 0.021335807050092765
2 0.3752609603340292 0.862708719851577 0.022964509394572025 0.025974025974025976
2 0.3781315240083507 0.8325602968460112 0.02348643006263048 0.02504638218923933
6 0.3843945720250522 0.799165120593692 0.03288100208768267 0.045454545454545456
3 0.3828288100208768 0.7068645640074211 0.05688935281837161 0.05380333951762523
3 0.40187891440501045 0.5737476808905381 0.05010438413361169 0.039888682745825604
5 0.39091858037578286 0.3538961038961039 0.022964509394572025 0.04359925788497217
7 0.38961377870563674 0.3390538033395176 0.02244258872651357 0.02504638218923933
1 0.4311064718162839 0.30658627087198514 0.0041753653444676405 0.013914656771799629
9 0.43058455114822547 0.30890538033395176 0.009394572025052192 0.014842300556586271
5 0.4311064718162839 0.2634508348794063 0.020876826722338204 0.04081632653061224
5 0.4629436325678497 0.21289424860853431 0.029227557411273485 0.017625231910946195
0 0.4744258872651357 0.20222634508348794 0.0041753653444676405 0.014842300556586271
3 0.4438935281837161 0.10064935064935066 0.008872651356993737 0.012059369202226345
3 0.453027139874739 0.10111317254174397 0.008350730688935281 0.011131725417439703
3 0.46868475991649267 0.10111317254174397 0.008350730688935281 0.014842300556586271
6 0.4548538622129436 0.09090909090909091 0.009916492693110648 0.012987012987012988
1 0.5336638830897703 0.12987012987012986 0.0036534446764091857 0.0074211502782931356
9 0.5334029227557411 0.13126159554730985 0.003131524008350731 0.008348794063079777
1 0.5054801670146137 0.1590909090909091 0.0036534446764091857 0.01020408163265306
1 0.5404488517745303 0.1813543599257885 0.0036534446764091857 0.012059369202226345
1 0.5521920668058455 0.19573283858998144 0.003131524008350731 0.00927643784786642
1 0.5153966597077244 0.2541743970315399 0.0036534446764091857 0.012987012987012988
1 0.5159185803757829 0.17857142857142858 0.0036534446764091857 0.008348794063079777
1 0.5427974947807933 0.2852504638218924 0.0041753653444676405 0.01020408163265306
1 0.5245302713987474 0.42207792207792205 0.005219206680584551 0.016697588126159554
1 0.5036534446764092 0.4461966604823748 0.006263048016701462 0.016697588126159554
1 0.5120041753653445 0.44990723562152135 0.006263048016701462 0.02040816326530612
3 0.5529749478079332 0.6609461966604824 0.02661795407098121 0.0640074211502783
7 0.5960334029227558 0.799165120593692 0.021920668058455117 0.075139146567718
6 0.6657098121085595 0.923469387755102 0.019311064718162838 0.06029684601113173
6 0.6860647181628392 0.865491651205937 0.03496868475991649 0.04081632653061224
6 0.6503131524008351 0.7959183673469388 0.011482254697286013 0.03153988868274583
6 0.6435281837160751 0.7708719851576994 0.012526096033402923 0.03153988868274583
9 0.6711899791231732 0.8218923933209648 0.019832985386221295 0.027829313543599257
9 0.6534446764091858 0.8636363636363636 0.022964509394572025 0.025974025974025976
0 0.7126826722338204 0.852504638218924 0.009916492693110648 0.03153988868274583
1 0.7160751565762005 0.8761595547309833 0.011482254697286013 0.021335807050092765
6 0.6244780793319415 0.5746753246753247 0.03288100208768267 0.030612244897959183
9 0.6315240083507306 0.5885899814471243 0.017745302713987474 0.015769944341372914
7 0.6346555323590815 0.537569573283859 0.029227557411273485 0.030612244897959183
9 0.6372651356993737 0.5264378478664193 0.014613778705636743 0.021335807050092765
3 0.5772442588726514 0.48237476808905383 0.020876826722338204 0.03896103896103896
9 0.5816805845511482 0.45640074211502785 0.005741127348643006 0.01855287569573284
9 0.5848121085594989 0.45640074211502785 0.006784968684759917 0.016697588126159554
9 0.5936847599164927 0.45640074211502785 0.009916492693110648 0.016697588126159554
9 0.5884655532359081 0.45222634508348797 0.006784968684759917 0.015769944341372914
9 0.5884655532359081 0.4679962894248609 0.010960334029227558 0.017625231910946195
9 0.5861169102296451 0.3891465677179963 0.011482254697286013 0.017625231910946195
9 0.5949895615866388 0.39053803339517623 0.012526096033402923 0.012987012987012988
9 0.5245302713987474 0.426252319109462 0.008350730688935281 0.01948051948051948
9 0.5122651356993737 0.45408163265306123 0.006784968684759917 0.023191094619666047
9 0.5031315240083507 0.4517625231910946 0.006263048016701462 0.025974025974025976
0 0.4879958246346555 0.35435992578849723 0.0041753653444676405 0.022263450834879406
6 0.49478079331941544 0.35946196660482377 0.010438413361169102 0.023191094619666047
9 0.5942066805845512 0.362708719851577 0.012004175365344467 0.016697588126159554
0 0.5858559498956158 0.3404452690166976 0.0036534446764091857 0.016697588126159554
9 0.5775052192066806 0.3325602968460111 0.010960334029227558 0.017625231910946195
9 0.5164405010438413 0.25742115027829315 0.004697286012526096 0.012059369202226345
6 0.5427974947807933 0.2898886827458256 0.006263048016701462 0.015769944341372914
0 0.4911273486430063 0.2722634508348794 0.003131524008350731 0.013914656771799629
7 0.49660751565762007 0.27365491651205937 0.007828810020876827 0.02040816326530612
3 0.5341858037578288 0.27133580705009275 0.012004175365344467 0.021335807050092765
3 0.5284446764091858 0.24860853432282004 0.012004175365344467 0.01855287569573284
7 0.535490605427975 0.2017625231910946 0.0041753653444676405 0.015769944341372914
7 0.5519311064718163 0.2082560296846011 0.006784968684759917 0.01948051948051948
7 0.5438413361169102 0.1924860853432282 0.006263048016701462 0.013914656771799629
4 0.5258350730688935 0.1614100185528757 0.007828810020876827 0.02040816326530612
6 0.5161795407098121 0.17717996289424862 0.006263048016701462 0.01855287569573284
9 0.5060020876826722 0.1614100185528757 0.0036534446764091857 0.012987012987012988
3 0.543580375782881 0.0839517625231911 0.005741127348643006 0.008348794063079777
6 0.5208768267223383 0.08812615955473098 0.0041753653444676405 0.011131725417439703
7 0.5164405010438413 0.08534322820037106 0.0026096033402922755 0.0074211502782931356
0 0.5480167014613778 0.08163265306122448 0.0020876826722338203 0.00927643784786642
1 0.5386221294363257 0.07653061224489796 0.0020876826722338203 0.006493506493506494
9 0.5386221294363257 0.07838589981447125 0.003131524008350731 0.006493506493506494
9 0.5302713987473904 0.06493506493506493 0.0020876826722338203 0.0055658627087198514
9 0.5347077244258872 0.06493506493506493 0.0026096033402922755 0.0074211502782931356
1 0.5302713987473904 0.0640074211502783 0.0020876826722338203 0.0074211502782931356
1 0.534446764091858 0.06354359925788497 0.0020876826722338203 0.006493506493506494
3 0.5294885177453027 0.04452690166975881 0.004697286012526096 0.0074211502782931356
3 0.5260960334029228 0.041280148423005564 0.0041753653444676405 0.01020408163265306
3 0.5245302713987474 0.038033395176252316 0.0041753653444676405 0.0074211502782931356
3 0.5237473903966597 0.03432282003710575 0.004697286012526096 0.0074211502782931356
1 0.5187891440501043 0.059369202226345084 0.0010438413361169101 0.0037105751391465678
1 0.5182672233820459 0.05612244897959184 0.0020876826722338203 0.00463821892393321
1 0.5146137787056367 0.05009276437847866 0.0020876826722338203 0.0055658627087198514
1 0.5268789144050104 0.054267161410018555 0.0015657620041753654 0.00463821892393321
9 0.526356993736952 0.055658627087198514 0.0026096033402922755 0.0055658627087198514
9 0.5185281837160751 0.061224489795918366 0.0015657620041753654 0.0055658627087198514
9 0.5180062630480167 0.05705009276437848 0.0026096033402922755 0.00463821892393321
9 0.5146137787056367 0.05148423005565863 0.003131524008350731 0.00463821892393321
9 0.532098121085595 0.05241187384044527 0.0036534446764091857 0.00463821892393321
7 0.5260960334029228 0.04916512059369202 0.003131524008350731 0.0055658627087198514
3 0.5198329853862212 0.026901669758812616 0.003131524008350731 0.0055658627087198514
7 0.740866388308977 0.35946196660482377 0.02244258872651357 0.02504638218923933
5 0.7215553235908142 0.313543599257885 0.042275574112734866 0.03525046382189239