5 0.12720588235294117 0.8967320261437909 0.15735294117647058 0.1568627450980392
5 0.611764705882353 0.7052287581699347 0.06323529411764706 0.12418300653594772
5 0.5643382352941176 0.41241830065359475 0.04191176470588235 0.027450980392156862
4 0.40588235294117647 0.8647058823529412 0.01911764705882353 0.050980392156862744
3 0.3110294117647059 0.7633986928104575 0.029411764705882353 0.0392156862745098
3 0.4375 0.5098039215686274 0.011764705882352941 0.023529411764705882
3 0.5411764705882353 0.24183006535947713 0.0058823529411764705 0.02875816993464052
5 0.43933823529411764 0.20130718954248367 0.009558823529411765 0.026143790849673203
3 0.4566176470588235 0.2627450980392157 0.007352941176470588 0.013071895424836602
3 0.4724264705882353 0.2503267973856209 0.005147058823529412 0.009150326797385621
3 0.5415441176470588 0.33398692810457514 0.005147058823529412 0.01699346405228758
3 0.46397058823529413 0.20392156862745098 0.007352941176470588 0.01045751633986928
3 0.47058823529411764 0.19411764705882353 0.0058823529411764705 0.011764705882352941
3 0.4577205882352941 0.2196078431372549 0.005147058823529412 0.01568627450980392
3 0.46801470588235294 0.2222222222222222 0.005147058823529412 0.01045751633986928
3 0.46654411764705883 0.2372549019607843 0.003676470588235294 0.009150326797385621
3 0.4852941176470588 0.1954248366013072 0.007352941176470588 0.01437908496732026
3 0.49522058823529413 0.21176470588235294 0.006617647058823529 0.00522875816993464