3 0.030147058823529412 0.8320261437908497 0.060294117647058824 0.1450980392156863
1 0.20477941176470588 0.9738562091503268 0.01838235294117647 0.05228758169934641
1 0.19595588235294117 0.9895424836601308 0.022794117647058822 0.02091503267973856
6 0.19411764705882353 0.9790849673202614 0.03676470588235294 0.04183006535947712
3 0.8279411764705882 0.8307189542483661 0.07352941176470588 0.08496732026143791
5 0.8213235294117647 0.6856209150326797 0.041176470588235294 0.08496732026143791
3 0.7852941176470588 0.5483660130718955 0.04411764705882353 0.0457516339869281
3 0.7323529411764705 0.45555555555555555 0.03529411764705882 0.03529411764705882
0 0.9694852941176471 0.35555555555555557 0.005147058823529412 0.018300653594771243
5 0.9797794117647058 0.3535947712418301 0.019852941176470587 0.022222222222222223
9 0.8268382352941176 0.3934640522875817 0.015441176470588236 0.01568627450980392
1 0.8253676470588235 0.3888888888888889 0.005147058823529412 0.0196078431372549
1 0.8279411764705882 0.38823529411764707 0.0058823529411764705 0.018300653594771243
8 0.045588235294117645 0.37516339869281046 0.05588235294117647 0.06797385620915032
0 0.03602941176470588 0.3333333333333333 0.0029411764705882353 0.02091503267973856
3 0.010661764705882353 0.2738562091503268 0.015441176470588236 0.0196078431372549
3 0.0029411764705882353 0.25098039215686274 0.0058823529411764705 0.013071895424836602
3 0.002573529411764706 0.2830065359477124 0.005147058823529412 0.01699346405228758
3 0.36617647058823527 0.4503267973856209 0.051470588235294115 0.043137254901960784
1 0.5139705882352941 0.3790849673202614 0.004411764705882353 0.02091503267973856
6 0.5169117647058824 0.38300653594771245 0.016176470588235296 0.018300653594771243
4 0.6573529411764706 0.3183006535947712 0.025 0.022222222222222223
1 0.5882352941176471 0.27908496732026145 0.0029411764705882353 0.011764705882352941
9 0.5882352941176471 0.28169934640522876 0.0029411764705882353 0.011764705882352941
0 0.5636029411764706 0.2849673202614379 0.0022058823529411764 0.01045751633986928
3 0.49926470588235294 0.22679738562091503 0.007352941176470588 0.01437908496732026
5 0.49080882352941174 0.2111111111111111 0.011029411764705883 0.027450980392156862
3 0.47794117647058826 0.20915032679738563 0.0058823529411764705 0.01045751633986928
5 0.4827205882352941 0.2019607843137255 0.008088235294117648 0.01437908496732026
3 0.47095588235294117 0.19411764705882353 0.005147058823529412 0.006535947712418301
6 0.47095588235294117 0.18562091503267975 0.003676470588235294 0.00522875816993464
5 0.48161764705882354 0.17647058823529413 0.0058823529411764705 0.013071895424836602
5 0.5764705882352941 0.26405228758169935 0.010294117647058823 0.013071895424836602
3 0.31948529411764703 0.2627450980392157 0.025735294117647058 0.01568627450980392