4 0.4875 0.9320261437908497 0.08676470588235294 0.13594771241830064
3 0.9654411764705882 0.865359477124183 0.06911764705882353 0.1803921568627451
0 0.06397058823529411 0.8359477124183007 0.03235294117647059 0.09281045751633987
2 0.07573529411764705 0.8490196078431372 0.030882352941176472 0.10065359477124183
0 0.19080882352941175 0.4568627450980392 0.016911764705882352 0.06666666666666667
9 0.1922794117647059 0.31241830065359477 0.03602941176470588 0.0392156862745098
1 0.22426470588235295 0.39477124183006534 0.020588235294117647 0.05751633986928104
9 0.2261029411764706 0.41045751633986927 0.02426470588235294 0.04183006535947712
3 0.4742647058823529 0.43594771241830066 0.051470588235294115 0.08758169934640522
1 0.6095588235294118 0.5751633986928104 0.01911764705882353 0.06013071895424837
9 0.6099264705882353 0.592156862745098 0.04632352941176471 0.04967320261437908
1 0.5158088235294118 0.3843137254901961 0.013970588235294118 0.044444444444444446
9 0.5150735294117647 0.3934640522875817 0.015441176470588236 0.04967320261437908
0 0.7363970588235295 0.26405228758169935 0.011029411764705883 0.044444444444444446
0 0.7441176470588236 0.269281045751634 0.011764705882352941 0.047058823529411764
4 0.9665441176470588 0.30392156862745096 0.06691176470588235 0.07450980392156863
3 0.9643382352941177 0.47908496732026146 0.0713235294117647 0.08235294117647059
1 0.89375 0.4522875816993464 0.01838235294117647 0.05228758169934641
2 0.8908088235294118 0.4620915032679739 0.030147058823529412 0.043137254901960784
3 0.8525735294117647 0.5294117647058824 0.11544117647058824 0.09411764705882353
3 0.8838235294117647 0.5954248366013072 0.11470588235294117 0.10065359477124183
3 0.4632352941176471 0.23986928104575164 0.04264705882352941 0.06405228758169934
3 0.33492647058823527 0.21372549019607842 0.03602941176470588 0.06405228758169934
1 0.27242647058823527 0.18104575163398692 0.009558823529411765 0.03529411764705882
1 0.27242647058823527 0.1830065359477124 0.011029411764705883 0.03398692810457516
9 0.27242647058823527 0.19019607843137254 0.011029411764705883 0.03529411764705882
3 0.3191176470588235 0.134640522875817 0.030882352941176472 0.06013071895424837
4 0.34448529411764706 0.06862745098039216 0.025735294117647058 0.043137254901960784
2 0.5349264705882353 0.07908496732026143 0.006617647058823529 0.030065359477124184
3 0.4235294117647059 0.018300653594771243 0.058823529411764705 0.036601307189542485