3 0.4078810020876827 0.9137291280148423 0.07359081419624217 0.06307977736549165
3 0.3836116910229645 0.9823747680890538 0.08663883089770355 0.03339517625231911
3 0.5198329853862212 0.7050092764378478 0.032359081419624215 0.09647495361781076
3 0.46764091858037576 0.5561224489795918 0.0511482254697286 0.04359925788497217
4 0.48173277661795405 0.5023191094619666 0.04175365344467641 0.041743970315398886
4 0.4890396659707724 0.436456400742115 0.049060542797494784 0.04730983302411874
4 0.5065240083507306 0.36131725417439703 0.031837160751565764 0.03432282003710575
9 0.45981210855949894 0.336734693877551 0.013569937369519834 0.012987012987012988
3 0.5180062630480167 0.33302411873840443 0.03914405010438413 0.025974025974025976
3 0.5026096033402923 0.2662337662337662 0.020876826722338204 0.025974025974025976
4 0.5125260960334029 0.21335807050092764 0.024008350730688934 0.025974025974025976
3 0.5819415448851775 0.12059369202226346 0.026096033402922755 0.016697588126159554
3 0.6069937369519833 0.11131725417439703 0.024008350730688934 0.02040816326530612
3 0.5892484342379958 0.1038961038961039 0.020876826722338204 0.012987012987012988
4 0.6471816283924844 0.10204081632653061 0.029227557411273485 0.022263450834879406
3 0.7393006263048016 0.12894248608534323 0.024530271398747392 0.02040816326530612
3 0.808455114822547 0.1349721706864564 0.025052192066805846 0.017625231910946195
3 0.6448329853862212 0.05241187384044527 0.009916492693110648 0.01948051948051948
3 0.6552713987473904 0.06029684601113173 0.007828810020876827 0.02040816326530612
3 0.653705636743215 0.017625231910946195 0.007828810020876827 0.02040816326530612
3 0.6417014613778705 0.006029684601113173 0.006784968684759917 0.012059369202226345
3 0.7309498956158664 0.2212430426716141 0.016179540709812108 0.02504638218923933
0 0.5274008350730689 0.5217996289424861 0.004697286012526096 0.02504638218923933
0 0.5365344467640919 0.5046382189239332 0.0041753653444676405 0.025974025974025976
0 0.5336638830897703 0.4930426716141002 0.005741127348643006 0.026901669758812616
9 0.3444676409185804 0.724025974025974 0.021920668058455117 0.02504638218923933
9 0.3661273486430063 0.6382189239332097 0.01826722338204593 0.02411873840445269
9 0.3768267223382046 0.5964749536178108 0.017745302713987474 0.02040816326530612
9 0.43162839248434237 0.4336734693877551 0.017745302713987474 0.017625231910946195
9 0.9261482254697286 0.6048237476808905 0.009916492693110648 0.01855287569573284
1 0.9266701461377871 0.5890538033395176 0.007828810020876827 0.01855287569573284
1 0.7967118997912317 0.10575139146567718 0.0036534446764091857 0.014842300556586271
9 0.7954070981210856 0.11085343228200371 0.009394572025052192 0.01020408163265306
1 0.8877870563674322 0.10899814471243043 0.0041753653444676405 0.01020408163265306
9 0.8867432150313153 0.11410018552875696 0.010438413361169102 0.00927643784786642
1 0.7969728601252609 0.22031539888682747 0.003131524008350731 0.012059369202226345
9 0.795929018789144 0.22495361781076068 0.007306889352818371 0.012059369202226345
9 0.2860125260960334 0.8882189239332097 0.027139874739039668 0.030612244897959183
2 0.4287578288100209 0.4712430426716141 0.012004175365344467 0.02040816326530612
0 0.44937369519832987 0.36641929499072357 0.0041753653444676405 0.022263450834879406
2 0.46529227557411273 0.20593692022263452 0.013048016701461378 0.012987012987012988