3 0.7121428571428572 0.8800761421319797 0.024285714285714285 0.07741116751269035
3 0.6889285714285714 0.8864213197969543 0.02214285714285714 0.08248730964467005
3 0.6664285714285715 0.881979695431472 0.02 0.08121827411167512
3 0.6435714285714286 0.881979695431472 0.02142857142857143 0.07868020304568528
3 0.6171428571428571 0.8756345177664975 0.02142857142857143 0.08375634517766498
3 0.5932142857142857 0.8775380710659898 0.02214285714285714 0.0799492385786802
3 0.5692857142857143 0.8781725888324873 0.02142857142857143 0.08883248730964467
3 0.5457142857142857 0.8546954314720813 0.022857142857142857 0.0901015228426396
3 0.5221428571428571 0.8718274111675127 0.022857142857142857 0.08883248730964467
3 0.24071428571428571 0.7227157360406091 0.02142857142857143 0.08248730964467005
3 0.2642857142857143 0.5869289340101523 0.018571428571428572 0.06218274111675127
3 0.22535714285714287 0.40418781725888325 0.019285714285714285 0.05964467005076142
3 0.25357142857142856 0.3813451776649746 0.017142857142857144 0.05710659898477157
3 0.29892857142857143 0.3350253807106599 0.015 0.050761421319796954
3 0.29678571428571426 0.22461928934010153 0.017857142857142856 0.05583756345177665
3 0.22071428571428572 0.17385786802030456 0.017142857142857144 0.04314720812182741
3 0.2910714285714286 0.11230964467005077 0.015 0.046954314720812185
5 0.4117857142857143 0.9657360406091371 0.04071428571428572 0.06598984771573604