4 0.11544117647058824 0.14901960784313725 0.022058823529411766 0.07581699346405228
3 0.39889705882352944 0.022222222222222223 0.03602941176470588 0.04183006535947712
3 0.38933823529411765 0.13790849673202615 0.027205882352941177 0.027450980392156862
3 0.37720588235294117 0.2673202614379085 0.03529411764705882 0.03529411764705882
3 0.3886029411764706 0.30915032679738563 0.03308823529411765 0.030065359477124184
4 0.38676470588235295 0.09281045751633987 0.03823529411764706 0.03398692810457516
0 0.3665441176470588 0.04771241830065359 0.005147058823529412 0.01699346405228758
0 0.3352941176470588 0.1326797385620915 0.004411764705882353 0.01437908496732026
3 0.37463235294117647 0.17450980392156862 0.03161764705882353 0.03790849673202614
3 0.37426470588235294 0.3392156862745098 0.03676470588235294 0.027450980392156862
3 0.3698529411764706 0.38235294117647056 0.03529411764705882 0.030065359477124184
3 0.3176470588235294 0.44836601307189544 0.03676470588235294 0.03398692810457516
3 0.33786764705882355 0.5189542483660131 0.03455882352941177 0.04967320261437908
3 0.5088235294117647 0.05228758169934641 0.014705882352941176 0.06274509803921569
3 0.49264705882352944 0.5562091503267974 0.029411764705882353 0.058823529411764705
3 0.45625 0.634640522875817 0.01838235294117647 0.06143790849673202
3 0.4349264705882353 0.7444444444444445 0.016911764705882352 0.0718954248366013
3 0.48970588235294116 0.907843137254902 0.01911764705882353 0.06928104575163399
3 0.3375 0.7163398692810458 0.01764705882352941 0.06535947712418301
3 0.34595588235294117 0.5823529411764706 0.013970588235294118 0.06405228758169934
3 0.30367647058823527 0.6477124183006536 0.020588235294117647 0.0718954248366013
3 0.32941176470588235 0.9 0.01911764705882353 0.0718954248366013
9 0.2948529411764706 0.8045751633986928 0.011764705882352941 0.011764705882352941
9 0.29301470588235295 0.8699346405228758 0.0125 0.011764705882352941
9 0.28051470588235294 0.949673202614379 0.005147058823529412 0.02483660130718954
9 0.2985294117647059 0.20718954248366014 0.013235294117647059 0.01437908496732026
9 0.2933823529411765 0.29150326797385623 0.007352941176470588 0.023529411764705882
8 0.44816176470588237 0.038562091503267976 0.022794117647058822 0.07712418300653595
9 0.5878676470588236 0.07647058823529412 0.0125 0.0196078431372549
2 0.4386029411764706 0.2797385620915033 0.009558823529411765 0.01568627450980392
1 0.4389705882352941 0.2751633986928105 0.0058823529411764705 0.011764705882352941
0 0.5705882352941176 0.2647058823529412 0.004411764705882353 0.01437908496732026
0 0.5683823529411764 0.2601307189542484 0.004411764705882353 0.01045751633986928
0 0.5761029411764705 0.5490196078431373 0.006617647058823529 0.01045751633986928
0 0.5709558823529411 0.4 0.005147058823529412 0.013071895424836602
3 0.6930147058823529 0.047058823529411764 0.015441176470588236 0.06797385620915032
3 0.7150735294117647 0.045098039215686274 0.016911764705882352 0.05620915032679739
3 0.7360294117647059 0.056862745098039215 0.016176470588235296 0.050980392156862744
3 0.756985294117647 0.045098039215686274 0.016911764705882352 0.050980392156862744
3 0.7764705882352941 0.048366013071895426 0.016176470588235296 0.05751633986928104
3 0.8275735294117647 0.01241830065359477 0.027205882352941177 0.02483660130718954
3 0.6294117647058823 0.5143790849673202 0.033823529411764704 0.030065359477124184
3 0.9683823529411765 0.5549019607843138 0.03676470588235294 0.027450980392156862
3 0.9477941176470588 0.6444444444444445 0.029411764705882353 0.04967320261437908
4 0.7599264705882353 0.6503267973856209 0.03161764705882353 0.040522875816993466
3 0.5871323529411765 0.6823529411764706 0.015441176470588236 0.06535947712418301
3 0.6011029411764706 0.7398692810457517 0.028676470588235293 0.036601307189542485
3 0.5852941176470589 0.8104575163398693 0.01764705882352941 0.06797385620915032
3 0.5904411764705882 0.907843137254902 0.033823529411764704 0.06928104575163399
9 0.6433823529411765 0.9411764705882353 0.004411764705882353 0.026143790849673203
9 0.6338235294117647 0.9568627450980393 0.004411764705882353 0.023529411764705882
9 0.6330882352941176 0.9313725490196079 0.008823529411764706 0.01699346405228758
3 0.8411764705882353 0.9640522875816994 0.023529411764705882 0.06928104575163399
3 0.8786764705882353 0.9862745098039216 0.020588235294117647 0.027450980392156862
3 0.9025735294117647 0.9856209150326798 0.016911764705882352 0.02875816993464052
3 0.9779411764705882 0.9725490196078431 0.022058823529411766 0.054901960784313725
9 0.6441176470588236 0.7254901960784313 0.011764705882352941 0.00784313725490196
0 0.6261029411764706 0.8934640522875817 0.006617647058823529 0.011764705882352941
9 0.6422794117647059 0.681045751633987 0.006617647058823529 0.02091503267973856
0 0.6352941176470588 0.9836601307189542 0.0058823529411764705 0.009150326797385621