3 0.5167857142857143 0.21256345177664976 0.015 0.03426395939086294
3 0.5003571428571428 0.1649746192893401 0.013571428571428571 0.027918781725888325
3 0.5228571428571429 0.14720812182741116 0.01 0.025380710659898477
3 0.5428571428571428 0.10596446700507614 0.014285714285714285 0.024111675126903553
3 0.5542857142857143 0.03236040609137056 0.015714285714285715 0.024111675126903553
3 0.5321428571428571 0.03680203045685279 0.011428571428571429 0.017766497461928935
3 0.5892857142857143 0.015228426395939087 0.011428571428571429 0.02284263959390863
3 0.6028571428571429 0.26903553299492383 0.015714285714285715 0.03807106598984772
3 0.48464285714285715 0.26713197969543145 0.015 0.03680203045685279
4 0.4607142857142857 0.4530456852791878 0.03 0.08375634517766498
8 0.4107142857142857 0.5723350253807107 0.03857142857142857 0.1116751269035533
3 0.4089285714285714 0.7411167512690355 0.027857142857142858 0.06852791878172589
3 0.3603571428571429 0.7779187817258884 0.03642857142857143 0.07614213197969544
3 0.7146428571428571 0.46446700507614214 0.030714285714285715 0.050761421319796954
0 0.6521428571428571 0.1649746192893401 0.004285714285714286 0.02030456852791878
1 0.6003571428571428 0.03489847715736041 0.0035714285714285713 0.013959390862944163
9 0.5996428571428571 0.0399746192893401 0.005 0.013959390862944163