4 0.4539285714285714 0.9194162436548223 0.020714285714285713 0.06979695431472081
4 0.5596428571428571 0.6142131979695431 0.016428571428571428 0.04314720812182741
4 0.44607142857142856 0.5184010152284264 0.016428571428571428 0.03934010152284264
3 0.5460714285714285 0.39593908629441626 0.010714285714285714 0.025380710659898477
4 0.5103571428571428 0.47081218274111675 0.012142857142857143 0.04060913705583756
4 0.48642857142857143 0.35088832487309646 0.011428571428571429 0.01903553299492386
3 0.5442857142857143 0.33248730964467005 0.011428571428571429 0.025380710659898477
4 0.46214285714285713 0.3134517766497462 0.011428571428571429 0.02284263959390863
3 0.5121428571428571 0.29124365482233505 0.008571428571428572 0.01903553299492386
3 0.47785714285714287 0.2823604060913706 0.008571428571428572 0.01649746192893401
3 0.5407142857142857 0.2836294416243655 0.008571428571428572 0.021573604060913704
3 0.49142857142857144 0.24619289340101522 0.01 0.015228426395939087
3 0.5271428571428571 0.2519035532994924 0.008571428571428572 0.01903553299492386
3 0.5396428571428571 0.22715736040609136 0.007857142857142858 0.015228426395939087
3 0.5260714285714285 0.21256345177664976 0.007857142857142858 0.01903553299492386
3 0.5389285714285714 0.19860406091370558 0.009285714285714286 0.013959390862944163
3 0.5264285714285715 0.18781725888324874 0.007142857142857143 0.015228426395939087
5 0.11892857142857143 0.3293147208121827 0.030714285714285715 0.044416243654822336
0 0.5960714285714286 0.541243654822335 0.0064285714285714285 0.021573604060913704
0 0.6 0.5710659898477157 0.004285714285714286 0.02030456852791878
0 0.6292857142857143 0.575507614213198 0.005714285714285714 0.01903553299492386