0 0.5783088235294118 0.9856209150326798 0.008088235294117648 0.02875816993464052
1 0.5768382352941176 0.9771241830065359 0.006617647058823529 0.030065359477124184
0 0.5816176470588236 0.9790849673202614 0.008823529411764706 0.04183006535947712
3 0.44485294117647056 0.9529411764705882 0.051470588235294115 0.09411764705882353
3 0.45073529411764707 0.6450980392156863 0.029411764705882353 0.06928104575163399
0 0.8738970588235294 0.9803921568627451 0.015441176470588236 0.0392156862745098
3 0.8753676470588235 0.888235294117647 0.07573529411764705 0.09542483660130718
3 0.9672794117647059 0.7215686274509804 0.06544117647058824 0.06013071895424837
5 0.7941176470588235 0.7856209150326797 0.12352941176470589 0.12549019607843137
3 0.663235294117647 0.7516339869281046 0.047058823529411764 0.06797385620915032
1 0.8459558823529412 0.7281045751633987 0.013970588235294118 0.0392156862745098
6 0.8536764705882353 0.7411764705882353 0.052941176470588235 0.044444444444444446
3 0.9827205882352941 0.5777777777777777 0.03308823529411765 0.06274509803921569
3 0.9871323529411765 0.6516339869281046 0.025735294117647058 0.0457516339869281
3 0.9709558823529412 0.6620915032679738 0.05661764705882353 0.06143790849673202
3 0.9279411764705883 0.6470588235294118 0.051470588235294115 0.054901960784313725
3 0.9463235294117647 0.5686274509803921 0.03529411764705882 0.04967320261437908
3 0.9077205882352941 0.5535947712418301 0.03602941176470588 0.043137254901960784
3 0.8764705882352941 0.5424836601307189 0.03235294117647059 0.04183006535947712
3 0.8422794117647059 0.5320261437908497 0.03897058823529412 0.044444444444444446
0 0.89375 0.6098039215686275 0.008088235294117648 0.040522875816993466
0 0.8654411764705883 0.5888888888888889 0.011764705882352941 0.040522875816993466
0 0.8727941176470588 0.515032679738562 0.0058823529411764705 0.036601307189542485
0 0.8485294117647059 0.5117647058823529 0.0058823529411764705 0.03790849673202614
0 0.8341911764705883 0.5130718954248366 0.006617647058823529 0.032679738562091505
1 0.83125 0.5111111111111111 0.009558823529411765 0.02091503267973856
1 0.7198529411764706 0.6477124183006536 0.011764705882352941 0.030065359477124184
9 0.71875 0.6562091503267974 0.015441176470588236 0.03398692810457516
3 0.6220588235294118 0.5444444444444444 0.027941176470588237 0.03790849673202614
0 0.012867647058823529 0.969281045751634 0.013970588235294118 0.058823529411764705
1 0.0974264705882353 0.9673202614379085 0.01838235294117647 0.054901960784313725
1 0.10588235294117647 0.9575163398692811 0.029411764705882353 0.043137254901960784
2 0.04963235294117647 0.8339869281045752 0.03308823529411765 0.036601307189542485
9 0.08014705882352942 0.8261437908496732 0.033823529411764704 0.04183006535947712
3 0.07977941176470588 0.8026143790849674 0.08014705882352942 0.07058823529411765
3 0.09448529411764706 0.7745098039215687 0.0713235294117647 0.06143790849673202
3 0.10845588235294118 0.7477124183006536 0.0625 0.06013071895424837
3 0.11801470588235294 0.7254901960784313 0.05808823529411765 0.054901960784313725
7 0.1488970588235294 0.773202614379085 0.03602941176470588 0.07973856209150326
7 0.16139705882352942 0.7398692810457517 0.03308823529411765 0.06797385620915032
7 0.18161764705882352 0.6954248366013072 0.033823529411764704 0.06797385620915032
7 0.1963235294117647 0.6581699346405229 0.03235294117647059 0.05359477124183006
6 0.1275735294117647 0.6993464052287581 0.0625 0.05228758169934641
5 0.1400735294117647 0.6751633986928105 0.06397058823529411 0.05359477124183006
5 0.15183823529411763 0.6562091503267974 0.05955882352941176 0.05751633986928104
5 0.1661764705882353 0.6326797385620915 0.061764705882352944 0.05751633986928104
3 0.2525735294117647 0.6241830065359477 0.06838235294117648 0.0457516339869281
3 0.2665441176470588 0.5816993464052288 0.0625 0.044444444444444446
0 0.21764705882352942 0.5490196078431373 0.0058823529411764705 0.04183006535947712
1 0.23566176470588235 0.5509803921568628 0.008088235294117648 0.03790849673202614
3 0.29816176470588235 0.5111111111111111 0.04926470588235294 0.04183006535947712
3 0.40661764705882353 0.49019607843137253 0.022058823529411766 0.0392156862745098
3 0.4404411764705882 0.5026143790849673 0.022058823529411766 0.040522875816993466
3 0.47941176470588237 0.534640522875817 0.025 0.04967320261437908
3 0.33051470588235293 0.45359477124183006 0.04338235294117647 0.02875816993464052
3 0.31691176470588234 0.4287581699346405 0.041176470588235294 0.02875816993464052
2 0.3422794117647059 0.4137254901960784 0.015441176470588236 0.01699346405228758
2 0.2698529411764706 0.42287581699346405 0.008823529411764706 0.011764705882352941
9 0.2775735294117647 0.43594771241830066 0.005147058823529412 0.0196078431372549
9 0.2849264705882353 0.4196078431372549 0.0125 0.013071895424836602
0 0.3220588235294118 0.31895424836601305 0.0029411764705882353 0.013071895424836602
9 0.31985294117647056 0.3980392156862745 0.013235294117647059 0.011764705882352941
3 0.47205882352941175 0.44640522875816996 0.01911764705882353 0.03529411764705882
3 0.4551470588235294 0.4176470588235294 0.01911764705882353 0.030065359477124184
3 0.8455882352941176 0.681045751633987 0.07794117647058824 0.05228758169934641
3 0.825 0.6509803921568628 0.06911764705882353 0.05228758169934641
3 0.8113970588235294 0.6300653594771242 0.06838235294117648 0.04183006535947712
3 0.7981617647058824 0.6104575163398693 0.06691176470588235 0.04183006535947712
3 0.7838235294117647 0.5875816993464053 0.058823529411764705 0.040522875816993466
3 0.7639705882352941 0.5666666666666667 0.054411764705882354 0.048366013071895426
3 0.7433823529411765 0.5529411764705883 0.052941176470588235 0.0392156862745098
3 0.7275735294117647 0.5379084967320261 0.05367647058823529 0.03790849673202614
3 0.7169117647058824 0.5130718954248366 0.057352941176470586 0.040522875816993466
3 0.6191176470588236 0.44901960784313727 0.01911764705882353 0.032679738562091505
3 0.7132352941176471 0.4993464052287582 0.05 0.03137254901960784
4 0.7091911764705883 0.4823529411764706 0.04338235294117647 0.03137254901960784
1 0.7150735294117647 0.47124183006535947 0.006617647058823529 0.02483660130718954
3 0.6941176470588235 0.4699346405228758 0.052941176470588235 0.043137254901960784
1 0.7639705882352941 0.4444444444444444 0.004411764705882353 0.013071895424836602
1 0.7610294117647058 0.4418300653594771 0.0058823529411764705 0.01568627450980392
3 0.6845588235294118 0.46601307189542485 0.04411764705882353 0.027450980392156862
3 0.6746323529411765 0.4562091503267974 0.03897058823529412 0.023529411764705882
3 0.6738970588235295 0.4470588235294118 0.03602941176470588 0.026143790849673203
2 0.7158088235294118 0.40065359477124185 0.005147058823529412 0.01437908496732026
3 0.7022058823529411 0.4 0.022058823529411766 0.023529411764705882
2 0.6216911764705882 0.41241830065359475 0.005147058823529412 0.01437908496732026
1 0.600735294117647 0.43071895424836604 0.008823529411764706 0.02483660130718954
9 0.6011029411764706 0.43529411764705883 0.006617647058823529 0.018300653594771243
0 0.675 0.4261437908496732 0.0058823529411764705 0.026143790849673203
4 0.6654411764705882 0.4176470588235294 0.03529411764705882 0.030065359477124184
3 0.6474264705882353 0.41241830065359475 0.03455882352941177 0.02483660130718954
3 0.6441176470588236 0.40065359477124185 0.03529411764705882 0.022222222222222223
3 0.6404411764705882 0.3934640522875817 0.03529411764705882 0.023529411764705882
3 0.6683823529411764 0.3241830065359477 0.030882352941176472 0.018300653594771243
3 0.6404411764705882 0.34509803921568627 0.029411764705882353 0.018300653594771243
3 0.6066176470588235 0.365359477124183 0.03235294117647059 0.0196078431372549
3 0.6051470588235294 0.36013071895424836 0.029411764705882353 0.022222222222222223
1 0.569485294117647 0.3627450980392157 0.005147058823529412 0.01437908496732026
9 0.569485294117647 0.3660130718954248 0.005147058823529412 0.013071895424836602
4 0.5779411764705882 0.3535947712418301 0.025 0.022222222222222223
3 0.5852941176470589 0.3516339869281046 0.023529411764705882 0.018300653594771243
3 0.6077205882352941 0.33986928104575165 0.015441176470588236 0.02091503267973856
3 0.6257352941176471 0.3392156862745098 0.01764705882352941 0.022222222222222223
4 0.61875 0.3326797385620915 0.021323529411764706 0.0196078431372549
9 0.6294117647058823 0.32287581699346407 0.008823529411764706 0.01045751633986928
0 0.6213235294117647 0.31176470588235294 0.004411764705882353 0.01437908496732026
0 0.6139705882352942 0.3065359477124183 0.0029411764705882353 0.01699346405228758
0 0.6003676470588235 0.30915032679738563 0.003676470588235294 0.01437908496732026
9 0.6033088235294117 0.2901960784313726 0.008088235294117648 0.00784313725490196
3 0.5783088235294118 0.3235294117647059 0.016911764705882352 0.01699346405228758
0 0.5761029411764705 0.2856209150326797 0.003676470588235294 0.01437908496732026
3 0.5742647058823529 0.28104575163398693 0.01911764705882353 0.013071895424836602
3 0.5566176470588236 0.2725490196078431 0.01764705882352941 0.011764705882352941
3 0.4415441176470588 0.3686274509803922 0.013970588235294118 0.023529411764705882
3 0.3816176470588235 0.3568627450980392 0.014705882352941176 0.026143790849673203
3 0.4375 0.3 0.008823529411764706 0.01699346405228758
3 0.4753676470588235 0.28888888888888886 0.009558823529411765 0.013071895424836602
3 0.49411764705882355 0.29477124183006537 0.010294117647058823 0.01437908496732026
0 0.3948529411764706 0.3431372549019608 0.004411764705882353 0.0196078431372549
0 0.3977941176470588 0.32679738562091504 0.004411764705882353 0.018300653594771243
0 0.39338235294117646 0.330718954248366 0.004411764705882353 0.018300653594771243
3 0.38566176470588237 0.3333333333333333 0.0125 0.02091503267973856
3 0.3875 0.32679738562091504 0.010294117647058823 0.018300653594771243
3 0.3827205882352941 0.3202614379084967 0.022794117647058822 0.018300653594771243
3 0.38786764705882354 0.30980392156862746 0.022794117647058822 0.018300653594771243
3 0.3996323529411765 0.30522875816993467 0.0125 0.01699346405228758
3 0.38529411764705884 0.2875816993464052 0.01911764705882353 0.013071895424836602
5 0.4011029411764706 0.27647058823529413 0.013970588235294118 0.022222222222222223
3 0.3830882352941177 0.24705882352941178 0.016176470588235296 0.01045751633986928
3 0.43676470588235294 0.27712418300653596 0.008823529411764706 0.01568627450980392
3 0.43713235294117647 0.2601307189542484 0.008088235294117648 0.013071895424836602
3 0.43308823529411766 0.24509803921568626 0.007352941176470588 0.011764705882352941
1 0.4161764705882353 0.2758169934640523 0.0029411764705882353 0.00784313725490196
9 0.4161764705882353 0.2777777777777778 0.0029411764705882353 0.009150326797385621
0 0.41654411764705884 0.25163398692810457 0.0022058823529411764 0.011764705882352941
3 0.4088235294117647 0.2457516339869281 0.007352941176470588 0.013071895424836602
4 0.43014705882352944 0.2235294117647059 0.004411764705882353 0.01045751633986928
3 0.42683823529411763 0.23529411764705882 0.006617647058823529 0.01045751633986928
4 0.40036764705882355 0.2496732026143791 0.0125 0.01045751633986928
3 0.39191176470588235 0.2411764705882353 0.016176470588235296 0.009150326797385621
3 0.3875 0.238562091503268 0.016176470588235296 0.009150326797385621
3 0.3963235294117647 0.19019607843137254 0.004411764705882353 0.006535947712418301
0 0.4139705882352941 0.22941176470588234 0.0014705882352941176 0.009150326797385621
6 0.45073529411764707 0.2542483660130719 0.004411764705882353 0.009150326797385621
0 0.41801470588235295 0.22026143790849673 0.0022058823529411764 0.009150326797385621
1 0.4198529411764706 0.2222222222222222 0.0014705882352941176 0.00522875816993464
9 0.4202205882352941 0.22418300653594772 0.0022058823529411764 0.006535947712418301
3 0.41654411764705884 0.2130718954248366 0.005147058823529412 0.00784313725490196
3 0.4198529411764706 0.19934640522875818 0.004411764705882353 0.006535947712418301
3 0.42169117647058824 0.20065359477124184 0.005147058823529412 0.006535947712418301
0 0.42316176470588235 0.20784313725490197 0.0022058823529411764 0.00784313725490196
4 0.4349264705882353 0.1954248366013072 0.009558823529411765 0.006535947712418301
3 0.43014705882352944 0.19150326797385622 0.004411764705882353 0.006535947712418301
3 0.45992647058823527 0.18169934640522875 0.003676470588235294 0.00522875816993464
3 0.45294117647058824 0.2 0.004411764705882353 0.00784313725490196
0 0.4636029411764706 0.20065359477124184 0.0022058823529411764 0.006535947712418301
3 0.4724264705882353 0.21045751633986928 0.005147058823529412 0.00784313725490196
3 0.45992647058823527 0.22418300653594772 0.005147058823529412 0.009150326797385621
3 0.46433823529411766 0.23790849673202613 0.006617647058823529 0.01045751633986928
3 0.4672794117647059 0.25098039215686274 0.006617647058823529 0.013071895424836602
3 0.4716911764705882 0.2718954248366013 0.008088235294117648 0.013071895424836602
3 0.5058823529411764 0.3281045751633987 0.011764705882352941 0.018300653594771243
1 0.5507352941176471 0.3366013071895425 0.004411764705882353 0.01699346405228758
1 0.5577205882352941 0.33790849673202616 0.003676470588235294 0.01699346405228758
1 0.555514705882353 0.3392156862745098 0.0022058823529411764 0.011764705882352941
9 0.5503676470588236 0.3405228758169935 0.006617647058823529 0.011764705882352941
9 0.5573529411764706 0.3411764705882353 0.007352941176470588 0.01045751633986928
3 0.5466911764705882 0.3215686274509804 0.0125 0.018300653594771243
3 0.5419117647058823 0.3137254901960784 0.011764705882352941 0.01568627450980392
3 0.5378676470588235 0.3006535947712418 0.006617647058823529 0.013071895424836602
4 0.5305147058823529 0.29215686274509806 0.009558823529411765 0.01699346405228758
4 0.5275735294117647 0.2849673202614379 0.009558823529411765 0.01568627450980392
3 0.5393382352941176 0.269281045751634 0.011029411764705883 0.01045751633986928
3 0.5349264705882353 0.2647058823529412 0.016911764705882352 0.011764705882352941
3 0.5327205882352941 0.2542483660130719 0.013970588235294118 0.009150326797385621
5 0.5363970588235294 0.2529411764705882 0.0125 0.0196078431372549
2 0.5106617647058823 0.27124183006535946 0.0022058823529411764 0.009150326797385621
1 0.5106617647058823 0.2699346405228758 0.0022058823529411764 0.011764705882352941
3 0.5297794117647059 0.24901960784313726 0.013970588235294118 0.009150326797385621
3 0.5272058823529412 0.2477124183006536 0.014705882352941176 0.009150326797385621
9 0.4919117647058823 0.257516339869281 0.0029411764705882353 0.00784313725490196
1 0.4922794117647059 0.25620915032679736 0.0022058823529411764 0.01045751633986928
4 0.5202205882352942 0.20588235294117646 0.011029411764705883 0.009150326797385621
3 0.5272058823529412 0.2222222222222222 0.0058823529411764705 0.00784313725490196
0 0.5235294117647059 0.22026143790849673 0.0014705882352941176 0.009150326797385621
1 0.4834558823529412 0.2222222222222222 0.0022058823529411764 0.00522875816993464
9 0.4834558823529412 0.22287581699346407 0.0022058823529411764 0.006535947712418301
1 0.48713235294117646 0.2281045751633987 0.0022058823529411764 0.006535947712418301
1 0.4889705882352941 0.23137254901960785 0.0014705882352941176 0.00522875816993464
9 0.48713235294117646 0.22941176470588234 0.0022058823529411764 0.006535947712418301
9 0.4889705882352941 0.23333333333333334 0.0029411764705882353 0.006535947712418301
9 0.4922794117647059 0.23006535947712417 0.0022058823529411764 0.00522875816993464
3 0.5091911764705882 0.2542483660130719 0.008088235294117648 0.011764705882352941
3 0.5025735294117647 0.25163398692810457 0.008088235294117648 0.009150326797385621
4 0.49779411764705883 0.24640522875816995 0.0058823529411764705 0.009150326797385621
3 0.4948529411764706 0.23594771241830065 0.007352941176470588 0.009150326797385621