8 0.5539285714285714 0.524746192893401 0.06785714285714285 0.05456852791878172
8 0.5303571428571429 0.42385786802030456 0.03357142857142857 0.04568527918781726
8 0.5478571428571428 0.4333756345177665 0.037142857142857144 0.04949238578680203
8 0.5646428571428571 0.44352791878172587 0.03214285714285714 0.04949238578680203
8 0.5985714285714285 0.4397208121827411 0.03142857142857143 0.04949238578680203
8 0.6157142857142858 0.4460659898477157 0.03 0.05456852791878172
8 0.6371428571428571 0.45050761421319796 0.032857142857142856 0.05583756345177665
8 0.6582142857142858 0.45685279187817257 0.029285714285714286 0.05583756345177665
8 0.6778571428571428 0.4631979695431472 0.02857142857142857 0.0532994923857868
5 0.665 0.5329949238578681 0.06142857142857143 0.048223350253807105
5 0.6667857142857143 0.5158629441624365 0.05785714285714286 0.03680203045685279
5 0.6564285714285715 0.5006345177664975 0.09 0.05203045685279188
5 0.7014285714285714 0.475253807106599 0.022857142857142857 0.04949238578680203
5 0.5846428571428571 0.49682741116751267 0.055 0.03934010152284264
5 0.5842857142857143 0.48350253807106597 0.05285714285714286 0.03807106598984772
5 0.5942857142857143 0.46890862944162437 0.04857142857142857 0.04187817258883249
5 0.5317857142857143 0.5063451776649747 0.05928571428571429 0.03553299492385787
5 0.3221428571428571 0.4720812182741117 0.05142857142857143 0.04060913705583756
8 0.4567857142857143 0.4302030456852792 0.03357142857142857 0.050761421319796954
8 0.48035714285714287 0.4035532994923858 0.03642857142857143 0.0532994923857868
5 0.47535714285714287 0.4397208121827411 0.03357142857142857 0.046954314720812185
5 0.48857142857142855 0.4473350253807107 0.03142857142857143 0.03934010152284264
5 0.4982142857142857 0.4086294416243655 0.029285714285714286 0.04314720812182741
5 0.5128571428571429 0.4232233502538071 0.03142857142857143 0.046954314720812185
4 0.11107142857142857 0.18718274111675126 0.012142857142857143 0.011421319796954314
3 0.3342857142857143 0.21383248730964466 0.014285714285714285 0.011421319796954314
3 0.3414285714285714 0.21129441624365483 0.012857142857142857 0.011421319796954314
3 0.3532142857142857 0.20621827411167512 0.010714285714285714 0.011421319796954314
3 0.35642857142857143 0.20304568527918782 0.01 0.01015228426395939
3 0.36214285714285716 0.20050761421319796 0.011428571428571429 0.01015228426395939
4 0.3467857142857143 0.20748730964467005 0.012142857142857143 0.013959390862944163
5 0.07357142857142857 0.5374365482233503 0.032857142857142856 0.044416243654822336
3 0.5285714285714286 0.31408629441624364 0.014285714285714285 0.01649746192893401
3 0.6717857142857143 0.34390862944162437 0.02214285714285714 0.015228426395939087
3 0.7032142857142857 0.35088832487309646 0.02214285714285714 0.01649746192893401
3 0.7246428571428571 0.3470812182741117 0.012142857142857143 0.01903553299492386
3 0.7553571428571428 0.35786802030456855 0.016428571428571428 0.02030456852791878
3 0.7810714285714285 0.3743654822335025 0.017857142857142856 0.02030456852791878
0 0.5521428571428572 0.47588832487309646 0.002857142857142857 0.017766497461928935
0 0.5228571428571429 0.48350253807106597 0.004285714285714286 0.017766497461928935
0 0.5267857142857143 0.48350253807106597 0.005 0.02030456852791878
0 0.5175 0.49048223350253806 0.005 0.01903553299492386
5 0.6028571428571429 0.5260152284263959 0.07571428571428572 0.05203045685279188
4 0.6289285714285714 0.3381979695431472 0.019285714285714285 0.021573604060913704
3 0.4035714285714286 0.28045685279187815 0.017142857142857144 0.015228426395939087
3 0.41535714285714287 0.29949238578680204 0.017857142857142856 0.015228426395939087
3 0.43785714285714283 0.1884517766497462 0.01 0.011421319796954314
3 0.44642857142857145 0.1884517766497462 0.007142857142857143 0.011421319796954314
3 0.4525 0.18972081218274112 0.009285714285714286 0.011421319796954314
3 0.4675 0.1732233502538071 0.009285714285714286 0.008883248730964468
3 0.4757142857142857 0.17449238578680204 0.01 0.011421319796954314
8 0.4607142857142857 0.12246192893401016 0.02142857142857143 0.01649746192893401
3 0.37107142857142855 0.10786802030456853 0.009285714285714286 0.007614213197969543
3 0.4064285714285714 0.11738578680203046 0.005714285714285714 0.006345177664974619
3 0.4160714285714286 0.11104060913705584 0.0064285714285714285 0.006345177664974619
3 0.38 0.09390862944162437 0.008571428571428572 0.007614213197969543
3 0.45714285714285713 0.10025380710659898 0.01 0.005076142131979695
8 0.37642857142857145 0.12119289340101523 0.02142857142857143 0.013959390862944163
8 0.49142857142857144 0.11040609137055837 0.02142857142857143 0.015228426395939087
8 0.49142857142857144 0.11548223350253807 0.02 0.015228426395939087
5 0.4828571428571429 0.12119289340101523 0.018571428571428572 0.013959390862944163
8 0.5614285714285714 0.13261421319796954 0.018571428571428572 0.01903553299492386
8 0.5710714285714286 0.13261421319796954 0.017857142857142856 0.024111675126903553
8 0.6046428571428571 0.1351522842639594 0.017857142857142856 0.024111675126903553
3 0.6321428571428571 0.1453045685279188 0.005714285714285714 0.006345177664974619
3 0.6414285714285715 0.14974619289340102 0.007142857142857143 0.007614213197969543
3 0.7164285714285714 0.14022842639593908 0.011428571428571429 0.006345177664974619
3 0.7242857142857143 0.13705583756345177 0.01 0.01015228426395939
3 0.8103571428571429 0.3680203045685279 0.019285714285714285 0.017766497461928935
3 0.8221428571428572 0.366751269035533 0.014285714285714285 0.017766497461928935
3 0.845 0.3604060913705584 0.022857142857142857 0.017766497461928935
3 0.8564285714285714 0.3553299492385787 0.018571428571428572 0.017766497461928935
3 0.8825 0.3369289340101523 0.020714285714285713 0.01903553299492386
3 0.8853571428571428 0.3083756345177665 0.020714285714285713 0.015228426395939087
3 0.8885714285714286 0.3032994923857868 0.02 0.015228426395939087
3 0.8867857142857143 0.29314720812182743 0.02214285714285714 0.015228426395939087
3 0.8921428571428571 0.282994923857868 0.02 0.017766497461928935
3 0.8946428571428572 0.27918781725888325 0.019285714285714285 0.015228426395939087
3 0.8907142857142857 0.26649746192893403 0.018571428571428572 0.012690355329949238
3 0.8896428571428572 0.2620558375634518 0.019285714285714285 0.013959390862944163
3 0.8957142857142857 0.2569796954314721 0.018571428571428572 0.013959390862944163
3 0.8935714285714286 0.24428934010152284 0.018571428571428572 0.013959390862944163
3 0.8942857142857142 0.25 0.018571428571428572 0.015228426395939087
3 0.9707142857142858 0.30456852791878175 0.02142857142857143 0.015228426395939087
3 0.9671428571428572 0.2848984771573604 0.02142857142857143 0.013959390862944163
3 0.9707142857142858 0.2906091370558376 0.02142857142857143 0.015228426395939087
3 0.9717857142857143 0.3020304568527919 0.02214285714285714 0.015228426395939087
3 0.9185714285714286 0.28045685279187815 0.008571428571428572 0.015228426395939087
3 0.9135714285714286 0.22906091370558376 0.007142857142857143 0.013959390862944163
3 0.9425 0.22398477157360405 0.007857142857142858 0.013959390862944163
3 0.9628571428571429 0.20304568527918782 0.014285714285714285 0.007614213197969543
3 0.9642857142857143 0.20114213197969544 0.015714285714285715 0.008883248730964468
3 0.9096428571428572 0.1967005076142132 0.015 0.01015228426395939
3 0.9110714285714285 0.19035532994923857 0.015 0.012690355329949238
3 0.9114285714285715 0.18464467005076143 0.015714285714285715 0.011421319796954314
3 0.9017857142857143 0.217005076142132 0.017857142857142856 0.012690355329949238
3 0.9046428571428572 0.21446700507614214 0.016428571428571428 0.012690355329949238
5 0.8907142857142857 0.1916243654822335 0.025714285714285714 0.025380710659898477
3 0.8714285714285714 0.17639593908629442 0.007142857142857143 0.012690355329949238
5 0.9585714285714285 0.1034263959390863 0.008571428571428572 0.021573604060913704
3 0.9507142857142857 0.09961928934010152 0.005714285714285714 0.013959390862944163
0 0.9457142857142857 0.19035532994923857 0.002857142857142857 0.01015228426395939
0 0.9425 0.10025380710659898 0.0035714285714285713 0.007614213197969543
0 0.935 0.30076142131979694 0.004285714285714286 0.017766497461928935
0 0.9053571428571429 0.33756345177664976 0.005 0.015228426395939087
0 0.8925 0.3464467005076142 0.0035714285714285713 0.015228426395939087
0 0.9064285714285715 0.22779187817258884 0.002857142857142857 0.008883248730964468