0 0.9933823529411765 0.5189542483660131 0.013235294117647059 0.06797385620915032
6 0.9463235294117647 0.44836601307189544 0.07205882352941176 0.08888888888888889
0 0.625 0.5228758169934641 0.01764705882352941 0.06535947712418301
0 0.6400735294117647 0.5091503267973856 0.022794117647058822 0.0718954248366013
4 0.8492647058823529 0.31633986928104574 0.09705882352941177 0.12549019607843137
1 0.8595588235294118 0.41568627450980394 0.011764705882352941 0.05751633986928104
0 0.850735294117647 0.41633986928104577 0.016176470588235296 0.06143790849673202
0 0.8338235294117647 0.3954248366013072 0.01764705882352941 0.06143790849673202
0 0.7647058823529411 0.35294117647058826 0.013235294117647059 0.05751633986928104
0 0.79375 0.36013071895424836 0.011029411764705883 0.050980392156862744
0 0.7988970588235295 0.37777777777777777 0.0125 0.054901960784313725
4 0.794485294117647 0.4320261437908497 0.12573529411764706 0.15555555555555556
3 0.9540441176470589 0.044444444444444446 0.03455882352941177 0.04967320261437908
9 0.7566176470588235 0.016339869281045753 0.022058823529411766 0.030065359477124184
1 0.7643382352941176 0.01241830065359477 0.009558823529411765 0.02483660130718954
1 0.7588235294117647 0.01437908496732026 0.011764705882352941 0.02875816993464052
0 0.6816176470588236 0.34183006535947713 0.016176470588235296 0.05359477124183006
0 0.6691176470588235 0.33202614379084966 0.013235294117647059 0.06274509803921569
0 0.6463235294117647 0.3261437908496732 0.0058823529411764705 0.03790849673202614
3 0.6356617647058823 0.365359477124183 0.10073529411764706 0.11895424836601307
0 0.1323529411764706 0.3104575163398693 0.013235294117647059 0.05620915032679739
0 0.04926470588235294 0.01437908496732026 0.007352941176470588 0.02875816993464052
0 0.04522058823529412 0.013725490196078431 0.008088235294117648 0.027450980392156862
0 0.03272058823529412 0.011764705882352941 0.008088235294117648 0.023529411764705882
3 0.04963235294117647 0.04967320261437908 0.0625 0.05751633986928104
0 0.08051470588235295 0.03986928104575163 0.008088235294117648 0.043137254901960784
2 0.10294117647058823 0.058823529411764705 0.011764705882352941 0.04183006535947712
1 0.12683823529411764 0.06209150326797386 0.0125 0.02483660130718954
1 0.12352941176470589 0.12091503267973856 0.013235294117647059 0.02483660130718954
1 0.16433823529411765 0.1326797385620915 0.008088235294117648 0.022222222222222223
2 0.18455882352941178 0.036601307189542485 0.01764705882352941 0.03137254901960784
0 0.18051470588235294 0.03333333333333333 0.009558823529411765 0.03790849673202614
7 0.17573529411764705 0.08431372549019608 0.033823529411764704 0.040522875816993466
1 0.1676470588235294 0.07124183006535947 0.008823529411764706 0.03529411764705882
1 0.19044117647058822 0.0673202614379085 0.013235294117647059 0.0196078431372549
0 0.19375 0.01895424836601307 0.008088235294117648 0.03790849673202614
0 0.20036764705882354 0.024183006535947713 0.008088235294117648 0.040522875816993466
0 0.2099264705882353 0.02483660130718954 0.009558823529411765 0.04183006535947712
6 0.18933823529411764 0.011764705882352941 0.0375 0.023529411764705882
0 0.21948529411764706 0.024183006535947713 0.008088235294117648 0.043137254901960784
1 0.23272058823529412 0.042483660130718956 0.0125 0.0196078431372549
0 0.24154411764705883 0.10457516339869281 0.009558823529411765 0.036601307189542485
1 0.2275735294117647 0.1 0.0125 0.02483660130718954
1 0.22095588235294117 0.1111111111111111 0.008088235294117648 0.026143790849673203
0 0.24191176470588235 0.09215686274509804 0.007352941176470588 0.03529411764705882
0 0.25698529411764703 0.10392156862745099 0.006617647058823529 0.040522875816993466
5 0.2525735294117647 0.12091503267973856 0.06102941176470588 0.06405228758169934
4 0.28198529411764706 0.044444444444444446 0.0625 0.0784313725490196
4 0.3371323529411765 0.07581699346405228 0.06544117647058824 0.06274509803921569
3 0.3422794117647059 0.20261437908496732 0.06691176470588235 0.07320261437908497
0 0.3720588235294118 0.17973856209150327 0.010294117647058823 0.048366013071895426
1 0.3871323529411765 0.09869281045751634 0.009558823529411765 0.03529411764705882
1 0.4235294117647059 0.11960784313725491 0.013235294117647059 0.027450980392156862
9 0.38933823529411765 0.16143790849673204 0.011029411764705883 0.03790849673202614
0 0.38382352941176473 0.15816993464052287 0.008823529411764706 0.036601307189542485
0 0.42205882352941176 0.17320261437908496 0.011764705882352941 0.032679738562091505
7 0.41323529411764703 0.21176470588235294 0.058823529411764705 0.08888888888888889
7 0.4970588235294118 0.25359477124183005 0.057352941176470586 0.09411764705882353
2 0.5264705882352941 0.2457516339869281 0.025 0.0392156862745098
0 0.5279411764705882 0.2372549019607843 0.014705882352941176 0.03790849673202614
6 0.5386029411764706 0.17124183006535948 0.04779411764705882 0.04967320261437908
0 0.5911764705882353 0.19477124183006536 0.008823529411764706 0.047058823529411764
0 0.6393382352941176 0.2130718954248366 0.011029411764705883 0.05228758169934641
3 0.5327205882352941 0.05555555555555555 0.05808823529411765 0.05620915032679739
3 0.6566176470588235 0.06797385620915032 0.06470588235294118 0.05228758169934641