8 0.46285714285714286 0.649746192893401 0.032857142857142856 0.2182741116751269
3 0.28214285714285714 0.8432741116751269 0.03142857142857143 0.09263959390862944
3 0.38392857142857145 0.5748730964467005 0.025 0.06852791878172589
3 0.33285714285714285 0.5850253807106599 0.027142857142857142 0.06345177664974619
3 0.5046428571428572 0.2817258883248731 0.020714285714285713 0.06345177664974619
3 0.4139285714285714 0.2982233502538071 0.017857142857142856 0.048223350253807105
3 0.3539285714285714 0.3217005076142132 0.017857142857142856 0.04949238578680203
5 0.37642857142857145 0.3267766497461929 0.03142857142857143 0.10532994923857868
3 0.3964285714285714 0.20812182741116753 0.017142857142857144 0.03553299492385787
3 0.4639285714285714 0.13451776649746192 0.016428571428571428 0.03807106598984772
3 0.3792857142857143 0.1649746192893401 0.015714285714285715 0.03807106598984772
3 0.4164285714285714 0.07043147208121828 0.014285714285714285 0.02918781725888325
3 0.3917857142857143 0.061548223350253804 0.016428571428571428 0.03680203045685279
4 0.47535714285714287 0.01967005076142132 0.016428571428571428 0.03934010152284264
3 0.43785714285714283 0.012055837563451776 0.017142857142857144 0.024111675126903553
3 0.029285714285714286 0.6808375634517766 0.03142857142857143 0.06218274111675127
3 0.015714285714285715 0.7474619289340102 0.03142857142857143 0.07868020304568528
3 0.10142857142857142 0.4854060913705584 0.022857142857142857 0.04187817258883249
3 0.08321428571428571 0.491751269035533 0.025 0.04187817258883249
3 0.09464285714285714 0.4486040609137056 0.02642857142857143 0.03934010152284264
3 0.12142857142857143 0.36484771573604063 0.02 0.03934010152284264
3 0.19428571428571428 0.35723350253807107 0.02 0.04187817258883249
3 0.13214285714285715 0.33185279187817257 0.02142857142857143 0.03426395939086294
8 0.22964285714285715 0.24555837563451777 0.029285714285714286 0.06979695431472081
4 0.2557142857142857 0.12246192893401016 0.015714285714285715 0.03426395939086294
3 0.21392857142857144 0.10913705583756345 0.02642857142857143 0.027918781725888325
3 0.1792857142857143 0.12563451776649745 0.03 0.02284263959390863
3 0.13285714285714287 0.12753807106598986 0.025714285714285714 0.024111675126903553
0 0.6482142857142857 0.06472081218274112 0.007857142857142858 0.02030456852791878
0 0.6514285714285715 0.01713197969543147 0.005714285714285714 0.013959390862944163
0 0.6667857142857143 0.0932741116751269 0.0064285714285714285 0.0266497461928934
0 0.6746428571428571 0.14720812182741116 0.0064285714285714285 0.02030456852791878
0 0.6085714285714285 0.04568527918781726 0.007142857142857143 0.017766497461928935
0 0.5735714285714286 0.04251269035532995 0.007142857142857143 0.013959390862944163
0 0.5907142857142857 0.04251269035532995 0.005714285714285714 0.01649746192893401
0 0.5914285714285714 0.061548223350253804 0.005714285714285714 0.01649746192893401
0 0.5832142857142857 0.0932741116751269 0.012142857142857143 0.013959390862944163
0 0.6310714285714286 0.1034263959390863 0.0064285714285714285 0.01649746192893401
1 0.5982142857142857 0.15545685279187818 0.012142857142857143 0.011421319796954314
1 0.6103571428571428 0.2468274111675127 0.012142857142857143 0.01649746192893401
0 0.6760714285714285 0.28743654822335024 0.005 0.01649746192893401
0 0.6892857142857143 0.31916243654822335 0.007142857142857143 0.0266497461928934
0 0.6832142857142857 0.33121827411167515 0.007857142857142858 0.015228426395939087
0 0.6735714285714286 0.342005076142132 0.007142857142857143 0.01903553299492386
0 0.6814285714285714 0.3597715736040609 0.004285714285714286 0.01903553299492386
0 0.6757142857142857 0.3635786802030457 0.004285714285714286 0.01903553299492386
0 0.6603571428571429 0.3401015228426396 0.005 0.017766497461928935
0 0.6210714285714286 0.3730964467005076 0.0064285714285714285 0.015228426395939087
0 0.6278571428571429 0.4213197969543147 0.005714285714285714 0.02030456852791878
0 0.6989285714285715 0.39086294416243655 0.005 0.02284263959390863
0 0.7035714285714286 0.434010152284264 0.005714285714285714 0.025380710659898477
0 0.6564285714285715 0.5901015228426396 0.008571428571428572 0.02030456852791878
0 0.6610714285714285 0.7246192893401016 0.007857142857142858 0.02284263959390863
0 0.6164285714285714 0.6814720812182741 0.008571428571428572 0.017766497461928935
0 0.6960714285714286 0.7709390862944162 0.009285714285714286 0.0266497461928934
0 0.1682142857142857 0.10469543147208121 0.005 0.013959390862944163
0 0.11571428571428571 0.3381979695431472 0.007142857142857143 0.01903553299492386
0 0.18571428571428572 0.35406091370558374 0.007142857142857143 0.015228426395939087
0 0.2375 0.24555837563451777 0.005 0.01649746192893401
0 0.6389285714285714 0.012690355329949238 0.0064285714285714285 0.015228426395939087
0 0.5821428571428572 0.030456852791878174 0.005714285714285714 0.01015228426395939
0 0.5978571428571429 0.06535532994923858 0.005714285714285714 0.01649746192893401
0 0.6242857142857143 0.10215736040609137 0.005714285714285714 0.01649746192893401
0 0.6189285714285714 0.10279187817258884 0.005 0.012690355329949238
0 0.6235714285714286 0.38515228426395937 0.005714285714285714 0.01649746192893401
0 0.6314285714285715 0.42576142131979694 0.005714285714285714 0.01903553299492386
0 0.5417857142857143 0.3895939086294416 0.007857142857142858 0.025380710659898477
0 0.6657142857142857 0.6008883248730964 0.008571428571428572 0.01649746192893401