3 0.9771428571428571 0.8635786802030457 0.04 0.10279187817258884
3 0.9835714285714285 0.7601522842639594 0.032857142857142856 0.11421319796954314
3 0.7467857142857143 0.39720812182741116 0.045 0.07106598984771574
3 0.7060714285714286 0.04378172588832487 0.03642857142857143 0.04949238578680203
3 0.6932142857142857 0.024746192893401017 0.03785714285714286 0.04949238578680203
9 0.7525 0.10279187817258884 0.020714285714285713 0.03807106598984772
9 0.7789285714285714 0.116751269035533 0.02214285714285714 0.025380710659898477
3 0.6792857142857143 0.017766497461928935 0.04 0.03553299492385787
3 0.6585714285714286 0.010786802030456852 0.027142857142857142 0.021573604060913704
3 0.4589285714285714 0.48921319796954316 0.047857142857142855 0.0799492385786802
3 0.4042857142857143 0.46383248730964466 0.05857142857142857 0.046954314720812185
3 0.3296428571428571 0.5361675126903553 0.035 0.09771573604060914
3 0.5146428571428572 0.3743654822335025 0.056428571428571425 0.048223350253807105
3 0.44 0.37119289340101524 0.05714285714285714 0.044416243654822336
3 0.37714285714285717 0.35786802030456855 0.04285714285714286 0.048223350253807105
3 0.26142857142857145 0.3401015228426396 0.05714285714285714 0.048223350253807105
3 0.26607142857142857 0.47588832487309646 0.04928571428571429 0.06852791878172589
3 0.04535714285714286 0.23540609137055837 0.056428571428571425 0.0850253807106599
3 0.02 0.23223350253807107 0.04 0.07360406091370558