2 0.2815 0.939 0.166 0.122
0 0.504 0.839 0.028 0.06333333333333334
0 0.5395 0.907 0.032 0.06866666666666667
0 0.483 0.9356666666666666 0.089 0.12866666666666668
3 0.6015 0.685 0.079 0.18733333333333332
3 0.47675 0.572 0.0605 0.124
3 0.39475 0.592 0.0565 0.13466666666666666
3 0.69125 0.5576666666666666 0.0715 0.14466666666666667
4 0.7485 0.5376666666666666 0.075 0.13266666666666665
4 0.86275 0.8986666666666666 0.1455 0.20266666666666666
4 0.755 0.9436666666666667 0.094 0.11266666666666666
9 0.89525 0.7543333333333333 0.0615 0.051333333333333335
3 0.6825 0.43 0.082 0.092
3 0.646 0.3586666666666667 0.079 0.09466666666666666
4 0.58425 0.31133333333333335 0.0745 0.08533333333333333
4 0.5255 0.453 0.051 0.12066666666666667
3 0.431 0.402 0.104 0.07066666666666667
3 0.37975 0.36466666666666664 0.1045 0.05733333333333333
6 0.2885 0.41633333333333333 0.028 0.07266666666666667
3 0.37325 0.327 0.0975 0.046
3 0.38025 0.287 0.0965 0.05
3 0.394 0.24333333333333335 0.089 0.058666666666666666
3 0.37775 0.22266666666666668 0.0835 0.048
5 0.467 0.25733333333333336 0.046 0.09066666666666667
3 0.438 0.17366666666666666 0.068 0.058
3 0.3815 0.15066666666666667 0.07 0.048
3 0.43425 0.13433333333333333 0.0635 0.04066666666666666
4 0.592 0.10966666666666666 0.043 0.051333333333333335
0 0.61525 0.08233333333333333 0.0085 0.03666666666666667
3 0.80325 0.10933333333333334 0.0375 0.048
3 0.9825 0.326 0.035 0.05466666666666667
4 0.9755 0.264 0.049 0.06133333333333333
3 0.951 0.19033333333333333 0.034 0.054
3 0.99075 0.193 0.0185 0.04066666666666666
4 0.562 0.05733333333333333 0.047 0.03866666666666667
3 0.55 0.04533333333333334 0.039 0.029333333333333333
4 0.578 0.017 0.06 0.034
4 0.45225 0.030333333333333334 0.0225 0.048666666666666664
5 0.422 0.08 0.055 0.04
9 0.3115 0.6066666666666667 0.027 0.068
2 0.33375 0.5476666666666666 0.0465 0.04733333333333333
5 0.4055 0.456 0.168 0.104
3 0.73425 0.05366666666666667 0.0275 0.035333333333333335