3 0.06642857142857143 0.04885786802030457 0.037142857142857144 0.04949238578680203
4 0.02035714285714286 0.10215736040609137 0.04071428571428572 0.04949238578680203
4 0.025357142857142856 0.18274111675126903 0.045 0.03553299492385787
3 0.014285714285714285 0.2201776649746193 0.02857142857142857 0.02918781725888325
8 0.08857142857142856 0.1802030456852792 0.06857142857142857 0.04060913705583756
4 0.18107142857142858 0.1833756345177665 0.04214285714285714 0.031725888324873094
4 0.17857142857142858 0.22144670050761422 0.037142857142857144 0.02918781725888325
3 0.12357142857142857 0.22461928934010153 0.04 0.027918781725888325
3 0.06464285714285714 0.22461928934010153 0.03642857142857143 0.027918781725888325
4 0.10285714285714286 0.25380710659898476 0.04285714285714286 0.027918781725888325
3 0.04285714285714286 0.25444162436548223 0.04428571428571428 0.03426395939086294
3 0.03535714285714286 0.33121827411167515 0.04214285714285714 0.027918781725888325
4 0.05857142857142857 0.2893401015228426 0.05285714285714286 0.030456852791878174
3 0.12464285714285714 0.2963197969543147 0.04071428571428572 0.0266497461928934
4 0.17392857142857143 0.2550761421319797 0.04071428571428572 0.027918781725888325
3 0.18357142857142858 0.29441624365482233 0.041428571428571426 0.027918781725888325
3 0.18 0.3293147208121827 0.041428571428571426 0.02918781725888325
8 0.10428571428571429 0.3280456852791878 0.07142857142857142 0.03934010152284264
0 0.2025 0.04187817258883249 0.0064285714285714285 0.017766497461928935
0 0.2075 0.027918781725888325 0.0064285714285714285 0.017766497461928935
0 0.22535714285714287 0.02284263959390863 0.007857142857142858 0.017766497461928935
0 0.2342857142857143 0.02284263959390863 0.005714285714285714 0.017766497461928935
0 0.235 0.04314720812182741 0.007142857142857143 0.017766497461928935
3 0.2735714285714286 0.9060913705583756 0.02 0.07868020304568528
3 0.27964285714285714 0.8045685279187818 0.020714285714285713 0.07360406091370558
3 0.26071428571428573 0.6967005076142132 0.02857142857142857 0.06345177664974619
3 0.30892857142857144 0.7030456852791879 0.017857142857142856 0.07360406091370558
3 0.3 0.9352791878172588 0.02142857142857143 0.07360406091370558
4 0.3067857142857143 0.8185279187817259 0.019285714285714285 0.07868020304568528
0 0.33285714285714285 0.017766497461928935 0.005714285714285714 0.017766497461928935
0 0.32035714285714284 0.04631979695431472 0.005 0.01903553299492386
0 0.33785714285714286 0.0532994923857868 0.005714285714285714 0.02030456852791878
0 0.3275 0.07487309644670051 0.005 0.017766497461928935
0 0.32071428571428573 0.07804568527918782 0.004285714285714286 0.011421319796954314
0 0.32035714285714284 0.07550761421319797 0.0035714285714285713 0.01649746192893401
8 0.29892857142857143 0.383248730964467 0.060714285714285714 0.04568527918781726
0 0.4825 0.7525380710659898 0.007857142857142858 0.015228426395939087
0 0.48392857142857143 0.9892131979695431 0.007857142857142858 0.01649746192893401
0 0.4810714285714286 0.6624365482233503 0.0064285714285714285 0.012690355329949238
0 0.47785714285714287 0.641497461928934 0.007142857142857143 0.013959390862944163
0 0.5578571428571428 0.6199238578680203 0.005714285714285714 0.013959390862944163
4 0.6503571428571429 0.05266497461928934 0.016428571428571428 0.046954314720812185
3 0.6821428571428572 0.05139593908629442 0.017142857142857144 0.044416243654822336
8 0.6621428571428571 0.42449238578680204 0.06142857142857143 0.03934010152284264
0 0.6264285714285714 0.5666243654822335 0.008571428571428572 0.011421319796954314
0 0.6071428571428571 0.5812182741116751 0.007142857142857143 0.007614213197969543
0 0.6303571428571428 0.6123096446700508 0.0064285714285714285 0.008883248730964468
0 0.6253571428571428 0.6427664974619289 0.007857142857142858 0.013959390862944163
0 0.6325 0.6364213197969543 0.005 0.011421319796954314
0 0.6353571428571428 0.6649746192893401 0.005 0.012690355329949238
0 0.6285714285714286 0.6573604060913706 0.007142857142857143 0.015228426395939087
0 0.675 0.7290609137055838 0.005714285714285714 0.011421319796954314
3 0.6996428571428571 0.0532994923857868 0.016428571428571428 0.04568527918781726
0 0.7514285714285714 0.11357868020304568 0.005714285714285714 0.01903553299492386
0 0.7439285714285714 0.10723350253807107 0.005 0.013959390862944163
3 0.8464285714285714 0.05139593908629442 0.018571428571428572 0.05203045685279188
0 0.8510714285714286 0.031725888324873094 0.005 0.012690355329949238
3 0.8785714285714286 0.0532994923857868 0.02 0.048223350253807105
4 0.9285714285714286 0.0450507614213198 0.02142857142857143 0.05456852791878172
3 0.9903571428571428 0.04568527918781726 0.019285714285714285 0.048223350253807105