3 0.7460714285714286 0.0133248730964467 0.013571428571428571 0.0266497461928934
3 0.7885714285714286 0.11421319796954314 0.015714285714285715 0.03299492385786802
3 0.8471428571428572 0.008883248730964468 0.018571428571428572 0.017766497461928935
9 0.7521428571428571 0.309010152284264 0.007142857142857143 0.01903553299492386
1 0.7525 0.30647208121827413 0.005 0.011421319796954314
3 0.8857142857142857 0.3610406091370558 0.032857142857142856 0.031725888324873094
3 0.8539285714285715 0.4676395939086294 0.020714285714285713 0.05203045685279188
3 0.7975 0.5691624365482234 0.02214285714285714 0.05203045685279188
4 0.8267857142857142 0.5685279187817259 0.023571428571428573 0.0532994923857868
0 0.5646428571428571 0.1434010152284264 0.0035714285714285713 0.012690355329949238
0 0.5635714285714286 0.19860406091370558 0.004285714285714286 0.01649746192893401