3 0.5754175365344467 0.017161410018552876 0.02244258872651357 0.03432282003710575
3 0.3496868475991649 0.29545454545454547 0.03549060542797495 0.10853432282003711
4 0.33481210855949894 0.4137291280148423 0.037056367432150315 0.10946196660482375
4 0.4705114822546973 0.4893320964749536 0.031837160751565764 0.12894248608534323
4 0.3144572025052192 0.562152133580705 0.04123173277661795 0.11688311688311688
4 0.3040187891440501 0.6948051948051948 0.04018789144050104 0.11317254174397032
4 0.2737473903966597 0.9243970315398887 0.055845511482254695 0.1326530612244898
3 0.4412839248434238 0.8228200371057514 0.04018789144050104 0.15769944341372913
6 0.5161795407098121 0.6535250463821892 0.024008350730688934 0.05102040816326531
9 0.6067327766179541 0.9805194805194806 0.0360125260960334 0.027829313543599257
9 0.6764091858037579 0.577922077922078 0.029227557411273485 0.02040816326530612
9 0.718945720250522 0.5199443413729128 0.02244258872651357 0.023191094619666047
2 0.7395615866388309 0.5528756957328386 0.022964509394572025 0.02040816326530612
0 0.717901878914405 0.5570500927643784 0.014091858037578288 0.02504638218923933