4 0.6210714285714286 0.7531725888324873 0.07785714285714286 0.1967005076142132
4 0.8921428571428571 0.45050761421319796 0.05285714285714286 0.11928934010152284
3 0.48392857142857143 0.4885786802030457 0.045 0.11928934010152284
3 0.5278571428571428 0.44923857868020306 0.04857142857142857 0.09644670050761421
3 0.3507142857142857 0.6027918781725888 0.09571428571428571 0.09137055837563451
3 0.3607142857142857 0.7760152284263959 0.11857142857142858 0.1281725888324873
3 0.36464285714285716 0.6941624365482234 0.10785714285714286 0.06852791878172589
3 0.5664285714285714 0.8032994923857868 0.06571428571428571 0.18274111675126903
3 0.9425 0.748730964467005 0.10357142857142858 0.18527918781725888
3 0.9025 0.6630710659898477 0.095 0.15101522842639595
3 0.9382142857142857 0.5120558375634517 0.052142857142857144 0.13071065989847716
3 0.8614285714285714 0.6053299492385786 0.1 0.116751269035533
3 0.8296428571428571 0.5425126903553299 0.07785714285714286 0.10786802030456853
3 0.7996428571428571 0.4936548223350254 0.08785714285714286 0.09898477157360407
3 0.7725 0.4346446700507614 0.08214285714285714 0.10532994923857868
3 0.8221428571428572 0.34073604060913704 0.041428571428571426 0.13324873096446702
3 0.7496428571428572 0.3953045685279188 0.08214285714285714 0.10786802030456853
3 0.7739285714285714 0.2969543147208122 0.04357142857142857 0.116751269035533
3 0.7164285714285714 0.3546954314720812 0.07428571428571429 0.09517766497461928
3 0.69 0.32741116751269034 0.06 0.08629441624365482
3 0.43964285714285717 0.22779187817258884 0.05928571428571429 0.06472081218274112
3 0.5125 0.18908629441624367 0.05357142857142857 0.07106598984771574
3 0.5932142857142857 0.13959390862944163 0.04928571428571429 0.06598984771573604
3 0.6810714285714285 0.15736040609137056 0.055 0.0583756345177665
3 0.6532142857142857 0.11230964467005077 0.060714285714285714 0.05710659898477157
3 0.655 0.07804568527918782 0.045714285714285714 0.05710659898477157
3 0.7360714285714286 0.07423857868020305 0.04357142857142857 0.05710659898477157
3 0.8028571428571428 0.03680203045685279 0.05 0.05583756345177665
3 0.3407142857142857 0.5215736040609137 0.07 0.07868020304568528
3 0.525 0.08439086294416244 0.032857142857142856 0.05710659898477157
3 0.6221428571428571 0.04187817258883249 0.03142857142857143 0.05583756345177665
3 0.6517857142857143 0.024111675126903553 0.03214285714285714 0.048223350253807105
3 0.4967857142857143 0.10152284263959391 0.03214285714285714 0.05583756345177665
3 0.8553571428571428 0.3946700507614213 0.04071428571428572 0.10406091370558376
5 0.205 0.8166243654822335 0.18857142857142858 0.21446700507614214
5 0.20214285714285715 0.9384517766497462 0.20142857142857143 0.12055837563451777
3 0.36964285714285716 0.916243654822335 0.11785714285714285 0.11421319796954314
4 0.36964285714285716 0.9676395939086294 0.145 0.06218274111675127
4 0.5471428571428572 0.01967005076142132 0.06285714285714286 0.03680203045685279
3 0.48392857142857143 0.05583756345177665 0.056428571428571425 0.04060913705583756
3 0.7578571428571429 0.037436548223350255 0.055714285714285716 0.05710659898477157
0 0.19428571428571428 0.2982233502538071 0.011428571428571429 0.03553299492385787
0 0.18607142857142858 0.29949238578680204 0.010714285714285714 0.04314720812182741
0 0.2557142857142857 0.1998730964467005 0.014285714285714285 0.02918781725888325