3 0.5139705882352941 0.5594771241830065 0.041176470588235294 0.08888888888888889
3 0.4852941176470588 0.4594771241830065 0.033823529411764704 0.06143790849673202
3 0.4823529411764706 0.39869281045751637 0.027941176470588237 0.054901960784313725
3 0.47573529411764703 0.3287581699346405 0.027941176470588237 0.0457516339869281
3 0.46875 0.2849673202614379 0.022794117647058822 0.04183006535947712
3 0.47205882352941175 0.22941176470588234 0.022058823529411766 0.040522875816993466
3 0.5084558823529411 0.22026143790849673 0.021323529411764706 0.030065359477124184
3 0.26323529411764707 0.711764705882353 0.057352941176470586 0.14248366013071895
3 0.3209558823529412 0.4196078431372549 0.03602941176470588 0.0784313725490196
3 0.17573529411764705 0.4437908496732026 0.054411764705882354 0.08758169934640522
3 0.21691176470588236 0.21176470588235294 0.045588235294117645 0.044444444444444446
3 0.1625 0.17320261437908496 0.03529411764705882 0.030065359477124184
3 0.21213235294117647 0.1287581699346405 0.04191176470588235 0.027450980392156862
3 0.3764705882352941 0.13529411764705881 0.03676470588235294 0.022222222222222223
3 0.40698529411764706 0.1111111111111111 0.03161764705882353 0.023529411764705882
3 0.4496323529411765 0.10522875816993464 0.02426470588235294 0.022222222222222223
3 0.49963235294117647 0.08954248366013072 0.025735294117647058 0.022222222222222223
3 0.47058823529411764 0.06601307189542484 0.011764705882352941 0.0196078431372549
3 0.5955882352941176 0.09477124183006536 0.026470588235294117 0.022222222222222223
3 0.6183823529411765 0.09084967320261438 0.022058823529411766 0.0196078431372549
3 0.45330882352941176 0.14640522875816994 0.03455882352941177 0.02875816993464052
3 0.05073529411764706 0.09084967320261438 0.03529411764705882 0.0196078431372549
3 0.05073529411764706 0.1065359477124183 0.03235294117647059 0.0196078431372549
3 0.06323529411764706 0.11633986928104575 0.04411764705882353 0.02091503267973856
4 0.13272058823529412 0.08823529411764706 0.04044117647058824 0.027450980392156862
3 0.18345588235294116 0.09215686274509804 0.03308823529411765 0.0196078431372549
3 0.22426470588235295 0.09084967320261438 0.029411764705882353 0.022222222222222223
4 0.21948529411764706 0.0738562091503268 0.028676470588235293 0.030065359477124184
3 0.27205882352941174 0.02875816993464052 0.016176470588235296 0.01568627450980392
3 0.3669117647058823 0.03594771241830065 0.011764705882352941 0.01437908496732026
5 0.27389705882352944 0.06274509803921569 0.03161764705882353 0.026143790849673203
3 0.17904411764705883 0.19084967320261437 0.03161764705882353 0.03137254901960784
4 0.020588235294117647 0.15490196078431373 0.041176470588235294 0.03790849673202614
0 0.09889705882352941 0.14052287581699346 0.006617647058823529 0.027450980392156862
0 0.10698529411764705 0.1450980392156863 0.005147058823529412 0.026143790849673203
9 0.10808823529411765 0.14705882352941177 0.016176470588235296 0.0196078431372549
9 0.26580882352941176 0.13529411764705881 0.015441176470588236 0.01437908496732026
0 0.2647058823529412 0.12810457516339868 0.007352941176470588 0.023529411764705882
0 0.3025735294117647 0.1084967320261438 0.005147058823529412 0.026143790849673203
0 0.3209558823529412 0.06274509803921569 0.003676470588235294 0.018300653594771243
0 0.31066176470588236 0.060784313725490195 0.003676470588235294 0.0196078431372549
0 0.31580882352941175 0.06143790849673202 0.003676470588235294 0.01568627450980392
0 0.2525735294117647 0.19607843137254902 0.006617647058823529 0.02091503267973856
0 0.4334558823529412 0.2 0.008088235294117648 0.02875816993464052
0 0.4360294117647059 0.2019607843137255 0.008823529411764706 0.030065359477124184
0 0.5246323529411765 0.08823529411764706 0.005147058823529412 0.02483660130718954
0 0.5154411764705882 0.08496732026143791 0.004411764705882353 0.026143790849673203
0 0.46875 0.08758169934640522 0.005147058823529412 0.018300653594771243
0 0.44375 0.07908496732026143 0.005147058823529412 0.01699346405228758
0 0.4389705882352941 0.07712418300653595 0.0058823529411764705 0.018300653594771243
3 0.43713235294117647 0.0738562091503268 0.0125 0.0196078431372549
3 0.5183823529411765 0.044444444444444446 0.010294117647058823 0.01568627450980392
3 0.5911764705882353 0.08366013071895424 0.023529411764705882 0.02091503267973856
3 0.5797794117647059 0.07777777777777778 0.022794117647058822 0.0196078431372549
3 0.5691176470588235 0.07058823529411765 0.022058823529411766 0.018300653594771243
3 0.5602941176470588 0.0673202614379085 0.01911764705882353 0.01699346405228758
3 0.5408088235294117 0.060784313725490195 0.009558823529411765 0.01699346405228758
3 0.5643382352941176 0.0542483660130719 0.022794117647058822 0.01699346405228758
4 0.5540441176470589 0.06143790849673202 0.019852941176470587 0.02091503267973856
3 0.5558823529411765 0.044444444444444446 0.011764705882352941 0.018300653594771243
4 0.5411764705882353 0.04967320261437908 0.010294117647058823 0.02091503267973856
0 0.5705882352941176 0.03398692810457516 0.004411764705882353 0.01568627450980392
0 0.48566176470588235 0.04771241830065359 0.003676470588235294 0.01437908496732026
0 0.4985294117647059 0.04967320261437908 0.0029411764705882353 0.013071895424836602
9 0.4860294117647059 0.05163398692810457 0.004411764705882353 0.01437908496732026
3 0.4238970588235294 0.01764705882352941 0.009558823529411765 0.01699346405228758
0 0.37977941176470587 0.03594771241830065 0.003676470588235294 0.01437908496732026
9 0.37977941176470587 0.0392156862745098 0.006617647058823529 0.013071895424836602
3 0.31066176470588236 0.03986928104575163 0.030147058823529412 0.022222222222222223
4 0.04742647058823529 0.4849673202614379 0.09338235294117647 0.07058823529411765
1 0.8044117647058824 0.3764705882352941 0.013235294117647059 0.03137254901960784
3 0.8014705882352942 0.20130718954248367 0.03823529411764706 0.03398692810457516
3 0.7875 0.18823529411764706 0.033823529411764704 0.023529411764705882
4 0.7617647058823529 0.1784313725490196 0.039705882352941174 0.03529411764705882
8 0.8143382352941176 0.12352941176470589 0.06838235294117648 0.050980392156862744
3 0.7536764705882353 0.10261437908496732 0.027941176470588237 0.02483660130718954
0 0.6507352941176471 0.09738562091503268 0.0029411764705882353 0.0196078431372549
0 0.6533088235294118 0.09673202614379085 0.003676470588235294 0.01045751633986928
9 0.6511029411764706 0.10326797385620914 0.013970588235294118 0.01568627450980392