9 0.21357142857142858 0.03299492385786802 0.011428571428571429 0.03299492385786802
1 0.21214285714285713 0.02982233502538071 0.008571428571428572 0.024111675126903553
8 0.30642857142857144 0.1998730964467005 0.055714285714285716 0.19416243654822335
3 0.2710714285714286 0.29949238578680204 0.027857142857142858 0.07106598984771574
3 0.22142857142857142 0.3413705583756345 0.032857142857142856 0.07360406091370558
3 0.34285714285714286 0.6706852791878173 0.037142857142857144 0.07487309644670051
3 0.4089285714285714 0.6821065989847716 0.035 0.08248730964467005
4 0.18571428571428572 0.2315989847715736 0.027142857142857142 0.05710659898477157
4 0.15607142857142858 0.4200507614213198 0.035 0.07360406091370558
4 0.27214285714285713 0.48096446700507617 0.03571428571428571 0.07868020304568528
4 0.3510714285714286 0.4149746192893401 0.027857142857142858 0.07614213197969544
4 0.3682142857142857 0.5532994923857868 0.030714285714285715 0.07868020304568528
3 0.3025 0.7925126903553299 0.035 0.0850253807106599
3 0.4642857142857143 0.8350253807106599 0.03571428571428571 0.09137055837563451
4 0.4132142857142857 0.8413705583756346 0.03642857142857143 0.08375634517766498
3 0.4625 0.9765228426395939 0.030714285714285715 0.044416243654822336
4 0.22 0.8807106598984772 0.04 0.08375634517766498
5 0.09785714285714285 0.5355329949238579 0.05857142857142857 0.10406091370558376
4 0.405 0.10532994923857868 0.024285714285714285 0.06345177664974619
4 0.42714285714285716 0.09961928934010152 0.024285714285714285 0.05710659898477157
3 0.455 0.09961928934010152 0.024285714285714285 0.05456852791878172
4 0.43142857142857144 0.27284263959390864 0.041428571428571426 0.050761421319796954
4 0.43857142857142856 0.31789340101522845 0.04428571428571428 0.05203045685279188
4 0.45321428571428574 0.3680203045685279 0.047857142857142855 0.0583756345177665
4 0.4667857142857143 0.4200507614213198 0.04071428571428572 0.0532994923857868
3 0.4757142857142857 0.46954314720812185 0.045714285714285714 0.0532994923857868
4 0.4903571428571429 0.5228426395939086 0.047857142857142855 0.0583756345177665
9 0.49964285714285717 0.5850253807106599 0.020714285714285713 0.02030456852791878
9 0.5017857142857143 0.6116751269035533 0.015 0.03807106598984772
5 0.5110714285714286 0.27284263959390864 0.05071428571428571 0.1649746192893401
5 0.5546428571428571 0.4460659898477157 0.052142857142857144 0.15355329949238578
3 0.5246428571428572 0.7315989847715736 0.045 0.06218274111675127
3 0.5371428571428571 0.7715736040609137 0.045714285714285714 0.06091370558375635
3 0.5710714285714286 0.9092639593908629 0.039285714285714285 0.04949238578680203
3 0.5935714285714285 0.9498730964467005 0.05142857142857143 0.06979695431472081
4 0.5528571428571428 0.8140862944162437 0.04857142857142857 0.06979695431472081
3 0.78 0.49555837563451777 0.032857142857142856 0.0799492385786802
1 0.8335714285714285 0.008248730964467006 0.01 0.01649746192893401