4 0.1392857142857143 0.02601522842639594 0.008571428571428572 0.008883248730964468
3 0.23535714285714285 0.33121827411167515 0.012142857142857143 0.012690355329949238
3 0.2425 0.31852791878172587 0.013571428571428571 0.01015228426395939
3 0.24642857142857144 0.31408629441624364 0.012857142857142857 0.011421319796954314
3 0.24857142857142858 0.30774111675126903 0.012857142857142857 0.011421319796954314
3 0.2532142857142857 0.3020304568527919 0.015 0.012690355329949238
3 0.26071428571428573 0.2868020304568528 0.015714285714285715 0.01015228426395939
3 0.26535714285714285 0.2760152284263959 0.013571428571428571 0.01649746192893401
3 0.31107142857142855 0.2899746192893401 0.010714285714285714 0.013959390862944163
3 0.10571428571428572 0.5615482233502538 0.018571428571428572 0.013959390862944163
3 0.11071428571428571 0.5526649746192893 0.02142857142857143 0.01649746192893401
3 0.1175 0.5399746192893401 0.019285714285714285 0.01649746192893401
3 0.12214285714285714 0.5310913705583756 0.017142857142857144 0.013959390862944163
3 0.13 0.5209390862944162 0.017142857142857144 0.01649746192893401
3 0.1357142857142857 0.5114213197969543 0.014285714285714285 0.015228426395939087
3 0.14 0.501269035532995 0.017142857142857144 0.012690355329949238
3 0.14714285714285713 0.49238578680203043 0.015714285714285715 0.015228426395939087
3 0.14964285714285713 0.48223350253807107 0.019285714285714285 0.015228426395939087
3 0.16142857142857142 0.467005076142132 0.017142857142857144 0.012690355329949238
3 0.16428571428571428 0.4581218274111675 0.018571428571428572 0.015228426395939087
4 0.06035714285714286 0.623730964467005 0.02214285714285714 0.021573604060913704
4 0.13071428571428573 0.5723350253807107 0.018571428571428572 0.027918781725888325
3 0.09857142857142857 0.5736040609137056 0.02142857142857143 0.017766497461928935
8 0.22535714285714287 0.5475888324873096 0.03642857142857143 0.07487309644670051
3 0.04928571428571429 0.9454314720812182 0.03 0.0583756345177665
5 0.3357142857142857 0.41941624365482233 0.027142857142857142 0.05964467005076142
3 0.5407142857142857 0.7036802030456852 0.012857142857142857 0.0266497461928934
3 0.5267857142857143 0.6491116751269036 0.013571428571428571 0.02918781725888325
5 0.49178571428571427 0.5222081218274112 0.020714285714285713 0.04949238578680203
3 0.475 0.4682741116751269 0.01 0.017766497461928935
3 0.46535714285714286 0.43147208121827413 0.009285714285714286 0.02284263959390863
3 0.4007142857142857 0.10025380710659898 0.008571428571428572 0.007614213197969543
3 0.39035714285714285 0.10532994923857868 0.0064285714285714285 0.005076142131979695
5 0.37714285714285717 0.10977157360406091 0.018571428571428572 0.013959390862944163
3 0.41535714285714287 0.2563451776649746 0.012142857142857143 0.015228426395939087
8 0.42178571428571426 0.29441624365482233 0.016428571428571428 0.030456852791878174
3 0.4825 0.1967005076142132 0.007857142857142858 0.01015228426395939
3 0.5425 0.15355329949238578 0.009285714285714286 0.01015228426395939
3 0.5710714285714286 0.12753807106598986 0.010714285714285714 0.011421319796954314
3 0.5810714285714286 0.12753807106598986 0.013571428571428571 0.01649746192893401
3 0.5853571428571429 0.03553299492385787 0.0064285714285714285 0.007614213197969543
4 0.6460714285714285 0.04758883248730964 0.009285714285714286 0.008883248730964468
3 0.6907142857142857 0.0399746192893401 0.008571428571428572 0.006345177664974619
3 0.7082142857142857 0.020939086294416244 0.0064285714285714285 0.006345177664974619
3 0.7075 0.024111675126903553 0.007857142857142858 0.007614213197969543
3 0.7039285714285715 0.05266497461928934 0.009285714285714286 0.013959390862944163
3 0.6853571428571429 0.25761421319796957 0.010714285714285714 0.02030456852791878
3 0.6489285714285714 0.2645939086294416 0.010714285714285714 0.01903553299492386
4 0.6357142857142857 0.2684010152284264 0.008571428571428572 0.01903553299492386
4 0.6289285714285714 0.27093908629441626 0.010714285714285714 0.01903553299492386
3 0.6228571428571429 0.27220812182741116 0.008571428571428572 0.01649746192893401
3 0.6114285714285714 0.3096446700507614 0.01 0.015228426395939087
3 0.5803571428571429 0.3153553299492386 0.010714285714285714 0.01649746192893401
3 0.5732142857142857 0.2848984771573604 0.009285714285714286 0.01903553299492386
3 0.5671428571428572 0.3197969543147208 0.01 0.017766497461928935
4 0.5632142857142857 0.28426395939086296 0.009285714285714286 0.02284263959390863
3 0.6071428571428571 0.2785532994923858 0.01 0.013959390862944163
3 0.6271428571428571 0.30583756345177665 0.01 0.012690355329949238
3 0.6196428571428572 0.3083756345177665 0.007857142857142858 0.012690355329949238
3 0.7185714285714285 0.02601522842639594 0.008571428571428572 0.008883248730964468
3 0.7367857142857143 0.03680203045685279 0.009285714285714286 0.01015228426395939
3 0.7196428571428571 0.24936548223350255 0.009285714285714286 0.01649746192893401
3 0.7271428571428571 0.24492385786802032 0.008571428571428572 0.015228426395939087
3 0.7339285714285714 0.2436548223350254 0.007857142857142858 0.02030456852791878
3 0.7471428571428571 0.24048223350253808 0.011428571428571429 0.01649746192893401
3 0.7114285714285714 0.2823604060913706 0.011428571428571429 0.013959390862944163
3 0.7192857142857143 0.28109137055837563 0.01 0.013959390862944163
3 0.7267857142857143 0.28109137055837563 0.010714285714285714 0.01649746192893401
3 0.7342857142857143 0.2779187817258883 0.008571428571428572 0.012690355329949238
3 0.7407142857142858 0.2753807106598985 0.01 0.015228426395939087
3 0.7478571428571429 0.2753807106598985 0.01 0.015228426395939087
3 0.7539285714285714 0.27411167512690354 0.010714285714285714 0.017766497461928935
3 0.7603571428571428 0.27093908629441626 0.010714285714285714 0.01649746192893401
3 0.7810714285714285 0.36421319796954316 0.016428571428571428 0.015228426395939087
3 0.7539285714285714 0.3730964467005076 0.017857142857142856 0.015228426395939087
3 0.7710714285714285 0.38071065989847713 0.017857142857142856 0.012690355329949238
5 0.5928571428571429 0.3413705583756345 0.02857142857142857 0.02284263959390863
3 0.7917857142857143 0.49238578680203043 0.017857142857142856 0.015228426395939087
3 0.8203571428571429 0.4936548223350254 0.016428571428571428 0.015228426395939087
3 0.8078571428571428 0.5107868020304569 0.017142857142857144 0.01649746192893401
3 0.82 0.45875634517766495 0.015714285714285715 0.013959390862944163
3 0.8078571428571428 0.4397208121827411 0.015714285714285715 0.013959390862944163
3 0.8303571428571429 0.4784263959390863 0.016428571428571428 0.015228426395939087
3 0.8110714285714286 0.4854060913705584 0.016428571428571428 0.01649746192893401
3 0.805 0.47588832487309646 0.018571428571428572 0.015228426395939087
3 0.7996428571428571 0.46573604060913704 0.017857142857142856 0.012690355329949238
3 0.7757142857142857 0.39720812182741116 0.018571428571428572 0.015228426395939087
3 0.7814285714285715 0.40609137055837563 0.018571428571428572 0.015228426395939087
3 0.7867857142857143 0.4143401015228426 0.017857142857142856 0.01649746192893401
3 0.795 0.42258883248730966 0.017142857142857144 0.012690355329949238
3 0.8003571428571429 0.4302030456852792 0.016428571428571428 0.012690355329949238
3 0.8392857142857143 0.4873096446700508 0.015714285714285715 0.015228426395939087
3 0.8582142857142857 0.48413705583756345 0.017857142857142856 0.01903553299492386
3 0.8489285714285715 0.47017766497461927 0.017857142857142856 0.013959390862944163
3 0.8453571428571428 0.4619289340101523 0.015 0.012690355329949238
3 0.8389285714285715 0.45241116751269034 0.017857142857142856 0.013959390862944163
3 0.8314285714285714 0.44289340101522845 0.015714285714285715 0.012690355329949238
3 0.8189285714285715 0.4251269035532995 0.015 0.012690355329949238
3 0.8125 0.4168781725888325 0.016428571428571428 0.013959390862944163
3 0.805 0.4086294416243655 0.018571428571428572 0.012690355329949238
3 0.7992857142857143 0.399746192893401 0.015714285714285715 0.012690355329949238
3 0.7942857142857143 0.39149746192893403 0.018571428571428572 0.013959390862944163
3 0.8682142857142857 0.49111675126903553 0.019285714285714285 0.02030456852791878
3 0.8475 0.49682741116751267 0.019285714285714285 0.01903553299492386
3 0.8710714285714286 0.3381979695431472 0.015 0.01903553299492386
3 0.8853571428571428 0.35406091370558374 0.015 0.02030456852791878
3 0.8985714285714286 0.17385786802030456 0.008571428571428572 0.01015228426395939
3 0.8875 0.16307106598984772 0.009285714285714286 0.008883248730964468
3 0.9092857142857143 0.18464467005076143 0.008571428571428572 0.013959390862944163
3 0.8632142857142857 0.5628172588832487 0.016428571428571428 0.0266497461928934
3 0.9121428571428571 0.6725888324873096 0.02142857142857143 0.017766497461928935
3 0.9067857142857143 0.6554568527918782 0.020714285714285713 0.01903553299492386
3 0.895 0.6434010152284264 0.02 0.02030456852791878
3 0.8892857142857142 0.6288071065989848 0.022857142857142857 0.01903553299492386
3 0.8810714285714286 0.6135786802030457 0.017857142857142856 0.013959390862944163
3 0.8728571428571429 0.6034263959390863 0.02142857142857143 0.01649746192893401
3 0.8625 0.5875634517766497 0.020714285714285713 0.017766497461928935
3 0.8539285714285715 0.5736040609137056 0.019285714285714285 0.017766497461928935
4 0.9221428571428572 0.7144670050761421 0.024285714285714285 0.03807106598984772
3 0.9275 0.6884517766497462 0.023571428571428573 0.01649746192893401
3 0.95 0.4251269035532995 0.02 0.027918781725888325
8 0.9782142857142857 0.4530456852791878 0.027857142857142858 0.03553299492385787
4 0.8275 0.08248730964467005 0.007857142857142858 0.01015228426395939