3 0.9522058823529411 0.934640522875817 0.09558823529411764 0.13071895424836602
6 0.6845588235294118 0.9516339869281045 0.05588235294117647 0.09411764705882353
3 0.8455882352941176 0.6450980392156863 0.07352941176470588 0.09542483660130718
3 0.7555147058823529 0.6104575163398693 0.04779411764705882 0.07320261437908497
0 0.7106617647058824 0.5477124183006536 0.011029411764705883 0.06013071895424837
9 0.7080882352941177 0.6032679738562091 0.014705882352941176 0.048366013071895426
1 0.7088235294117647 0.5947712418300654 0.013235294117647059 0.04967320261437908
1 0.7102941176470589 0.6058823529411764 0.010294117647058823 0.032679738562091505
3 0.7047794117647059 0.5071895424836601 0.04044117647058824 0.06013071895424837
4 0.7106617647058824 0.4666666666666667 0.04338235294117647 0.047058823529411764
3 0.6588235294117647 0.4222222222222222 0.03529411764705882 0.047058823529411764
3 0.643014705882353 0.3509803921568627 0.0375 0.03790849673202614
0 0.6860294117647059 0.40588235294117647 0.011764705882352941 0.043137254901960784
9 0.8297794117647059 0.36993464052287583 0.005147058823529412 0.02091503267973856
9 0.7955882352941176 0.34444444444444444 0.0058823529411764705 0.0196078431372549
0 0.799264705882353 0.36209150326797385 0.004411764705882353 0.02091503267973856
0 0.8051470588235294 0.3562091503267974 0.0058823529411764705 0.03529411764705882
2 0.8154411764705882 0.3607843137254902 0.01764705882352941 0.026143790849673203
9 0.8102941176470588 0.3784313725490196 0.008823529411764706 0.02483660130718954
1 0.8113970588235294 0.373202614379085 0.005147058823529412 0.02483660130718954
3 0.6191176470588236 0.18562091503267975 0.016176470588235296 0.01568627450980392
3 0.6345588235294117 0.18823529411764706 0.016176470588235296 0.013071895424836602
6 0.6474264705882353 0.19019607843137254 0.013970588235294118 0.011764705882352941
3 0.6466911764705883 0.20784313725490197 0.022794117647058822 0.01568627450980392
1 0.6871323529411765 0.19934640522875818 0.005147058823529412 0.011764705882352941
1 0.6327205882352941 0.31633986928104574 0.008088235294117648 0.02091503267973856
3 0.6143382352941177 0.3202614379084967 0.019852941176470587 0.026143790849673203
0 0.6066176470588235 0.30392156862745096 0.004411764705882353 0.02483660130718954
3 0.6066176470588235 0.3 0.016176470588235296 0.022222222222222223
3 0.5992647058823529 0.2849673202614379 0.01764705882352941 0.02091503267973856
0 0.6150735294117647 0.2679738562091503 0.005147058823529412 0.026143790849673203
0 0.611764705882353 0.26601307189542484 0.004411764705882353 0.0196078431372549
0 0.6033088235294117 0.2725490196078431 0.006617647058823529 0.022222222222222223
3 0.5875 0.27058823529411763 0.013235294117647059 0.023529411764705882
0 0.5856617647058824 0.2607843137254902 0.015441176470588236 0.022222222222222223
0 0.5963235294117647 0.2477124183006536 0.016176470588235296 0.022222222222222223
0 0.5977941176470588 0.23921568627450981 0.0029411764705882353 0.02091503267973856
0 0.5904411764705882 0.23660130718954248 0.0029411764705882353 0.018300653594771243
7 0.611764705882353 0.24183006535947713 0.01764705882352941 0.023529411764705882
3 0.4783088235294118 0.15359477124183007 0.008088235294117648 0.011764705882352941
3 0.37573529411764706 0.8294117647058824 0.060294117647058824 0.1503267973856209
3 0.5121323529411764 0.6294117647058823 0.04338235294117647 0.08496732026143791
3 0.3095588235294118 0.5745098039215686 0.05 0.09281045751633987
0 0.2349264705882353 0.7045751633986929 0.013970588235294118 0.06274509803921569
3 0.5496323529411765 0.43071895424836604 0.027205882352941177 0.040522875816993466
3 0.43933823529411764 0.37712418300653594 0.022794117647058822 0.040522875816993466
3 0.4209558823529412 0.3437908496732026 0.019852941176470587 0.03137254901960784
3 0.45441176470588235 0.3202614379084967 0.01911764705882353 0.03137254901960784
3 0.4176470588235294 0.28104575163398693 0.01764705882352941 0.02875816993464052
3 0.4970588235294118 0.26405228758169935 0.014705882352941176 0.023529411764705882
3 0.5216911764705883 0.3006535947712418 0.016911764705882352 0.026143790849673203
6 0.5323529411764706 0.28366013071895424 0.013235294117647059 0.026143790849673203
1 0.5283088235294118 0.2797385620915033 0.005147058823529412 0.013071895424836602
1 0.5356617647058823 0.28169934640522876 0.005147058823529412 0.011764705882352941
1 0.5327205882352941 0.27712418300653596 0.005147058823529412 0.013071895424836602
3 0.5080882352941176 0.20261437908496732 0.011764705882352941 0.018300653594771243
3 0.5158088235294118 0.21045751633986928 0.011029411764705883 0.018300653594771243
3 0.4944852941176471 0.2437908496732026 0.013970588235294118 0.022222222222222223
3 0.4849264705882353 0.22941176470588234 0.016911764705882352 0.01699346405228758
9 0.5283088235294118 0.21764705882352942 0.005147058823529412 0.011764705882352941
1 0.5283088235294118 0.21437908496732025 0.003676470588235294 0.01045751633986928
9 0.5235294117647059 0.20326797385620915 0.0029411764705882353 0.009150326797385621
1 0.5238970588235294 0.2019607843137255 0.003676470588235294 0.011764705882352941
3 0.46948529411764706 0.21176470588235294 0.0125 0.018300653594771243
3 0.4577205882352941 0.19281045751633988 0.009558823529411765 0.01437908496732026
3 0.4540441176470588 0.2150326797385621 0.021323529411764706 0.0196078431372549
3 0.41948529411764707 0.2065359477124183 0.021323529411764706 0.018300653594771243
8 0.42830882352941174 0.24705882352941178 0.02426470588235294 0.04967320261437908
3 0.37941176470588234 0.165359477124183 0.013235294117647059 0.01437908496732026
0 0.15404411764705883 0.36209150326797385 0.006617647058823529 0.0392156862745098
0 0.14852941176470588 0.3588235294117647 0.004411764705882353 0.030065359477124184
3 0.02389705882352941 0.8098039215686275 0.04779411764705882 0.12156862745098039
0 0.09632352941176471 0.8 0.025 0.0915032679738562
9 0.028676470588235293 0.6228758169934641 0.03529411764705882 0.040522875816993466
3 0.07941176470588235 0.6888888888888889 0.0838235294117647 0.10718954248366012
9 0.10955882352941176 0.6300653594771242 0.03235294117647059 0.0392156862745098
6 0.0974264705882353 0.5973856209150327 0.027205882352941177 0.05751633986928104
3 0.15551470588235294 0.5725490196078431 0.06397058823529411 0.06797385620915032
3 0.19558823529411765 0.5104575163398692 0.05 0.06928104575163399
3 0.13051470588235295 0.5013071895424837 0.07720588235294118 0.05359477124183006
3 0.1786764705882353 0.4718954248366013 0.05588235294117647 0.05228758169934641
3 0.125 0.4627450980392157 0.06764705882352941 0.04967320261437908
3 0.18198529411764705 0.42026143790849674 0.07279411764705883 0.043137254901960784
3 0.24448529411764705 0.4117647058823529 0.05808823529411765 0.04183006535947712
3 0.2610294117647059 0.3862745098039216 0.05588235294117647 0.03529411764705882
0 0.30661764705882355 0.43529411764705883 0.0058823529411764705 0.047058823529411764
0 0.2113970588235294 0.3660130718954248 0.011029411764705883 0.047058823529411764
0 0.2202205882352941 0.39477124183006534 0.008088235294117648 0.0392156862745098
9 0.19448529411764706 0.3980392156862745 0.028676470588235293 0.032679738562091505
9 0.2113970588235294 0.3980392156862745 0.008088235294117648 0.040522875816993466