3 0.41066176470588234 0.6947712418300653 0.06102941176470588 0.1738562091503268
3 0.63125 0.6862745098039216 0.07573529411764705 0.17777777777777778
3 0.4933823529411765 0.44901960784313727 0.04852941176470588 0.134640522875817
3 0.6088235294117647 0.4261437908496732 0.052941176470588235 0.11241830065359477
3 0.5128676470588235 0.2647058823529412 0.04044117647058824 0.06928104575163399
6 0.5397058823529411 0.15620915032679739 0.025 0.06143790849673202
1 0.7426470588235294 0.26209150326797387 0.01911764705882353 0.05359477124183006
3 0.12904411764705884 0.5104575163398692 0.07426470588235294 0.12941176470588237
1 0.7404411764705883 0.3784313725490196 0.01911764705882353 0.030065359477124184
2 0.7455882352941177 0.39869281045751637 0.039705882352941174 0.04967320261437908
5 0.05919117647058823 0.1326797385620915 0.05073529411764706 0.06405228758169934
3 0.4566176470588235 0.05163398692810457 0.023529411764705882 0.050980392156862744
3 0.5022058823529412 0.09019607843137255 0.029411764705882353 0.054901960784313725
4 0.42830882352941174 0.0392156862745098 0.028676470588235293 0.06013071895424837
3 0.3110294117647059 0.0803921568627451 0.033823529411764704 0.06143790849673202
3 0.7415441176470589 0.15751633986928104 0.05073529411764706 0.058823529411764705
0 0.9797794117647058 0.43790849673202614 0.025735294117647058 0.08104575163398693
3 0.5474264705882353 0.03071895424836601 0.022794117647058822 0.050980392156862744
1 0.5257352941176471 0.020261437908496733 0.011764705882352941 0.0196078431372549
9 0.5253676470588236 0.030065359477124184 0.025735294117647058 0.026143790849673203
1 0.2625 0.23137254901960785 0.020588235294117647 0.02875816993464052
2 0.2625 0.25163398692810457 0.033823529411764704 0.03529411764705882
3 0.15735294117647058 0.12549019607843137 0.0661764705882353 0.036601307189542485
3 0.1786764705882353 0.08954248366013072 0.05588235294117647 0.040522875816993466
4 0.17316176470588235 0.01699346405228758 0.04779411764705882 0.03398692810457516
0 0.33492647058823527 0.021568627450980392 0.011029411764705883 0.027450980392156862
3 0.6716911764705882 0.038562091503267976 0.0713235294117647 0.03529411764705882
9 0.8227941176470588 0.15555555555555556 0.01911764705882353 0.023529411764705882
4 0.7875 0.06405228758169934 0.041176470588235294 0.054901960784313725
3 0.7617647058823529 0.025490196078431372 0.041176470588235294 0.03529411764705882
0 0.7202205882352941 0.013725490196078431 0.011029411764705883 0.027450980392156862
0 0.3290441176470588 0.03398692810457516 0.0125 0.023529411764705882
0 0.12941176470588237 0.1 0.010294117647058823 0.030065359477124184
5 0.6066176470588235 0.06862745098039216 0.014705882352941176 0.032679738562091505
9 0.69375 0.13071895424836602 0.025735294117647058 0.04183006535947712
3 0.033823529411764704 0.8235294117647058 0.06764705882352941 0.19607843137254902
0 0.13602941176470587 0.0915032679738562 0.010294117647058823 0.0392156862745098