7 0.33725 0.529 0.0245 0.027333333333333334
1 0.36225 0.531 0.0085 0.012666666666666666
0 0.369 0.5236666666666666 0.009 0.018
1 0.372 0.5403333333333333 0.009 0.012666666666666666
1 0.38 0.545 0.008 0.014
0 0.257 0.4533333333333333 0.009 0.017333333333333333
0 0.265 0.44866666666666666 0.009 0.02
0 0.28125 0.41833333333333333 0.0065 0.020666666666666667
2 0.25175 0.4106666666666667 0.0125 0.014666666666666666
2 0.2465 0.413 0.013 0.014
2 0.194 0.44966666666666666 0.014 0.015333333333333332
2 0.1815 0.456 0.013 0.017333333333333333
2 0.1755 0.4593333333333333 0.013 0.018666666666666668
2 0.17 0.4646666666666667 0.014 0.016
2 0.165 0.467 0.014 0.016666666666666666
2 0.164 0.48533333333333334 0.013 0.016
2 0.14375 0.482 0.0105 0.016
2 0.1305 0.4886666666666667 0.013 0.018666666666666668
2 0.1275 0.493 0.012 0.014
2 0.123 0.49333333333333335 0.016 0.016
2 0.1305 0.5086666666666667 0.012 0.017333333333333333
2 0.08825 0.5316666666666666 0.0095 0.022
2 0.1 0.5243333333333333 0.014 0.018
2 0.11125 0.5196666666666667 0.0135 0.016666666666666666
2 0.11925 0.5163333333333333 0.0135 0.014
9 0.31675 0.5166666666666667 0.0125 0.02266666666666667
2 0.30425 0.5116666666666667 0.0145 0.018
2 0.3 0.5103333333333333 0.013 0.019333333333333334
2 0.3285 0.49033333333333334 0.014 0.019333333333333334
2 0.3235 0.48833333333333334 0.01 0.020666666666666667
2 0.31725 0.4866666666666667 0.0115 0.018666666666666668
2 0.31175 0.485 0.0085 0.019333333333333334
2 0.30625 0.481 0.0105 0.020666666666666667
2 0.30225 0.4786666666666667 0.0105 0.018666666666666668
2 0.298 0.477 0.012 0.018
2 0.2945 0.475 0.01 0.018
2 0.29075 0.473 0.0095 0.018
2 0.29 0.4686666666666667 0.014 0.017333333333333333
2 0.29425 0.446 0.0095 0.02
2 0.29625 0.449 0.0095 0.020666666666666667
2 0.30175 0.4523333333333333 0.0115 0.019333333333333334
2 0.306 0.455 0.007 0.019333333333333334
2 0.3095 0.4573333333333333 0.009 0.02
2 0.3125 0.4593333333333333 0.008 0.02
2 0.31725 0.461 0.0115 0.019333333333333334
2 0.3225 0.4643333333333333 0.01 0.018
2 0.3255 0.465 0.01 0.020666666666666667
2 0.3315 0.4716666666666667 0.01 0.018
2 0.33725 0.47333333333333333 0.0115 0.017333333333333333
2 0.3455 0.476 0.012 0.02
2 0.294 0.49566666666666664 0.016 0.018
2 0.28425 0.49833333333333335 0.0115 0.018
2 0.28625 0.492 0.0125 0.018666666666666668
2 0.28025 0.48966666666666664 0.0135 0.018
2 0.27425 0.4856666666666667 0.0135 0.016666666666666666
2 0.27175 0.48433333333333334 0.0105 0.018
2 0.26775 0.4806666666666667 0.0125 0.018666666666666668
2 0.26275 0.47933333333333333 0.0125 0.02
0 0.81275 0.525 0.0075 0.019333333333333334
3 0.8015 0.3943333333333333 0.036 0.024666666666666667
3 0.965 0.3453333333333333 0.02 0.02666666666666667
3 0.824 0.2693333333333333 0.028 0.021333333333333333
3 0.86 0.07566666666666666 0.02 0.011333333333333334
3 0.86475 0.07266666666666667 0.0195 0.010666666666666666
3 0.8815 0.059333333333333335 0.02 0.010666666666666666
3 0.8945 0.047 0.021 0.011333333333333334