0 0.19892857142857143 0.053934010152284266 0.0035714285714285713 0.011421319796954314
4 0.42607142857142855 0.04568527918781726 0.010714285714285714 0.030456852791878174
4 0.44857142857142857 0.09200507614213198 0.011428571428571429 0.03680203045685279
5 0.4732142857142857 0.14276649746192893 0.016428571428571428 0.0799492385786802
5 0.4317857142857143 0.23921319796954316 0.016428571428571428 0.0901015228426396
3 0.49214285714285716 0.02728426395939086 0.01 0.03680203045685279
3 0.4160714285714286 0.116751269035533 0.010714285714285714 0.03553299492385787
3 0.40214285714285714 0.233502538071066 0.011428571428571429 0.04060913705583756
3 0.4317857142857143 0.350253807106599 0.009285714285714286 0.04060913705583756
3 0.4760714285714286 0.282994923857868 0.010714285714285714 0.04060913705583756
3 0.45107142857142857 0.3680203045685279 0.010714285714285714 0.03807106598984772
4 0.4757142857142857 0.4517766497461929 0.01 0.04314720812182741
5 0.37892857142857145 0.44416243654822335 0.02642857142857143 0.09137055837563451
4 0.365 0.5875634517766497 0.014285714285714285 0.04314720812182741
3 0.42642857142857143 0.7785532994923858 0.012857142857142857 0.05456852791878172
4 0.465 0.733502538071066 0.015714285714285715 0.06345177664974619
3 0.48892857142857143 0.6592639593908629 0.012142857142857143 0.05710659898477157
9 0.5457142857142857 0.5025380710659898 0.004285714285714286 0.025380710659898477
1 0.5460714285714285 0.5019035532994924 0.005 0.013959390862944163