3 0.7338235294117647 0.8013071895424837 0.03676470588235294 0.07581699346405228
5 0.3275735294117647 0.39019607843137255 0.09338235294117647 0.05359477124183006
8 0.9602941176470589 0.38562091503267976 0.03823529411764706 0.0392156862745098
5 0.9786764705882353 0.3130718954248366 0.013235294117647059 0.040522875816993466
5 0.95625 0.2758169934640523 0.011029411764705883 0.026143790849673203
3 0.8856617647058823 0.24640522875816995 0.009558823529411765 0.027450980392156862
3 0.8709558823529412 0.24248366013071895 0.006617647058823529 0.01437908496732026
5 0.7922794117647058 0.25163398692810457 0.01838235294117647 0.022222222222222223
3 0.7735294117647059 0.27320261437908494 0.008823529411764706 0.018300653594771243
3 0.8106617647058824 0.27058823529411763 0.009558823529411765 0.013071895424836602
3 0.9036764705882353 0.2725490196078431 0.0058823529411764705 0.01437908496732026
3 0.9246323529411765 0.2830065359477124 0.005147058823529412 0.01699346405228758
3 0.8496323529411764 0.28366013071895424 0.0022058823529411764 0.01045751633986928
3 0.8231617647058823 0.2601307189542484 0.005147058823529412 0.01045751633986928