9 0.2520876826722338 0.8798701298701299 0.027139874739039668 0.03432282003710575
4 0.4697286012526096 0.262987012987013 0.018789144050104383 0.036178107606679034
4 0.5315762004175365 0.24768089053803338 0.02661795407098121 0.025974025974025976
3 0.49164926931106473 0.3678107606679035 0.04175365344467641 0.026901669758812616
9 0.4329331941544885 0.37569573283859 0.009916492693110648 0.02040816326530612
6 0.5010438413361169 0.39981447124304265 0.026096033402922755 0.029684601113172542
6 0.5026096033402923 0.461038961038961 0.03444676409185804 0.03525046382189239
4 0.4877348643006263 0.4911873840445269 0.04018789144050104 0.041743970315398886
3 0.48068893528183715 0.5231910946196661 0.04801670146137787 0.04267161410018553
3 0.4744258872651357 0.5579777365491652 0.05010438413361169 0.041743970315398886
3 0.4705114822546973 0.5918367346938775 0.05688935281837161 0.04638218923933209
3 0.44467640918580376 0.6688311688311688 0.059498956158663886 0.04823747680890538
9 0.5203549060542797 0.738404452690167 0.019832985386221295 0.027829313543599257
0 0.5477557411273486 0.6873840445269017 0.008872651356993737 0.03710575139146568
0 0.5430584551148225 0.6753246753246753 0.010960334029227558 0.03525046382189239
1 0.5341858037578288 0.699443413729128 0.01722338204592902 0.03339517625231911
9 0.3400313152400835 0.6539888682745826 0.02035490605427975 0.03525046382189239
0 0.28914405010438415 0.7820037105751392 0.012526096033402923 0.02411873840445269
9 0.8421189979123174 0.7397959183673469 0.024530271398747392 0.0287569573283859
3 0.7729645093945721 0.6920222634508348 0.06680584551148225 0.04823747680890538
6 0.784446764091858 0.6386827458256029 0.0407098121085595 0.038033395176252316
9 0.7823590814196242 0.6076066790352505 0.028183716075156576 0.025974025974025976
3 0.6696242171189979 0.5575139146567718 0.027139874739039668 0.059369202226345084
5 0.651356993736952 0.20269016697588127 0.016701461377870562 0.039888682745825604
4 0.6659707724425887 0.14703153988868276 0.019832985386221295 0.01948051948051948
3 0.6602296450939458 0.14007421150278293 0.017745302713987474 0.016697588126159554
3 0.6599686847599165 0.13404452690166976 0.02139874739039666 0.015769944341372914
3 0.6599686847599165 0.12987012987012986 0.02244258872651357 0.014842300556586271
3 0.6568371607515657 0.1062152133580705 0.016179540709812108 0.01948051948051948
7 0.5704592901878914 0.6915584415584416 0.016701461377870562 0.05473098330241188
1 0.5842901878914405 0.5533395176252319 0.007828810020876827 0.026901669758812616
9 0.5848121085594989 0.5598330241187384 0.006784968684759917 0.032467532467532464
1 0.6401356993736952 0.5088126159554731 0.005741127348643006 0.017625231910946195
1 0.6401356993736952 0.5032467532467533 0.007828810020876827 0.023191094619666047
9 0.639874739039666 0.5060296846011132 0.008350730688935281 0.023191094619666047
1 0.6299582463465553 0.3014842300556586 0.0041753653444676405 0.016697588126159554
9 0.6294363256784968 0.3047309833024119 0.005219206680584551 0.017625231910946195
7 0.5678496868475992 0.21567717996289426 0.008350730688935281 0.02504638218923933
7 0.5795929018789144 0.18460111317254174 0.009916492693110648 0.029684601113172542
6 0.5999478079331941 0.16512059369202226 0.010960334029227558 0.02411873840445269
1 0.600991649269311 0.1660482374768089 0.0036534446764091857 0.00927643784786642
1 0.5975991649269311 0.16558441558441558 0.0041753653444676405 0.012059369202226345
9 0.6931106471816284 0.1901669758812616 0.005219206680584551 0.012987012987012988
9 0.6876304801670147 0.18692022263450836 0.004697286012526096 0.012059369202226345
3 0.5863778705636743 0.11410018552875696 0.009916492693110648 0.016697588126159554
9 0.5772442588726514 0.08163265306122448 0.003131524008350731 0.0074211502782931356
1 0.5772442588726514 0.07792207792207792 0.003131524008350731 0.00927643784786642
0 0.6017745302713987 0.04962894248608534 0.0020876826722338203 0.006493506493506494
0 0.5989039665970772 0.048701298701298704 0.0026096033402922755 0.008348794063079777
2 0.5996868475991649 0.04916512059369202 0.0020876826722338203 0.0055658627087198514
9 0.5816805845511482 0.032467532467532464 0.0026096033402922755 0.0055658627087198514
1 0.5819415448851775 0.030148423005565864 0.0020876826722338203 0.00463821892393321
1 0.5827244258872651 0.00974025974025974 0.0015657620041753654 0.00463821892393321
2 0.5824634655532359 0.011595547309833023 0.0020876826722338203 0.00463821892393321
0 0.7549582463465553 0.21150278293135436 0.005741127348643006 0.01855287569573284
0 0.7862734864300627 0.28664192949907236 0.005741127348643006 0.022263450834879406
5 0.9055323590814196 0.24072356215213359 0.038622129436325675 0.045454545454545456
9 0.09603340292275574 0.9689239332096475 0.031315240083507306 0.030612244897959183