3 0.6080882352941176 0.1718954248366013 0.022058823529411766 0.03790849673202614
1 0.5996323529411764 0.1568627450980392 0.009558823529411765 0.026143790849673203
3 0.5897058823529412 0.1718954248366013 0.026470588235294117 0.03790849673202614
3 0.5654411764705882 0.17712418300653596 0.026470588235294117 0.043137254901960784
3 0.5246323529411765 0.12745098039215685 0.03308823529411765 0.02483660130718954
0 0.518014705882353 0.1588235294117647 0.005147058823529412 0.030065359477124184
3 0.506985294117647 0.2261437908496732 0.019852941176470587 0.036601307189542485
3 0.5272058823529412 0.17712418300653596 0.022058823529411766 0.032679738562091505
3 0.5441176470588235 0.21568627450980393 0.03823529411764706 0.026143790849673203
3 0.5305147058823529 0.24052287581699347 0.019852941176470587 0.03398692810457516
3 0.5514705882352942 0.29869281045751633 0.057352941176470586 0.030065359477124184
3 0.5551470588235294 0.3183006535947712 0.051470588235294115 0.040522875816993466
3 0.5408088235294117 0.34183006535947713 0.05220588235294118 0.043137254901960784
3 0.5466911764705882 0.37973856209150325 0.0375 0.05359477124183006
3 0.5680147058823529 0.4725490196078431 0.030147058823529412 0.06666666666666667
3 0.5636029411764706 0.5287581699346405 0.05808823529411765 0.07973856209150326
3 0.569485294117647 0.5908496732026144 0.07867647058823529 0.08366013071895424
3 0.5816176470588236 0.7084967320261438 0.0661764705882353 0.10457516339869281
3 0.6161764705882353 0.7816993464052288 0.07205882352941176 0.11503267973856209
3 0.6941176470588235 0.8169934640522876 0.08970588235294118 0.11241830065359477
4 0.7316176470588235 0.9013071895424837 0.11764705882352941 0.09803921568627451
9 0.7676470588235295 0.9830065359477124 0.052941176470588235 0.03398692810457516
0 0.8058823529411765 0.954248366013072 0.01764705882352941 0.08104575163398693
1 0.6448529411764706 0.665359477124183 0.014705882352941176 0.047058823529411764
1 0.6702205882352941 0.6666666666666666 0.011029411764705883 0.044444444444444446
1 0.6819852941176471 0.5666666666666667 0.011029411764705883 0.03790849673202614
0 0.6860294117647059 0.5882352941176471 0.010294117647058823 0.054901960784313725
9 0.6761029411764706 0.5261437908496732 0.008088235294117648 0.0457516339869281
9 0.5676470588235294 0.4130718954248366 0.014705882352941176 0.03137254901960784
9 0.6011029411764706 0.31176470588235294 0.019852941176470587 0.027450980392156862
2 0.6058823529411764 0.3209150326797386 0.016176470588235296 0.02483660130718954
1 0.6165441176470589 0.40261437908496733 0.009558823529411765 0.026143790849673203
1 0.6216911764705882 0.3934640522875817 0.008088235294117648 0.018300653594771243
1 0.6290441176470588 0.39673202614379083 0.006617647058823529 0.02483660130718954
1 0.6323529411764706 0.3993464052287582 0.007352941176470588 0.022222222222222223
1 0.6330882352941176 0.40980392156862744 0.007352941176470588 0.030065359477124184
1 0.6261029411764706 0.41241830065359475 0.008088235294117648 0.027450980392156862
6 0.5408088235294117 0.1627450980392157 0.025735294117647058 0.022222222222222223
4 0.5735294117647058 0.13529411764705881 0.033823529411764704 0.030065359477124184
3 0.5669117647058823 0.12745098039215685 0.033823529411764704 0.027450980392156862
0 0.5952205882352941 0.08823529411764706 0.005147058823529412 0.027450980392156862
9 0.5422794117647058 0.11176470588235295 0.006617647058823529 0.0196078431372549
9 0.5283088235294118 0.1130718954248366 0.006617647058823529 0.0196078431372549
0 0.5882352941176471 0.1111111111111111 0.004411764705882353 0.023529411764705882
1 0.5908088235294118 0.11045751633986928 0.003676470588235294 0.0196078431372549
1 0.5919117647058824 0.11503267973856209 0.004411764705882353 0.018300653594771243
1 0.6014705882352941 0.11045751633986928 0.004411764705882353 0.01437908496732026
9 0.4875 0.1084967320261438 0.007352941176470588 0.02091503267973856
9 0.44080882352941175 0.11699346405228758 0.006617647058823529 0.0196078431372549
9 0.4452205882352941 0.10718954248366012 0.006617647058823529 0.023529411764705882
1 0.45625 0.08888888888888889 0.006617647058823529 0.018300653594771243
1 0.41507352941176473 0.1287581699346405 0.005147058823529412 0.0196078431372549
3 0.5125 0.14575163398692811 0.03823529411764706 0.027450980392156862
4 0.4808823529411765 0.12287581699346405 0.039705882352941174 0.02875816993464052
9 0.4224264705882353 0.10457516339869281 0.016911764705882352 0.018300653594771243
9 0.4139705882352941 0.13790849673202615 0.013235294117647059 0.01437908496732026
9 0.3761029411764706 0.1111111111111111 0.011029411764705883 0.02091503267973856
3 0.39191176470588235 0.12091503267973856 0.01911764705882353 0.030065359477124184
3 0.40808823529411764 0.11568627450980393 0.016176470588235296 0.032679738562091505
3 0.37426470588235294 0.1718954248366013 0.01911764705882353 0.03790849673202614
3 0.35955882352941176 0.18888888888888888 0.03676470588235294 0.040522875816993466
3 0.38198529411764703 0.20588235294117646 0.022794117647058822 0.040522875816993466
3 0.3588235294117647 0.21633986928104576 0.04411764705882353 0.032679738562091505
3 0.3522058823529412 0.23137254901960785 0.051470588235294115 0.03398692810457516
3 0.3360294117647059 0.257516339869281 0.054411764705882354 0.036601307189542485
3 0.4455882352941177 0.27124183006535946 0.020588235294117647 0.0457516339869281
3 0.40441176470588236 0.2856209150326797 0.025 0.048366013071895426
3 0.37169117647058825 0.3 0.03897058823529412 0.0457516339869281
3 0.3698529411764706 0.34444444444444444 0.05588235294117647 0.03790849673202614
3 0.3911764705882353 0.40326797385620916 0.033823529411764704 0.05620915032679739
3 0.35294117647058826 0.3941176470588235 0.027941176470588237 0.05359477124183006
3 0.35551470588235295 0.4477124183006536 0.06544117647058824 0.0457516339869281
5 0.34595588235294117 0.4849673202614379 0.08455882352941177 0.054901960784313725
4 0.34044117647058825 0.5130718954248366 0.07205882352941176 0.06143790849673202
3 0.36580882352941174 0.5712418300653594 0.08308823529411764 0.08366013071895424
3 0.3161764705882353 0.6718954248366014 0.09117647058823529 0.06274509803921569
3 0.30183823529411763 0.761437908496732 0.08014705882352942 0.13202614379084968
0 0.25735294117647056 0.8450980392156863 0.016176470588235296 0.06666666666666667
3 0.3261029411764706 0.8849673202614379 0.09191176470588236 0.12810457516339868
3 0.2867647058823529 0.9509803921568627 0.08088235294117647 0.09803921568627451
1 0.22095588235294117 0.857516339869281 0.013970588235294118 0.04967320261437908
1 0.18345588235294116 0.7006535947712418 0.015441176470588236 0.054901960784313725
1 0.16948529411764707 0.7032679738562092 0.016911764705882352 0.04183006535947712
1 0.16948529411764707 0.6647058823529411 0.015441176470588236 0.030065359477124184
1 0.15183823529411763 0.6751633986928105 0.015441176470588236 0.032679738562091505
1 0.25588235294117645 0.6026143790849673 0.010294117647058823 0.036601307189542485
1 0.24375 0.5869281045751634 0.0125 0.03137254901960784
0 0.28051470588235294 0.5627450980392157 0.013970588235294118 0.050980392156862744
0 0.25183823529411764 0.35947712418300654 0.008088235294117648 0.026143790849673203
0 0.2536764705882353 0.35490196078431374 0.007352941176470588 0.02483660130718954
2 0.2584558823529412 0.4071895424836601 0.013970588235294118 0.02483660130718954
3 0.31176470588235294 0.29673202614379085 0.052941176470588235 0.0392156862745098
3 0.3003676470588235 0.2797385620915033 0.05367647058823529 0.03398692810457516
3 0.2761029411764706 0.2326797385620915 0.04338235294117647 0.03398692810457516
4 0.2735294117647059 0.2496732026143791 0.047058823529411764 0.04967320261437908
4 0.2577205882352941 0.15947712418300652 0.019852941176470587 0.04183006535947712
3 0.2797794117647059 0.16470588235294117 0.01838235294117647 0.02875816993464052
3 0.23161764705882354 0.2169934640522876 0.04411764705882353 0.036601307189542485
1 0.24227941176470588 0.11699346405228758 0.006617647058823529 0.01699346405228758
0 0.23823529411764705 0.08366013071895424 0.0058823529411764705 0.026143790849673203
0 0.24632352941176472 0.09738562091503268 0.007352941176470588 0.032679738562091505
0 0.25073529411764706 0.10130718954248366 0.004411764705882353 0.022222222222222223
1 0.25 0.11699346405228758 0.0058823529411764705 0.027450980392156862
3 0.25073529411764706 0.12549019607843137 0.01911764705882353 0.018300653594771243
0 0.2584558823529412 0.11372549019607843 0.005147058823529412 0.018300653594771243