1 0.2735 0.9853333333333333 0.022 0.028
6 0.285 0.973 0.058 0.051333333333333335
0 0.46725 0.9786666666666667 0.0235 0.021333333333333333
0 0.47525 0.9506666666666667 0.0195 0.021333333333333333
0 0.469 0.9276666666666666 0.021 0.028666666666666667
0 0.53725 0.9406666666666667 0.0155 0.025333333333333333
1 0.602 0.9616666666666667 0.02 0.034
9 0.603 0.956 0.031 0.058666666666666666
1 0.52375 0.7846666666666666 0.0075 0.014666666666666666
0 0.52825 0.7863333333333333 0.0125 0.019333333333333334
1 0.4395 0.8263333333333334 0.024 0.028666666666666667
9 0.44025 0.8276666666666667 0.0425 0.023333333333333334
1 0.66025 0.7333333333333333 0.0235 0.030666666666666665
9 0.658 0.737 0.033 0.04733333333333333
0 0.8835 0.987 0.033 0.026
0 0.896 0.9793333333333333 0.036 0.034666666666666665
0 0.9105 0.905 0.036 0.03933333333333333
2 0.8995 0.917 0.039 0.059333333333333335
0 0.96375 0.9026666666666666 0.0455 0.04
1 0.9455 0.8626666666666667 0.031 0.024
1 0.93275 0.843 0.0455 0.027333333333333334
9 0.9295 0.844 0.036 0.052
0 0.887 0.783 0.033 0.027333333333333334
0 0.86225 0.743 0.0305 0.028666666666666667
0 0.79125 0.847 0.0305 0.027333333333333334
0 0.78175 0.805 0.0295 0.026
0 0.93125 0.66 0.0315 0.025333333333333333
9 0.86175 0.6246666666666667 0.0295 0.048
0 0.835 0.6926666666666667 0.027 0.024
0 0.76725 0.7353333333333333 0.0315 0.024
0 0.7105 0.7296666666666667 0.014 0.012666666666666666
0 0.7035 0.7136666666666667 0.022 0.022
0 0.79575 0.7133333333333334 0.0245 0.02666666666666667
0 0.7775 0.6993333333333334 0.024 0.021333333333333333
0 0.781 0.667 0.028 0.020666666666666667
1 0.784 0.665 0.011 0.012666666666666666
0 0.7 0.606 0.02 0.02
0 0.71025 0.615 0.0195 0.024666666666666667
0 0.721 0.583 0.019 0.028666666666666667
0 0.7445 0.5826666666666667 0.023 0.024
1 0.752 0.601 0.02 0.024666666666666667
1 0.74575 0.6133333333333333 0.0105 0.013333333333333334
0 0.6885 0.5353333333333333 0.015 0.028
3 0.75075 0.42933333333333334 0.0825 0.128
1 0.90975 0.41933333333333334 0.0075 0.021333333333333333
2 0.904 0.4106666666666667 0.008 0.03333333333333333
1 0.941 0.454 0.021 0.02666666666666667
9 0.936 0.458 0.035 0.036
1 0.93025 0.411 0.0185 0.023333333333333334
9 0.92675 0.4116666666666667 0.0195 0.043333333333333335
0 0.99075 0.37566666666666665 0.0185 0.024666666666666667
2 0.989 0.457 0.022 0.03266666666666666
0 0.64225 0.34 0.0135 0.02666666666666667
0 0.64625 0.32866666666666666 0.0105 0.032
1 0.63475 0.319 0.0045 0.01
0 0.66225 0.2906666666666667 0.0145 0.034666666666666665
4 0.63875 0.22433333333333333 0.0715 0.11133333333333334
0 0.6 0.2806666666666667 0.013 0.036
0 0.6705 0.156 0.011 0.037333333333333336
0 0.6575 0.16266666666666665 0.016 0.037333333333333336
0 0.65525 0.13933333333333334 0.0175 0.037333333333333336
0 0.652 0.12733333333333333 0.013 0.034666666666666665
0 0.58975 0.145 0.0095 0.03266666666666666
1 0.59725 0.149 0.0095 0.026
9 0.59675 0.15666666666666668 0.0125 0.030666666666666665
0 0.711 0.069 0.012 0.03266666666666666
0 0.6995 0.06233333333333333 0.013 0.03666666666666667
0 0.62825 0.042666666666666665 0.0115 0.036
0 0.613 0.036333333333333336 0.01 0.03933333333333333
0 0.6025 0.03833333333333333 0.009 0.03666666666666667
0 0.57425 0.06 0.0095 0.03866666666666667
0 0.56725 0.08 0.0095 0.028
3 0.5945 0.10033333333333333 0.073 0.06333333333333334
0 0.50175 0.10966666666666666 0.0095 0.03933333333333333
0 0.48875 0.12033333333333333 0.0125 0.03666666666666667
1 0.64525 0.01 0.0115 0.02
1 0.63325 0.013333333333333334 0.0085 0.02266666666666667
0 0.62175 0.019 0.0065 0.038
0 0.61025 0.013 0.0095 0.024666666666666667
1 0.59675 0.023333333333333334 0.0105 0.030666666666666665
1 0.57475 0.03233333333333333 0.0125 0.026
0 0.5605 0.04466666666666667 0.009 0.04
0 0.55125 0.037 0.0105 0.035333333333333335
0 0.53475 0.06266666666666666 0.0115 0.037333333333333336
0 0.526 0.05 0.009 0.03866666666666667
4 0.502 0.034333333333333334 0.047 0.06866666666666667
9 0.46175 0.06966666666666667 0.0275 0.023333333333333334
1 0.35775 0.126 0.0145 0.028
2 0.35975 0.133 0.0315 0.03
1 0.37225 0.109 0.0075 0.014
0 0.38225 0.11466666666666667 0.0105 0.025333333333333333
0 0.3845 0.105 0.016 0.03266666666666666
0 0.38475 0.08833333333333333 0.0095 0.03266666666666666
0 0.5905 0.366 0.013 0.025333333333333333
0 0.56925 0.36766666666666664 0.0125 0.03266666666666666
0 0.56275 0.3383333333333333 0.0115 0.022
9 0.568 0.332 0.03 0.034666666666666665
3 0.53675 0.24366666666666667 0.0745 0.09666666666666666
1 0.4655 0.22566666666666665 0.011 0.03266666666666666
9 0.46825 0.23033333333333333 0.0245 0.022
0 0.8125 0.017 0.012 0.034
0 0.82475 0.014666666666666666 0.0095 0.029333333333333333
4 0.794 0.15 0.062 0.050666666666666665
4 0.821 0.19933333333333333 0.064 0.050666666666666665
4 0.85775 0.24266666666666667 0.0555 0.04133333333333333
4 0.98025 0.195 0.0395 0.05266666666666667
4 0.8775 0.11766666666666667 0.074 0.07533333333333334
9 0.94275 0.092 0.0235 0.042666666666666665
9 0.96375 0.067 0.0285 0.03266666666666666
1 0.97025 0.06066666666666667 0.0175 0.030666666666666665
4 0.9715 0.035 0.054 0.07
0 0.306 0.096 0.022 0.03866666666666667
4 0.3235 0.06533333333333333 0.075 0.07066666666666667
1 0.26675 0.044333333333333336 0.0165 0.035333333333333335
9 0.2665 0.051666666666666666 0.015 0.028666666666666667
4 0.25525 0.013 0.0445 0.026
5 0.03275 0.009333333333333334 0.0655 0.017333333333333333
3 0.018 0.030666666666666665 0.036 0.05333333333333334
4 0.01675 0.098 0.0335 0.072
2 0.346 0.3273333333333333 0.025 0.03333333333333333
9 0.3605 0.36666666666666664 0.015 0.04133333333333333
9 0.382 0.373 0.026 0.04066666666666666
9 0.41125 0.421 0.0215 0.028666666666666667
9 0.43875 0.553 0.0285 0.03666666666666667
9 0.41975 0.5626666666666666 0.0245 0.030666666666666665
9 0.28025 0.6756666666666666 0.0375 0.03933333333333333
3 0.4005 0.45766666666666667 0.083 0.106
4 0.3285 0.546 0.096 0.10933333333333334
4 0.3575 0.6066666666666667 0.1 0.11066666666666666
0 0.40325 0.5546666666666666 0.0105 0.028
0 0.16225 0.544 0.0255 0.028
0 0.16425 0.6116666666666667 0.0265 0.026
0 0.12175 0.556 0.0375 0.025333333333333333
1 0.0965 0.5823333333333334 0.031 0.023333333333333334
0 0.0935 0.563 0.03 0.026
1 0.04725 0.696 0.0195 0.021333333333333333
1 0.02075 0.71 0.0305 0.025333333333333333
1 0.0245 0.708 0.009 0.018666666666666668