9 0.061764705882352944 0.01895424836601307 0.022058823529411766 0.030065359477124184
0 0.05110294117647059 0.018300653594771243 0.011029411764705883 0.036601307189542485
0 0.04007352941176471 0.03137254901960784 0.011029411764705883 0.044444444444444446
0 0.031985294117647056 0.03333333333333333 0.013970588235294118 0.043137254901960784
0 0.02463235294117647 0.10784313725490197 0.013970588235294118 0.05359477124183006
0 0.16176470588235295 0.13986928104575164 0.011764705882352941 0.05228758169934641
0 0.002573529411764706 0.25620915032679736 0.005147058823529412 0.04967320261437908
0 0.13088235294117648 0.23594771241830065 0.010294117647058823 0.050980392156862744
0 0.13933823529411765 0.2522875816993464 0.013970588235294118 0.05228758169934641
0 0.1488970588235294 0.238562091503268 0.019852941176470587 0.06143790849673202
0 0.17463235294117646 0.22156862745098038 0.0125 0.058823529411764705
0 0.1875 0.2196078431372549 0.014705882352941176 0.06013071895424837
0 0.22573529411764706 0.23594771241830065 0.011764705882352941 0.06666666666666667
0 0.23970588235294119 0.2503267973856209 0.011764705882352941 0.05359477124183006
0 0.24558823529411763 0.22091503267973855 0.010294117647058823 0.06013071895424837
0 0.2529411764705882 0.21764705882352942 0.014705882352941176 0.058823529411764705
0 0.2841911764705882 0.2529411764705882 0.0125 0.06143790849673202
0 0.2974264705882353 0.25359477124183005 0.015441176470588236 0.06274509803921569
0 0.2889705882352941 0.3156862745098039 0.013235294117647059 0.050980392156862744
0 0.29705882352941176 0.3130718954248366 0.014705882352941176 0.058823529411764705
0 0.3466911764705882 0.29150326797385623 0.013970588235294118 0.07058823529411765
0 0.36875 0.30915032679738563 0.01838235294117647 0.058823529411764705
2 0.3386029411764706 0.1869281045751634 0.0125 0.044444444444444446
0 0.43676470588235294 0.13529411764705881 0.008823529411764706 0.043137254901960784
0 0.4047794117647059 0.11503267973856209 0.006617647058823529 0.026143790849673203
0 0.5330882352941176 0.20130718954248367 0.008823529411764706 0.05751633986928104
0 0.4375 0.4372549019607843 0.016176470588235296 0.08758169934640522
0 0.38566176470588237 0.4666666666666667 0.015441176470588236 0.07581699346405228
0 0.4522058823529412 0.6379084967320261 0.025 0.10718954248366012
0 0.4834558823529412 0.5620915032679739 0.01838235294117647 0.08888888888888889
0 0.47794117647058826 0.5078431372549019 0.022058823529411766 0.08235294117647059
0 0.5139705882352941 0.5163398692810458 0.01764705882352941 0.0784313725490196
1 0.5305147058823529 0.5 0.019852941176470587 0.06143790849673202
2 0.5319852941176471 0.5183006535947713 0.021323529411764706 0.07450980392156863
0 0.5830882352941177 0.40326797385620916 0.01764705882352941 0.08758169934640522
0 0.5584558823529412 0.48366013071895425 0.021323529411764706 0.07581699346405228
0 0.5595588235294118 0.5405228758169934 0.022058823529411766 0.08496732026143791
0 0.5911764705882353 0.5281045751633987 0.014705882352941176 0.08888888888888889
0 0.586764705882353 0.4954248366013072 0.014705882352941176 0.08104575163398693
0 0.5540441176470589 0.8032679738562092 0.01838235294117647 0.10065359477124183
0 0.6529411764705882 0.7869281045751634 0.023529411764705882 0.09411764705882353
0 0.711764705882353 0.7856209150326797 0.026470588235294117 0.10980392156862745
9 0.2786764705882353 0.9483660130718954 0.08529411764705883 0.09019607843137255
0 0.5871323529411765 0.984967320261438 0.019852941176470587 0.030065359477124184
0 0.6158088235294118 0.9660130718954248 0.027205882352941177 0.06797385620915032
0 0.9448529411764706 0.5673202614379085 0.026470588235294117 0.08366013071895424
2 0.9577205882352942 0.5830065359477125 0.030147058823529412 0.06013071895424837
0 0.9125 0.74640522875817 0.030882352941176472 0.08627450980392157
0 0.8319852941176471 0.7333333333333333 0.021323529411764706 0.07058823529411765
0 0.7698529411764706 0.842483660130719 0.01764705882352941 0.06143790849673202
0 0.7963235294117647 0.8405228758169935 0.033823529411764704 0.12026143790849673
0 0.8613970588235295 0.938562091503268 0.03602941176470588 0.11764705882352941
0 0.9029411764705882 0.8437908496732026 0.022058823529411766 0.06928104575163399
0 0.9169117647058823 0.8477124183006536 0.03529411764705882 0.11372549019607843
0 0.930514705882353 0.8810457516339869 0.02426470588235294 0.11503267973856209
0 0.4128676470588235 0.22483660130718955 0.011029411764705883 0.06274509803921569
0 0.4227941176470588 0.23137254901960785 0.008823529411764706 0.06013071895424837