3 0.43580375782881003 0.8942486085343229 0.09081419624217119 0.1280148423005566
3 0.4582463465553236 0.6507421150278293 0.059498956158663886 0.08441558441558442
3 0.4989561586638831 0.5477736549165121 0.04279749478079332 0.05844155844155844
1 0.7727035490605428 0.5700371057513914 0.010960334029227558 0.03432282003710575
9 0.7734864300626305 0.5807050092764379 0.014613778705636743 0.03525046382189239
4 0.7847077244258872 0.3038033395176252 0.016179540709812108 0.02504638218923933
6 0.7612212943632568 0.2829313543599258 0.012004175365344467 0.014842300556586271
3 0.884133611691023 0.21846011131725418 0.014613778705636743 0.015769944341372914
3 0.9592901878914405 0.18877551020408162 0.006263048016701462 0.012059369202226345
6 0.9825156576200418 0.17578849721706866 0.005741127348643006 0.01020408163265306
5 0.9420668058455115 0.16233766233766234 0.006263048016701462 0.011131725417439703