3 0.29007352941176473 0.043137254901960784 0.011029411764705883 0.013071895424836602
3 0.3047794117647059 0.06274509803921569 0.025735294117647058 0.01568627450980392
3 0.3327205882352941 0.043137254901960784 0.011029411764705883 0.013071895424836602
3 0.22720588235294117 0.2633986928104575 0.027941176470588237 0.03529411764705882
3 0.25882352941176473 0.2607843137254902 0.022058823529411766 0.03529411764705882
0 0.28308823529411764 0.27320261437908494 0.0058823529411764705 0.03398692810457516
0 0.3003676470588235 0.2169934640522876 0.006617647058823529 0.026143790849673203
0 0.35698529411764707 0.134640522875817 0.005147058823529412 0.02091503267973856
0 0.3602941176470588 0.10784313725490197 0.0029411764705882353 0.01699346405228758
0 0.36176470588235293 0.10065359477124183 0.004411764705882353 0.018300653594771243
3 0.3113970588235294 0.2437908496732026 0.01838235294117647 0.03529411764705882
3 0.3352941176470588 0.20130718954248367 0.01911764705882353 0.02875816993464052
9 0.34963235294117645 0.20588235294117646 0.005147058823529412 0.01699346405228758
0 0.35 0.19607843137254902 0.004411764705882353 0.018300653594771243
3 0.2595588235294118 0.3718954248366013 0.033823529411764704 0.050980392156862744
9 0.21433823529411763 0.6222222222222222 0.01838235294117647 0.0392156862745098
0 0.2125 0.6026143790849673 0.013235294117647059 0.0392156862745098
0 0.21654411764705883 0.6006535947712418 0.009558823529411765 0.03529411764705882
0 0.13933823529411765 0.661437908496732 0.0125 0.05228758169934641
0 0.0974264705882353 0.6437908496732027 0.016911764705882352 0.058823529411764705
0 0.09080882352941176 0.7189542483660131 0.016911764705882352 0.06274509803921569
0 0.07205882352941176 0.6973856209150326 0.014705882352941176 0.06928104575163399
0 0.11102941176470588 0.9666666666666667 0.027941176470588237 0.06666666666666667
6 0.3650735294117647 0.4392156862745098 0.019852941176470587 0.04967320261437908
0 0.3610294117647059 0.4339869281045752 0.010294117647058823 0.02875816993464052
3 0.3654411764705882 0.36013071895424836 0.025 0.050980392156862744
9 0.40625 0.3 0.008088235294117648 0.02483660130718954
0 0.40625 0.2908496732026144 0.006617647058823529 0.022222222222222223
3 0.5 0.47124183006535947 0.029411764705882353 0.05359477124183006
9 0.3724264705882353 0.1437908496732026 0.003676470588235294 0.01568627450980392
0 0.3720588235294118 0.13790849673202615 0.0029411764705882353 0.01437908496732026
3 0.36801470588235297 0.11241830065359477 0.0125 0.02091503267973856
0 0.4147058823529412 0.10980392156862745 0.004411764705882353 0.018300653594771243
4 0.4823529411764706 0.2326797385620915 0.01911764705882353 0.044444444444444446
3 0.4783088235294118 0.14836601307189543 0.013970588235294118 0.02483660130718954
6 0.49522058823529413 0.11633986928104575 0.008088235294117648 0.018300653594771243
0 0.49558823529411766 0.11045751633986928 0.004411764705882353 0.01437908496732026
9 0.43051470588235297 0.06862745098039216 0.003676470588235294 0.011764705882352941
0 0.4308823529411765 0.06339869281045751 0.0029411764705882353 0.011764705882352941
9 0.45183823529411765 0.040522875816993466 0.003676470588235294 0.00784313725490196
0 0.45183823529411765 0.03529411764705882 0.0022058823529411764 0.01045751633986928
0 0.4455882352941177 0.02091503267973856 0.0029411764705882353 0.013071895424836602
4 0.4400735294117647 0.02091503267973856 0.008088235294117648 0.01568627450980392
3 0.48713235294117646 0.01568627450980392 0.006617647058823529 0.013071895424836602
4 0.4738970588235294 0.011764705882352941 0.006617647058823529 0.013071895424836602
9 0.5029411764705882 0.07777777777777778 0.0029411764705882353 0.011764705882352941
9 0.4922794117647059 0.07777777777777778 0.003676470588235294 0.011764705882352941
9 0.4963235294117647 0.07450980392156863 0.004411764705882353 0.01045751633986928
0 0.4922794117647059 0.07320261437908497 0.0022058823529411764 0.01045751633986928
0 0.5029411764705882 0.07254901960784314 0.0029411764705882353 0.011764705882352941
0 0.4963235294117647 0.07058823529411765 0.0029411764705882353 0.013071895424836602
3 0.5305147058823529 0.01241830065359477 0.013970588235294118 0.011764705882352941
4 0.5367647058823529 0.045098039215686274 0.007352941176470588 0.01699346405228758
9 0.5216911764705883 0.16862745098039217 0.005147058823529412 0.013071895424836602
0 0.5213235294117647 0.1627450980392157 0.004411764705882353 0.01437908496732026
9 0.5632352941176471 0.21568627450980393 0.004411764705882353 0.018300653594771243
0 0.5636029411764706 0.2065359477124183 0.003676470588235294 0.01568627450980392
3 0.6169117647058824 0.2901960784313726 0.026470588235294117 0.04183006535947712
3 0.5764705882352941 0.16601307189542483 0.016176470588235296 0.023529411764705882
3 0.569485294117647 0.14705882352941177 0.013970588235294118 0.022222222222222223
3 0.5606617647058824 0.12222222222222222 0.011029411764705883 0.0196078431372549
3 0.5411764705882353 0.40588235294117647 0.026470588235294117 0.048366013071895426
0 0.6132352941176471 0.9679738562091503 0.020588235294117647 0.06405228758169934
3 0.763235294117647 0.7150326797385621 0.061764705882352944 0.10457516339869281
3 0.7297794117647058 0.6169934640522876 0.05220588235294118 0.08627450980392157
3 0.6996323529411764 0.5281045751633987 0.03897058823529412 0.07320261437908497
9 0.6522058823529412 0.5287581699346405 0.013235294117647059 0.032679738562091505
0 0.6529411764705882 0.5111111111111111 0.008823529411764706 0.03398692810457516
3 0.6768382352941177 0.4594771241830065 0.03602941176470588 0.05620915032679739
9 0.6415441176470589 0.4372549019607843 0.009558823529411765 0.030065359477124184
0 0.6415441176470589 0.42810457516339867 0.008088235294117648 0.030065359477124184
3 0.6602941176470588 0.16209150326797386 0.020588235294117647 0.023529411764705882