3 0.47760416666666666 0.9375 0.04479166666666667 0.11388888888888889
3 0.5294270833333333 0.7421296296296296 0.034895833333333334 0.06944444444444445
3 0.415625 0.6597222222222222 0.030208333333333334 0.058333333333333334
3 0.38229166666666664 0.5444444444444444 0.022916666666666665 0.040740740740740744
3 0.45390625 0.512962962962963 0.0203125 0.03148148148148148
3 0.4942708333333333 0.5055555555555555 0.020833333333333332 0.03333333333333333
3 0.4747395833333333 0.4134259259259259 0.016145833333333335 0.025
3 0.42109375 0.40925925925925927 0.016145833333333335 0.024074074074074074
3 0.43046875 0.3523148148148148 0.013020833333333334 0.021296296296296296
3 0.44609375 0.33935185185185185 0.011979166666666667 0.019444444444444445
9 0.50078125 0.3662037037037037 0.0046875 0.013888888888888888
1 0.5015625 0.362962962962963 0.005208333333333333 0.016666666666666666
3 0.44817708333333334 0.30416666666666664 0.0109375 0.017592592592592594
3 0.3932291666666667 0.31296296296296294 0.011458333333333333 0.016666666666666666
3 0.4080729166666667 0.28194444444444444 0.009895833333333333 0.01574074074074074
3 0.425 0.275 0.009375 0.014814814814814815
3 0.39166666666666666 0.2671296296296296 0.009375 0.013888888888888888
3 0.4078125 0.26666666666666666 0.008333333333333333 0.014814814814814815
3 0.41953125 0.2601851851851852 0.008854166666666666 0.012962962962962963
3 0.39817708333333335 0.24166666666666667 0.0078125 0.012962962962962963
3 0.3997395833333333 0.23425925925925925 0.008854166666666666 0.012962962962962963
4 0.4075520833333333 0.22361111111111112 0.008854166666666666 0.01574074074074074
3 0.14557291666666666 0.7949074074074074 0.0546875 0.09351851851851851
4 0.12578125 0.7064814814814815 0.049479166666666664 0.09259259259259259
3 0.14192708333333334 0.5958333333333333 0.03697916666666667 0.05648148148148148
3 0.15963541666666667 0.4666666666666667 0.027604166666666666 0.037037037037037035
3 0.26328125 0.46064814814814814 0.021354166666666667 0.03425925925925926
3 0.2791666666666667 0.3888888888888889 0.01875 0.03148148148148148
4 0.24036458333333333 0.36574074074074076 0.0171875 0.03333333333333333
3 0.26927083333333335 0.324537037037037 0.013541666666666667 0.019444444444444445
4 0.2989583333333333 0.3296296296296296 0.0125 0.025925925925925925
3 0.3033854166666667 0.2949074074074074 0.011979166666666667 0.017592592592592594
3 0.31614583333333335 0.2708333333333333 0.009375 0.013888888888888888
3 0.3028645833333333 0.2569444444444444 0.008854166666666666 0.013888888888888888
3 0.30885416666666665 0.2412037037037037 0.007291666666666667 0.012037037037037037
4 0.3260416666666667 0.25 0.007291666666666667 0.016666666666666666
4 0.33984375 0.2587962962962963 0.008854166666666666 0.013888888888888888
3 0.33567708333333335 0.23194444444444445 0.0067708333333333336 0.012037037037037037
3 0.32369791666666664 0.2300925925925926 0.0078125 0.012037037037037037
3 0.3143229166666667 0.225 0.0078125 0.014814814814814815
3 0.33984375 0.22083333333333333 0.0067708333333333336 0.010185185185185186
3 0.3375 0.20787037037037037 0.00625 0.010185185185185186
3 0.32734375 0.20694444444444443 0.005729166666666666 0.008333333333333333
3 0.3171875 0.20833333333333334 0.005208333333333333 0.009259259259259259
3 0.31744791666666666 0.20092592592592592 0.005729166666666666 0.007407407407407408
3 0.3138020833333333 0.19675925925925927 0.005729166666666666 0.008333333333333333
3 0.31588541666666664 0.19166666666666668 0.005729166666666666 0.009259259259259259
3 0.32916666666666666 0.19166666666666668 0.00625 0.009259259259259259
3 0.3380208333333333 0.19490740740740742 0.005208333333333333 0.008333333333333333
3 0.3890625 0.2152777777777778 0.007291666666666667 0.012037037037037037
3 0.4010416666666667 0.21666666666666667 0.00625 0.009259259259259259
3 0.41119791666666666 0.2162037037037037 0.0067708333333333336 0.010185185185185186
3 0.4158854166666667 0.20601851851851852 0.005729166666666666 0.008333333333333333
3 0.39557291666666666 0.20879629629629629 0.0067708333333333336 0.010185185185185186
3 0.403125 0.20462962962962963 0.007291666666666667 0.011111111111111112
3 0.40182291666666664 0.19722222222222222 0.0067708333333333336 0.009259259259259259
3 0.37213541666666666 0.19537037037037036 0.005729166666666666 0.009259259259259259
3 0.3770833333333333 0.2 0.005208333333333333 0.007407407407407408
3 0.3841145833333333 0.19953703703703704 0.005729166666666666 0.010185185185185186
3 0.39010416666666664 0.19537037037037036 0.005208333333333333 0.007407407407407408
3 0.3690104166666667 0.18888888888888888 0.005729166666666666 0.007407407407407408
3 0.3734375 0.18101851851851852 0.005208333333333333 0.008333333333333333