3 0.15944676409185804 0.4735621521335807 0.055845511482254695 0.04359925788497217
3 0.14926931106471816 0.5125231910946196 0.049060542797494784 0.038033395176252316
3 0.20250521920668058 0.5055658627087198 0.054279749478079335 0.04638218923933209
9 0.2612212943632568 0.4035250463821892 0.006784968684759917 0.025974025974025976
9 0.24425887265135698 0.39981447124304265 0.010438413361169102 0.03710575139146568
3 0.31080375782881003 0.40213358070500926 0.02348643006263048 0.07328385899814471
3 0.3713465553235908 0.4030612244897959 0.02348643006263048 0.075139146567718
5 0.18058455114822547 0.612708719851577 0.08455114822546973 0.075139146567718
4 0.23721294363256784 0.7402597402597403 0.04540709812108559 0.09090909090909091
3 0.3731732776617954 0.7068645640074211 0.027139874739039668 0.07606679035250463
3 0.4136221294363257 0.7207792207792207 0.02661795407098121 0.08348794063079777
3 0.4462421711899791 0.7087198515769945 0.026096033402922755 0.07977736549165121
9 0.40866388308977036 0.36131725417439703 0.006263048016701462 0.02504638218923933
9 0.4405010438413361 0.4025974025974026 0.018789144050104383 0.014842300556586271
3 0.4707724425887265 0.3974953617810761 0.021920668058455117 0.06957328385899815
3 0.5039144050104384 0.39053803339517623 0.02348643006263048 0.07606679035250463
9 0.6150835073068893 0.3678107606679035 0.009916492693110648 0.0287569573283859
9 0.7737473903966597 0.3692022263450835 0.008872651356993737 0.029684601113172542
3 0.8259394572025052 0.4100185528756957 0.050626304801670144 0.04267161410018553
4 0.9331941544885177 0.44387755102040816 0.03549060542797495 0.07328385899814471
3 0.9639874739039666 0.09693877551020408 0.03444676409185804 0.04359925788497217
3 0.8872651356993737 0.12198515769944342 0.014613778705636743 0.04730983302411874
3 0.9172755741127349 0.6507421150278293 0.043319415448851775 0.08998144712430427
3 0.8640396659707724 0.6767161410018553 0.043319415448851775 0.08998144712430427
3 0.8262004175365344 0.6757884972170687 0.03653444676409186 0.0862708719851577
3 0.7938413361169102 0.6776437847866419 0.03444676409185804 0.08812615955473098
3 0.7348643006263048 0.6767161410018553 0.037578288100208766 0.0862708719851577
3 0.6375260960334029 0.6892393320964749 0.03288100208768267 0.08534322820037106