0 0.9834558823529411 0.6143790849673203 0.016911764705882352 0.0784313725490196
0 0.9724264705882353 0.6777777777777778 0.015441176470588236 0.06928104575163399
0 0.9904411764705883 0.6627450980392157 0.014705882352941176 0.07581699346405228
0 0.8705882352941177 0.6254901960784314 0.016176470588235296 0.07450980392156863
0 0.856985294117647 0.6261437908496732 0.016911764705882352 0.07581699346405228
0 0.8485294117647059 0.7568627450980392 0.023529411764705882 0.08627450980392157
0 0.7213235294117647 0.7215686274509804 0.023529411764705882 0.08104575163398693
0 0.29669117647058824 0.8143790849673203 0.02426470588235294 0.10718954248366012
0 0.3966911764705882 0.2647058823529412 0.008088235294117648 0.03790849673202614
0 0.4172794117647059 0.1477124183006536 0.003676470588235294 0.023529411764705882
3 0.2727941176470588 0.6869281045751634 0.07647058823529412 0.15294117647058825
3 0.21911764705882353 0.8784313725490196 0.10441176470588236 0.2196078431372549
3 0.4430147058823529 0.21372549019607842 0.019852941176470587 0.03529411764705882
3 0.4852941176470588 0.18235294117647058 0.01764705882352941 0.027450980392156862
3 0.45441176470588235 0.12156862745098039 0.013235294117647059 0.02091503267973856
3 0.4338235294117647 0.11503267973856209 0.014705882352941176 0.023529411764705882
3 0.48455882352941176 0.1588235294117647 0.01764705882352941 0.027450980392156862
3 0.475 0.1450980392156863 0.01764705882352941 0.023529411764705882
3 0.4801470588235294 0.07973856209150326 0.008823529411764706 0.01568627450980392
3 0.7849264705882353 0.6830065359477124 0.11838235294117647 0.10326797385620914
3 0.5507352941176471 0.6503267973856209 0.057352941176470586 0.12156862745098039
3 0.45183823529411765 0.6366013071895424 0.05073529411764706 0.13856209150326798
3 0.5452205882352941 0.465359477124183 0.0375 0.07320261437908497
3 0.33455882352941174 0.47908496732026146 0.045588235294117645 0.08496732026143791
3 0.45294117647058824 0.24313725490196078 0.022058823529411766 0.044444444444444446
3 0.4974264705882353 0.23986928104575164 0.022794117647058822 0.03790849673202614
3 0.4919117647058823 0.20718954248366014 0.01911764705882353 0.030065359477124184
3 0.44485294117647056 0.1588235294117647 0.016176470588235296 0.027450980392156862
3 0.4540441176470588 0.18562091503267975 0.016911764705882352 0.02875816993464052
3 0.5044117647058823 0.13986928104575164 0.014705882352941176 0.026143790849673203
3 0.5386029411764706 0.3287581699346405 0.028676470588235293 0.048366013071895426
3 0.6819852941176471 0.7352941176470589 0.07867647058823529 0.1450980392156863
3 0.4415441176470588 0.13202614379084968 0.028676470588235293 0.02091503267973856
3 0.45808823529411763 0.11045751633986928 0.010294117647058823 0.0196078431372549
3 0.45845588235294116 0.1 0.009558823529411765 0.01437908496732026
3 0.5066176470588235 0.10980392156862745 0.010294117647058823 0.01568627450980392
9 0.4988970588235294 0.12091503267973856 0.0125 0.02483660130718954
3 0.48161764705882354 0.09019607843137255 0.010294117647058823 0.018300653594771243
3 0.4783088235294118 0.06535947712418301 0.008088235294117648 0.013071895424836602
3 0.4661764705882353 0.0542483660130719 0.007352941176470588 0.009150326797385621
3 0.47904411764705884 0.05163398692810457 0.006617647058823529 0.009150326797385621
3 0.45294117647058824 0.052941176470588235 0.007352941176470588 0.009150326797385621
3 0.4933823529411765 0.05947712418300653 0.0058823529411764705 0.009150326797385621
3 0.5095588235294117 0.060784313725490195 0.013235294117647059 0.009150326797385621
7 0.524264705882353 0.10457516339869281 0.01764705882352941 0.018300653594771243
4 0.40661764705882353 0.12222222222222222 0.023529411764705882 0.02483660130718954
4 0.3996323529411765 0.13398692810457516 0.027205882352941177 0.027450980392156862
1 0.4209558823529412 0.1437908496732026 0.003676470588235294 0.013071895424836602
1 0.42205882352941176 0.165359477124183 0.004411764705882353 0.0196078431372549
1 0.4158088235294118 0.20522875816993463 0.005147058823529412 0.023529411764705882
1 0.40551470588235294 0.22941176470588234 0.006617647058823529 0.027450980392156862
1 0.42720588235294116 0.2751633986928105 0.010294117647058823 0.030065359477124184
1 0.41360294117647056 0.2954248366013072 0.008088235294117648 0.026143790849673203
1 0.41360294117647056 0.2928104575163399 0.008088235294117648 0.026143790849673203
1 0.34558823529411764 0.834640522875817 0.022058823529411766 0.07450980392156863
1 0.3474264705882353 0.8254901960784313 0.025735294117647058 0.07973856209150326
9 0.3463235294117647 0.8699346405228758 0.030882352941176472 0.09542483660130718
0 0.21066176470588235 0.9718954248366013 0.015441176470588236 0.05359477124183006
9 0.9349264705882353 0.6581699346405229 0.030147058823529412 0.06928104575163399
9 0.9584558823529412 0.7098039215686275 0.030147058823529412 0.06274509803921569
2 0.981985294117647 0.7183006535947712 0.028676470588235293 0.06666666666666667
2 0.9496323529411764 0.6535947712418301 0.03455882352941177 0.07058823529411765
9 0.5856617647058824 0.3686274509803922 0.015441176470588236 0.0392156862745098
4 0.4551470588235294 0.32287581699346407 0.026470588235294117 0.06797385620915032
9 0.4275735294117647 0.28431372549019607 0.009558823529411765 0.030065359477124184
9 0.41360294117647056 0.3045751633986928 0.008088235294117648 0.03398692810457516
9 0.4158088235294118 0.21241830065359477 0.008088235294117648 0.022222222222222223
9 0.4224264705882353 0.1718954248366013 0.005147058823529412 0.01699346405228758
9 0.4198529411764706 0.14901960784313725 0.0058823529411764705 0.013071895424836602
2 0.40588235294117647 0.2372549019607843 0.007352941176470588 0.02483660130718954
9 0.4470588235294118 0.10915032679738562 0.0029411764705882353 0.011764705882352941
2 0.34852941176470587 0.10784313725490197 0.010294117647058823 0.011764705882352941
0 0.3790441176470588 0.12418300653594772 0.005147058823529412 0.018300653594771243
4 0.3264705882352941 0.11764705882352941 0.026470588235294117 0.018300653594771243
7 0.5595588235294118 0.2777777777777778 0.014705882352941176 0.043137254901960784
8 0.5279411764705882 0.22549019607843138 0.033823529411764704 0.10326797385620914
3 0.9246323529411765 0.9215686274509803 0.14779411764705883 0.13856209150326798
5 0.7077205882352942 0.9071895424836601 0.11544117647058824 0.1803921568627451