3 0.7463465553235908 0.03896103896103896 0.024008350730688934 0.022263450834879406
3 0.6784968684759917 0.09972170686456401 0.016701461377870562 0.032467532467532464
3 0.6505741127348643 0.09090909090909091 0.015135699373695199 0.02411873840445269
3 0.625 0.12476808905380334 0.027661795407098122 0.021335807050092765
3 0.6195198329853863 0.075139146567718 0.011482254697286013 0.016697588126159554
3 0.5754175365344467 0.1841372912801484 0.019311064718162838 0.032467532467532464
5 0.6132567849686847 0.2810760667903525 0.020876826722338204 0.04638218923933209
0 0.5555845511482255 0.21150278293135436 0.0026096033402922755 0.02040816326530612
4 0.5949895615866388 0.27690166975881264 0.018789144050104383 0.045454545454545456
3 0.5780271398747391 0.2722634508348794 0.02035490605427975 0.041743970315398886
3 0.5592379958246346 0.26669758812615957 0.019311064718162838 0.036178107606679034
3 0.6200417536534447 0.24907235621521337 0.019832985386221295 0.036178107606679034
3 0.5694154488517745 0.23747680890538034 0.019832985386221295 0.03153988868274583
0 0.7061586638830898 0.300556586270872 0.005219206680584551 0.022263450834879406
0 0.6471816283924844 0.3812615955473098 0.006263048016701462 0.022263450834879406
3 0.5529749478079332 0.3868274582560297 0.027661795407098122 0.04823747680890538
3 0.5548016701461378 0.4995361781076067 0.03444676409185804 0.06771799628942486
3 0.5005219206680585 0.5296846011131725 0.032359081419624215 0.061224489795918366
3 0.4971294363256785 0.4550092764378479 0.02870563674321503 0.045454545454545456
3 0.4772964509394572 0.5102040816326531 0.029749478079331943 0.06307977736549165
5 0.4725991649269311 0.6804267161410018 0.03914405010438413 0.07884972170686456
7 0.3220250521920668 0.6512059369202227 0.025052192066805846 0.05380333951762523
9 0.24660751565762004 0.6697588126159555 0.009916492693110648 0.016697588126159554
9 0.21294363256784968 0.6224489795918368 0.009394572025052192 0.01855287569573284
9 0.23512526096033404 0.6535250463821892 0.006784968684759917 0.013914656771799629
3 0.7129436325678496 0.3631725417439703 0.018789144050104383 0.04916512059369202