1 0.27218162839248433 0.8084415584415584 0.015135699373695199 0.032467532467532464
9 0.2974947807933194 0.8928571428571429 0.031315240083507306 0.036178107606679034
3 0.28157620041753656 0.9346011131725418 0.0861169102296451 0.07884972170686456
9 0.29018789144050106 0.9800556586270872 0.038622129436325675 0.038033395176252316
0 0.33402922755741127 0.7963821892393321 0.010438413361169102 0.039888682745825604
9 0.30349686847599167 0.7588126159554731 0.024530271398747392 0.03525046382189239
9 0.30427974947807934 0.7309833024118738 0.026096033402922755 0.03153988868274583
9 0.30636743215031315 0.7198515769944341 0.021920668058455117 0.025974025974025976
9 0.3071503131524008 0.7101113172541744 0.02139874739039666 0.036178107606679034
9 0.3397703549060543 0.685064935064935 0.021920668058455117 0.030612244897959183
1 0.33507306889352817 0.6785714285714286 0.009394572025052192 0.026901669758812616
1 0.3397703549060543 0.6753246753246753 0.012526096033402923 0.04081632653061224
9 0.3188935281837161 0.6312615955473099 0.020876826722338204 0.02504638218923933
9 0.32150313152400833 0.6192022263450835 0.021920668058455117 0.0287569573283859
0 0.43789144050104384 0.6572356215213359 0.010438413361169102 0.045454545454545456
7 0.38230688935281837 0.5983302411873841 0.031837160751565764 0.04452690166975881
7 0.4167536534446764 0.6196660482374768 0.02035490605427975 0.05194805194805195
3 0.38648225469728603 0.5677179962894249 0.024530271398747392 0.04823747680890538
3 0.46085594989561585 0.6655844155844156 0.025052192066805846 0.07328385899814471
1 0.48643006263048016 0.5366419294990723 0.008350730688935281 0.02504638218923933
9 0.4866910229645094 0.5454545454545454 0.009916492693110648 0.029684601113172542
8 0.3924843423799583 0.45315398886827457 0.08559498956158663 0.07142857142857142
3 0.3849164926931106 0.4206864564007421 0.02035490605427975 0.05102040816326531
5 0.4112734864300626 0.4049165120593692 0.025052192066805846 0.05473098330241188
6 0.4337160751565762 0.40816326530612246 0.012526096033402923 0.03153988868274583
4 0.44676409185803756 0.4318181818181818 0.017745302713987474 0.05287569573283859
7 0.44650313152400833 0.40862708719851576 0.013048016701461378 0.036178107606679034
9 0.4707724425887265 0.44387755102040816 0.008350730688935281 0.026901669758812616
1 0.46998956158663885 0.44063079777365494 0.005741127348643006 0.02040816326530612
6 0.40631524008350733 0.3181818181818182 0.013048016701461378 0.02040816326530612
3 0.37839248434237993 0.3167903525046382 0.016701461377870562 0.030612244897959183
6 0.33820459290187893 0.3038033395176252 0.013569937369519834 0.030612244897959183
9 0.3890918580375783 0.2898886827458256 0.007828810020876827 0.013914656771799629
9 0.40213987473903967 0.29081632653061223 0.0036534446764091857 0.013914656771799629
6 0.42954070981210857 0.300556586270872 0.008350730688935281 0.016697588126159554
6 0.4318893528183716 0.2787569573283859 0.010960334029227558 0.017625231910946195
0 0.39613778705636743 0.2792207792207792 0.005219206680584551 0.02040816326530612
0 0.3930062630480167 0.2764378478664193 0.0041753653444676405 0.02040816326530612
9 0.38883089770354906 0.2750463821892393 0.007306889352818371 0.01948051948051948
9 0.4264091858037578 0.27782931354359924 0.007306889352818371 0.015769944341372914
9 0.4459812108559499 0.2917439703153989 0.006784968684759917 0.017625231910946195
1 0.44572025052192066 0.28710575139146566 0.003131524008350731 0.015769944341372914
9 0.42484342379958245 0.25834879406307976 0.005219206680584551 0.017625231910946195
3 0.45981210855949894 0.24860853432282004 0.012526096033402923 0.022263450834879406
1 0.47677453027139877 0.2824675324675325 0.0036534446764091857 0.013914656771799629
6 0.47677453027139877 0.28617810760667906 0.004697286012526096 0.015769944341372914
9 0.3729123173277662 0.25556586270871984 0.008872651356993737 0.01020408163265306
9 0.37265135699373697 0.24304267161410018 0.009394572025052192 0.012987012987012988
3 0.3862212943632568 0.2230983302411874 0.011482254697286013 0.021335807050092765
6 0.4423277661795407 0.22495361781076068 0.004697286012526096 0.012059369202226345
1 0.44154488517745305 0.21985157699443414 0.0041753653444676405 0.00927643784786642
9 0.3770876826722338 0.1971243042671614 0.007828810020876827 0.012059369202226345
9 0.38543841336116913 0.19619666048237477 0.0036534446764091857 0.012059369202226345
9 0.39091858037578286 0.19619666048237477 0.006263048016701462 0.012059369202226345
9 0.3859603340292276 0.18645640074211503 0.009916492693110648 0.00927643784786642
9 0.38752609603340293 0.18877551020408162 0.004697286012526096 0.01020408163265306
9 0.3828288100208768 0.17625231910946196 0.007828810020876827 0.00927643784786642
9 0.38674321503131526 0.1702226345083488 0.006263048016701462 0.013914656771799629
6 0.38987473903966596 0.15584415584415584 0.006263048016701462 0.014842300556586271
0 0.4204070981210856 0.2017625231910946 0.0036534446764091857 0.013914656771799629
7 0.424321503131524 0.20269016697588127 0.007306889352818371 0.015769944341372914
3 0.41257828810020875 0.17717996289424862 0.008872651356993737 0.016697588126159554
7 0.4232776617954071 0.18320964749536178 0.005219206680584551 0.012059369202226345
7 0.4211899791231733 0.17207792207792208 0.005219206680584551 0.012059369202226345
3 0.4240605427974948 0.16280148423005567 0.008872651356993737 0.015769944341372914
3 0.4637265135699374 0.19944341372912802 0.009916492693110648 0.014842300556586271
0 0.43241127348643005 0.1525974025974026 0.0036534446764091857 0.01020408163265306
0 0.4344989561586639 0.137291280148423 0.0036534446764091857 0.011131725417439703
1 0.43997912317327764 0.14888682745825602 0.0020876826722338203 0.008348794063079777
1 0.44937369519832987 0.13589981447124305 0.003131524008350731 0.008348794063079777
1 0.45041753653444677 0.14471243042671614 0.003131524008350731 0.00927643784786642
1 0.4339770354906054 0.161873840445269 0.0036534446764091857 0.008348794063079777
1 0.45407098121085593 0.18506493506493507 0.003131524008350731 0.01020408163265306
9 0.4545929018789144 0.18738404452690166 0.0041753653444676405 0.011131725417439703
9 0.4344989561586639 0.1637291280148423 0.0036534446764091857 0.01020408163265306
9 0.43997912317327764 0.150278293135436 0.003131524008350731 0.00927643784786642
9 0.4509394572025052 0.1461038961038961 0.0041753653444676405 0.01020408163265306
9 0.44911273486430064 0.13682745825602968 0.0036534446764091857 0.008348794063079777
9 0.4331941544885177 0.13126159554730985 0.003131524008350731 0.006493506493506494
1 0.4329331941544885 0.12894248608534323 0.0026096033402922755 0.0055658627087198514
9 0.4616388308977035 0.14888682745825602 0.006784968684759917 0.008348794063079777
9 0.46555323590814196 0.15306122448979592 0.0041753653444676405 0.011131725417439703
7 0.46842379958246344 0.16094619666048238 0.005741127348643006 0.013914656771799629
7 0.46346555323590816 0.161873840445269 0.009394572025052192 0.01020408163265306
7 0.4626826722338205 0.1660482374768089 0.007828810020876827 0.011131725417439703
7 0.4613778705636743 0.17393320964749537 0.006263048016701462 0.015769944341372914
7 0.4692066805845512 0.1702226345083488 0.009394572025052192 0.015769944341372914
7 0.4715553235908142 0.1794990723562152 0.008872651356993737 0.01948051948051948
4 0.4658141962421712 0.18228200371057515 0.008872651356993737 0.01948051948051948
0 0.4744258872651357 0.1730055658627087 0.003131524008350731 0.008348794063079777
0 0.4772964509394572 0.16975881261595546 0.004697286012526096 0.012987012987012988
0 0.5018267223382046 0.19202226345083487 0.0026096033402922755 0.014842300556586271
0 0.47520876826722336 0.19480519480519481 0.0036534446764091857 0.00927643784786642
7 0.4772964509394572 0.2101113172541744 0.008872651356993737 0.021335807050092765
7 0.47651356993736954 0.20500927643784786 0.012526096033402923 0.01855287569573284
0 0.4890396659707724 0.22263450834879406 0.003131524008350731 0.014842300556586271
0 0.4953027139874739 0.22634508348794063 0.003131524008350731 0.014842300556586271
0 0.49086638830897705 0.23376623376623376 0.0036534446764091857 0.014842300556586271
7 0.48303757828810023 0.23376623376623376 0.009916492693110648 0.02411873840445269
7 0.48747390396659707 0.2532467532467532 0.011482254697286013 0.022263450834879406
0 0.4903444676409186 0.2852504638218924 0.006784968684759917 0.023191094619666047
0 0.5002609603340292 0.28014842300556586 0.004697286012526096 0.014842300556586271
9 0.5104384133611691 0.274582560296846 0.005219206680584551 0.012987012987012988
9 0.5247912317327766 0.2917439703153989 0.004697286012526096 0.015769944341372914
7 0.4900835073068894 0.3014842300556586 0.014613778705636743 0.029684601113172542
7 0.5007828810020877 0.2940630797773655 0.012004175365344467 0.022263450834879406
7 0.49373695198329853 0.27968460111317256 0.024008350730688934 0.0287569573283859
6 0.5041753653444676 0.3042671614100185 0.007306889352818371 0.016697588126159554
9 0.5046972860125261 0.31493506493506496 0.010438413361169102 0.01020408163265306
9 0.5062630480167014 0.3205009276437848 0.010438413361169102 0.013914656771799629
6 0.5302713987473904 0.3585343228200371 0.013569937369519834 0.030612244897959183
0 0.5237473903966597 0.3687384044526902 0.004697286012526096 0.017625231910946195
2 0.5602818371607515 0.3687384044526902 0.009916492693110648 0.013914656771799629
9 0.5495824634655533 0.37755102040816324 0.014613778705636743 0.016697588126159554
9 0.5461899791231732 0.32838589981447125 0.010960334029227558 0.012987012987012988
1 0.5046972860125261 0.42810760667903525 0.006263048016701462 0.021335807050092765
0 0.5005219206680585 0.4253246753246753 0.006263048016701462 0.02504638218923933
9 0.5041753653444676 0.43506493506493504 0.006263048016701462 0.02411873840445269
9 0.5033924843423799 0.4294990723562152 0.013048016701461378 0.02040816326530612
7 0.5396659707724426 0.45918367346938777 0.019832985386221295 0.05009276437847866
9 0.5521920668058455 0.4030612244897959 0.008350730688935281 0.013914656771799629
9 0.5842901878914405 0.46938775510204084 0.008872651356993737 0.025974025974025976
9 0.6030793319415448 0.5120593692022264 0.01722338204592902 0.022263450834879406
7 0.5514091858037579 0.5946196660482375 0.019311064718162838 0.0575139146567718
2 0.625 0.5974025974025974 0.02244258872651357 0.02411873840445269
0 0.6463987473903967 0.6038961038961039 0.006784968684759917 0.03339517625231911
1 0.5973382045929019 0.6080705009276438 0.008872651356993737 0.02504638218923933
1 0.5816805845511482 0.5992578849721707 0.012004175365344467 0.03710575139146568
1 0.569937369519833 0.6034322820037106 0.010438413361169102 0.03432282003710575
9 0.5686325678496869 0.6076066790352505 0.010960334029227558 0.03153988868274583
9 0.5801148225469729 0.602504638218924 0.010960334029227558 0.036178107606679034
9 0.5819415448851775 0.6335807050092764 0.013569937369519834 0.029684601113172542
9 0.6453549060542797 0.7226345083487941 0.010960334029227558 0.027829313543599257
9 0.6497912317327766 0.7360853432282004 0.012526096033402923 0.032467532467532464
0 0.6330897703549061 0.8010204081632653 0.010438413361169102 0.04359925788497217
9 0.6296972860125261 0.8112244897959183 0.027661795407098122 0.032467532467532464
4 0.49843423799582465 0.890074211502783 0.037578288100208766 0.12708719851576994
7 0.5884655532359081 0.8696660482374768 0.03392484342379958 0.09925788497217068
7 0.6432672233820459 0.9146567717996289 0.027661795407098122 0.08163265306122448
7 0.6620563674321504 0.9090909090909091 0.029749478079331943 0.08534322820037106
2 0.721294363256785 0.9183673469387755 0.013569937369519834 0.05009276437847866
0 0.6524008350730689 0.23654916512059368 0.006263048016701462 0.027829313543599257
9 0.3859603340292276 0.14517625231910947 0.005741127348643006 0.008348794063079777
9 0.3859603340292276 0.14192949907235622 0.006784968684759917 0.00927643784786642
3 0.3987473903966597 0.12940630797773656 0.008350730688935281 0.013914656771799629
0 0.3990083507306889 0.12987012987012986 0.0026096033402922755 0.011131725417439703
7 0.40840292275574114 0.11688311688311688 0.004697286012526096 0.012987012987012988
7 0.41179540709812107 0.13682745825602968 0.006263048016701462 0.013914656771799629
3 0.421972860125261 0.1456400742115028 0.007828810020876827 0.014842300556586271
4 0.42719206680584554 0.13589981447124305 0.007828810020876827 0.015769944341372914
3 0.42275574112734865 0.12987012987012986 0.008350730688935281 0.012987012987012988
3 0.4204070981210856 0.12384044526901669 0.007828810020876827 0.012059369202226345
3 0.42171189979123175 0.11363636363636363 0.007306889352818371 0.012059369202226345
3 0.4198851774530271 0.10482374768089053 0.005741127348643006 0.011131725417439703
4 0.44650313152400833 0.11178107606679036 0.006784968684759917 0.015769944341372914
7 0.4405010438413361 0.11410018552875696 0.0041753653444676405 0.014842300556586271
4 0.44258872651356995 0.09925788497217068 0.005219206680584551 0.014842300556586271
0 0.43058455114822547 0.10760667903525047 0.0020876826722338203 0.00927643784786642
0 0.42954070981210857 0.10853432282003711 0.0020876826722338203 0.00927643784786642
0 0.4279749478079332 0.10807050092764378 0.0020876826722338203 0.008348794063079777
0 0.42693110647181626 0.10899814471243043 0.003131524008350731 0.008348794063079777
3 0.4157098121085595 0.07838589981447125 0.006784968684759917 0.01020408163265306
7 0.4418058455114823 0.08580705009276438 0.004697286012526096 0.01020408163265306
4 0.4222338204592902 0.05890538033395176 0.008350730688935281 0.012059369202226345
4 0.4131002087682672 0.05890538033395176 0.008872651356993737 0.01020408163265306
4 0.41075156576200417 0.05380333951762523 0.005219206680584551 0.00927643784786642
7 0.4373695198329854 0.05844155844155844 0.0041753653444676405 0.00927643784786642
6 0.43136743215031315 0.06029684601113173 0.004697286012526096 0.0074211502782931356
8 0.4517223382045929 0.06447124304267161 0.015135699373695199 0.013914656771799629
0 0.4329331941544885 0.08024118738404452 0.0026096033402922755 0.008348794063079777
7 0.4321503131524008 0.07560296846011132 0.005219206680584551 0.01020408163265306
7 0.42484342379958245 0.07235621521335807 0.007306889352818371 0.011131725417439703
3 0.42092901878914407 0.07421150278293136 0.005741127348643006 0.00927643784786642
7 0.4196242171189979 0.10111317254174397 0.009394572025052192 0.011131725417439703
4 0.42171189979123175 0.09833024118738404 0.005219206680584551 0.012987012987012988
4 0.424321503131524 0.09601113172541743 0.005219206680584551 0.012059369202226345
1 0.42667014613778703 0.09044526901669758 0.0015657620041753654 0.006493506493506494
1 0.427713987473904 0.08998144712430427 0.0026096033402922755 0.0074211502782931356
9 0.4279749478079332 0.09137291280148423 0.005219206680584551 0.006493506493506494