3 0.638 0.648 0.083 0.17333333333333334
3 0.505 0.5446666666666666 0.087 0.156
3 0.24425 0.555 0.1225 0.12866666666666668
4 0.3855 0.9026666666666666 0.127 0.184
4 0.2075 0.891 0.117 0.19533333333333333
3 0.2855 0.9646666666666667 0.089 0.06666666666666667
7 0.5975 0.5646666666666667 0.051 0.09866666666666667
0 0.116 0.8116666666666666 0.049 0.048666666666666664
0 0.14075 0.5463333333333333 0.0285 0.04466666666666667
0 0.0595 0.807 0.039 0.051333333333333335
2 0.36175 0.5043333333333333 0.0405 0.066
0 0.2535 0.39666666666666667 0.023 0.04133333333333333
0 0.28425 0.3893333333333333 0.0185 0.04933333333333333
0 0.03225 0.551 0.0385 0.043333333333333335
0 0.035 0.5786666666666667 0.036 0.04533333333333334
0 0.02575 0.6376666666666667 0.0415 0.03933333333333333