3 0.5142857142857142 0.4619289340101523 0.02142857142857143 0.06598984771573604
3 0.5742857142857143 0.42258883248730966 0.02142857142857143 0.05583756345177665
3 0.4667857142857143 0.3934010152284264 0.025 0.0532994923857868
3 0.3975 0.45558375634517767 0.03214285714285714 0.07360406091370558
3 0.4575 0.4593908629441624 0.027857142857142858 0.07106598984771574
3 0.5203571428571429 0.40418781725888325 0.02214285714285714 0.04949238578680203
3 0.415 0.39276649746192893 0.024285714285714285 0.046954314720812185
3 0.4785714285714286 0.29441624365482233 0.02 0.048223350253807105
3 0.43107142857142855 0.29441624365482233 0.025 0.0532994923857868
3 0.3157142857142857 0.36548223350253806 0.027142857142857142 0.06091370558375635
3 0.6957142857142857 0.22906091370558376 0.022857142857142857 0.046954314720812185
3 0.72 0.16434010152284265 0.017142857142857144 0.03426395939086294
3 0.7142857142857143 0.1319796954314721 0.017142857142857144 0.03299492385786802
3 0.6525 0.1453045685279188 0.03642857142857143 0.024111675126903553
3 0.6557142857142857 0.12373096446700507 0.03 0.01903553299492386
3 0.7214285714285714 0.10786802030456853 0.03428571428571429 0.025380710659898477
4 0.7178571428571429 0.07868020304568528 0.03571428571428571 0.025380710659898477
4 0.7210714285714286 0.09200507614213198 0.03785714285714286 0.02918781725888325
0 0.8375 0.3343908629441624 0.0064285714285714285 0.021573604060913704
0 0.8453571428571428 0.21637055837563451 0.005 0.01903553299492386
0 0.8428571428571429 0.35850253807106597 0.005714285714285714 0.021573604060913704
0 0.8503571428571428 0.38451776649746194 0.007857142857142858 0.027918781725888325
0 0.8303571428571429 0.39276649746192893 0.0064285714285714285 0.0266497461928934
0 0.8239285714285715 0.3883248730964467 0.0064285714285714285 0.02284263959390863
0 0.8221428571428572 0.40418781725888325 0.007142857142857143 0.024111675126903553
0 0.8332142857142857 0.21192893401015228 0.0064285714285714285 0.02284263959390863
0 0.8353571428571429 0.19606598984771573 0.0064285714285714285 0.01903553299492386
0 0.805 0.1713197969543147 0.004285714285714286 0.02030456852791878
0 0.8114285714285714 0.03553299492385787 0.004285714285714286 0.017766497461928935
0 0.8160714285714286 0.03489847715736041 0.0035714285714285713 0.01649746192893401
5 0.9478571428571428 0.02284263959390863 0.02 0.04568527918781726
0 0.7939285714285714 0.5653553299492385 0.007857142857142858 0.024111675126903553
0 0.8064285714285714 0.5710659898477157 0.008571428571428572 0.027918781725888325
0 0.8142857142857143 0.5818527918781726 0.004285714285714286 0.01649746192893401
0 0.8178571428571428 0.5875634517766497 0.007142857142857143 0.030456852791878174
0 0.7725 0.6421319796954315 0.009285714285714286 0.027918781725888325
0 0.7403571428571428 0.8286802030456852 0.009285714285714286 0.030456852791878174
0 0.7507142857142857 0.866751269035533 0.007142857142857143 0.027918781725888325
0 0.6525 0.2766497461928934 0.0064285714285714285 0.027918781725888325
9 0.6396428571428572 0.30710659898477155 0.007857142857142858 0.027918781725888325
9 0.6303571428571428 0.3166243654822335 0.007857142857142858 0.03934010152284264
9 0.6217857142857143 0.31789340101522845 0.009285714285714286 0.03426395939086294
9 0.6121428571428571 0.3147208121827411 0.01 0.03553299492385787
9 0.6003571428571428 0.3147208121827411 0.007857142857142858 0.03553299492385787
9 0.675 0.06091370558375635 0.004285714285714286 0.02030456852791878
9 0.6821428571428572 0.061548223350253804 0.007142857142857143 0.0266497461928934
9 0.7178571428571429 0.05964467005076142 0.015714285714285715 0.015228426395939087
4 0.3025 0.31091370558375636 0.04214285714285714 0.03553299492385787
4 0.29964285714285716 0.4213197969543147 0.035 0.07106598984771574
4 0.5453571428571429 0.4651015228426396 0.02214285714285714 0.06979695431472081
3 0.4953571428571429 0.3965736040609137 0.020714285714285713 0.05710659898477157
3 0.5492857142857143 0.40545685279187815 0.022857142857142857 0.05710659898477157
3 0.38821428571428573 0.38388324873096447 0.027857142857142858 0.06472081218274112
4 0.37535714285714283 0.43591370558375636 0.030714285714285715 0.07233502538071065
3 0.4392857142857143 0.39403553299492383 0.024285714285714285 0.05964467005076142
9 0.495 0.30647208121827413 0.011428571428571429 0.03426395939086294
9 0.5060714285714286 0.30710659898477155 0.009285714285714286 0.03553299492385787
9 0.3389285714285714 0.2950507614213198 0.016428571428571428 0.024111675126903553
9 0.3407142857142857 0.28109137055837563 0.017142857142857144 0.0266497461928934
9 0.3467857142857143 0.2684010152284264 0.017857142857142856 0.024111675126903553
9 0.34785714285714286 0.2614213197969543 0.014285714285714285 0.017766497461928935
9 0.3821428571428571 0.29949238578680204 0.022857142857142857 0.02284263959390863
9 0.3821428571428571 0.2893401015228426 0.02 0.017766497461928935
9 0.38285714285714284 0.2766497461928934 0.017142857142857144 0.017766497461928935
0 0.2814285714285714 0.9397208121827412 0.01 0.03934010152284264