0 0.4710714285714286 0.800761421319797 0.007857142857142858 0.02030456852791878
3 0.5092857142857142 0.6802030456852792 0.018571428571428572 0.06598984771573604
3 0.5342857142857143 0.6694162436548223 0.018571428571428572 0.06218274111675127
3 0.5292857142857142 0.5736040609137056 0.018571428571428572 0.06091370558375635
5 0.5028571428571429 0.567258883248731 0.017142857142857144 0.07106598984771574
4 0.49714285714285716 0.4581218274111675 0.018571428571428572 0.07106598984771574
5 0.5242857142857142 0.4302030456852792 0.027142857142857142 0.1598984771573604
3 0.49464285714285716 0.35786802030456855 0.016428571428571428 0.07106598984771574
3 0.5157142857142857 0.2519035532994924 0.02 0.07487309644670051
3 0.505 0.10913705583756345 0.018571428571428572 0.07106598984771574
8 0.3914285714285714 0.4149746192893401 0.02 0.09898477157360407