0 0.6455 0.053 0.019 0.06333333333333334
0 0.66 0.05566666666666667 0.023 0.07933333333333334
0 0.6 0.074 0.022 0.068
9 0.604 0.05533333333333333 0.018 0.07466666666666667
0 0.58825 0.11733333333333333 0.0265 0.072
0 0.61575 0.147 0.0205 0.07266666666666667
0 0.6055 0.201 0.02 0.078
0 0.6715 0.187 0.021 0.07133333333333333
0 0.64325 0.237 0.0245 0.06866666666666667
0 0.57775 0.304 0.0165 0.058666666666666666
0 0.55375 0.2743333333333333 0.0245 0.08333333333333333
2 0.63725 0.29733333333333334 0.0305 0.088
0 0.551 0.37733333333333335 0.029 0.076
0 0.4835 0.38433333333333336 0.032 0.06333333333333334
0 0.55875 0.629 0.0205 0.03133333333333333
0 0.56725 0.5956666666666667 0.0275 0.043333333333333335
0 0.4675 0.635 0.028 0.038
0 0.51075 0.5493333333333333 0.0245 0.06
0 0.455 0.547 0.033 0.05533333333333333
0 0.44125 0.503 0.0305 0.05
0 0.388 0.522 0.03 0.044
0 0.2255 0.5286666666666666 0.049 0.050666666666666665
0 0.3135 0.7266666666666667 0.042 0.04
0 0.222 0.7416666666666667 0.061 0.046
0 0.266 0.788 0.058 0.03333333333333333
0 0.0655 0.722 0.076 0.056
0 0.08075 0.939 0.0765 0.06866666666666667
0 0.511 0.9443333333333334 0.028 0.06733333333333333
0 0.609 0.9176666666666666 0.039 0.06866666666666667
0 0.56825 0.8246666666666667 0.0295 0.06
0 0.7315 0.8143333333333334 0.052 0.058
0 0.7495 0.8776666666666667 0.047 0.05
0 0.78675 0.856 0.0555 0.05733333333333333
0 0.93225 0.9626666666666667 0.0715 0.05466666666666667
9 0.89525 0.8526666666666667 0.0475 0.108
9 0.5375 0.839 0.03 0.122
9 0.45075 0.8286666666666667 0.0475 0.08266666666666667
9 0.09075 0.805 0.0875 0.051333333333333335
9 0.159 0.4703333333333333 0.056 0.066
9 0.491 0.297 0.028 0.066
1 0.48525 0.27266666666666667 0.0325 0.06266666666666666
1 0.2195 0.4676666666666667 0.041 0.056666666666666664
1 0.1265 0.4673333333333333 0.046 0.06133333333333333
0 0.019 0.3406666666666667 0.038 0.058666666666666666
3 0.20375 0.6146666666666667 0.2215 0.20933333333333334
1 0.05475 0.801 0.0525 0.05266666666666667
1 0.44125 0.83 0.0325 0.048
1 0.408 0.825 0.025 0.03666666666666667
1 0.39525 0.8716666666666667 0.0355 0.059333333333333335
0 0.37875 0.969 0.0475 0.046
0 0.3745 0.9866666666666667 0.043 0.02666666666666667
4 0.179 0.094 0.183 0.13733333333333334
4 0.26275 0.13 0.1205 0.148