3 0.5668058455114823 0.9466604823747681 0.0407098121085595 0.10482374768089053
4 0.5691544885177453 0.6470315398886828 0.0255741127348643 0.06215213358070501
3 0.3212421711899791 0.7012987012987013 0.05793319415448852 0.05380333951762523
3 0.3483820459290188 0.640074211502783 0.05375782881002088 0.05380333951762523
5 0.5801148225469729 0.4517625231910946 0.04123173277661795 0.1614100185528757
5 0.5592379958246346 0.28617810760667906 0.027661795407098122 0.08998144712430427
7 0.3713465553235908 0.536178107606679 0.02870563674321503 0.03525046382189239
9 0.39196242171189977 0.4800556586270872 0.017745302713987474 0.017625231910946195
9 0.38517745302713985 0.4772727272727273 0.014613778705636743 0.017625231910946195
9 0.3880480167014614 0.46289424860853434 0.014091858037578288 0.014842300556586271
3 0.41805845511482254 0.37987012987012986 0.018789144050104383 0.041743970315398886
4 0.4428496868475992 0.32421150278293137 0.015135699373695199 0.023191094619666047
9 0.4498956158663883 0.3014842300556586 0.012526096033402923 0.011131725417439703
9 0.45433194154488515 0.3042671614100185 0.009916492693110648 0.011131725417439703
6 0.4496346555323591 0.2912801484230056 0.013048016701461378 0.016697588126159554
1 0.4337160751565762 0.2588126159554731 0.005219206680584551 0.00927643784786642
7 0.4514613778705637 0.27319109461966606 0.009394572025052192 0.026901669758812616
7 0.4671189979123173 0.21521335807050093 0.007306889352818371 0.01855287569573284
9 0.4548538622129436 0.19990723562152132 0.0036534446764091857 0.01020408163265306
0 0.46659707724425886 0.20454545454545456 0.003131524008350731 0.013914656771799629
7 0.46085594989561585 0.20732838589981448 0.006263048016701462 0.021335807050092765
1 0.44911273486430064 0.20269016697588127 0.0036534446764091857 0.012059369202226345
0 0.45981210855949894 0.19434137291280149 0.003131524008350731 0.013914656771799629
9 0.4626826722338205 0.1971243042671614 0.005741127348643006 0.012059369202226345
9 0.4339770354906054 0.24025974025974026 0.006784968684759917 0.00927643784786642
9 0.4376304801670146 0.23098330241187384 0.006784968684759917 0.011131725417439703
9 0.4733820459290188 0.19341372912801486 0.007306889352818371 0.008348794063079777
7 0.4746868475991649 0.1813543599257885 0.009916492693110648 0.017625231910946195
3 0.4705114822546973 0.16001855287569575 0.009916492693110648 0.021335807050092765
7 0.4814718162839248 0.1396103896103896 0.009916492693110648 0.013914656771799629
0 0.48721294363256784 0.1456400742115028 0.0036534446764091857 0.012987012987012988
1 0.4971294363256785 0.13218923933209648 0.0026096033402922755 0.01020408163265306
1 0.5028705636743215 0.14656771799628943 0.0026096033402922755 0.00927643784786642
1 0.5031315240083507 0.14795918367346939 0.0020876826722338203 0.008348794063079777
1 0.5018267223382046 0.13821892393320964 0.0036534446764091857 0.00927643784786642
1 0.5007828810020877 0.13079777365491652 0.0036534446764091857 0.0074211502782931356
9 0.5031315240083507 0.14888682745825602 0.003131524008350731 0.01020408163265306
9 0.502348643006263 0.14007421150278293 0.0036534446764091857 0.00927643784786642
9 0.5007828810020877 0.13172541743970315 0.0036534446764091857 0.00927643784786642
9 0.49739039665970775 0.13404452690166976 0.003131524008350731 0.012059369202226345
9 0.48643006263048016 0.1331168831168831 0.005219206680584551 0.01020408163265306
9 0.48721294363256784 0.12105751391465677 0.007828810020876827 0.008348794063079777
0 0.47520876826722336 0.11178107606679036 0.0036534446764091857 0.015769944341372914
0 0.47860125260960334 0.10528756957328386 0.003131524008350731 0.01020408163265306
0 0.47573068893528186 0.10667903525046382 0.0026096033402922755 0.011131725417439703
0 0.48930062630480164 0.10018552875695733 0.0015657620041753654 0.0074211502782931356
0 0.47677453027139877 0.09461966604823747 0.0026096033402922755 0.011131725417439703
0 0.47886221294363257 0.09322820037105752 0.0026096033402922755 0.013914656771799629
0 0.48303757828810023 0.07560296846011132 0.0026096033402922755 0.01020408163265306
0 0.48538622129436326 0.06910946196660482 0.0020876826722338203 0.008348794063079777
0 0.4934759916492693 0.06354359925788497 0.0026096033402922755 0.01020408163265306
4 0.4992171189979123 0.07003710575139147 0.005741127348643006 0.012059369202226345
6 0.4979123173277662 0.06029684601113173 0.006263048016701462 0.0074211502782931356
0 0.4846033402922756 0.05612244897959184 0.0026096033402922755 0.01020408163265306
3 0.5036534446764092 0.039888682745825604 0.006263048016701462 0.00927643784786642
1 0.5250521920668059 0.007884972170686457 0.0020876826722338203 0.00463821892393321
9 0.5253131524008351 0.00974025974025974 0.0026096033402922755 0.00463821892393321
0 0.5106993736951984 0.06771799628942486 0.0026096033402922755 0.00927643784786642
0 0.511482254697286 0.06725417439703155 0.0020876826722338203 0.01020408163265306
9 0.5146137787056367 0.06725417439703155 0.003131524008350731 0.012059369202226345
1 0.5143528183716075 0.06539888682745826 0.0026096033402922755 0.008348794063079777
3 0.5315762004175365 0.0575139146567718 0.007828810020876827 0.011131725417439703
3 0.5461899791231732 0.05658627087198516 0.006784968684759917 0.011131725417439703
3 0.5461899791231732 0.040352504638218926 0.005741127348643006 0.01020408163265306
3 0.5472338204592901 0.02411873840445269 0.005741127348643006 0.00927643784786642
3 0.5451461377870563 0.015306122448979591 0.004697286012526096 0.008348794063079777
3 0.5480167014613778 0.007884972170686457 0.005219206680584551 0.01020408163265306
3 0.545929018789144 0.07328385899814471 0.008350730688935281 0.014842300556586271
3 0.5454070981210856 0.10899814471243043 0.008350730688935281 0.015769944341372914
5 0.5597599164926931 0.08302411873840446 0.007828810020876827 0.013914656771799629
1 0.5566283924843424 0.07189239332096475 0.0026096033402922755 0.008348794063079777
9 0.5568893528183716 0.0728200371057514 0.003131524008350731 0.006493506493506494
0 0.5600208768267223 0.10992578849721707 0.0020876826722338203 0.012059369202226345
0 0.5623695198329853 0.10992578849721707 0.0036534446764091857 0.012059369202226345
0 0.5589770354906054 0.10899814471243043 0.003131524008350731 0.013914656771799629
3 0.56080375782881 0.1284786641929499 0.007828810020876827 0.015769944341372914
0 0.5738517745302714 0.10946196660482375 0.0026096033402922755 0.012987012987012988
3 0.5701983298538622 0.10482374768089053 0.014091858037578288 0.012987012987012988
1 0.5780271398747391 0.1303339517625232 0.0026096033402922755 0.008348794063079777
5 0.5472338204592901 0.16929499072356216 0.014091858037578288 0.03432282003710575
1 0.5801148225469729 0.1553803339517625 0.0036534446764091857 0.01020408163265306
1 0.581419624217119 0.1660482374768089 0.003131524008350731 0.011131725417439703
2 0.5785490605427975 0.1331168831168831 0.0036534446764091857 0.01020408163265306
9 0.5803757828810021 0.1572356215213358 0.0041753653444676405 0.01020408163265306
9 0.5811586638830898 0.1683673469387755 0.0036534446764091857 0.01020408163265306
3 0.5467118997912317 0.2258812615955473 0.012004175365344467 0.01948051948051948
0 0.5795929018789144 0.2258812615955473 0.0026096033402922755 0.013914656771799629
1 0.5889874739039666 0.2277365491651206 0.0036534446764091857 0.013914656771799629
1 0.5835073068893528 0.22448979591836735 0.0041753653444676405 0.011131725417439703
9 0.5832463465553236 0.22634508348794063 0.0036534446764091857 0.011131725417439703
2 0.5892484342379958 0.23144712430426717 0.0041753653444676405 0.012059369202226345
1 0.5942066805845512 0.25 0.004697286012526096 0.012059369202226345
9 0.5944676409185804 0.25092764378478666 0.0041753653444676405 0.017625231910946195
6 0.6025574112734864 0.3102968460111317 0.009916492693110648 0.023191094619666047
9 0.7432150313152401 0.9475881261595547 0.028183716075156576 0.04359925788497217
9 0.7372129436325678 0.9197588126159555 0.027661795407098122 0.032467532467532464
9 0.7721816283924844 0.7935992578849722 0.010960334029227558 0.03432282003710575
1 0.7716597077244259 0.7857142857142857 0.012004175365344467 0.02411873840445269
6 0.7074634655532359 0.7704081632653061 0.02870563674321503 0.030612244897959183
6 0.7045929018789144 0.7309833024118738 0.025052192066805846 0.03896103896103896
6 0.6938935281837161 0.7026901669758813 0.0255741127348643 0.02504638218923933
7 0.6907620041753654 0.6674397031539888 0.02244258872651357 0.05287569573283859
1 0.7332985386221295 0.661873840445269 0.009394572025052192 0.026901669758812616
1 0.708768267223382 0.6410018552875696 0.009394572025052192 0.025974025974025976
1 0.7171189979123174 0.6312615955473099 0.008350730688935281 0.02504638218923933
1 0.7171189979123174 0.6071428571428571 0.009394572025052192 0.01948051948051948
9 0.7335594989561587 0.6683673469387755 0.008872651356993737 0.032467532467532464
9 0.7098121085594989 0.6479591836734694 0.010438413361169102 0.030612244897959183
9 0.7168580375782881 0.6382189239332097 0.008872651356993737 0.029684601113172542
9 0.7173799582463466 0.615491651205937 0.008872651356993737 0.0287569573283859
9 0.7369519832985386 0.5987940630797773 0.018789144050104383 0.017625231910946195
9 0.7202505219206681 0.5542671614100185 0.014613778705636743 0.017625231910946195
6 0.6805845511482255 0.5867346938775511 0.033402922755741124 0.036178107606679034
6 0.6683194154488518 0.5542671614100185 0.019311064718162838 0.021335807050092765
9 0.6980688935281837 0.44434137291280146 0.013048016701461378 0.016697588126159554
9 0.6550104384133612 0.5046382189239332 0.015657620041753653 0.02040816326530612
2 0.6547494780793319 0.4809833024118738 0.014091858037578288 0.017625231910946195
9 0.6581419624217119 0.49211502782931354 0.014613778705636743 0.013914656771799629
9 0.6396137787056367 0.3965677179962894 0.013048016701461378 0.01948051948051948
0 0.6664926931106472 0.37244897959183676 0.006263048016701462 0.023191094619666047
0 0.6724947807933194 0.30890538033395176 0.005741127348643006 0.01855287569573284
6 0.6244780793319415 0.30194805194805197 0.02035490605427975 0.0287569573283859
9 0.6197807933194155 0.2922077922077922 0.012004175365344467 0.014842300556586271
7 0.6203027139874739 0.2810760667903525 0.01826722338204593 0.02411873840445269
7 0.6187369519832986 0.2657699443413729 0.01826722338204593 0.021335807050092765
6 0.6435281837160751 0.2435064935064935 0.011482254697286013 0.01948051948051948
7 0.6075156576200418 0.21567717996289426 0.013569937369519834 0.017625231910946195
9 0.6325678496868476 0.20500927643784786 0.009394572025052192 0.011131725417439703
9 0.6153444676409185 0.1906307977736549 0.0041753653444676405 0.012059369202226345
1 0.6150835073068893 0.18738404452690166 0.0036534446764091857 0.00927643784786642
7 0.5934237995824635 0.12523191094619665 0.007306889352818371 0.012987012987012988
0 0.6017745302713987 0.11178107606679036 0.003131524008350731 0.01020408163265306
0 0.6043841336116911 0.11038961038961038 0.0020876826722338203 0.012987012987012988
7 0.607776617954071 0.10946196660482375 0.004697286012526096 0.012987012987012988
1 0.6103862212943633 0.10760667903525047 0.0026096033402922755 0.00927643784786642
0 0.6017745302713987 0.07235621521335807 0.0020876826722338203 0.011131725417439703
0 0.6046450939457203 0.07328385899814471 0.0015657620041753654 0.011131725417439703
1 0.6098643006263048 0.07374768089053803 0.0026096033402922755 0.006493506493506494
9 0.6096033402922756 0.07653061224489796 0.003131524008350731 0.006493506493506494
1 0.6129958246346555 0.06168831168831169 0.0015657620041753654 0.00463821892393321
9 0.6127348643006263 0.06261595547309833 0.0020876826722338203 0.00463821892393321
3 0.6137787056367432 0.04916512059369202 0.010438413361169102 0.00927643784786642
3 0.6051670146137788 0.040352504638218926 0.004697286012526096 0.008348794063079777
7 0.6062108559498957 0.030612244897959183 0.005741127348643006 0.0074211502782931356
0 0.6015135699373695 0.039888682745825604 0.0026096033402922755 0.00927643784786642
6 0.5952505219206681 0.04452690166975881 0.004697286012526096 0.00927643784786642
3 0.5996868475991649 0.021799628942486084 0.005219206680584551 0.01020408163265306
3 0.6041231732776617 0.019016697588126158 0.009916492693110648 0.012059369202226345
4 0.5733298538622129 0.012987012987012988 0.006784968684759917 0.011131725417439703