3 0.5334558823529412 0.6758169934640523 0.13161764705882353 0.15163398692810456
0 0.4522058823529412 0.8555555555555555 0.033823529411764704 0.07712418300653595
0 0.2301470588235294 0.8065359477124183 0.030882352941176472 0.10196078431372549
0 0.2661764705882353 0.807843137254902 0.027941176470588237 0.11764705882352941
3 0.27058823529411763 0.1411764705882353 0.08088235294117647 0.08104575163398693
3 0.7764705882352941 0.26209150326797387 0.06470588235294118 0.09019607843137255
3 0.8694852941176471 0.2633986928104575 0.05220588235294118 0.06666666666666667
3 0.8838235294117647 0.3359477124183007 0.075 0.0784313725490196
3 0.8275735294117647 0.5522875816993464 0.13602941176470587 0.09019607843137255
0 0.8283088235294118 0.49869281045751634 0.01838235294117647 0.0718954248366013
3 0.8125 0.6549019607843137 0.10147058823529412 0.1411764705882353
3 0.924264705882353 0.9098039215686274 0.1514705882352941 0.1437908496732026
3 0.9121323529411764 0.788235294117647 0.1610294117647059 0.13856209150326798
0 0.9220588235294118 0.7209150326797386 0.026470588235294117 0.0718954248366013
0 0.9691176470588235 0.7372549019607844 0.023529411764705882 0.07320261437908497
0 0.9466911764705882 0.7405228758169935 0.01838235294117647 0.06928104575163399
0 0.9319852941176471 0.44640522875816996 0.022794117647058822 0.06666666666666667
3 0.94375 0.6980392156862745 0.1125 0.12026143790849673
3 0.950735294117647 0.4470588235294118 0.09852941176470588 0.10457516339869281
3 0.975735294117647 0.37973856209150325 0.04852941176470588 0.050980392156862744
4 0.020588235294117647 0.03071895424836601 0.041176470588235294 0.06143790849673202
4 0.059926470588235296 0.01895424836601307 0.03455882352941177 0.03790849673202614