3 0.29958246346555323 0.4429499072356215 0.013569937369519834 0.026901669758812616
3 0.33402922755741127 0.62847866419295 0.026096033402922755 0.05287569573283859
3 0.30845511482254695 0.39239332096474955 0.010438413361169102 0.025974025974025976
3 0.3162839248434238 0.42161410018552875 0.012526096033402923 0.017625231910946195
3 0.30975991649269313 0.3399814471243043 0.007828810020876827 0.013914656771799629
3 0.2925365344467641 0.33719851576994436 0.008872651356993737 0.013914656771799629
3 0.30558455114822547 0.30936920222634506 0.005741127348643006 0.01020408163265306
3 0.24164926931106473 0.3399814471243043 0.007306889352818371 0.013914656771799629
3 0.22494780793319416 0.3427643784786642 0.009394572025052192 0.021335807050092765
3 0.22886221294363257 0.33163265306122447 0.009916492693110648 0.015769944341372914
3 0.23251565762004175 0.3112244897959184 0.008872651356993737 0.015769944341372914
3 0.2346033402922756 0.29545454545454547 0.006784968684759917 0.008348794063079777
3 0.2881002087682672 0.2898886827458256 0.007306889352818371 0.013914656771799629
3 0.2802713987473904 0.325139146567718 0.006263048016701462 0.015769944341372914
3 0.2982776617954071 0.2690166975881262 0.005741127348643006 0.011131725417439703
3 0.2886221294363257 0.27782931354359924 0.006263048016701462 0.01020408163265306
3 0.2862734864300626 0.25463821892393323 0.005741127348643006 0.0027829313543599257
3 0.29671189979123175 0.25185528756957326 0.0036534446764091857 0.008348794063079777
3 0.2841858037578288 0.24582560296846012 0.006784968684759917 0.00927643784786642
3 0.2938413361169102 0.2435064935064935 0.005219206680584551 0.012059369202226345
3 0.2807933194154488 0.22263450834879406 0.005219206680584551 0.00927643784786642
3 0.28679540709812107 0.22448979591836735 0.0026096033402922755 0.0055658627087198514
1 0.5628914405010439 0.6651205936920223 0.008872651356993737 0.0074211502782931356
1 0.5367954070981211 0.6159554730983302 0.005741127348643006 0.011131725417439703
1 0.5365344467640919 0.599721706864564 0.005219206680584551 0.008348794063079777
1 0.49582463465553234 0.5231910946196661 0.005219206680584551 0.00927643784786642
1 0.45328810020876825 0.4615027829313544 0.006784968684759917 0.006493506493506494
9 0.5652400835073069 0.6841372912801484 0.008350730688935281 0.01948051948051948
9 0.535490605427975 0.6317254174397031 0.011482254697286013 0.01855287569573284
2 0.5388830897703549 0.6136363636363636 0.007828810020876827 0.01020408163265306
2 0.4963465553235908 0.5380333951762524 0.007306889352818371 0.012987012987012988
9 0.4535490605427975 0.47263450834879406 0.007306889352818371 0.008348794063079777
8 0.28992693110647183 0.1989795918367347 0.010960334029227558 0.012059369202226345
3 0.305062630480167 0.21567717996289426 0.0036534446764091857 0.008348794063079777
1 0.21085594989561587 0.5742115027829313 0.007306889352818371 0.012987012987012988
9 0.21137787056367432 0.5853432282003711 0.008350730688935281 0.014842300556586271
1 0.21842379958246347 0.9095547309833024 0.010960334029227558 0.012059369202226345
9 0.21894572025052192 0.9313543599257885 0.014091858037578288 0.022263450834879406