4 0.485 0.4873096446700508 0.02142857142857143 0.09644670050761421
4 0.49714285714285716 0.9098984771573604 0.02857142857142857 0.10913705583756345
8 0.555 0.45685279187817257 0.03571428571428571 0.24111675126903553
4 0.5489285714285714 0.015228426395939087 0.015 0.030456852791878174
3 0.5178571428571429 0.18718274111675126 0.017142857142857144 0.07741116751269035
0 0.32321428571428573 0.26776649746192893 0.007857142857142858 0.025380710659898477
0 0.8917857142857143 0.3819796954314721 0.009285714285714286 0.02284263959390863
0 0.9421428571428572 0.5348984771573604 0.011428571428571429 0.01649746192893401
0 0.9446428571428571 0.4987309644670051 0.010714285714285714 0.025380710659898477
0 0.9685714285714285 0.5019035532994924 0.011428571428571429 0.013959390862944163
0 0.9832142857142857 0.3280456852791878 0.017857142857142856 0.024111675126903553
0 0.9714285714285714 0.2848984771573604 0.01 0.01903553299492386
0 0.965 0.27411167512690354 0.008571428571428572 0.012690355329949238
0 0.795 0.6211928934010152 0.014285714285714285 0.01649746192893401
0 0.8639285714285714 0.6865482233502538 0.013571428571428571 0.017766497461928935
3 0.7771428571428571 0.03299492385786802 0.05285714285714286 0.03553299492385787
3 0.8289285714285715 0.03362944162436548 0.045 0.03426395939086294
4 0.8889285714285714 0.038705583756345176 0.06357142857142857 0.04949238578680203
3 0.9471428571428572 0.03236040609137056 0.05285714285714286 0.04187817258883249