3 0.338 0.22866666666666666 0.005 0.005333333333333333
0 0.3355 0.22833333333333333 0.001 0.004666666666666667
0 0.35975 0.249 0.0025 0.01
0 0.3625 0.252 0.003 0.012
7 0.355 0.254 0.007 0.010666666666666666
3 0.36025 0.259 0.0095 0.011333333333333334
3 0.36225 0.263 0.0115 0.012666666666666666
3 0.372 0.2743333333333333 0.013 0.014
3 0.32925 0.30333333333333334 0.0165 0.018666666666666668
3 0.14 0.35333333333333333 0.061 0.025333333333333333
3 0.20375 0.33 0.0545 0.025333333333333333
4 0.22775 0.346 0.0515 0.034666666666666665
4 0.2425 0.365 0.056 0.046
4 0.265 0.393 0.035 0.056666666666666664
4 0.229 0.4683333333333333 0.05 0.08733333333333333
4 0.19425 0.636 0.0985 0.15466666666666667
4 0.6655 0.5433333333333333 0.119 0.09866666666666667
4 0.522 0.4146666666666667 0.038 0.05733333333333333
9 0.34525 0.29533333333333334 0.0095 0.016
9 0.3875 0.303 0.007 0.012666666666666666
9 0.38925 0.7816666666666666 0.0335 0.07133333333333333
1 0.7945 0.8826666666666667 0.032 0.050666666666666665
0 0.882 0.967 0.048 0.066
0 0.8325 0.9366666666666666 0.038 0.1
0 0.71325 0.6583333333333333 0.0255 0.09266666666666666
1 0.702 0.6193333333333333 0.019 0.05466666666666667
0 0.75675 0.858 0.0645 0.092
0 0.48875 0.7983333333333333 0.0275 0.102
0 0.4555 0.8 0.029 0.11066666666666666
0 0.4205 0.7856666666666666 0.035 0.102
1 0.38725 0.7373333333333333 0.0395 0.07866666666666666
0 0.4785 0.383 0.007 0.03266666666666666
0 0.45325 0.388 0.0125 0.037333333333333336
0 0.42925 0.375 0.0115 0.03133333333333333
0 0.32 0.47833333333333333 0.016 0.05
1 0.26775 0.49333333333333335 0.0225 0.02666666666666667
1 0.26825 0.482 0.0205 0.032
0 0.33225 0.368 0.0115 0.034666666666666665
1 0.3875 0.299 0.006 0.016666666666666666
0 0.4225 0.305 0.003 0.011333333333333334
0 0.41875 0.30033333333333334 0.0045 0.019333333333333334
1 0.34775 0.2946666666666667 0.0045 0.021333333333333333
0 0.22625 0.3893333333333333 0.0095 0.036
0 0.2355 0.39266666666666666 0.01 0.036
0 0.23825 0.384 0.0125 0.037333333333333336
3 0.4515 0.318 0.05 0.02266666666666667
3 0.07025 0.35433333333333333 0.0405 0.03
3 0.0305 0.35433333333333333 0.046 0.03666666666666667
3 0.3475 0.24233333333333335 0.006 0.007333333333333333