6 0.31176470588235294 0.8287581699346406 0.09264705882352942 0.07320261437908497
1 0.09522058823529411 0.930718954248366 0.028676470588235293 0.054901960784313725
1 0.07316176470588236 0.9418300653594771 0.01838235294117647 0.050980392156862744
1 0.060294117647058824 0.9758169934640523 0.01911764705882353 0.03790849673202614
1 0.02977941176470588 0.9594771241830066 0.025735294117647058 0.04967320261437908
0 0.20845588235294119 0.5679738562091503 0.01838235294117647 0.06666666666666667
0 0.011764705882352941 0.6581699346405229 0.020588235294117647 0.07973856209150326
0 0.15698529411764706 0.4993464052287582 0.01838235294117647 0.06535947712418301
0 0.020588235294117647 0.5647058823529412 0.020588235294117647 0.07581699346405228
0 0.09705882352941177 0.42549019607843136 0.01764705882352941 0.06143790849673202
0 0.042279411764705885 0.4117647058823529 0.015441176470588236 0.05751633986928104
0 0.18198529411764705 0.373202614379085 0.01838235294117647 0.058823529411764705
0 0.1363970588235294 0.37973856209150325 0.016911764705882352 0.058823529411764705
0 0.3161764705882353 0.3934640522875817 0.016176470588235296 0.054901960784313725
1 0.31875 0.3862745098039216 0.008088235294117648 0.02483660130718954
0 0.33345588235294116 0.6725490196078432 0.019852941176470587 0.06666666666666667
1 0.29191176470588237 0.8307189542483661 0.01764705882352941 0.06928104575163399
9 0.7970588235294118 0.6640522875816993 0.027941176470588237 0.05751633986928104
0 0.9823529411764705 0.6411764705882353 0.01911764705882353 0.06143790849673202
0 0.8536764705882353 0.5032679738562091 0.011764705882352941 0.047058823529411764
0 0.638235294117647 0.5647058823529412 0.01764705882352941 0.07058823529411765
0 0.5985294117647059 0.6084967320261437 0.01911764705882353 0.06405228758169934
2 0.5794117647058824 0.7627450980392156 0.01911764705882353 0.07712418300653595
0 0.5676470588235294 0.6993464052287581 0.026470588235294117 0.07058823529411765
1 0.5639705882352941 0.681045751633987 0.026470588235294117 0.054901960784313725
0 0.5669117647058823 0.630718954248366 0.01764705882352941 0.058823529411764705
0 0.5275735294117647 0.5862745098039216 0.016911764705882352 0.06928104575163399
0 0.549264705882353 0.5941176470588235 0.01764705882352941 0.05620915032679739
0 0.5588235294117647 0.5529411764705883 0.014705882352941176 0.06797385620915032
0 0.5794117647058824 0.5640522875816993 0.016176470588235296 0.06928104575163399
0 0.600735294117647 0.42091503267973857 0.013235294117647059 0.054901960784313725
1 0.7647058823529411 0.5424836601307189 0.01911764705882353 0.04967320261437908
1 0.7577205882352941 0.5313725490196078 0.02426470588235294 0.050980392156862744
1 0.7426470588235294 0.515686274509804 0.01911764705882353 0.040522875816993466
9 0.6863970588235294 0.42810457516339867 0.021323529411764706 0.03790849673202614
9 0.7011029411764705 0.37712418300653594 0.019852941176470587 0.040522875816993466
1 0.6768382352941177 0.37058823529411766 0.015441176470588236 0.03790849673202614
0 0.5716911764705882 0.2980392156862745 0.009558823529411765 0.03398692810457516
0 0.5900735294117647 0.30196078431372547 0.009558823529411765 0.03137254901960784
1 0.618014705882353 0.30915032679738563 0.009558823529411765 0.03529411764705882
1 0.6095588235294118 0.3058823529411765 0.011764705882352941 0.036601307189542485
1 0.6077205882352941 0.296078431372549 0.011029411764705883 0.032679738562091505
0 0.47794117647058826 0.365359477124183 0.014705882352941176 0.048366013071895426
0 0.5 0.3287581699346405 0.010294117647058823 0.048366013071895426
0 0.4036764705882353 0.3359477124183007 0.016176470588235296 0.044444444444444446
0 0.4459558823529412 0.3261437908496732 0.015441176470588236 0.05359477124183006
0 0.43529411764705883 0.32679738562091504 0.008823529411764706 0.044444444444444446
0 0.4783088235294118 0.3202614379084967 0.011029411764705883 0.044444444444444446
0 0.47573529411764703 0.30980392156862746 0.010294117647058823 0.047058823529411764
0 0.46801470588235294 0.31241830065359477 0.011029411764705883 0.04183006535947712
0 0.4838235294117647 0.29215686274509806 0.008823529411764706 0.043137254901960784
0 0.4647058823529412 0.2856209150326797 0.011764705882352941 0.040522875816993466
0 0.45 0.29215686274509806 0.008823529411764706 0.0457516339869281
0 0.44080882352941175 0.29150326797385623 0.009558823529411765 0.0392156862745098
9 0.31985294117647056 0.2954248366013072 0.010294117647058823 0.03398692810457516