2 0.453027139874739 0.8042671614100185 0.0407098121085595 0.08163265306122448
1 0.4131002087682672 0.6368274582560297 0.014091858037578288 0.04916512059369202
1 0.42379958246346555 0.6386827458256029 0.011482254697286013 0.04916512059369202
9 0.42588726513569936 0.6525974025974026 0.0407098121085595 0.04359925788497217
1 0.4509394572025052 0.3780148423005566 0.010438413361169102 0.038033395176252316
0 0.33924843423799583 0.43506493506493504 0.016701461377870562 0.059369202226345084
0 0.32515657620041755 0.4322820037105751 0.014613778705636743 0.0575139146567718
0 0.3368997912317328 0.4104823747680891 0.01722338204592902 0.04916512059369202
9 0.2640918580375783 0.4072356215213358 0.028183716075156576 0.05009276437847866
3 0.03836116910229645 0.15398886827458255 0.06941544885177453 0.0575139146567718
7 0.19624217118997914 0.6015769944341373 0.08559498956158663 0.10667903525046382
9 0.81080375782881 0.4336734693877551 0.019311064718162838 0.05473098330241188
7 0.9637265135699373 0.4717068645640074 0.04018789144050104 0.08812615955473098