0 0.37265135699373697 0.9452690166975881 0.007306889352818371 0.01855287569573284
0 0.375 0.9373840445269017 0.005741127348643006 0.017625231910946195
9 0.37160751565762007 0.9619666048237476 0.007306889352818371 0.02411873840445269
1 0.48068893528183715 0.7602040816326531 0.006263048016701462 0.017625231910946195
1 0.4136221294363257 0.799165120593692 0.007828810020876827 0.02504638218923933
9 0.41414405010438415 0.8061224489795918 0.009916492693110648 0.03153988868274583
9 0.47990605427974947 0.7764378478664193 0.009916492693110648 0.027829313543599257
3 0.566544885177453 0.14842300556586271 0.010960334029227558 0.016697588126159554
3 0.5498434237995825 0.13218923933209648 0.006784968684759917 0.015769944341372914
3 0.4120563674321503 0.09044526901669758 0.007828810020876827 0.012059369202226345
3 0.4175365344467641 0.07884972170686456 0.007306889352818371 0.011131725417439703
3 0.4047494780793319 0.03339517625231911 0.006784968684759917 0.00927643784786642
3 0.4214509394572025 0.03525046382189239 0.007828810020876827 0.011131725417439703
3 0.4251043841336117 0.05333951762523191 0.008872651356993737 0.008348794063079777