3 0.11397058823529412 0.9117647058823529 0.10735294117647058 0.17647058823529413
3 0.3547794117647059 0.9183006535947712 0.09338235294117647 0.16339869281045752
3 0.49411764705882355 0.9339869281045752 0.10441176470588236 0.13202614379084968
3 0.6363970588235294 0.9379084967320261 0.1036764705882353 0.12418300653594772
3 0.9327205882352941 0.9176470588235294 0.13455882352941176 0.16209150326797386
0 0.05477941176470588 0.6941176470588235 0.030147058823529412 0.09934640522875816
0 0.058823529411764705 0.6385620915032679 0.025 0.09019607843137255
1 0.42426470588235293 0.5058823529411764 0.014705882352941176 0.07320261437908497
1 0.4290441176470588 0.47843137254901963 0.013970588235294118 0.07058823529411765
0 0.48676470588235293 0.5509803921568628 0.020588235294117647 0.07450980392156863
0 0.49779411764705883 0.5333333333333333 0.010294117647058823 0.07581699346405228
0 0.4727941176470588 0.4137254901960784 0.011764705882352941 0.06143790849673202
1 0.4261029411764706 0.3633986928104575 0.015441176470588236 0.06013071895424837
1 0.4400735294117647 0.34967320261437906 0.016911764705882352 0.05359477124183006
1 0.44779411764705884 0.34183006535947713 0.014705882352941176 0.05359477124183006
0 0.9540441176470589 0.4549019607843137 0.021323529411764706 0.06797385620915032
0 0.9783088235294117 0.45751633986928103 0.021323529411764706 0.06535947712418301
0 0.9069852941176471 0.2 0.011029411764705883 0.0392156862745098
0 0.94375 0.1869281045751634 0.011029411764705883 0.0392156862745098
0 0.7977941176470589 0.14705882352941177 0.010294117647058823 0.043137254901960784
1 0.7863970588235294 0.14183006535947712 0.008088235294117648 0.032679738562091505
9 0.7863970588235294 0.14901960784313725 0.011029411764705883 0.023529411764705882
1 0.9319852941176471 0.18104575163398692 0.0125 0.03529411764705882
1 0.9272058823529412 0.19084967320261437 0.008823529411764706 0.0392156862745098
1 0.5698529411764706 0.04771241830065359 0.007352941176470588 0.022222222222222223
0 0.5595588235294118 0.06013071895424837 0.0058823529411764705 0.03137254901960784
0 0.4625 0.04379084967320261 0.0058823529411764705 0.027450980392156862
0 0.3845588235294118 0.05359477124183006 0.0058823529411764705 0.02875816993464052
1 0.24301470588235294 0.025490196078431372 0.006617647058823529 0.027450980392156862
1 0.15110294117647058 0.021568627450980392 0.006617647058823529 0.02483660130718954
1 0.1536764705882353 0.018300653594771243 0.0058823529411764705 0.023529411764705882
0 0.1411764705882353 0.02875816993464052 0.007352941176470588 0.026143790849673203
0 0.04889705882352941 0.044444444444444446 0.008088235294117648 0.03137254901960784
1 0.06764705882352941 0.038562091503267976 0.007352941176470588 0.01699346405228758