3 0.4034446764091858 0.4897959183673469 0.03444676409185804 0.04081632653061224
3 0.43684759916492694 0.45964749536178107 0.031315240083507306 0.038033395176252316
3 0.48538622129436326 0.42578849721706863 0.029227557411273485 0.03339517625231911
3 0.38752609603340293 0.39981447124304265 0.031837160751565764 0.03525046382189239
0 0.2886221294363257 0.4485157699443414 0.006263048016701462 0.021335807050092765
0 0.30219206680584554 0.45222634508348797 0.008350730688935281 0.02504638218923933
3 0.33194154488517746 0.32189239332096475 0.024008350730688934 0.029684601113172542
3 0.2737473903966597 0.29359925788497215 0.0255741127348643 0.036178107606679034
3 0.2346033402922756 0.3274582560296846 0.027661795407098122 0.03339517625231911
5 0.20589770354906053 0.3010204081632653 0.0255741127348643 0.041743970315398886
4 0.22181628392484343 0.29545454545454547 0.021920668058455117 0.030612244897959183
3 0.23643006263048016 0.2884972170686456 0.025052192066805846 0.027829313543599257
3 0.25156576200417535 0.275974025974026 0.021920668058455117 0.036178107606679034
3 0.09994780793319416 0.34415584415584416 0.031837160751565764 0.03896103896103896
3 0.1677974947807933 0.2481447124304267 0.02035490605427975 0.026901669758812616
3 0.1552713987473904 0.21103896103896103 0.019311064718162838 0.026901669758812616
3 0.1088204592901879 0.22912801484230055 0.019311064718162838 0.025974025974025976
3 0.11899791231732777 0.20454545454545456 0.018789144050104383 0.02504638218923933
3 0.13622129436325678 0.19851576994434136 0.021920668058455117 0.025974025974025976
3 0.10073068893528184 0.15166975881261596 0.019832985386221295 0.021335807050092765
5 0.07411273486430063 0.17717996289424862 0.021920668058455117 0.03339517625231911
0 0.08742171189979123 0.26484230055658625 0.006784968684759917 0.021335807050092765
0 0.09107515657620041 0.26113172541743973 0.006784968684759917 0.026901669758812616
3 0.04279749478079332 0.10946196660482375 0.026096033402922755 0.02411873840445269
3 0.04540709812108559 0.05287569573283859 0.015657620041753653 0.022263450834879406
3 0.02348643006263048 0.041743970315398886 0.011482254697286013 0.02411873840445269
3 0.833768267223382 0.048701298701298704 0.02139874739039666 0.021335807050092765
3 0.9326722338204593 0.1038961038961039 0.015657620041753653 0.02411873840445269