3 0.48964285714285716 0.9124365482233503 0.02214285714285714 0.07868020304568528
3 0.5546428571428571 0.858502538071066 0.02214285714285714 0.06979695431472081
3 0.5792857142857143 0.8362944162436549 0.02142857142857143 0.06852791878172589
0 0.6292857142857143 0.8483502538071066 0.007142857142857143 0.031725888324873094
8 0.5232142857142857 0.8578680203045685 0.02642857142857143 0.12690355329949238
5 0.4878571428571429 0.8058375634517766 0.024285714285714285 0.1116751269035533
3 0.5171428571428571 0.7544416243654822 0.018571428571428572 0.05456852791878172
4 0.5771428571428572 0.7506345177664975 0.02 0.06979695431472081
8 0.5467857142857143 0.7214467005076142 0.035 0.16116751269035534
5 0.48464285714285715 0.5831218274111675 0.020714285714285713 0.07741116751269035
5 0.5121428571428571 0.6706852791878173 0.022857142857142857 0.0901015228426396
3 0.5335714285714286 0.6205583756345178 0.015714285714285715 0.04314720812182741
8 0.5103571428571428 0.5977157360406091 0.019285714285714285 0.07614213197969544
3 0.5321428571428571 0.5710659898477157 0.017142857142857144 0.04060913705583756
5 0.5060714285714286 0.5329949238578681 0.019285714285714285 0.06852791878172589
3 0.5289285714285714 0.5317258883248731 0.015 0.03553299492385787
3 0.4932142857142857 0.4263959390862944 0.012142857142857143 0.027918781725888325
3 0.48928571428571427 0.3965736040609137 0.011428571428571429 0.024111675126903553
3 0.51 0.3946700507614213 0.015714285714285715 0.02284263959390863
3 0.5128571428571429 0.41624365482233505 0.011428571428571429 0.025380710659898477
3 0.5171428571428571 0.43908629441624364 0.014285714285714285 0.027918781725888325
4 0.5185714285714286 0.467005076142132 0.014285714285714285 0.030456852791878174
4 0.5242857142857142 0.49238578680203043 0.014285714285714285 0.04060913705583756
3 0.5035714285714286 0.49619289340101524 0.012857142857142857 0.027918781725888325
4 0.49785714285714283 0.46256345177664976 0.014285714285714285 0.03680203045685279
3 0.41928571428571426 0.5006345177664975 0.014285714285714285 0.02918781725888325
3 0.4235714285714286 0.4035532994923858 0.012857142857142857 0.025380710659898477
5 0.4110714285714286 0.2068527918781726 0.023571428571428573 0.030456852791878174
3 0.4 0.2366751269035533 0.008571428571428572 0.01649746192893401
5 0.6346428571428572 0.20050761421319796 0.027857142857142858 0.03807106598984772
3 0.29678571428571426 0.008883248730964468 0.007857142857142858 0.01015228426395939
3 0.3032142857142857 0.020939086294416244 0.009285714285714286 0.011421319796954314
3 0.34285714285714286 0.03807106598984772 0.008571428571428572 0.012690355329949238
4 0.3432142857142857 0.02284263959390863 0.010714285714285714 0.012690355329949238
4 0.8725 0.4200507614213198 0.04071428571428572 0.04314720812182741
8 0.9253571428571429 0.36928934010152287 0.030714285714285715 0.030456852791878174
3 0.9407142857142857 0.31408629441624364 0.024285714285714285 0.024111675126903553
5 0.9271428571428572 0.30456852791878175 0.037142857142857144 0.03807106598984772
3 0.9057142857142857 0.3020304568527919 0.02 0.02284263959390863
4 0.8878571428571429 0.2899746192893401 0.025714285714285714 0.0266497461928934
3 0.8785714285714286 0.2868020304568528 0.017142857142857144 0.02284263959390863
8 0.8664285714285714 0.2779187817258883 0.03142857142857143 0.03299492385786802
4 0.8567857142857143 0.274746192893401 0.019285714285714285 0.021573604060913704
3 0.8475 0.27220812182741116 0.017857142857142856 0.021573604060913704
3 0.8389285714285715 0.27220812182741116 0.017857142857142856 0.01903553299492386
3 0.8314285714285714 0.2645939086294416 0.02 0.01903553299492386
8 0.8239285714285715 0.2563451776649746 0.029285714285714286 0.030456852791878174
3 0.7996428571428571 0.24936548223350255 0.019285714285714285 0.01649746192893401
4 0.7589285714285714 0.2430203045685279 0.019285714285714285 0.01903553299492386
0 0.3167857142857143 0.675761421319797 0.0064285714285714285 0.021573604060913704
0 0.30214285714285716 0.6770304568527918 0.007142857142857143 0.01903553299492386
0 0.30464285714285716 0.6751269035532995 0.007857142857142858 0.02284263959390863
0 0.30714285714285716 0.6732233502538071 0.008571428571428572 0.0266497461928934