3 0.6213541666666667 0.10046296296296296 0.003125 0.004629629629629629
3 0.6205729166666667 0.09537037037037037 0.0026041666666666665 0.005555555555555556
3 0.6145833333333334 0.10046296296296296 0.003125 0.006481481481481481
3 0.6190104166666667 0.1111111111111111 0.0036458333333333334 0.007407407407407408
3 0.6197916666666666 0.12546296296296297 0.005208333333333333 0.008333333333333333
3 0.61171875 0.12268518518518519 0.005729166666666666 0.008333333333333333
3 0.6065104166666667 0.1 0.0036458333333333334 0.005555555555555556
3 0.60625 0.10787037037037037 0.004166666666666667 0.006481481481481481
3 0.5966145833333333 0.09768518518518518 0.0036458333333333334 0.006481481481481481
3 0.6015625 0.10925925925925926 0.004166666666666667 0.007407407407407408
3 0.5973958333333333 0.11574074074074074 0.005208333333333333 0.005555555555555556
3 0.5911458333333334 0.12453703703703704 0.00625 0.004629629629629629
3 0.59140625 0.13287037037037036 0.0067708333333333336 0.006481481481481481
3 0.6440104166666667 0.09907407407407408 0.0036458333333333334 0.005555555555555556
3 0.6479166666666667 0.10972222222222222 0.003125 0.004629629629629629
3 0.64765625 0.09583333333333334 0.0026041666666666665 0.002777777777777778
3 0.6575520833333334 0.1111111111111111 0.0046875 0.005555555555555556
3 0.6635416666666667 0.10925925925925926 0.004166666666666667 0.005555555555555556
3 0.6598958333333333 0.11666666666666667 0.004166666666666667 0.007407407407407408
3 0.6723958333333333 0.1287037037037037 0.004166666666666667 0.007407407407407408
3 0.6885416666666667 0.13148148148148148 0.00625 0.009259259259259259
3 0.6869791666666667 0.15416666666666667 0.007291666666666667 0.008333333333333333
3 0.6809895833333334 0.1625 0.0067708333333333336 0.010185185185185186
3 0.6721354166666667 0.19768518518518519 0.009895833333333333 0.017592592592592594
4 0.6848958333333334 0.1925925925925926 0.009375 0.014814814814814815
4 0.665625 0.13148148148148148 0.00625 0.009259259259259259
4 0.6682291666666667 0.15833333333333333 0.011458333333333333 0.020370370370370372
8 0.69765625 0.1638888888888889 0.0109375 0.022222222222222223
3 0.6606770833333333 0.15046296296296297 0.0067708333333333336 0.010185185185185186
3 0.7151041666666667 0.225 0.010416666666666666 0.014814814814814815
3 0.7455729166666667 0.2833333333333333 0.0171875 0.027777777777777776
6 0.7822916666666667 0.2569444444444444 0.009375 0.01574074074074074
1 0.78125 0.25092592592592594 0.005208333333333333 0.009259259259259259
3 0.8825520833333333 0.48564814814814816 0.03697916666666667 0.041666666666666664
1 0.5036458333333333 0.26157407407407407 0.004166666666666667 0.013888888888888888
1 0.5138020833333333 0.2601851851851852 0.0046875 0.011111111111111112
9 0.50390625 0.2671296296296296 0.0046875 0.01574074074074074
6 0.5140625 0.26666666666666666 0.005208333333333333 0.018518518518518517
0 0.26588541666666665 0.2523148148148148 0.0046875 0.019444444444444445
0 0.34765625 0.23194444444444445 0.0046875 0.01574074074074074
0 0.3177083333333333 0.23425925925925925 0.005208333333333333 0.016666666666666666
3 0.32317708333333334 0.22083333333333333 0.025520833333333333 0.013888888888888888
3 0.35651041666666666 0.2222222222222222 0.024479166666666666 0.014814814814814815
3 0.4010416666666667 0.22314814814814815 0.025 0.018518518518518517
3 0.43333333333333335 0.22314814814814815 0.027083333333333334 0.014814814814814815
5 0.58984375 0.24722222222222223 0.015104166666666667 0.03888888888888889
4 0.39869791666666665 0.9606481481481481 0.05364583333333333 0.0787037037037037
4 0.6013020833333333 0.5662037037037037 0.024479166666666666 0.0712962962962963
4 0.56640625 0.4027777777777778 0.018229166666666668 0.046296296296296294
4 0.6078125 0.26157407407407407 0.014583333333333334 0.021296296296296296
4 0.5333333333333333 0.28194444444444444 0.013541666666666667 0.023148148148148147
4 0.6171875 0.22175925925925927 0.0125 0.023148148148148147
3 0.6177083333333333 0.2111111111111111 0.009375 0.011111111111111112
3 0.6184895833333334 0.2337962962962963 0.009895833333333333 0.012037037037037037
3 0.6197916666666666 0.2439814814814815 0.011458333333333333 0.017592592592592594
3 0.6151041666666667 0.2523148148148148 0.009375 0.01574074074074074
3 0.6223958333333334 0.262037037037037 0.010416666666666666 0.020370370370370372
3 0.6190104166666667 0.27546296296296297 0.013020833333333334 0.017592592592592594
3 0.6125 0.36157407407407405 0.016666666666666666 0.028703703703703703
3 0.6166666666666667 0.38472222222222224 0.01875 0.032407407407407406
3 0.61015625 0.47638888888888886 0.022395833333333334 0.03796296296296296
3 0.6111979166666667 0.44027777777777777 0.0203125 0.03981481481481482
3 0.6114583333333333 0.4078703703703704 0.01875 0.03425925925925926
3 0.609375 0.5217592592592593 0.023958333333333335 0.05648148148148148
3 0.6130208333333333 0.625 0.030208333333333334 0.08703703703703704
3 0.5981770833333333 0.9597222222222223 0.04114583333333333 0.08055555555555556
3 0.48359375 0.9407407407407408 0.043229166666666666 0.11851851851851852
3 0.6065104166666667 0.7129629629629629 0.030729166666666665 0.09074074074074075
3 0.6119791666666666 0.8171296296296297 0.03958333333333333 0.12314814814814815
3 0.5622395833333333 0.44907407407407407 0.016145833333333335 0.03888888888888889
3 0.5114583333333333 0.36574074074074076 0.014583333333333334 0.03888888888888889
3 0.528125 0.3111111111111111 0.013541666666666667 0.025925925925925925
3 0.5328125 0.42685185185185187 0.01875 0.040740740740740744
3 0.5559895833333334 0.49074074074074076 0.018229166666666668 0.04814814814814815
3 0.54296875 0.5523148148148148 0.025520833333333333 0.05462962962962963
3 0.49270833333333336 0.3962962962962963 0.017708333333333333 0.03518518518518519
3 0.47994791666666664 0.4222222222222222 0.022395833333333334 0.046296296296296294
3 0.48098958333333336 0.4625 0.022395833333333334 0.041666666666666664
4 0.5356770833333333 0.3861111111111111 0.0140625 0.04259259259259259
4 0.5083333333333333 0.4930555555555556 0.028125 0.06574074074074074
4 0.48984375 0.5546296296296296 0.028645833333333332 0.07592592592592592
3 0.4596354166666667 0.5101851851851852 0.0328125 0.05185185185185185
3 0.44088541666666664 0.5643518518518519 0.034895833333333334 0.0712962962962963
3 0.5416666666666666 0.6259259259259259 0.029166666666666667 0.07222222222222222
3 0.52734375 0.7125 0.034895833333333334 0.08981481481481482
3 0.5114583333333333 0.8277777777777777 0.04375 0.11666666666666667
3 0.47213541666666664 0.6652777777777777 0.04010416666666667 0.08055555555555556
3 0.44921875 0.7523148148148148 0.0453125 0.10092592592592593
3 0.4127604166666667 0.8680555555555556 0.05677083333333333 0.1287037037037037
3 0.32786458333333335 0.9064814814814814 0.07864583333333333 0.1537037037037037
3 0.375 0.7685185185185185 0.053125 0.10740740740740741
3 0.41640625 0.6402777777777777 0.04010416666666667 0.07685185185185185
3 0.5888020833333333 0.2671296296296296 0.011979166666666667 0.019444444444444445
3 0.5890625 0.2773148148148148 0.0125 0.021296296296296296
3 0.5854166666666667 0.2916666666666667 0.015625 0.024074074074074074
3 0.5825520833333333 0.3111111111111111 0.015104166666666667 0.027777777777777776
3 0.5809895833333333 0.32731481481481484 0.0140625 0.021296296296296296
3 0.5708333333333333 0.262037037037037 0.0125 0.016666666666666666
3 0.5677083333333334 0.2740740740740741 0.010416666666666666 0.018518518518518517
4 0.56015625 0.2833333333333333 0.0140625 0.022222222222222223
3 0.55546875 0.300462962962963 0.013020833333333334 0.023148148148148147
3 0.5557291666666667 0.31527777777777777 0.013541666666666667 0.019444444444444445
3 0.5505208333333333 0.24537037037037038 0.010416666666666666 0.018518518518518517
3 0.5473958333333333 0.2587962962962963 0.010416666666666666 0.01574074074074074
3 0.5450520833333333 0.2726851851851852 0.013020833333333334 0.021296296296296296
3 0.51796875 0.3296296296296296 0.018229166666666668 0.024074074074074074
3 0.5153645833333333 0.3537037037037037 0.0171875 0.02962962962962963
3 0.553125 0.33240740740740743 0.014583333333333334 0.03148148148148148
3 0.5484375 0.3490740740740741 0.014583333333333334 0.027777777777777776
4 0.5411458333333333 0.3638888888888889 0.017708333333333333 0.03888888888888889
4 0.57109375 0.3699074074074074 0.015104166666666667 0.041666666666666664
3 0.57890625 0.35138888888888886 0.015104166666666667 0.03425925925925926
3 0.5197916666666667 0.45740740740740743 0.023958333333333335 0.040740740740740744
8 0.65390625 0.10416666666666667 0.005729166666666666 0.008333333333333333
8 0.6104166666666667 0.08796296296296297 0.004166666666666667 0.005555555555555556