8 0.48625 0.03 0.0275 0.06
1 0.569 0.08533333333333333 0.009 0.014666666666666666
9 0.569 0.088 0.007 0.017333333333333333
4 0.591 0.149 0.021 0.035333333333333335
3 0.329 0.09133333333333334 0.02 0.036
3 0.3245 0.12066666666666667 0.019 0.032
3 0.32 0.15266666666666667 0.022 0.03866666666666667
3 0.31525 0.20266666666666666 0.0205 0.04533333333333334
3 0.30925 0.24 0.0225 0.04666666666666667
0 0.334 0.19033333333333333 0.007 0.028666666666666667
1 0.33925 0.238 0.0065 0.017333333333333333
2 0.34025 0.24366666666666667 0.0075 0.019333333333333334
1 0.33575 0.2836666666666667 0.0075 0.019333333333333334
9 0.3365 0.29033333333333333 0.011 0.022
3 0.298 0.31033333333333335 0.026 0.054
4 0.2935 0.351 0.026 0.056666666666666664
4 0.28 0.4196666666666667 0.031 0.082
0 0.29875 0.461 0.0075 0.022
0 0.305 0.4633333333333333 0.009 0.028
4 0.27175 0.525 0.0335 0.086
3 0.24075 0.7526666666666667 0.0475 0.11733333333333333
3 0.22275 0.895 0.0545 0.11666666666666667
3 0.5585 0.969 0.047 0.062
3 0.79875 0.8536666666666667 0.0645 0.10866666666666666
3 0.74625 0.7063333333333334 0.0545 0.102
3 0.714 0.5876666666666667 0.044 0.08333333333333333
0 0.78175 0.5816666666666667 0.0115 0.03133333333333333
3 0.692 0.5006666666666667 0.034 0.05466666666666667
3 0.792 0.449 0.043 0.06066666666666667
3 0.8175 0.43033333333333335 0.05 0.06466666666666666
3 0.89375 0.3273333333333333 0.0365 0.044
3 0.92975 0.32866666666666666 0.0315 0.04666666666666667
3 0.818 0.3323333333333333 0.036 0.04733333333333333
3 0.6365 0.30833333333333335 0.028 0.043333333333333335
3 0.62275 0.2623333333333333 0.0295 0.042
0 0.69375 0.37166666666666665 0.0125 0.028666666666666667