3 0.10642857142857143 0.6046954314720813 0.02142857142857143 0.06218274111675127
0 0.09535714285714286 0.5678934010152284 0.009285714285714286 0.013959390862944163
3 0.25785714285714284 0.5526649746192893 0.027142857142857142 0.03426395939086294
3 0.2739285714285714 0.5653553299492385 0.03357142857142857 0.03934010152284264
3 0.2742857142857143 0.6135786802030457 0.03142857142857143 0.04187817258883249
3 0.48464285714285715 0.48223350253807107 0.03214285714285714 0.03807106598984772
3 0.4878571428571429 0.4581218274111675 0.03142857142857143 0.03299492385786802
3 0.49607142857142855 0.4352791878172589 0.027857142857142858 0.03553299492385787
3 0.5092857142857142 0.4022842639593909 0.03142857142857143 0.03807106598984772
3 0.5264285714285715 0.35088832487309646 0.024285714285714285 0.0266497461928934
3 0.5314285714285715 0.3331218274111675 0.022857142857142857 0.0266497461928934
5 0.5771428571428572 0.38451776649746194 0.03857142857142857 0.07614213197969544
0 0.5839285714285715 0.3432741116751269 0.005 0.01649746192893401
0 0.5803571428571429 0.3369289340101523 0.0035714285714285713 0.013959390862944163
0 0.5775 0.3356598984771574 0.0035714285714285713 0.013959390862944163
0 0.5742857142857143 0.3331218274111675 0.004285714285714286 0.013959390862944163
3 0.6160714285714286 0.39403553299492383 0.027857142857142858 0.03426395939086294
5 0.635 0.48984771573604063 0.03857142857142857 0.048223350253807105
0 0.6217857142857143 0.4936548223350254 0.007857142857142858 0.017766497461928935
0 0.6392857142857142 0.4847715736040609 0.005714285714285714 0.015228426395939087
3 0.9110714285714285 0.5222081218274112 0.03214285714285714 0.03680203045685279
3 0.9210714285714285 0.4993654822335025 0.03642857142857143 0.03680203045685279
3 0.9275 0.47652284263959394 0.03214285714285714 0.04187817258883249
3 0.9325 0.4530456852791878 0.03214285714285714 0.04060913705583756
3 0.9342857142857143 0.43591370558375636 0.037142857142857144 0.04187817258883249
5 0.5821428571428572 0.13261421319796954 0.02857142857142857 0.06218274111675127
3 0.6067857142857143 0.028553299492385786 0.016428571428571428 0.02918781725888325
0 0.5482142857142858 0.09390862944162437 0.005 0.015228426395939087
3 0.9685714285714285 0.14276649746192893 0.04 0.03426395939086294
3 0.9714285714285714 0.12626903553299493 0.03 0.03426395939086294
3 0.9732142857142857 0.1116751269035533 0.029285714285714286 0.030456852791878174
8 0.3225 0.3597715736040609 0.05928571428571429 0.07741116751269035