8 0.5428571428571428 0.7296954314720813 0.06285714285714286 0.2868020304568528
8 0.5107142857142857 0.48286802030456855 0.04857142857142857 0.1865482233502538
8 0.4903571428571429 0.27918781725888325 0.04642857142857143 0.19796954314720813
8 0.5585714285714286 0.20939086294416243 0.047142857142857146 0.1751269035532995
8 0.6482142857142857 0.07804568527918782 0.115 0.09263959390862944
8 0.7625 0.05139593908629442 0.10785714285714286 0.08248730964467005
8 0.4635714285714286 0.05139593908629442 0.03428571428571429 0.10279187817258884
3 0.24785714285714286 0.6402284263959391 0.03 0.08756345177664974
3 0.3817857142857143 0.7315989847715736 0.065 0.05456852791878172
3 0.8442857142857143 0.9549492385786802 0.04857142857142857 0.08756345177664974
3 0.8467857142857143 0.0532994923857868 0.04357142857142857 0.048223350253807105
5 0.9192857142857143 0.03426395939086294 0.08 0.06852791878172589
4 0.8525 0.15291878172588833 0.055 0.05710659898477157
4 0.8707142857142857 0.3115482233502538 0.06428571428571428 0.06472081218274112
4 0.7085714285714285 0.36738578680203043 0.041428571428571426 0.09263959390862944
4 0.6846428571428571 0.4022842639593909 0.039285714285714285 0.09390862944162437
4 0.6603571428571429 0.4384517766497462 0.04357142857142857 0.09517766497461928
4 0.6385714285714286 0.506979695431472 0.04285714285714286 0.10025380710659898
0 0.4925 0.07804568527918782 0.007857142857142858 0.0266497461928934
0 0.49142857142857144 0.06598984771573604 0.008571428571428572 0.027918781725888325
3 0.6528571428571428 0.31725888324873097 0.04428571428571428 0.04060913705583756
9 0.9757142857142858 0.22842639593908629 0.017142857142857144 0.03553299492385787
1 0.9764285714285714 0.22081218274111675 0.014285714285714285 0.03299492385786802