3 0.5534968684759917 0.02922077922077922 0.01722338204592902 0.05844155844155844
3 0.576722338204593 0.030612244897959183 0.019832985386221295 0.061224489795918366
3 0.600991649269311 0.02736549165120594 0.02139874739039666 0.05473098330241188
4 0.10360125260960334 0.7393320964749536 0.042275574112734866 0.10018552875695733
3 0.2565240083507307 0.5468460111317254 0.02870563674321503 0.09925788497217068
4 0.34159707724425886 0.5459183673469388 0.0255741127348643 0.09183673469387756
4 0.41179540709812107 0.5278293135435993 0.020876826722338204 0.08534322820037106
4 0.48434237995824636 0.5222634508348795 0.019832985386221295 0.09090909090909091
4 0.5185281837160751 0.5148423005565863 0.03288100208768267 0.08534322820037106
3 0.550365344467641 0.512987012987013 0.030793319415448852 0.09461966604823747
3 0.5845511482254697 0.5106679035250464 0.029227557411273485 0.09554730983302412
3 0.6189979123173278 0.5162337662337663 0.027139874739039668 0.10111317254174397
3 0.6813674321503131 0.5153061224489796 0.027661795407098122 0.09554730983302412
0 0.767223382045929 0.5695732838589982 0.011482254697286013 0.027829313543599257
0 0.7779227557411273 0.5858070500927643 0.012004175365344467 0.02504638218923933
3 0.7831419624217119 0.5153061224489796 0.03496868475991649 0.09554730983302412
6 0.8207202505219207 0.5041743970315399 0.0255741127348643 0.07328385899814471
3 0.8708246346555324 0.5060296846011132 0.03914405010438413 0.09925788497217068