3 0.401 0.9316666666666666 0.032 0.07266666666666667
3 0.48025 0.8003333333333333 0.0335 0.051333333333333335
3 0.365 0.7966666666666666 0.036 0.06
2 0.388 0.8043333333333333 0.008 0.022
1 0.38775 0.799 0.0075 0.020666666666666667
3 0.34475 0.718 0.0275 0.04666666666666667
3 0.32825 0.671 0.0225 0.03933333333333333
4 0.31675 0.628 0.0245 0.050666666666666665
1 0.3555 0.642 0.007 0.014666666666666666
9 0.35575 0.648 0.0075 0.017333333333333333
1 0.311 0.5393333333333333 0.006 0.013333333333333334
2 0.311 0.5443333333333333 0.006 0.014
8 0.3045 0.5713333333333334 0.041 0.09333333333333334
3 0.28175 0.5153333333333333 0.0175 0.028
3 0.2775 0.49166666666666664 0.016 0.026
3 0.26975 0.4716666666666667 0.0135 0.022
2 0.30225 0.495 0.0055 0.011333333333333334
1 0.302 0.49166666666666664 0.006 0.012666666666666666
3 0.26475 0.4513333333333333 0.0155 0.02266666666666667
3 0.2605 0.43666666666666665 0.012 0.017333333333333333
4 0.2545 0.41833333333333333 0.01 0.019333333333333334
0 0.23875 0.442 0.0035 0.009333333333333334
0 0.23425 0.417 0.0035 0.012666666666666666
3 0.25125 0.4066666666666667 0.0125 0.02
6 0.257 0.4 0.007 0.012
0 0.259 0.3883333333333333 0.004 0.012666666666666666
0 0.246 0.39566666666666667 0.004 0.008666666666666666
3 0.2455 0.386 0.01 0.014666666666666666
0 0.2485 0.37066666666666664 0.004 0.012
3 0.24125 0.37733333333333335 0.0115 0.016
3 0.209 0.26566666666666666 0.009 0.011333333333333334
3 0.228 0.21066666666666667 0.006 0.008
3 0.20625 0.19333333333333333 0.0055 0.005333333333333333
3 0.20475 0.188 0.0045 0.005333333333333333
0 0.204 0.22733333333333333 0.003 0.008
9 0.2095 0.22933333333333333 0.003 0.004
1 0.20925 0.22733333333333333 0.0025 0.005333333333333333
3 0.3015 0.31466666666666665 0.009 0.010666666666666666
4 0.2115 0.18566666666666667 0.005 0.007333333333333333
3 0.21725 0.18433333333333332 0.0045 0.006
4 0.208 0.18 0.005 0.006666666666666667
3 0.19725 0.17633333333333334 0.0065 0.007333333333333333
8 0.206 0.16233333333333333 0.006 0.01
3 0.2065 0.17233333333333334 0.005 0.006
3 0.20925 0.17066666666666666 0.0045 0.005333333333333333
8 0.52825 0.951 0.0755 0.09666666666666666
3 0.563 0.9533333333333334 0.045 0.07866666666666666
3 0.61775 0.9623333333333334 0.0525 0.07533333333333334
3 0.90075 0.971 0.0585 0.05533333333333333
4 0.8395 0.8973333333333333 0.064 0.07466666666666667
2 0.85675 0.978 0.0205 0.032
1 0.859 0.974 0.011 0.02666666666666667
9 0.814 0.934 0.017 0.029333333333333333
1 0.816 0.9296666666666666 0.011 0.020666666666666667
2 0.777 0.8833333333333333 0.017 0.028
1 0.7775 0.8776666666666667 0.011 0.020666666666666667
3 0.7385 0.7683333333333333 0.044 0.05
2 0.697 0.7833333333333333 0.014 0.024
1 0.698 0.7786666666666666 0.01 0.021333333333333333
3 0.7025 0.7263333333333334 0.04 0.04066666666666666
2 0.664 0.7056666666666667 0.011 0.019333333333333334
1 0.664 0.6993333333333334 0.008 0.017333333333333333
3 0.6165 0.623 0.033 0.034
9 0.60125 0.6033333333333334 0.0145 0.012
9 0.59375 0.5956666666666667 0.0105 0.019333333333333334
9 0.58975 0.591 0.0125 0.015333333333333332
9 0.5855 0.5856666666666667 0.014 0.012666666666666666
2 0.57125 0.5766666666666667 0.0135 0.012
1 0.569 0.562 0.006 0.016
9 0.56975 0.5643333333333334 0.0085 0.019333333333333334
2 0.5565 0.558 0.008 0.017333333333333333
9 0.541 0.572 0.008 0.014666666666666666
1 0.54075 0.57 0.0065 0.014666666666666666
3 0.667 0.8776666666666667 0.045 0.056666666666666664
3 0.52075 0.695 0.0315 0.03933333333333333
3 0.498 0.49133333333333334 0.022 0.021333333333333333
0 0.50125 0.475 0.0045 0.014
0 0.512 0.473 0.004 0.012666666666666666
3 0.4755 0.4703333333333333 0.02 0.018
3 0.4495 0.44433333333333336 0.018 0.016666666666666666
3 0.44125 0.42733333333333334 0.0165 0.016
3 0.48875 0.412 0.0165 0.016
2 0.49325 0.44133333333333336 0.0035 0.013333333333333334
2 0.48275 0.43633333333333335 0.0035 0.01
2 0.47925 0.42866666666666664 0.0095 0.008
3 0.4175 0.39766666666666667 0.014 0.012666666666666666
3 0.409 0.38466666666666666 0.015 0.014666666666666666
9 0.436 0.37966666666666665 0.009 0.008666666666666666
3 0.34875 0.37233333333333335 0.0135 0.015333333333333332
3 0.34125 0.3413333333333333 0.0115 0.012
3 0.36775 0.323 0.0075 0.011333333333333334
9 0.406 0.40066666666666667 0.005 0.009333333333333334
1 0.4055 0.398 0.005 0.010666666666666666
1 0.393 0.387 0.004 0.011333333333333334
2 0.39275 0.38866666666666666 0.0035 0.009333333333333334
3 0.39625 0.369 0.0125 0.012666666666666666
3 0.38825 0.3596666666666667 0.0115 0.011333333333333334
3 0.382 0.3496666666666667 0.012 0.012666666666666666
3 0.37475 0.3416666666666667 0.0125 0.012666666666666666
3 0.406 0.363 0.012 0.012666666666666666
3 0.39075 0.286 0.0165 0.009333333333333334
0 0.36925 0.3496666666666667 0.0025 0.008666666666666666
1 0.3695 0.3556666666666667 0.004 0.01
9 0.37 0.35833333333333334 0.004 0.008666666666666666
1 0.35725 0.3353333333333333 0.0025 0.006666666666666667
9 0.35725 0.338 0.0035 0.006666666666666667
3 0.4095 0.28733333333333333 0.02 0.012
3 0.3205 0.29133333333333333 0.005 0.009333333333333334
2 0.36125 0.291 0.0055 0.004666666666666667
1 0.36025 0.2896666666666667 0.0025 0.008666666666666666
1 0.34775 0.32066666666666666 0.0025 0.009333333333333334
2 0.34775 0.32266666666666666 0.0025 0.006666666666666667
3 0.263 0.23666666666666666 0.007 0.008
3 0.2585 0.22933333333333333 0.006 0.006666666666666667
3 0.2465 0.213 0.005 0.006
3 0.246 0.20766666666666667 0.005 0.004666666666666667
3 0.236 0.20366666666666666 0.005 0.006
8 0.276 0.23333333333333334 0.013 0.018666666666666668
3 0.232 0.19566666666666666 0.005 0.006
3 0.2285 0.189 0.005 0.004666666666666667
3 0.22475 0.18266666666666667 0.0045 0.005333333333333333
3 0.21975 0.175 0.0035 0.004666666666666667
3 0.226 0.17366666666666666 0.004 0.004666666666666667
3 0.23575 0.17033333333333334 0.0075 0.004666666666666667
3 0.23525 0.178 0.0045 0.005333333333333333
3 0.2395 0.184 0.005 0.005333333333333333
3 0.24225 0.19966666666666666 0.0045 0.006
3 0.23825 0.194 0.0045 0.005333333333333333
3 0.2365 0.19 0.005 0.005333333333333333
3 0.23325 0.18533333333333332 0.0045 0.005333333333333333
3 0.2305 0.181 0.004 0.004666666666666667
3 0.22925 0.17733333333333334 0.0045 0.005333333333333333
3 0.28475 0.226 0.0055 0.006666666666666667
3 0.28425 0.21166666666666667 0.0115 0.007333333333333333
9 0.3375 0.311 0.004 0.007333333333333333
1 0.3375 0.30866666666666664 0.003 0.006666666666666667
9 0.33375 0.29733333333333334 0.0035 0.006666666666666667
1 0.3335 0.295 0.002 0.006
9 0.32575 0.28933333333333333 0.0025 0.005333333333333333
1 0.32525 0.287 0.0025 0.006
0 0.33075 0.27366666666666667 0.0025 0.007333333333333333
0 0.3515 0.2823333333333333 0.002 0.007333333333333333
0 0.362 0.271 0.002 0.007333333333333333
3 0.29675 0.24066666666666667 0.0065 0.006666666666666667
3 0.294 0.23733333333333334 0.007 0.006666666666666667
3 0.29175 0.23333333333333334 0.0055 0.005333333333333333
3 0.2965 0.22066666666666668 0.007 0.006666666666666667
3 0.3255 0.2773333333333333 0.008 0.009333333333333334
3 0.32225 0.273 0.0085 0.008666666666666666
3 0.3175 0.269 0.008 0.008666666666666666
3 0.3145 0.2643333333333333 0.008 0.007333333333333333
3 0.31175 0.25966666666666666 0.0085 0.008666666666666666
3 0.308 0.25633333333333336 0.008 0.007333333333333333
3 0.30525 0.25133333333333335 0.0075 0.008
3 0.30225 0.248 0.0075 0.008
2 0.2995 0.25433333333333336 0.003 0.004666666666666667
1 0.29925 0.25266666666666665 0.0025 0.005333333333333333
2 0.3125 0.27466666666666667 0.002 0.005333333333333333
1 0.31225 0.27166666666666667 0.0025 0.006
3 0.03925 0.467 0.0335 0.020666666666666667
2 0.75925 0.728 0.0125 0.017333333333333333
2 0.9615 0.9446666666666667 0.019 0.029333333333333333
0 0.96625 0.9373333333333334 0.0095 0.028