3 0.08063674321503131 0.33302411873840443 0.06002087682672234 0.06679035250463822
4 0.13387265135699375 0.4902597402597403 0.05167014613778706 0.038033395176252316
3 0.22573068893528184 0.48562152133580705 0.06732776617954071 0.04730983302411874
4 0.3155010438413361 0.48515769944341375 0.0652400835073069 0.05194805194805195
4 0.37656576200417535 0.426252319109462 0.05375782881002088 0.05287569573283859
3 0.42927974947807934 0.47263450834879406 0.06837160751565761 0.05102040816326531
0 0.45015657620041755 0.5102040816326531 0.010960334029227558 0.01855287569573284
0 0.5073068893528184 0.44805194805194803 0.007306889352818371 0.02040816326530612
0 0.5253131524008351 0.44063079777365494 0.006784968684759917 0.02040816326530612
7 0.5391440501043842 0.4429499072356215 0.03653444676409186 0.04359925788497217
6 0.5915970772442589 0.43506493506493504 0.04749478079331942 0.03339517625231911
9 0.615866388308977 0.4095547309833024 0.017745302713987474 0.021335807050092765
3 0.5947286012526096 0.2323747680890538 0.06419624217118998 0.05287569573283859
3 0.5913361169102297 0.1794990723562152 0.06263048016701461 0.05287569573283859
3 0.5845511482254697 0.12384044526901669 0.06471816283924843 0.04916512059369202
3 0.5822025052192067 0.07003710575139147 0.06315240083507306 0.05102040816326531
3 0.5798538622129437 0.023191094619666047 0.04697286012526096 0.04638218923933209
4 0.6803235908141962 0.06910946196660482 0.02870563674321503 0.10296846011131726
4 0.7413883089770354 0.07792207792207792 0.031837160751565764 0.10204081632653061
3 0.6941544885177453 0.2527829313543599 0.03444676409185804 0.10482374768089053
6 0.7562630480167014 0.25 0.026096033402922755 0.10853432282003711
0 0.7834029227557411 0.26391465677179965 0.007306889352818371 0.02504638218923933
0 0.6607515657620042 0.3747680890538033 0.010438413361169102 0.02411873840445269
3 0.6959812108559499 0.41836734693877553 0.06732776617954071 0.05194805194805195
0 0.8671711899791231 0.3845083487940631 0.012004175365344467 0.026901669758812616
0 0.880741127348643 0.3965677179962894 0.009916492693110648 0.0287569573283859
9 0.9131002087682673 0.3557513914656772 0.02661795407098121 0.023191094619666047
9 0.8825678496868476 0.3181818181818182 0.010438413361169102 0.04638218923933209