0 0.5557291666666667 0.4740740740740741 0.013541666666666667 0.07037037037037037
0 0.5494791666666666 0.5453703703703704 0.015625 0.08703703703703704
0 0.5083333333333333 0.5222222222222223 0.0125 0.07777777777777778
0 0.4921875 0.5166666666666667 0.013541666666666667 0.06666666666666667
0 0.46770833333333334 0.4898148148148148 0.016666666666666666 0.07592592592592592
0 0.48854166666666665 0.49537037037037035 0.014583333333333334 0.06111111111111111
0 0.49270833333333336 0.48518518518518516 0.008333333333333333 0.02962962962962963
0 0.6203125 0.19537037037037036 0.007291666666666667 0.027777777777777776
0 0.6119791666666666 0.19814814814814816 0.007291666666666667 0.02962962962962963
0 0.6041666666666666 0.19537037037037036 0.00625 0.03518518518518519
0 0.625 0.1638888888888889 0.004166666666666667 0.020370370370370372
0 0.6354166666666666 0.13703703703703704 0.004166666666666667 0.022222222222222223
0 0.6119791666666666 0.16111111111111112 0.003125 0.025925925925925925
0 0.609375 0.16203703703703703 0.004166666666666667 0.027777777777777776
0 0.6067708333333334 0.16111111111111112 0.005208333333333333 0.025925925925925925
0 0.6052083333333333 0.14537037037037037 0.004166666666666667 0.024074074074074074