3 0.925 0.8351851851851851 0.10208333333333333 0.13703703703703704
3 0.7026041666666667 0.6083333333333333 0.06979166666666667 0.09444444444444444
3 0.3109375 0.21574074074074073 0.015625 0.024074074074074074
3 0.2630208333333333 0.16111111111111112 0.013541666666666667 0.018518518518518517
3 0.3515625 0.2324074074074074 0.015625 0.020370370370370372
3 0.34010416666666665 0.2212962962962963 0.011458333333333333 0.020370370370370372
3 0.3307291666666667 0.2111111111111111 0.011458333333333333 0.018518518518518517
3 0.32395833333333335 0.2037037037037037 0.0125 0.014814814814814815
5 0.40520833333333334 0.31574074074074077 0.0625 0.08333333333333333
0 0.2734375 0.16018518518518518 0.005208333333333333 0.009259259259259259
1 0.18229166666666666 0.29907407407407405 0.00625 0.009259259259259259
0 0.18177083333333333 0.29444444444444445 0.007291666666666667 0.014814814814814815
9 0.18229166666666666 0.30185185185185187 0.010416666666666666 0.018518518518518517
8 0.41510416666666666 0.37592592592592594 0.051041666666666666 0.08148148148148149
4 0.4713541666666667 0.40925925925925927 0.030208333333333334 0.04814814814814815
5 0.5526041666666667 0.5444444444444444 0.13229166666666667 0.1962962962962963
3 0.37447916666666664 0.2564814814814815 0.015625 0.020370370370370372
1 0.4713541666666667 0.3731481481481482 0.007291666666666667 0.016666666666666666
9 0.4703125 0.3787037037037037 0.013541666666666667 0.016666666666666666
9 0.275 0.1648148148148148 0.00625 0.011111111111111112
1 0.28489583333333335 0.16296296296296298 0.005208333333333333 0.011111111111111112
3 0.28489583333333335 0.1685185185185185 0.009375 0.011111111111111112
1 0.3536458333333333 0.24351851851851852 0.005208333333333333 0.009259259259259259
1 0.34427083333333336 0.24259259259259258 0.005208333333333333 0.007407407407407408
9 0.3536458333333333 0.25277777777777777 0.007291666666666667 0.012962962962962963
9 0.34427083333333336 0.2518518518518518 0.007291666666666667 0.014814814814814815
0 0.6364583333333333 0.32407407407407407 0.010416666666666666 0.02962962962962963
0 0.4739583333333333 0.225 0.00625 0.024074074074074074
0 0.48333333333333334 0.22870370370370371 0.00625 0.016666666666666666
0 0.49375 0.22685185185185186 0.00625 0.020370370370370372
0 0.4791666666666667 0.22592592592592592 0.004166666666666667 0.018518518518518517
5 0.8286458333333333 0.7268518518518519 0.09479166666666666 0.10555555555555556
1 0.99375 0.5546296296296296 0.0125 0.027777777777777776
1 0.34427083333333336 0.462037037037037 0.007291666666666667 0.020370370370370372
2 0.34479166666666666 0.47314814814814815 0.008333333333333333 0.024074074074074074