3 0.46035714285714285 0.8375634517766497 0.056428571428571425 0.04568527918781726
3 0.45035714285714284 0.5552030456852792 0.045 0.03680203045685279
3 0.4546428571428571 0.48286802030456855 0.04214285714285714 0.031725888324873094
3 0.4614285714285714 0.36738578680203043 0.04428571428571428 0.031725888324873094
3 0.65 0.47588832487309646 0.04285714285714286 0.03553299492385787
3 0.45035714285714284 0.31725888324873097 0.03785714285714286 0.030456852791878174
3 0.4514285714285714 0.28616751269035534 0.04 0.02918781725888325
3 0.4514285714285714 0.24492385786802032 0.032857142857142856 0.030456852791878174
3 0.45285714285714285 0.1383248730964467 0.03571428571428571 0.027918781725888325
3 0.4539285714285714 0.10025380710659898 0.029285714285714286 0.025380710659898477
3 0.4514285714285714 0.031091370558375634 0.027142857142857142 0.0266497461928934
3 0.4525 0.06281725888324872 0.025 0.024111675126903553
3 0.4514285714285714 0.08248730964467005 0.027142857142857142 0.025380710659898477
3 0.4539285714285714 0.4270304568527919 0.04071428571428572 0.031725888324873094
4 0.44785714285714284 0.6370558375634517 0.04857142857142857 0.04314720812182741
5 0.45607142857142857 0.19543147208121828 0.019285714285714285 0.0583756345177665
3 0.5896428571428571 0.0583756345177665 0.029285714285714286 0.025380710659898477
3 0.59 0.07868020304568528 0.03 0.025380710659898477
3 0.5939285714285715 0.09517766497461928 0.029285714285714286 0.027918781725888325
3 0.5982142857142857 0.116751269035533 0.030714285714285715 0.027918781725888325
3 0.6064285714285714 0.15355329949238578 0.03142857142857143 0.030456852791878174
3 0.6085714285714285 0.17639593908629442 0.032857142857142856 0.027918781725888325
3 0.6392857142857142 0.05456852791878172 0.022857142857142857 0.03553299492385787
3 0.6546428571428572 0.044416243654822336 0.025 0.03553299492385787
3 0.6939285714285715 0.041243654822335024 0.02642857142857143 0.02918781725888325
6 0.7435714285714285 0.021573604060913704 0.015714285714285715 0.027918781725888325
0 0.5467857142857143 0.12436548223350254 0.0035714285714285713 0.02030456852791878
1 0.5007142857142857 0.5881979695431472 0.008571428571428572 0.01903553299492386
9 0.5021428571428571 0.5901015228426396 0.01 0.03553299492385787