0 0.17607142857142857 0.05266497461928934 0.007857142857142858 0.021573604060913704
0 0.20464285714285715 0.4549492385786802 0.0064285714285714285 0.0266497461928934
0 0.2125 0.46383248730964466 0.007857142857142858 0.021573604060913704
0 0.22142857142857142 0.4517766497461929 0.01 0.017766497461928935
3 0.34964285714285714 0.04251269035532995 0.023571428571428573 0.05456852791878172
3 0.15428571428571428 0.7956852791878173 0.04428571428571428 0.09137055837563451
3 0.6435714285714286 0.9574873096446701 0.03428571428571429 0.08248730964467005
3 0.6257142857142857 0.8134517766497462 0.027142857142857142 0.07614213197969544
4 0.6875 0.7734771573604061 0.030714285714285715 0.08756345177664974
9 0.7785714285714286 0.9060913705583756 0.014285714285714285 0.03553299492385787
9 0.79 0.8883248730964467 0.017142857142857144 0.030456852791878174
4 0.8175 0.8299492385786802 0.03357142857142857 0.09898477157360407
4 0.8557142857142858 0.725253807106599 0.03142857142857143 0.07741116751269035
4 0.8732142857142857 0.6687817258883249 0.035 0.09137055837563451
4 0.8864285714285715 0.6123096446700508 0.032857142857142856 0.0850253807106599
4 0.9046428571428572 0.5697969543147208 0.035 0.08121827411167512
3 0.8346428571428571 0.7703045685279187 0.030714285714285715 0.08629441624365482
5 0.9117857142857143 0.9016497461928934 0.08214285714285714 0.1713197969543147
5 0.9664285714285714 0.6960659898477157 0.06714285714285714 0.17893401015228427
4 0.99 0.44352791878172587 0.02 0.06472081218274112
4 0.9717857142857143 0.4156091370558376 0.03642857142857143 0.06979695431472081
3 0.9464285714285714 0.07677664974619289 0.032857142857142856 0.05964467005076142
3 0.8757142857142857 0.14720812182741116 0.03 0.06091370558375635
4 0.8025 0.0583756345177665 0.025 0.06345177664974619
9 0.7907142857142857 0.309010152284264 0.011428571428571429 0.02918781725888325
1 0.7910714285714285 0.3039340101522843 0.009285714285714286 0.01649746192893401
8 0.8221428571428572 0.4022842639593909 0.08428571428571428 0.19289340101522842
4 0.7446428571428572 0.6135786802030457 0.03642857142857143 0.07741116751269035
4 0.6621428571428571 0.600253807106599 0.03142857142857143 0.08375634517766498
9 0.5953571428571428 0.5348984771573604 0.010714285714285714 0.03426395939086294
1 0.5953571428571428 0.5310913705583756 0.007857142857142858 0.021573604060913704
8 0.55 0.5939086294416244 0.03857142857142857 0.10913705583756345
5 0.6078571428571429 0.03616751269035533 0.027142857142857142 0.07233502538071065
4 0.7053571428571429 0.01903553299492386 0.019285714285714285 0.03807106598984772
4 0.55 0.2696700507614213 0.02142857142857143 0.06218274111675127
4 0.7239285714285715 0.31281725888324874 0.023571428571428573 0.05964467005076142
3 0.675 0.3020304568527919 0.027142857142857142 0.06598984771573604
3 0.6975 0.4282994923857868 0.027857142857142858 0.07233502538071065
3 0.7196428571428571 0.5260152284263959 0.03357142857142857 0.07741116751269035