0 0.6496428571428572 0.7398477157360406 0.013571428571428571 0.030456852791878174
0 0.6864285714285714 0.8261421319796954 0.008571428571428572 0.04568527918781726
0 0.6771428571428572 0.7785532994923858 0.025714285714285714 0.024111675126903553
0 0.7264285714285714 0.5126903553299492 0.01 0.03299492385786802
0 0.4664285714285714 0.4854060913705584 0.011428571428571429 0.03680203045685279
0 0.4767857142857143 0.491751269035533 0.017857142857142856 0.06218274111675127
0 0.42714285714285716 0.7081218274111675 0.011428571428571429 0.03553299492385787
0 0.8735714285714286 0.9098984771573604 0.02142857142857143 0.03299492385786802
0 0.8096428571428571 0.7246192893401016 0.013571428571428571 0.03807106598984772
0 0.8225 0.700507614213198 0.02214285714285714 0.03299492385786802
0 0.45 0.4397208121827411 0.005714285714285714 0.03426395939086294
0 0.48464285714285715 0.4384517766497462 0.007857142857142858 0.03426395939086294
0 0.44785714285714284 0.4263959390862944 0.01 0.027918781725888325
0 0.44785714285714284 0.4149746192893401 0.007142857142857143 0.030456852791878174
0 0.45071428571428573 0.4086294416243655 0.007142857142857143 0.030456852791878174
0 0.45357142857142857 0.39276649746192893 0.007142857142857143 0.02918781725888325
0 0.4860714285714286 0.42956852791878175 0.0064285714285714285 0.02918781725888325
0 0.4835714285714286 0.41751269035532995 0.007142857142857143 0.030456852791878174
0 0.4835714285714286 0.39720812182741116 0.005714285714285714 0.03299492385786802
0 0.48392857142857143 0.41053299492385786 0.0064285714285714285 0.03426395939086294
0 0.4585714285714286 0.36484771573604063 0.011428571428571429 0.03426395939086294
0 0.48214285714285715 0.36928934010152287 0.007142857142857143 0.027918781725888325
0 0.5246428571428572 0.5875634517766497 0.007857142857142858 0.03553299492385787
0 0.5407142857142857 0.5640862944162437 0.01 0.031725888324873094
0 0.5328571428571428 0.5666243654822335 0.005714285714285714 0.031725888324873094
0 0.5310714285714285 0.5736040609137056 0.005 0.02284263959390863
0 0.5335714285714286 0.5958121827411168 0.007142857142857143 0.02918781725888325
0 0.54 0.5913705583756346 0.008571428571428572 0.027918781725888325
0 0.5592857142857143 0.5831218274111675 0.008571428571428572 0.031725888324873094
0 0.5582142857142857 0.5736040609137056 0.009285714285714286 0.03553299492385787
0 0.4785714285714286 0.28616751269035534 0.008571428571428572 0.02918781725888325
0 0.47535714285714287 0.26586294416243655 0.0064285714285714285 0.0266497461928934
0 0.4610714285714286 0.2614213197969543 0.007857142857142858 0.030456852791878174
0 0.44035714285714284 0.274746192893401 0.005 0.013959390862944163
0 0.43785714285714283 0.26903553299492383 0.008571428571428572 0.025380710659898477
0 0.42892857142857144 0.22461928934010153 0.0064285714285714285 0.030456852791878174
0 0.42714285714285716 0.11928934010152284 0.007142857142857143 0.027918781725888325
0 0.4282142857142857 0.10723350253807107 0.010714285714285714 0.024111675126903553
0 0.5935714285714285 0.31852791878172587 0.007142857142857143 0.03553299492385787
3 0.8671428571428571 0.34454314720812185 0.05857142857142857 0.09517766497461928
3 0.7521428571428571 0.07741116751269035 0.04428571428571428 0.07868020304568528