3 0.76171875 0.7856481481481481 0.09010416666666667 0.08425925925925926
3 0.8026041666666667 0.5388888888888889 0.04895833333333333 0.06296296296296296
3 0.85078125 0.6375 0.05364583333333333 0.08425925925925926
3 0.85859375 0.7435185185185185 0.0546875 0.07962962962962963
3 0.6421875 0.6708333333333333 0.053125 0.09351851851851851
3 0.6015625 0.5745370370370371 0.03333333333333333 0.08055555555555556
3 0.5901041666666667 0.4962962962962963 0.03125 0.06851851851851852
3 0.5783854166666667 0.43148148148148147 0.027604166666666666 0.05740740740740741
3 0.5671875 0.38055555555555554 0.026041666666666668 0.05185185185185185
3 0.5453125 0.30694444444444446 0.021875 0.041666666666666664
3 0.7309895833333333 0.45 0.044270833333333336 0.05555555555555555
3 0.6942708333333333 0.38935185185185184 0.034375 0.04722222222222222
3 0.6708333333333333 0.3384259259259259 0.03125 0.04537037037037037
3 0.6481770833333333 0.28703703703703703 0.025520833333333333 0.037037037037037035
3 0.62734375 0.2550925925925926 0.0234375 0.028703703703703703
3 0.6015625 0.22592592592592592 0.017708333333333333 0.025925925925925925
3 0.3890625 0.9652777777777778 0.03958333333333333 0.06944444444444445
3 0.039322916666666666 0.9768518518518519 0.05677083333333333 0.046296296296296294
3 0.225 0.8916666666666667 0.04479166666666667 0.1111111111111111
3 0.07994791666666666 0.8439814814814814 0.0515625 0.1175925925925926
3 0.18020833333333333 0.750462962962963 0.04895833333333333 0.10648148148148148
3 0.10625 0.7305555555555555 0.04375 0.09814814814814815
3 0.12838541666666667 0.6203703703703703 0.04010416666666667 0.08888888888888889
3 0.27109375 0.5476851851851852 0.028645833333333332 0.06018518518518518
3 0.2140625 0.524074074074074 0.030208333333333334 0.05925925925925926
3 0.14635416666666667 0.5310185185185186 0.0375 0.0712962962962963
3 0.16432291666666668 0.4652777777777778 0.034895833333333334 0.06759259259259259
3 0.18203125 0.4083333333333333 0.028645833333333332 0.053703703703703705
3 0.04114583333333333 0.48148148148148145 0.058333333333333334 0.05925925925925926
3 0.09244791666666667 0.425 0.044270833333333336 0.05925925925925926
3 0.059895833333333336 0.41388888888888886 0.034375 0.053703703703703705
3 0.08020833333333334 0.37222222222222223 0.030208333333333334 0.04814814814814815
3 0.20260416666666667 0.36064814814814816 0.026041666666666668 0.04537037037037037
3 0.3072916666666667 0.36574074074074076 0.021875 0.03888888888888889
3 0.29713541666666665 0.29583333333333334 0.019270833333333334 0.03611111111111111
3 0.33125 0.2375 0.020833333333333332 0.030555555555555555
3 0.2950520833333333 0.23981481481481481 0.019270833333333334 0.02962962962962963
3 0.29348958333333336 0.18611111111111112 0.016145833333333335 0.027777777777777776
3 0.21770833333333334 0.3138888888888889 0.023958333333333335 0.04259259259259259
3 0.23203125 0.262037037037037 0.024479166666666666 0.044444444444444446
3 0.24296875 0.2310185185185185 0.0203125 0.03611111111111111
3 0.2518229166666667 0.20277777777777778 0.019270833333333334 0.02962962962962963
3 0.10182291666666667 0.33240740740740743 0.030729166666666665 0.046296296296296294
3 0.1171875 0.29953703703703705 0.029166666666666667 0.041666666666666664
3 0.13333333333333333 0.26944444444444443 0.023958333333333335 0.037037037037037035
3 0.159375 0.2212962962962963 0.020833333333333332 0.03148148148148148
4 0.14765625 0.24027777777777778 0.021354166666666667 0.03425925925925926
3 0.17135416666666667 0.1986111111111111 0.020833333333333332 0.028703703703703703
3 0.18307291666666667 0.17592592592592593 0.0203125 0.02962962962962963
3 0.19348958333333333 0.15648148148148147 0.019270833333333334 0.027777777777777776
3 0.20104166666666667 0.14212962962962963 0.015625 0.025
3 0.20859375 0.12731481481481483 0.0171875 0.025
3 0.21588541666666666 0.11342592592592593 0.0140625 0.023148148148148147
3 0.22447916666666667 0.09907407407407408 0.0125 0.020370370370370372
3 0.23203125 0.0837962962962963 0.0140625 0.023148148148148147
3 0.2890625 0.10277777777777777 0.014583333333333334 0.024074074074074074
3 0.328125 0.09305555555555556 0.013541666666666667 0.023148148148148147
3 0.3494791666666667 0.09583333333333334 0.0125 0.021296296296296296
3 0.3296875 0.06296296296296296 0.011458333333333333 0.016666666666666666
3 0.31875 0.018055555555555554 0.011458333333333333 0.019444444444444445
3 0.23697916666666666 0.07453703703703704 0.011458333333333333 0.019444444444444445
3 0.24166666666666667 0.06481481481481481 0.0125 0.018518518518518517
3 0.24869791666666666 0.05462962962962963 0.011979166666666667 0.018518518518518517
3 0.25286458333333334 0.04537037037037037 0.011979166666666667 0.018518518518518517
3 0.25729166666666664 0.03611111111111111 0.011458333333333333 0.018518518518518517
3 0.2625 0.025 0.011458333333333333 0.018518518518518517
3 0.2677083333333333 0.01898148148148148 0.010416666666666666 0.017592592592592594
3 0.27265625 0.0125 0.011979166666666667 0.017592592592592594
3 0.34375 0.006481481481481481 0.010416666666666666 0.012962962962962963
3 0.3729166666666667 0.005555555555555556 0.009375 0.011111111111111112
3 0.09947916666666666 0.09259259259259259 0.028125 0.020370370370370372
3 0.12239583333333333 0.09490740740740741 0.01875 0.019444444444444445
3 0.11119791666666666 0.10601851851851851 0.0171875 0.023148148148148147
3 0.09453125 0.09861111111111111 0.025520833333333333 0.021296296296296296
3 0.09192708333333334 0.10601851851851851 0.0234375 0.019444444444444445
3 0.09739583333333333 0.12824074074074074 0.020833333333333332 0.025
3 0.07994791666666666 0.11666666666666667 0.027604166666666666 0.020370370370370372
3 0.06796875 0.12222222222222222 0.027604166666666666 0.020370370370370372
3 0.06510416666666667 0.13333333333333333 0.03125 0.020370370370370372
3 0.05416666666666667 0.1412037037037037 0.036458333333333336 0.025
3 0.04375 0.15416666666666667 0.036458333333333336 0.021296296296296296
3 0.0375 0.16435185185185186 0.040625 0.023148148148148147
3 0.02734375 0.175 0.04010416666666667 0.022222222222222223
3 0.01875 0.18287037037037038 0.035416666666666666 0.023148148148148147
3 0.0140625 0.19212962962962962 0.028125 0.025
3 0.009375 0.20185185185185187 0.01875 0.024074074074074074
3 0.008854166666666666 0.2462962962962963 0.017708333333333333 0.037037037037037035
3 0.030729166666666665 0.21157407407407408 0.026041666666666668 0.030555555555555555
3 0.0578125 0.08888888888888889 0.022916666666666665 0.016666666666666666
3 0.05234375 0.09768518518518518 0.0203125 0.025
3 0.03203125 0.11064814814814815 0.030729166666666665 0.019444444444444445
3 0.01953125 0.11851851851851852 0.033854166666666664 0.022222222222222223
3 0.013802083333333333 0.13333333333333333 0.027604166666666666 0.022222222222222223
9 0.3927083333333333 0.6509259259259259 0.011458333333333333 0.046296296296296294
9 0.37473958333333335 0.5402777777777777 0.009895833333333333 0.03425925925925926
0 0.4283854166666667 0.36157407407407405 0.005729166666666666 0.026851851851851852
1 0.3484375 0.3023148148148148 0.00625 0.019444444444444445
9 0.34817708333333336 0.30972222222222223 0.0067708333333333336 0.021296296296296296
0 0.96640625 0.512962962962963 0.0109375 0.03888888888888889
0 0.9234375 0.4375 0.008333333333333333 0.032407407407407406
0 0.8364583333333333 0.3875 0.009375 0.032407407407407406
0 0.74453125 0.34444444444444444 0.0067708333333333336 0.02962962962962963
0 0.7958333333333333 0.2847222222222222 0.00625 0.032407407407407406
0 0.6752604166666667 0.14305555555555555 0.0046875 0.021296296296296296
0 0.6802083333333333 0.14212962962962963 0.003125 0.017592592592592594
0 0.6828125 0.13935185185185187 0.004166666666666667 0.019444444444444445
0 0.7252604166666666 0.1537037037037037 0.0067708333333333336 0.022222222222222223
0 0.7177083333333333 0.1824074074074074 0.00625 0.024074074074074074
0 0.7135416666666666 0.18564814814814815 0.004166666666666667 0.013888888888888888
0 0.6184895833333334 0.09537037037037037 0.0046875 0.020370370370370372
0 0.5765625 0.016203703703703703 0.003125 0.01574074074074074
0 0.5828125 0.022222222222222223 0.003125 0.016666666666666666
2 0.4388020833333333 0.3611111111111111 0.015104166666666667 0.018518518518518517
2 0.453125 0.42777777777777776 0.017708333333333333 0.022222222222222223
2 0.45338541666666665 0.44074074074074077 0.016145833333333335 0.020370370370370372
2 0.4510416666666667 0.4513888888888889 0.016666666666666666 0.021296296296296296
2 0.4546875 0.48333333333333334 0.016666666666666666 0.024074074074074074
9 0.4434895833333333 0.3921296296296296 0.016145833333333335 0.025
0 0.18671875 0.13518518518518519 0.0046875 0.020370370370370372
0 0.19166666666666668 0.13240740740740742 0.005208333333333333 0.020370370370370372
0 0.10520833333333333 0.25925925925925924 0.005208333333333333 0.024074074074074074
2 0.10885416666666667 0.26296296296296295 0.005208333333333333 0.022222222222222223
2 0.039322916666666666 0.3699074074074074 0.0067708333333333336 0.021296296296296296
2 0.0109375 0.4324074074074074 0.015625 0.022222222222222223
0 0.3723958333333333 0.07824074074074074 0.004166666666666667 0.019444444444444445