3 0.26225 0.892 0.1275 0.116
4 0.3125 0.7866666666666666 0.156 0.144
0 0.36 0.9216666666666666 0.025 0.03933333333333333
0 0.4265 0.85 0.022 0.04533333333333334
0 0.37575 0.8476666666666667 0.0155 0.042
0 0.49925 0.65 0.0145 0.044
3 0.52175 0.706 0.0785 0.12266666666666666
3 0.47725 0.5406666666666666 0.1055 0.06533333333333333
0 0.469 0.49566666666666664 0.01 0.035333333333333335
0 0.51125 0.49633333333333335 0.0155 0.03266666666666666
3 0.5255 0.48033333333333333 0.092 0.066
0 0.467 0.44133333333333336 0.01 0.04
0 0.50425 0.39966666666666667 0.0105 0.038
0 0.46475 0.3606666666666667 0.0125 0.036
0 0.435 0.373 0.012 0.035333333333333335
3 0.538 0.295 0.047 0.06866666666666667
3 0.484 0.27666666666666667 0.045 0.06533333333333333
3 0.4785 0.21766666666666667 0.042 0.06066666666666667
3 0.42775 0.21833333333333332 0.0485 0.06333333333333334
3 0.56 0.23533333333333334 0.044 0.064
3 0.59575 0.25333333333333335 0.0445 0.06266666666666666
3 0.61175 0.32066666666666666 0.0445 0.068
3 0.62875 0.415 0.0495 0.08866666666666667
2 0.51025 0.16166666666666665 0.0225 0.018
1 0.50975 0.15633333333333332 0.0085 0.028666666666666667
0 0.4495 0.128 0.008 0.029333333333333333
3 0.547 0.11833333333333333 0.031 0.046
3 0.57925 0.126 0.0275 0.042666666666666665
3 0.6355 0.094 0.025 0.04
3 0.639 0.13933333333333334 0.028 0.03866666666666667
0 0.373 0.117 0.009 0.027333333333333334
0 0.39175 0.11133333333333334 0.0085 0.025333333333333333
0 0.2465 0.08033333333333334 0.01 0.027333333333333334
3 0.6995 0.10033333333333333 0.026 0.042
3 0.65375 0.03933333333333333 0.0475 0.025333333333333333
3 0.66925 0.015 0.0475 0.027333333333333334
8 0.7635 0.277 0.055 0.102
4 0.71625 0.441 0.0505 0.10733333333333334
6 0.71825 0.573 0.0305 0.06066666666666667
1 0.714 0.5693333333333334 0.017 0.030666666666666665
4 0.6485 0.7323333333333333 0.071 0.16466666666666666