3 0.2703125 0.937962962962963 0.03854166666666667 0.11296296296296296
3 0.50625 0.6462962962962963 0.025 0.040740740740740744
3 0.6854166666666667 0.8268518518518518 0.03958333333333333 0.07222222222222222
3 0.33541666666666664 0.5425925925925926 0.01875 0.04814814814814815
3 0.46822916666666664 0.5 0.015625 0.02962962962962963
3 0.3546875 0.4601851851851852 0.015625 0.027777777777777776
3 0.3802083333333333 0.44074074074074077 0.014583333333333334 0.025925925925925925
3 0.3546875 0.4166666666666667 0.013541666666666667 0.022222222222222223
3 0.4083333333333333 0.4009259259259259 0.01875 0.020370370370370372
3 0.43072916666666666 0.3351851851851852 0.011458333333333333 0.014814814814814815
3 0.4322916666666667 0.37037037037037035 0.020833333333333332 0.018518518518518517
3 0.43802083333333336 0.43148148148148147 0.013541666666666667 0.025925925925925925
3 0.5171875 0.5101851851851852 0.017708333333333333 0.03148148148148148
3 0.43020833333333336 0.387037037037037 0.0125 0.018518518518518517
3 0.4432291666666667 0.32037037037037036 0.009375 0.014814814814814815
3 0.425 0.3148148148148148 0.008333333333333333 0.014814814814814815
3 0.44583333333333336 0.3472222222222222 0.010416666666666666 0.016666666666666666
3 0.4484375 0.3638888888888889 0.011458333333333333 0.016666666666666666
4 0.4875 0.48333333333333334 0.016666666666666666 0.037037037037037035
4 0.5177083333333333 0.4444444444444444 0.014583333333333334 0.02962962962962963
5 0.45729166666666665 0.41759259259259257 0.0125 0.024074074074074074
3 0.27239583333333334 0.37592592592592594 0.015625 0.018518518518518517
3 0.2890625 0.3712962962962963 0.017708333333333333 0.020370370370370372
3 0.28489583333333335 0.4 0.011458333333333333 0.018518518518518517
3 0.32395833333333335 0.3574074074074074 0.025 0.014814814814814815
3 0.325 0.35185185185185186 0.025 0.014814814814814815
3 0.32916666666666666 0.34629629629629627 0.025 0.014814814814814815
3 0.35520833333333335 0.33055555555555555 0.008333333333333333 0.012962962962962963
3 0.3385416666666667 0.3148148148148148 0.00625 0.011111111111111112
4 0.4515625 0.3861111111111111 0.011458333333333333 0.020370370370370372
3 0.471875 0.3398148148148148 0.008333333333333333 0.012962962962962963
3 0.49947916666666664 0.35462962962962963 0.026041666666666668 0.016666666666666666
3 0.3265625 0.31203703703703706 0.009375 0.009259259259259259
1 0.3109375 0.6268518518518519 0.007291666666666667 0.016666666666666666
0 0.61875 0.5453703703703704 0.00625 0.027777777777777776
0 0.5458333333333333 0.4527777777777778 0.00625 0.016666666666666666
1 0.51875 0.5518518518518518 0.00625 0.014814814814814815
9 0.51875 0.5583333333333333 0.010416666666666666 0.020370370370370372
4 0.44583333333333336 0.475 0.014583333333333334 0.03148148148148148
0 0.5057291666666667 0.3768518518518518 0.003125 0.016666666666666666
0 0.49635416666666665 0.37592592592592594 0.005208333333333333 0.022222222222222223
0 0.5109375 0.3925925925925926 0.005208333333333333 0.014814814814814815
3 0.5015625 0.3814814814814815 0.007291666666666667 0.018518518518518517
0 0.2328125 0.8416666666666667 0.009375 0.03518518518518519