5 0.3671875 0.5092592592592593 0.08229166666666667 0.08518518518518518
5 0.6880208333333333 0.5222222222222223 0.08020833333333334 0.06666666666666667
5 0.7625 0.8101851851851852 0.075 0.1574074074074074
7 0.41510416666666666 0.9212962962962963 0.06770833333333333 0.1574074074074074
6 0.6333333333333333 0.6675925925925926 0.035416666666666666 0.07592592592592592
6 0.5869791666666667 0.5787037037037037 0.03229166666666667 0.07592592592592592
5 0.63125 0.475 0.058333333333333334 0.046296296296296294
2 0.6921875 0.5592592592592592 0.059375 0.06296296296296296
2 0.7723958333333333 0.5861111111111111 0.053125 0.046296296296296294
7 0.41302083333333334 0.3824074074074074 0.023958333333333335 0.053703703703703705
6 0.5572916666666666 0.5009259259259259 0.01875 0.05740740740740741
7 0.4979166666666667 0.3648148148148148 0.014583333333333334 0.040740740740740744
7 0.45 0.36944444444444446 0.0125 0.03888888888888889
7 0.5302083333333333 0.33055555555555555 0.008333333333333333 0.03148148148148148
6 0.5927083333333333 0.45092592592592595 0.04791666666666667 0.05
9 0.534375 0.4537037037037037 0.0125 0.044444444444444446
9 0.475 0.462037037037037 0.00625 0.020370370370370372
9 0.45989583333333334 0.45925925925925926 0.005208333333333333 0.025925925925925925
9 0.3640625 0.42685185185185187 0.021875 0.024074074074074074
9 0.31875 0.5009259259259259 0.00625 0.03888888888888889
9 0.3229166666666667 0.9425925925925925 0.041666666666666664 0.10740740740740741
9 0.8338541666666667 0.6777777777777778 0.04895833333333333 0.05185185185185185
9 0.9005208333333333 0.674074074074074 0.05520833333333333 0.05185185185185185
9 0.7536458333333333 0.5731481481481482 0.034375 0.03888888888888889
9 0.790625 0.612037037037037 0.04375 0.05
9 0.4817708333333333 0.362962962962963 0.003125 0.014814814814814815
9 0.4713541666666667 0.33611111111111114 0.019791666666666666 0.012962962962962963
6 0.2671875 0.575925925925926 0.04479166666666667 0.040740740740740744
0 0.5473958333333333 0.5685185185185185 0.011458333333333333 0.05185185185185185
0 0.6078125 0.6537037037037037 0.013541666666666667 0.06666666666666667
0 0.5447916666666667 0.36944444444444446 0.004166666666666667 0.027777777777777776
0 0.6890625 0.5731481481481482 0.011458333333333333 0.03518518518518519
9 0.7057291666666666 0.5657407407407408 0.034375 0.046296296296296294
1 0.6291666666666667 0.6361111111111111 0.00625 0.03518518518518519
1 0.4765625 0.44814814814814813 0.007291666666666667 0.022222222222222223
1 0.45989583333333334 0.4462962962962963 0.005208333333333333 0.02962962962962963
1 0.471875 0.32314814814814813 0.004166666666666667 0.020370370370370372
1 0.484375 0.3212962962962963 0.004166666666666667 0.020370370370370372
1 0.584375 0.4287037037037037 0.008333333333333333 0.03148148148148148
3 0.6057291666666667 0.2962962962962963 0.03854166666666667 0.025925925925925925
9 0.56875 0.3453703703703704 0.01875 0.016666666666666666
9 0.5869791666666667 0.34074074074074073 0.021875 0.018518518518518517
0 0.5234375 0.2759259259259259 0.005208333333333333 0.022222222222222223
1 0.4947916666666667 0.28888888888888886 0.004166666666666667 0.018518518518518517
9 0.49375 0.2953703703703704 0.00625 0.012962962962962963
1 0.5197916666666667 0.32314814814814813 0.00625 0.016666666666666666
9 0.51875 0.3333333333333333 0.010416666666666666 0.018518518518518517