8 0.42463235294117646 0.703921568627451 0.04338235294117647 0.1111111111111111
3 0.3518382352941177 0.9647058823529412 0.04338235294117647 0.07058823529411765
5 0.6345588235294117 0.5248366013071896 0.027941176470588237 0.10326797385620914
3 0.8397058823529412 0.4673202614379085 0.03676470588235294 0.030065359477124184
5 0.9875 0.469281045751634 0.025 0.04967320261437908
3 0.4772058823529412 0.31241830065359477 0.007352941176470588 0.013071895424836602
3 0.5275735294117647 0.3026143790849673 0.005147058823529412 0.011764705882352941
8 0.5393382352941176 0.2718954248366013 0.006617647058823529 0.018300653594771243
3 0.5529411764705883 0.2627450980392157 0.004411764705882353 0.00784313725490196
3 0.5198529411764706 0.25163398692810457 0.0058823529411764705 0.006535947712418301
3 0.5084558823529411 0.2522875816993464 0.003676470588235294 0.00784313725490196
3 0.49558823529411766 0.2633986928104575 0.0058823529411764705 0.011764705882352941
3 0.4849264705882353 0.2673202614379085 0.006617647058823529 0.009150326797385621
3 0.4621323529411765 0.2797385620915033 0.009558823529411765 0.00784313725490196
3 0.4536764705882353 0.27647058823529413 0.007352941176470588 0.011764705882352941
5 0.4742647058823529 0.25947712418300656 0.013235294117647059 0.0196078431372549
5 0.48970588235294116 0.23333333333333334 0.011764705882352941 0.01699346405228758
3 0.47058823529411764 0.2503267973856209 0.0058823529411764705 0.009150326797385621
3 0.5474264705882353 0.23660130718954248 0.003676470588235294 0.00784313725490196
3 0.5338235294117647 0.23071895424836603 0.004411764705882353 0.006535947712418301
3 0.5238970588235294 0.22549019607843138 0.005147058823529412 0.009150326797385621
3 0.5452205882352941 0.2222222222222222 0.003676470588235294 0.00522875816993464
3 0.586764705882353 0.21633986928104576 0.0029411764705882353 0.006535947712418301
3 0.55 0.2065359477124183 0.0029411764705882353 0.00522875816993464
3 0.5448529411764705 0.20065359477124184 0.0029411764705882353 0.006535947712418301
3 0.5404411764705882 0.20130718954248367 0.0029411764705882353 0.00522875816993464
3 0.5514705882352942 0.1980392156862745 0.0029411764705882353 0.006535947712418301
3 0.5496323529411765 0.18235294117647058 0.0022058823529411764 0.00392156862745098
5 0.5533088235294118 0.21176470588235294 0.003676470588235294 0.01045751633986928
5 0.59375 0.2738562091503268 0.008088235294117648 0.022222222222222223
5 0.5952205882352941 0.3065359477124183 0.011029411764705883 0.03529411764705882
3 0.5742647058823529 0.3803921568627451 0.008823529411764706 0.01568627450980392
8 0.5231617647058824 0.39215686274509803 0.013970588235294118 0.04183006535947712