3 0.8341911764705883 0.9313725490196079 0.1125 0.13725490196078433
3 0.74375 0.6294117647058823 0.08455882352941177 0.07712418300653595
3 0.669485294117647 0.5189542483660131 0.03897058823529412 0.054901960784313725
3 0.5275735294117647 0.5934640522875817 0.04044117647058824 0.06797385620915032
3 0.4636029411764706 0.5405228758169934 0.030147058823529412 0.06143790849673202
3 0.34411764705882353 0.6352941176470588 0.04852941176470588 0.09673202614379085
3 0.3801470588235294 0.4823529411764706 0.030882352941176472 0.05751633986928104
3 0.4753676470588235 0.32483660130718955 0.01838235294117647 0.03529411764705882
3 0.42720588235294116 0.3209150326797386 0.020588235294117647 0.03529411764705882
4 0.44926470588235295 0.28366013071895424 0.025 0.026143790849673203
3 0.20661764705882352 0.22287581699346407 0.011764705882352941 0.01699346405228758
3 0.22941176470588234 0.22418300653594772 0.01911764705882353 0.01699346405228758
3 0.2613970588235294 0.22549019607843138 0.025735294117647058 0.0196078431372549
3 0.2452205882352941 0.2411764705882353 0.03308823529411765 0.01699346405228758
3 0.24411764705882352 0.25620915032679736 0.03676470588235294 0.02091503267973856
3 0.30661764705882355 0.22679738562091503 0.016176470588235296 0.0196078431372549
3 0.34411764705882353 0.22745098039215686 0.010294117647058823 0.018300653594771243
3 0.35808823529411765 0.2235294117647059 0.023529411764705882 0.01568627450980392
3 0.37977941176470587 0.22156862745098038 0.011029411764705883 0.01699346405228758
3 0.34411764705882353 0.19281045751633988 0.014705882352941176 0.0196078431372549
3 0.38382352941176473 0.21372549019607842 0.010294117647058823 0.01699346405228758
3 0.38786764705882354 0.2084967320261438 0.011029411764705883 0.01699346405228758
3 0.3911764705882353 0.2019607843137255 0.008823529411764706 0.01699346405228758
3 0.3786764705882353 0.1718954248366013 0.01764705882352941 0.009150326797385621
3 0.38676470588235295 0.18758169934640523 0.007352941176470588 0.01437908496732026
3 0.39558823529411763 0.17712418300653596 0.014705882352941176 0.011764705882352941
3 0.4011029411764706 0.18823529411764706 0.008088235294117648 0.01568627450980392
3 0.39926470588235297 0.19477124183006536 0.008823529411764706 0.01568627450980392
3 0.39338235294117646 0.20130718954248367 0.008823529411764706 0.013071895424836602
3 0.4540441176470588 0.1803921568627451 0.006617647058823529 0.013071895424836602
3 0.46875 0.17777777777777778 0.006617647058823529 0.013071895424836602
3 0.49301470588235297 0.20326797385620915 0.009558823529411765 0.01437908496732026
3 0.49375 0.1830065359477124 0.008088235294117648 0.013071895424836602
3 0.4849264705882353 0.1522875816993464 0.006617647058823529 0.011764705882352941
3 0.49522058823529413 0.1450980392156863 0.005147058823529412 0.01045751633986928
3 0.48455882352941176 0.1326797385620915 0.004411764705882353 0.006535947712418301
3 0.48933823529411763 0.12418300653594772 0.003676470588235294 0.00784313725490196
3 0.47904411764705884 0.12156862745098039 0.003676470588235294 0.00522875816993464
3 0.4738970588235294 0.11895424836601307 0.003676470588235294 0.00522875816993464
3 0.48419117647058824 0.10915032679738562 0.0022058823529411764 0.00392156862745098
3 0.4786764705882353 0.10588235294117647 0.0029411764705882353 0.00522875816993464
3 0.4514705882352941 0.16143790849673204 0.010294117647058823 0.01437908496732026
3 0.39742647058823527 0.16601307189542483 0.008088235294117648 0.01045751633986928
3 0.32683823529411765 0.22418300653594772 0.009558823529411765 0.01699346405228758
5 0.18676470588235294 0.21895424836601307 0.011764705882352941 0.02483660130718954
3 0.1636029411764706 0.3032679738562091 0.027205882352941177 0.03137254901960784
3 0.1900735294117647 0.30196078431372547 0.03897058823529412 0.03398692810457516
3 0.2113970588235294 0.30980392156862746 0.03308823529411765 0.02875816993464052
3 0.26580882352941176 0.3810457516339869 0.03455882352941177 0.040522875816993466
3 0.2672794117647059 0.3568627450980392 0.04779411764705882 0.036601307189542485
3 0.2613970588235294 0.3333333333333333 0.04485294117647059 0.02875816993464052
3 0.2555147058823529 0.3104575163398693 0.04044117647058824 0.022222222222222223
3 0.2099264705882353 0.40522875816993464 0.06544117647058824 0.044444444444444446
3 0.2051470588235294 0.42549019607843136 0.0661764705882353 0.048366013071895426
3 0.1889705882352941 0.47581699346405226 0.04852941176470588 0.07320261437908497
3 0.5488970588235295 0.2581699346405229 0.030147058823529412 0.02483660130718954
3 0.6533088235294118 0.2627450980392157 0.03161764705882353 0.02091503267973856
3 0.6375 0.22156862745098038 0.020588235294117647 0.01699346405228758
3 0.6569852941176471 0.22549019607843138 0.016911764705882352 0.0196078431372549
3 0.6735294117647059 0.23137254901960785 0.016176470588235296 0.018300653594771243
3 0.6669117647058823 0.25947712418300656 0.023529411764705882 0.01699346405228758
3 0.7077205882352942 0.2647058823529412 0.03161764705882353 0.022222222222222223
3 0.7224264705882353 0.26143790849673204 0.02426470588235294 0.01568627450980392
3 0.7511029411764706 0.2673202614379085 0.030147058823529412 0.0196078431372549
3 0.7290441176470588 0.3 0.0375 0.022222222222222223
3 0.7095588235294118 0.3045751633986928 0.03529411764705882 0.023529411764705882
3 0.6834558823529412 0.3084967320261438 0.0375 0.026143790849673203
3 0.6753676470588236 0.31437908496732025 0.0375 0.027450980392156862
3 0.6176470588235294 0.3359477124183007 0.027941176470588237 0.02875816993464052
0 0.606985294117647 0.36013071895424836 0.021323529411764706 0.030065359477124184
3 0.611764705882353 0.3895424836601307 0.022058823529411766 0.03398692810457516
3 0.6511029411764706 0.4594771241830065 0.028676470588235293 0.0457516339869281
3 0.6345588235294117 0.41830065359477125 0.022058823529411766 0.04183006535947712
0 0.7856617647058823 0.3065359477124183 0.006617647058823529 0.027450980392156862
0 0.7834558823529412 0.3477124183006536 0.006617647058823529 0.03137254901960784
3 0.7926470588235294 0.3457516339869281 0.007352941176470588 0.027450980392156862
0 0.7220588235294118 0.33202614379084966 0.004411764705882353 0.026143790849673203
0 0.7150735294117647 0.3333333333333333 0.0022058823529411764 0.023529411764705882
0 0.7180147058823529 0.3366013071895425 0.003676470588235294 0.02483660130718954
4 0.6952205882352941 0.3941176470588235 0.05514705882352941 0.040522875816993466
6 0.9268382352941177 0.5777777777777777 0.04191176470588235 0.06797385620915032
9 0.9128676470588235 0.5228758169934641 0.028676470588235293 0.036601307189542485
2 0.9433823529411764 0.49019607843137253 0.026470588235294117 0.02875816993464052
0 0.8720588235294118 0.40980392156862744 0.007352941176470588 0.040522875816993466
0 0.8867647058823529 0.8790849673202614 0.016176470588235296 0.07973856209150326