4 0.7085714285714285 0.8705583756345178 0.07 0.10913705583756345
3 0.5507142857142857 0.7011421319796954 0.055714285714285716 0.08248730964467005
3 0.4807142857142857 0.6154822335025381 0.04857142857142857 0.08375634517766498
3 0.425 0.5348984771573604 0.04857142857142857 0.07741116751269035
3 0.37357142857142855 0.2785532994923858 0.04285714285714286 0.05964467005076142
3 0.30714285714285716 0.3743654822335025 0.03857142857142857 0.06345177664974619
3 0.295 0.17068527918781726 0.02142857142857143 0.046954314720812185
3 0.3246428571428571 0.08058375634517767 0.035 0.03426395939086294
4 0.3825 0.47715736040609136 0.04642857142857143 0.08375634517766498
0 0.6392857142857142 0.9232233502538071 0.01 0.02918781725888325
0 0.38035714285714284 0.2468274111675127 0.009285714285714286 0.02918781725888325
0 0.38392857142857145 0.2315989847715736 0.007857142857142858 0.0266497461928934
0 0.054642857142857146 0.2151015228426396 0.012142857142857143 0.0266497461928934
0 0.105 0.3762690355329949 0.011428571428571429 0.02918781725888325
0 0.08857142857142856 0.39213197969543145 0.01 0.02284263959390863
0 0.2575 0.06979695431472081 0.009285714285714286 0.02284263959390863
0 0.24357142857142858 0.0532994923857868 0.007142857142857143 0.02030456852791878
0 0.30178571428571427 0.04758883248730964 0.0064285714285714285 0.024111675126903553
0 0.3167857142857143 0.0583756345177665 0.007857142857142858 0.017766497461928935
0 0.2042857142857143 0.03362944162436548 0.007142857142857143 0.0266497461928934
0 0.20964285714285713 0.02918781725888325 0.007857142857142858 0.02284263959390863
1 0.215 0.6408629441624365 0.012857142857142857 0.025380710659898477
0 0.21714285714285714 0.383248730964467 0.008571428571428572 0.03299492385786802
0 0.2075 0.383248730964467 0.009285714285714286 0.027918781725888325
3 0.04607142857142857 0.02030456852791878 0.025 0.030456852791878174
8 0.4675 0.41243654822335024 0.07357142857142857 0.1065989847715736