3 0.06464285714285714 0.08439086294416244 0.007857142857142858 0.01649746192893401
8 0.08678571428571429 0.0583756345177665 0.013571428571428571 0.04060913705583756
3 0.10607142857142857 0.10152284263959391 0.009285714285714286 0.02030456852791878
3 0.09928571428571428 0.17639593908629442 0.008571428571428572 0.02284263959390863
5 0.07821428571428571 0.14784263959390864 0.017857142857142856 0.046954314720812185
3 0.0425 0.20050761421319796 0.009285714285714286 0.02030456852791878
3 0.023571428571428573 0.24111675126903553 0.01 0.017766497461928935
3 0.0525 0.2366751269035533 0.010714285714285714 0.024111675126903553
4 0.032857142857142856 0.2639593908629442 0.011428571428571429 0.02284263959390863
4 0.0067857142857142855 0.4029187817258883 0.013571428571428571 0.03426395939086294
3 0.025357142857142856 0.37119289340101524 0.010714285714285714 0.0266497461928934
3 0.004285714285714286 0.45621827411167515 0.008571428571428572 0.02918781725888325
4 0.016785714285714286 0.45558375634517767 0.015 0.03299492385786802
3 0.006071428571428571 0.550761421319797 0.012142857142857143 0.03553299492385787
3 0.01107142857142857 0.5088832487309645 0.015 0.03553299492385787
3 0.09285714285714286 0.5272842639593909 0.011428571428571429 0.03680203045685279
5 0.05071428571428571 0.4346446700507614 0.02857142857142857 0.07741116751269035
3 0.08214285714285714 0.7043147208121827 0.017142857142857144 0.050761421319796954
4 0.03964285714285714 0.5774111675126904 0.017857142857142856 0.04060913705583756
4 0.03142857142857143 0.6821065989847716 0.018571428571428572 0.044416243654822336
8 0.19464285714285715 0.7696700507614214 0.03357142857142857 0.13071065989847716
8 0.2621428571428571 0.7296954314720813 0.03142857142857143 0.12944162436548223
3 0.30107142857142855 0.11548223350253807 0.013571428571428571 0.017766497461928935
3 0.3117857142857143 0.13895939086294415 0.015 0.01903553299492386
3 0.3221428571428571 0.1618020304568528 0.012857142857142857 0.021573604060913704
3 0.3385714285714286 0.18908629441624367 0.012857142857142857 0.02030456852791878
3 0.32821428571428574 0.2036802030456853 0.013571428571428571 0.01903553299492386
3 0.3517857142857143 0.21890862944162437 0.015 0.024111675126903553
3 0.36678571428571427 0.24873096446700507 0.015 0.02284263959390863
8 0.3782142857142857 0.3001269035532995 0.03785714285714286 0.0850253807106599
4 0.3532142857142857 0.03680203045685279 0.016428571428571428 0.02030456852791878
3 0.40285714285714286 0.11357868020304568 0.022857142857142857 0.0266497461928934
4 0.40714285714285714 0.12436548223350254 0.022857142857142857 0.02284263959390863
4 0.4092857142857143 0.13388324873096447 0.024285714285714285 0.024111675126903553
4 0.4203571428571429 0.14657360406091371 0.025 0.0266497461928934
4 0.42642857142857143 0.15228426395939088 0.02857142857142857 0.03299492385786802
4 0.43392857142857144 0.16370558375634517 0.030714285714285715 0.027918781725888325
4 0.44107142857142856 0.17449238578680204 0.030714285714285715 0.0266497461928934
4 0.45821428571428574 0.21065989847715735 0.027857142857142858 0.030456852791878174
3 0.44607142857142856 0.19098984771573604 0.029285714285714286 0.02918781725888325
3 0.39285714285714285 0.2036802030456853 0.011428571428571429 0.021573604060913704
4 0.36678571428571427 0.15418781725888325 0.016428571428571428 0.024111675126903553
4 0.37857142857142856 0.17639593908629442 0.017142857142857144 0.025380710659898477
4 0.4039285714285714 0.22588832487309646 0.016428571428571428 0.027918781725888325
4 0.41928571428571426 0.25317258883248733 0.018571428571428572 0.02918781725888325
4 0.4425 0.2753807106598985 0.023571428571428573 0.025380710659898477
4 0.4525 0.29949238578680204 0.023571428571428573 0.025380710659898477
3 0.45821428571428574 0.3115482233502538 0.02214285714285714 0.024111675126903553
3 0.46535714285714286 0.3223350253807107 0.02214285714285714 0.02284263959390863
3 0.48178571428571426 0.35596446700507617 0.023571428571428573 0.024111675126903553
4 0.4732142857142857 0.33248730964467005 0.023571428571428573 0.027918781725888325
3 0.4257142857142857 0.4098984771573604 0.018571428571428572 0.030456852791878174
3 0.5085714285714286 0.40545685279187815 0.022857142857142857 0.0266497461928934
4 0.4903571428571429 0.366751269035533 0.025 0.027918781725888325
4 0.49607142857142855 0.37880710659898476 0.025 0.02918781725888325
4 0.5442857142857143 0.4714467005076142 0.027142857142857142 0.031725888324873094
4 0.5314285714285715 0.4479695431472081 0.025714285714285714 0.030456852791878174
3 0.5203571428571429 0.42956852791878175 0.023571428571428573 0.024111675126903553
4 0.36214285714285716 0.5926395939086294 0.017142857142857144 0.04060913705583756
8 0.5110714285714286 0.6046954314720813 0.027857142857142858 0.06218274111675127
8 0.5989285714285715 0.8401015228426396 0.03785714285714286 0.09137055837563451
5 0.5828571428571429 0.9733502538071066 0.03571428571428571 0.050761421319796954
3 0.9353571428571429 0.7753807106598984 0.027857142857142858 0.04314720812182741
3 0.9639285714285715 0.8381979695431472 0.029285714285714286 0.046954314720812185
0 0.9417857142857143 0.6345177664974619 0.007857142857142858 0.012690355329949238
4 0.6242857142857143 0.6148477157360406 0.03 0.03934010152284264
4 0.6739285714285714 0.7062182741116751 0.030714285714285715 0.03934010152284264
4 0.6614285714285715 0.684010152284264 0.03 0.03807106598984772
4 0.6521428571428571 0.6598984771573604 0.03 0.03807106598984772
3 0.4707142857142857 0.03807106598984772 0.018571428571428572 0.02284263959390863
4 0.5053571428571428 0.015862944162436547 0.020714285714285713 0.031725888324873094
4 0.5292857142857142 0.008883248730964468 0.018571428571428572 0.017766497461928935
3 0.47285714285714286 0.06979695431472081 0.015714285714285715 0.02030456852791878
3 0.48428571428571426 0.06218274111675127 0.017142857142857144 0.02030456852791878
4 0.5289285714285714 0.030456852791878174 0.017857142857142856 0.02284263959390863
3 0.5292857142857142 0.05964467005076142 0.018571428571428572 0.02284263959390863
3 0.5482142857142858 0.04949238578680203 0.017857142857142856 0.02030456852791878
4 0.5710714285714286 0.031725888324873094 0.016428571428571428 0.02284263959390863
4 0.5907142857142857 0.020939086294416244 0.017142857142857144 0.021573604060913704
4 0.4614285714285714 0.1319796954314721 0.02 0.025380710659898477
3 0.4760714285714286 0.12373096446700507 0.016428571428571428 0.031725888324873094
3 0.48428571428571426 0.11865482233502538 0.02 0.02918781725888325
4 0.4932142857142857 0.10913705583756345 0.019285714285714285 0.025380710659898477
4 0.5046428571428572 0.10469543147208121 0.02214285714285714 0.0266497461928934
4 0.5264285714285715 0.09137055837563451 0.02 0.02284263959390863
3 0.5157142857142857 0.09708121827411167 0.017142857142857144 0.0266497461928934
3 0.5364285714285715 0.0850253807106599 0.02 0.02284263959390863
4 0.5471428571428572 0.0799492385786802 0.017142857142857144 0.02030456852791878
3 0.5571428571428572 0.07043147208121828 0.015714285714285715 0.024111675126903553
4 0.5671428571428572 0.06218274111675127 0.018571428571428572 0.02284263959390863
3 0.58 0.05456852791878172 0.012857142857142857 0.02284263959390863
4 0.5878571428571429 0.04885786802030457 0.015714285714285715 0.0266497461928934
4 0.5978571428571429 0.04251269035532995 0.014285714285714285 0.024111675126903553
4 0.605 0.03616751269035533 0.02142857142857143 0.0266497461928934
4 0.6157142857142858 0.027918781725888325 0.017142857142857144 0.02284263959390863
3 0.6246428571428572 0.024111675126903553 0.020714285714285713 0.02284263959390863
3 0.6321428571428571 0.02030456852791878 0.02142857142857143 0.02284263959390863
3 0.6414285714285715 0.0133248730964467 0.022857142857142857 0.024111675126903553
4 0.6539285714285714 0.008248730964467006 0.016428571428571428 0.01649746192893401
4 0.4632142857142857 0.15736040609137056 0.017857142857142856 0.027918781725888325
4 0.4742857142857143 0.1516497461928934 0.015714285714285715 0.024111675126903553
3 0.4857142857142857 0.14593908629441624 0.015714285714285715 0.02030456852791878
4 0.49714285714285716 0.13642131979695432 0.015714285714285715 0.024111675126903553
3 0.5039285714285714 0.1313451776649746 0.015 0.01903553299492386
3 0.5160714285714286 0.12436548223350254 0.012142857142857143 0.02030456852791878
3 0.5275 0.116751269035533 0.016428571428571428 0.02030456852791878
4 0.5346428571428572 0.11104060913705584 0.019285714285714285 0.021573604060913704
4 0.5464285714285714 0.10152284263959391 0.017142857142857144 0.027918781725888325
4 0.5571428571428572 0.09517766497461928 0.014285714285714285 0.027918781725888325
4 0.5682142857142857 0.08946700507614214 0.015 0.01903553299492386
3 0.5771428571428572 0.08375634517766498 0.014285714285714285 0.025380710659898477
3 0.5839285714285715 0.07868020304568528 0.020714285714285713 0.02284263959390863
3 0.595 0.07233502538071065 0.014285714285714285 0.017766497461928935
4 0.605 0.06218274111675127 0.017142857142857144 0.02030456852791878
4 0.6132142857142857 0.05583756345177665 0.019285714285714285 0.02030456852791878
4 0.6253571428571428 0.0532994923857868 0.012142857142857143 0.02284263959390863
4 0.6332142857142857 0.04631979695431472 0.017857142857142856 0.024111675126903553
4 0.6525 0.03489847715736041 0.016428571428571428 0.024111675126903553
3 0.4642857142857143 0.18527918781725888 0.017142857142857144 0.027918781725888325
4 0.4742857142857143 0.17893401015228427 0.014285714285714285 0.025380710659898477
4 0.48678571428571427 0.17195431472081218 0.019285714285714285 0.024111675126903553
4 0.5032142857142857 0.15926395939086294 0.020714285714285713 0.02918781725888325
4 0.5157142857142857 0.14911167512690354 0.015714285714285715 0.024111675126903553
4 0.5264285714285715 0.1434010152284264 0.017142857142857144 0.025380710659898477
4 0.5464285714285714 0.13007614213197968 0.015714285714285715 0.021573604060913704
4 0.5560714285714285 0.12309644670050761 0.015 0.025380710659898477
4 0.5767857142857142 0.10786802030456853 0.016428571428571428 0.027918781725888325
4 0.5857142857142857 0.10279187817258884 0.015714285714285715 0.02284263959390863
4 0.5964285714285714 0.09263959390862944 0.014285714285714285 0.027918781725888325
4 0.6139285714285714 0.08058375634517767 0.015 0.02918781725888325
4 0.6203571428571428 0.07550761421319797 0.016428571428571428 0.021573604060913704
4 0.6296428571428572 0.0717005076142132 0.016428571428571428 0.0266497461928934
4 0.6392857142857142 0.06535532994923858 0.017142857142857144 0.021573604060913704
3 0.6482142857142857 0.0583756345177665 0.017857142857142856 0.025380710659898477
3 0.6039285714285715 0.08375634517766498 0.019285714285714285 0.027918781725888325