4 0.3564718162839248 0.6897031539888683 0.05323590814196242 0.12708719851576994
7 0.2719206680584551 0.5983302411873841 0.030271398747390398 0.08905380333951762
6 0.4337160751565762 0.6804267161410018 0.026096033402922755 0.0640074211502783
9 0.4438935281837161 0.6493506493506493 0.013048016701461378 0.04267161410018553
9 0.41179540709812107 0.49860853432282004 0.016701461377870562 0.04359925788497217
9 0.4405010438413361 0.5037105751391465 0.011482254697286013 0.04267161410018553
0 0.39170146137787054 0.4615027829313544 0.010960334029227558 0.038033395176252316
0 0.4329331941544885 0.45408163265306123 0.008872651356993737 0.038033395176252316
0 0.4089248434237996 0.4387755102040816 0.013048016701461378 0.04081632653061224
9 0.4211899791231733 0.4267161410018553 0.012526096033402923 0.04267161410018553
9 0.3990083507306889 0.3172541743970315 0.02139874739039666 0.025974025974025976
6 0.5062630480167014 0.41697588126159557 0.018789144050104383 0.036178107606679034
6 0.5146137787056367 0.4457328385899815 0.028183716075156576 0.07142857142857142
9 0.5083507306889353 0.3334879406307978 0.012526096033402923 0.04359925788497217
6 0.5028705636743215 0.5593692022263451 0.019311064718162838 0.0575139146567718
1 0.5307933194154488 0.7337662337662337 0.012526096033402923 0.03710575139146568
1 0.531054279749478 0.7268089053803339 0.009916492693110648 0.032467532467532464
9 0.5307933194154488 0.7448979591836735 0.009394572025052192 0.0575139146567718
2 0.6962421711899791 0.7880333951762524 0.032359081419624215 0.038033395176252316
9 0.822286012526096 0.8038033395176253 0.03288100208768267 0.041743970315398886
9 0.708768267223382 0.7212430426716141 0.021920668058455117 0.04359925788497217
9 0.699634655532359 0.700834879406308 0.0255741127348643 0.036178107606679034
9 0.6957202505219207 0.6655844155844156 0.026096033402922755 0.032467532467532464
7 0.6589248434237995 0.6020408163265306 0.038100208768267224 0.09833024118738404
6 0.6951983298538622 0.6006493506493507 0.016701461377870562 0.05844155844155844
3 0.6803235908141962 0.5463821892393321 0.02870563674321503 0.06493506493506493
9 0.7732254697286013 0.5950834879406308 0.012004175365344467 0.04916512059369202
9 0.7455636743215032 0.550556586270872 0.012004175365344467 0.05102040816326531
9 0.7583507306889353 0.5570500927643784 0.013569937369519834 0.04730983302411874
9 0.7680062630480167 0.5551948051948052 0.014091858037578288 0.04730983302411874
0 0.662839248434238 0.49165120593692024 0.017745302713987474 0.03896103896103896
7 0.6633611691022965 0.474025974025974 0.060542797494780795 0.08719851576994433
1 0.6657098121085595 0.4717068645640074 0.013048016701461378 0.021335807050092765
9 0.6704070981210856 0.4512987012987013 0.010960334029227558 0.03432282003710575
1 0.6782359081419624 0.4466604823747681 0.012004175365344467 0.0287569573283859
9 0.7025052192066806 0.44109461966604824 0.012526096033402923 0.038033395176252316
9 0.7366910229645094 0.44063079777365494 0.019311064718162838 0.03153988868274583
9 0.7343423799582464 0.3942486085343228 0.019832985386221295 0.027829313543599257
6 0.6479645093945721 0.32884972170686455 0.024530271398747392 0.05844155844155844
9 0.6576200417536534 0.22402597402597402 0.010438413361169102 0.0287569573283859
7 0.6346555323590815 0.23933209647495363 0.017745302713987474 0.05194805194805195
1 0.6826722338204593 0.23191094619666047 0.008350730688935281 0.022263450834879406
0 0.6769311064718163 0.2054730983302412 0.006263048016701462 0.02504638218923933
1 0.6993736951983298 0.20454545454545456 0.006263048016701462 0.017625231910946195
1 0.697286012526096 0.20222634508348794 0.010438413361169102 0.02411873840445269
0 0.6764091858037579 0.19155844155844157 0.008350730688935281 0.030612244897959183
0 0.6625782881002088 0.21150278293135436 0.006784968684759917 0.03153988868274583
0 0.6508350730688935 0.19619666048237477 0.008350730688935281 0.032467532467532464
6 0.6362212943632568 0.21382189239332097 0.015657620041753653 0.032467532467532464
9 0.636482254697286 0.20408163265306123 0.016179540709812108 0.016697588126159554
2 0.6362212943632568 0.19758812615955473 0.015657620041753653 0.016697588126159554
0 0.636482254697286 0.19155844155844157 0.008872651356993737 0.030612244897959183
7 0.6263048016701461 0.1414656771799629 0.017745302713987474 0.038033395176252316
7 0.6234342379958246 0.12291280148423006 0.02244258872651357 0.041743970315398886
1 0.6244780793319415 0.08812615955473098 0.006784968684759917 0.025974025974025976
1 0.6234342379958246 0.08719851576994433 0.006784968684759917 0.022263450834879406
9 0.6236951983298539 0.09137291280148423 0.009394572025052192 0.021335807050092765
7 0.5798538622129437 0.16001855287569575 0.018789144050104383 0.04916512059369202
6 0.5947286012526096 0.14517625231910947 0.007828810020876827 0.02504638218923933
1 0.593945720250522 0.13682745825602968 0.007306889352818371 0.021335807050092765
3 0.5994258872651357 0.10018552875695733 0.01826722338204593 0.03896103896103896
1 0.5383611691022965 0.0686456400742115 0.005741127348643006 0.02411873840445269
9 0.537839248434238 0.07467532467532467 0.007828810020876827 0.023191094619666047
6 0.5276617954070981 0.04313543599257885 0.009394572025052192 0.026901669758812616
7 0.5258350730688935 0.10992578849721707 0.013048016701461378 0.036178107606679034
9 0.4971294363256785 0.1590909090909091 0.016179540709812108 0.023191094619666047
4 0.6051670146137788 0.045454545454545456 0.019311064718162838 0.04452690166975881
9 0.5026096033402923 0.1349721706864564 0.017745302713987474 0.021335807050092765
9 0.46320459290187893 0.08951762523191095 0.012004175365344467 0.023191094619666047
9 0.4527661795407098 0.08858998144712431 0.006784968684759917 0.021335807050092765
0 0.43241127348643005 0.09044526901669758 0.006784968684759917 0.02504638218923933
9 0.4405010438413361 0.08441558441558442 0.010438413361169102 0.016697588126159554
9 0.46216075156576203 0.06307977736549165 0.012004175365344467 0.016697588126159554
9 0.45798538622129437 0.048701298701298704 0.015135699373695199 0.017625231910946195
9 0.4582463465553236 0.04777365491651206 0.012526096033402923 0.017625231910946195
3 0.4431106471816284 0.18692022263450836 0.027139874739039668 0.05844155844155844
9 0.4068371607515658 0.2606679035250464 0.02035490605427975 0.03153988868274583
9 0.45902922755741127 0.02365491651205937 0.015135699373695199 0.015769944341372914
9 0.4592901878914405 0.01855287569573284 0.011482254697286013 0.016697588126159554
3 0.509133611691023 0.02736549165120594 0.01826722338204593 0.038033395176252316
7 0.5975991649269311 0.018089053803339517 0.012526096033402923 0.030612244897959183
9 0.6477035490605428 0.019944341372912802 0.012526096033402923 0.013914656771799629