0 0.2082142857142857 0.011421319796954314 0.0064285714285714285 0.015228426395939087
0 0.21142857142857144 0.007614213197969543 0.005714285714285714 0.015228426395939087
0 0.2557142857142857 0.044416243654822336 0.004285714285714286 0.015228426395939087
0 0.31035714285714283 0.07296954314720812 0.005 0.01649746192893401
0 0.2782142857142857 0.05203045685279188 0.005 0.015228426395939087
0 0.27964285714285714 0.05012690355329949 0.005 0.01649746192893401
0 0.39107142857142857 0.14403553299492386 0.0035714285714285713 0.013959390862944163
0 0.38785714285714284 0.14403553299492386 0.002857142857142857 0.01649746192893401
0 0.38535714285714284 0.13261421319796954 0.005 0.01649746192893401
0 0.39107142857142857 0.14022842639593908 0.005 0.01649746192893401
8 0.2960714285714286 0.14403553299492386 0.060714285714285714 0.0799492385786802
3 0.345 0.16434010152284265 0.025714285714285714 0.03426395939086294
3 0.4064285714285714 0.2982233502538071 0.02 0.03299492385786802
4 0.3925 0.233502538071066 0.029285714285714286 0.03807106598984772
8 0.32571428571428573 0.5475888324873096 0.06571428571428571 0.12055837563451777
3 0.3389285714285714 0.626269035532995 0.029285714285714286 0.05456852791878172
3 0.28535714285714286 0.6395939086294417 0.029285714285714286 0.050761421319796954
3 0.2692857142857143 0.5596446700507615 0.02857142857142857 0.048223350253807105
3 0.34214285714285714 0.4727157360406091 0.027142857142857142 0.04949238578680203
4 0.3078571428571429 0.48286802030456855 0.03428571428571429 0.05203045685279188
5 0.25785714285714284 0.5145939086294417 0.09285714285714286 0.15609137055837563
5 0.22214285714285714 0.6808375634517766 0.10857142857142857 0.19416243654822335
3 0.2571428571428571 0.6903553299492385 0.025714285714285714 0.04060913705583756
3 0.22535714285714287 0.758248730964467 0.03214285714285714 0.05203045685279188
3 0.23857142857142857 0.6072335025380711 0.02142857142857143 0.03426395939086294
3 0.2042857142857143 0.6770304568527918 0.027142857142857142 0.04949238578680203
8 0.1825 0.6421319796954315 0.085 0.14974619289340102
8 0.13857142857142857 0.8730964467005076 0.05285714285714286 0.09644670050761421
8 0.11107142857142857 0.7798223350253807 0.09642857142857143 0.1713197969543147
4 0.12285714285714286 0.833756345177665 0.03857142857142857 0.06852791878172589
5 0.03785714285714286 0.9384517766497462 0.07285714285714286 0.12055837563451777
3 0.08 0.9758883248730964 0.041428571428571426 0.04314720812182741
3 0.26321428571428573 0.8978426395939086 0.035 0.07233502538071065
8 0.4185714285714286 0.2182741116751269 0.06857142857142857 0.08883248730964467
4 0.45071428571428573 0.31091370558375636 0.024285714285714285 0.04568527918781726
8 0.4307142857142857 0.4251269035532995 0.02142857142857143 0.08629441624365482
3 0.46285714285714286 0.44289340101522845 0.014285714285714285 0.04314720812182741
3 0.5289285714285714 0.3223350253807107 0.023571428571428573 0.03299492385786802
8 0.6335714285714286 0.17576142131979697 0.03 0.05456852791878172
5 0.6460714285714285 0.19860406091370558 0.03357142857142857 0.06725888324873096
5 0.5985714285714285 0.2366751269035533 0.03428571428571429 0.06725888324873096
3 0.6160714285714286 0.25571065989847713 0.019285714285714285 0.03680203045685279
5 0.6253571428571428 0.4118020304568528 0.039285714285714285 0.05710659898477157
0 0.7292857142857143 0.24555837563451777 0.005714285714285714 0.01903553299492386
0 0.7010714285714286 0.2233502538071066 0.0035714285714285713 0.015228426395939087
0 0.7057142857142857 0.22842639593908629 0.002857142857142857 0.01015228426395939
0 0.7003571428571429 0.23413705583756345 0.005 0.013959390862944163
0 0.7060714285714286 0.21383248730964466 0.005 0.013959390862944163
0 0.715 0.22842639593908629 0.005714285714285714 0.015228426395939087
0 0.7110714285714286 0.3299492385786802 0.005 0.012690355329949238
3 0.7392857142857143 0.7576142131979695 0.03571428571428571 0.05583756345177665
3 0.7046428571428571 0.7449238578680203 0.029285714285714286 0.04314720812182741
3 0.6578571428571428 0.6998730964467005 0.03428571428571429 0.04949238578680203
3 0.7535714285714286 0.8274111675126904 0.027142857142857142 0.04060913705583756
3 0.7232142857142857 0.6465736040609137 0.035 0.04949238578680203
4 0.6142857142857143 0.6389593908629442 0.03428571428571429 0.05710659898477157
5 0.6382142857142857 0.6218274111675127 0.04642857142857143 0.07106598984771574
5 0.6803571428571429 0.6281725888324873 0.04928571428571429 0.07106598984771574
8 0.7964285714285714 0.6065989847715736 0.04857142857142857 0.07360406091370558
3 0.6439285714285714 0.5862944162436549 0.029285714285714286 0.04314720812182741
0 0.9092857142857143 0.24048223350253808 0.004285714285714286 0.013959390862944163
0 0.9060714285714285 0.2366751269035533 0.005 0.01649746192893401
0 0.8189285714285715 0.2760152284263959 0.005 0.011421319796954314
0 0.8185714285714286 0.27284263959390864 0.004285714285714286 0.015228426395939087
0 0.2175 0.3369289340101523 0.0064285714285714285 0.013959390862944163
0 0.20357142857142857 0.3477157360406091 0.002857142857142857 0.01015228426395939
0 0.21428571428571427 0.3362944162436548 0.005714285714285714 0.015228426395939087
0 0.20607142857142857 0.34454314720812185 0.005 0.01903553299492386