3 0.2833333333333333 0.9527777777777777 0.058333333333333334 0.09444444444444444
3 0.209375 0.9625 0.06354166666666666 0.075
3 0.25390625 0.7759259259259259 0.044270833333333336 0.09074074074074075
3 0.3177083333333333 0.7 0.035416666666666666 0.07407407407407407
3 0.10182291666666667 0.7152777777777778 0.0765625 0.07314814814814814
3 0.33255208333333336 0.6111111111111112 0.03177083333333333 0.05555555555555555
3 0.29973958333333334 0.600925925925926 0.0296875 0.05185185185185185
4 0.20260416666666667 0.6217592592592592 0.04583333333333333 0.08055555555555556
3 0.23359375 0.5592592592592592 0.03177083333333333 0.05
3 0.26197916666666665 0.5074074074074074 0.026041666666666668 0.040740740740740744
3 0.2638020833333333 0.38935185185185184 0.019270833333333334 0.026851851851851852
3 0.37734375 0.5560185185185185 0.027604166666666666 0.04722222222222222
3 0.34739583333333335 0.5407407407407407 0.022916666666666665 0.04259259259259259
3 0.30963541666666666 0.5504629629629629 0.025520833333333333 0.04722222222222222
3 0.2916666666666667 0.5157407407407407 0.023958333333333335 0.040740740740740744
3 0.28411458333333334 0.46064814814814814 0.0234375 0.03981481481481482
3 0.3359375 0.4615740740740741 0.021875 0.03611111111111111
3 0.3268229166666667 0.5018518518518519 0.0234375 0.03888888888888889
3 0.35989583333333336 0.48564814814814816 0.022916666666666665 0.03981481481481482
3 0.3658854166666667 0.4513888888888889 0.016145833333333335 0.032407407407407406
3 0.34739583333333335 0.42685185185185187 0.017708333333333333 0.02962962962962963
3 0.3265625 0.3921296296296296 0.016666666666666666 0.025
4 0.30364583333333334 0.41805555555555557 0.01875 0.03611111111111111
5 0.2989583333333333 0.37407407407407406 0.026041666666666668 0.05740740740740741
3 0.33125 0.37407407407407406 0.017708333333333333 0.025925925925925925
3 0.3151041666666667 0.34629629629629627 0.023958333333333335 0.018518518518518517
3 0.32265625 0.34074074074074073 0.0234375 0.018518518518518517
3 0.33619791666666665 0.32175925925925924 0.0171875 0.017592592592592594
8 0.3541666666666667 0.3435185185185185 0.023958333333333335 0.046296296296296294
4 0.32265625 0.3347222222222222 0.025520833333333333 0.021296296296296296
3 0.35104166666666664 0.3712962962962963 0.015625 0.025925925925925925
3 0.36276041666666664 0.3814814814814815 0.016145833333333335 0.025925925925925925
3 0.3765625 0.4162037037037037 0.017708333333333333 0.026851851851851852
3 0.38515625 0.524537037037037 0.024479166666666666 0.04351851851851852
3 0.39166666666666666 0.48842592592592593 0.020833333333333332 0.03981481481481482
3 0.3924479166666667 0.45925925925925926 0.018229166666666668 0.03148148148148148
3 0.39869791666666665 0.43703703703703706 0.0171875 0.03148148148148148
3 0.40182291666666664 0.4152777777777778 0.0171875 0.032407407407407406
3 0.4044270833333333 0.4013888888888889 0.015104166666666667 0.025
3 0.40546875 0.37962962962962965 0.0140625 0.022222222222222223
3 0.40677083333333336 0.3699074074074074 0.0125 0.019444444444444445
3 0.4088541666666667 0.3574074074074074 0.0125 0.020370370370370372
3 0.4083333333333333 0.3486111111111111 0.010416666666666666 0.017592592592592594
3 0.38046875 0.3226851851851852 0.0109375 0.017592592592592594
3 0.38255208333333335 0.31203703703703706 0.009895833333333333 0.014814814814814815
3 0.3776041666666667 0.2912037037037037 0.008333333333333333 0.013888888888888888
3 0.38229166666666664 0.2828703703703704 0.008333333333333333 0.013888888888888888
3 0.38645833333333335 0.2759259259259259 0.007291666666666667 0.011111111111111112
3 0.3885416666666667 0.2708333333333333 0.007291666666666667 0.010185185185185186
3 0.4005208333333333 0.3055555555555556 0.009375 0.014814814814814815
3 0.4046875 0.2953703703703704 0.009375 0.014814814814814815
3 0.40520833333333334 0.2875 0.009375 0.012037037037037037
3 0.4088541666666667 0.28194444444444444 0.008333333333333333 0.012037037037037037
3 0.3927083333333333 0.2833333333333333 0.008333333333333333 0.012962962962962963
3 0.396875 0.27824074074074073 0.007291666666666667 0.012037037037037037
3 0.39817708333333335 0.26851851851851855 0.0078125 0.011111111111111112
3 0.41119791666666666 0.2712962962962963 0.0078125 0.011111111111111112
3 0.4075520833333333 0.27546296296296297 0.0078125 0.010185185185185186
3 0.37109375 0.36018518518518516 0.013020833333333334 0.022222222222222223
3 0.37734375 0.33564814814814814 0.011979166666666667 0.017592592592592594
3 0.390625 0.35 0.0125 0.018518518518518517
3 0.38567708333333334 0.36666666666666664 0.013020833333333334 0.022222222222222223
3 0.38177083333333334 0.3921296296296296 0.014583333333333334 0.023148148148148147
3 0.396875 0.33055555555555555 0.010416666666666666 0.018518518518518517
3 0.3984375 0.3143518518518518 0.010416666666666666 0.01574074074074074
3 0.3921875 0.2935185185185185 0.008333333333333333 0.014814814814814815
8 0.3671875 0.3055555555555556 0.017708333333333333 0.03518518518518519
3 0.42109375 0.27361111111111114 0.008854166666666666 0.01574074074074074
3 0.6390625 0.9574074074074074 0.075 0.08518518518518518
3 0.5244791666666667 0.8962962962962963 0.05416666666666667 0.11296296296296296
3 0.6291666666666667 0.7902777777777777 0.053125 0.08055555555555556
3 0.49557291666666664 0.7013888888888888 0.034895833333333334 0.06388888888888888
3 0.5432291666666667 0.6564814814814814 0.03854166666666667 0.06666666666666667
3 0.5994791666666667 0.5986111111111111 0.035416666666666666 0.04722222222222222
3 0.56796875 0.5421296296296296 0.0234375 0.03981481481481482
3 0.47604166666666664 0.48194444444444445 0.01875 0.03425925925925926
4 0.5033854166666667 0.5583333333333333 0.027604166666666666 0.05185185185185185
3 0.4427083333333333 0.5921296296296297 0.027083333333333334 0.04722222222222222
3 0.43802083333333336 0.5101851851851852 0.021875 0.037037037037037035
3 0.43723958333333335 0.45787037037037037 0.0203125 0.03796296296296296
3 0.44192708333333336 0.40879629629629627 0.016145833333333335 0.026851851851851852
3 0.4557291666666667 0.38287037037037036 0.0125 0.025
3 0.43411458333333336 0.3819444444444444 0.0140625 0.023148148148148147
3 0.4348958333333333 0.3574074074074074 0.0125 0.018518518518518517
3 0.44036458333333334 0.3287037037037037 0.0109375 0.016666666666666666
3 0.47265625 0.3537037037037037 0.011979166666666667 0.018518518518518517
8 0.4544270833333333 0.3449074074074074 0.0171875 0.04351851851851852
8 0.4903645833333333 0.3819444444444444 0.0234375 0.058333333333333334
8 0.47604166666666664 0.2972222222222222 0.013541666666666667 0.03333333333333333
3 0.47369791666666666 0.325 0.0109375 0.018518518518518517
3 0.45 0.30277777777777776 0.009375 0.014814814814814815
3 0.43697916666666664 0.2967592592592593 0.008333333333333333 0.013888888888888888
3 0.4479166666666667 0.28379629629629627 0.008333333333333333 0.013888888888888888
3 0.43802083333333336 0.2675925925925926 0.007291666666666667 0.011111111111111112
8 0.45078125 0.2587962962962963 0.009895833333333333 0.025
8 0.46875 0.26944444444444443 0.0125 0.02962962962962963
3 0.46588541666666666 0.29398148148148145 0.008854166666666666 0.013888888888888888
3 0.4583333333333333 0.32685185185185184 0.010416666666666666 0.014814814814814815
3 0.8739583333333333 0.8976851851851851 0.09479166666666666 0.10462962962962963
3 0.78671875 0.7717592592592593 0.0546875 0.08425925925925926
3 0.9611979166666667 0.8648148148148148 0.07760416666666667 0.08333333333333333
3 0.9231770833333334 0.8231481481481482 0.09739583333333333 0.07222222222222222
3 0.8770833333333333 0.7689814814814815 0.0875 0.06759259259259259
3 0.8588541666666667 0.7319444444444444 0.08333333333333333 0.06388888888888888
3 0.8294270833333334 0.7041666666666667 0.0765625 0.06018518518518518
3 0.8200520833333333 0.6759259259259259 0.08385416666666666 0.06666666666666667
3 0.7994791666666666 0.6555555555555556 0.075 0.06111111111111111
3 0.7361979166666667 0.5796296296296296 0.058854166666666666 0.04259259259259259
3 0.7205729166666667 0.5449074074074074 0.0515625 0.03796296296296296
3 0.6989583333333333 0.5199074074074074 0.05416666666666667 0.03425925925925926
3 0.6848958333333334 0.5032407407407408 0.04895833333333333 0.03425925925925926
3 0.6739583333333333 0.49444444444444446 0.040625 0.027777777777777776
3 0.6723958333333333 0.4810185185185185 0.041666666666666664 0.025
3 0.6666666666666666 0.4722222222222222 0.05 0.027777777777777776
3 0.6486979166666667 0.44351851851851853 0.0421875 0.025925925925925925
3 0.6309895833333333 0.4310185185185185 0.0390625 0.025
3 0.6276041666666666 0.4236111111111111 0.040625 0.025
3 0.6098958333333333 0.41064814814814815 0.035416666666666666 0.023148148148148147
3 0.6041666666666666 0.4046296296296296 0.0375 0.020370370370370372
3 0.6041666666666666 0.39444444444444443 0.03333333333333333 0.020370370370370372
3 0.5971354166666667 0.38842592592592595 0.03177083333333333 0.019444444444444445
3 0.5916666666666667 0.38472222222222224 0.03125 0.019444444444444445
3 0.5888020833333333 0.37777777777777777 0.0265625 0.016666666666666666
4 0.5830729166666667 0.37546296296296294 0.0265625 0.025
4 0.5692708333333333 0.3662037037037037 0.013541666666666667 0.026851851851851852
3 0.6411458333333333 0.3837962962962963 0.01875 0.025
0 0.9903645833333333 0.7046296296296296 0.015104166666666667 0.053703703703703705
0 0.940625 0.7393518518518518 0.013541666666666667 0.05462962962962963
0 0.9200520833333333 0.7111111111111111 0.0109375 0.04814814814814815
0 0.9380208333333333 0.6606481481481481 0.011458333333333333 0.04537037037037037
0 0.9682291666666667 0.6467592592592593 0.011458333333333333 0.03796296296296296
0 0.9747395833333333 0.6231481481481481 0.009895833333333333 0.040740740740740744
0 0.9544270833333334 0.6041666666666666 0.008854166666666666 0.041666666666666664
0 0.9109375 0.6240740740740741 0.007291666666666667 0.04259259259259259
0 0.9059895833333333 0.6268518518518519 0.008854166666666666 0.04259259259259259
0 0.8791666666666667 0.638425925925926 0.008333333333333333 0.041666666666666664
0 0.8859375 0.6393518518518518 0.008333333333333333 0.041666666666666664
0 0.8515625 0.5856481481481481 0.010416666666666666 0.03796296296296296
0 0.8348958333333333 0.5740740740740741 0.008333333333333333 0.03518518518518519
0 0.7106770833333333 0.6148148148148148 0.009895833333333333 0.040740740740740744
1 0.7002604166666667 0.5972222222222222 0.009895833333333333 0.024074074074074074
9 0.6838541666666667 0.5736111111111111 0.010416666666666666 0.032407407407407406
0 0.7291666666666666 0.5023148148148148 0.008333333333333333 0.03425925925925926
0 0.7427083333333333 0.5087962962962963 0.007291666666666667 0.032407407407407406
0 0.6427083333333333 0.4111111111111111 0.005208333333333333 0.022222222222222223
1 0.7315104166666667 0.7351851851851852 0.013020833333333334 0.04259259259259259
2 0.73125 0.7486111111111111 0.0125 0.04351851851851852
9 0.7067708333333333 0.7074074074074074 0.010416666666666666 0.03333333333333333
1 0.70703125 0.6958333333333333 0.0109375 0.03611111111111111
1 0.6625 0.6476851851851851 0.008333333333333333 0.04351851851851852
1 0.6567708333333333 0.638425925925926 0.009375 0.03796296296296296
0 0.6619791666666667 0.624537037037037 0.008333333333333333 0.041666666666666664
0 0.6541666666666667 0.6166666666666667 0.008333333333333333 0.03518518518518519
0 0.6401041666666667 0.6175925925925926 0.007291666666666667 0.046296296296296294
0 0.62109375 0.6125 0.008854166666666666 0.041666666666666664
0 0.6377604166666667 0.6134259259259259 0.008854166666666666 0.03796296296296296
2 0.6604166666666667 0.6574074074074074 0.017708333333333333 0.027777777777777776
2 0.6520833333333333 0.6472222222222223 0.022916666666666665 0.025925925925925925
1 0.39114583333333336 0.6481481481481481 0.010416666666666666 0.04259259259259259
1 0.4044270833333333 0.6356481481481482 0.009895833333333333 0.03611111111111111
2 0.39010416666666664 0.6569444444444444 0.008333333333333333 0.032407407407407406
2 0.40520833333333334 0.6476851851851851 0.010416666666666666 0.030555555555555555
0 0.2786458333333333 0.29907407407407405 0.003125 0.014814814814814815
0 0.30052083333333335 0.3388888888888889 0.004166666666666667 0.016666666666666666
0 0.32265625 0.35324074074074074 0.0046875 0.017592592592592594
0 0.28177083333333336 0.3060185185185185 0.003125 0.013888888888888888
0 0.27291666666666664 0.3125 0.003125 0.01574074074074074
0 0.26119791666666664 0.3199074074074074 0.0036458333333333334 0.01574074074074074
0 0.25833333333333336 0.32546296296296295 0.004166666666666667 0.017592592592592594
0 0.2515625 0.33425925925925926 0.004166666666666667 0.016666666666666666
0 0.2484375 0.33425925925925926 0.004166666666666667 0.020370370370370372
0 0.2674479166666667 0.3476851851851852 0.0036458333333333334 0.01574074074074074
0 0.27109375 0.3611111111111111 0.0046875 0.020370370370370372
0 0.26640625 0.36157407407407405 0.0046875 0.021296296296296296
1 0.28229166666666666 0.3699074074074074 0.004166666666666667 0.012037037037037037
9 0.28203125 0.37453703703703706 0.0046875 0.012037037037037037
0 0.25833333333333336 0.36527777777777776 0.004166666666666667 0.019444444444444445
0 0.24583333333333332 0.3888888888888889 0.005208333333333333 0.020370370370370372
0 0.24609375 0.3712962962962963 0.0046875 0.022222222222222223
0 0.23723958333333334 0.37777777777777777 0.0046875 0.020370370370370372
0 0.22604166666666667 0.3851851851851852 0.004166666666666667 0.022222222222222223
0 0.2140625 0.5027777777777778 0.00625 0.03148148148148148
0 0.20416666666666666 0.5314814814814814 0.008333333333333333 0.02962962962962963
0 0.20807291666666666 0.4023148148148148 0.0046875 0.023148148148148147
0 0.196875 0.4166666666666667 0.00625 0.024074074074074074
0 0.20598958333333334 0.4115740740740741 0.005729166666666666 0.026851851851851852
0 0.16458333333333333 0.3824074074074074 0.005208333333333333 0.022222222222222223
0 0.16302083333333334 0.4078703703703704 0.00625 0.023148148148148147
0 0.1890625 0.43796296296296294 0.00625 0.025925925925925925
0 0.16927083333333334 0.4527777777777778 0.005208333333333333 0.025925925925925925
0 0.17213541666666668 0.43148148148148147 0.005729166666666666 0.022222222222222223
0 0.1671875 0.4439814814814815 0.00625 0.026851851851851852
0 0.17760416666666667 0.45046296296296295 0.005208333333333333 0.019444444444444445
0 0.17760416666666667 0.43333333333333335 0.005208333333333333 0.022222222222222223
0 0.18151041666666667 0.43472222222222223 0.005729166666666666 0.025
0 0.15598958333333332 0.46574074074074073 0.0067708333333333336 0.02962962962962963
0 0.14114583333333333 0.44074074074074077 0.00625 0.024074074074074074
3 0.15130208333333334 0.42916666666666664 0.0390625 0.028703703703703703
1 0.13151041666666666 0.4398148148148148 0.0067708333333333336 0.016666666666666666
0 0.10755208333333334 0.4912037037037037 0.0067708333333333336 0.032407407407407406
0 0.11536458333333334 0.4842592592592593 0.0067708333333333336 0.03333333333333333
0 0.128125 0.4722222222222222 0.005208333333333333 0.027777777777777776
0 0.13854166666666667 0.4828703703703704 0.005208333333333333 0.028703703703703703
0 0.13255208333333332 0.4842592592592593 0.0078125 0.03148148148148148
0 0.14192708333333334 0.5027777777777778 0.005729166666666666 0.03148148148148148
0 0.146875 0.5074074074074074 0.007291666666666667 0.03148148148148148
2 0.08151041666666667 0.5027777777777778 0.018229166666666668 0.020370370370370372
1 0.07734375 0.48564814814814816 0.0067708333333333336 0.019444444444444445
1 0.08515625 0.48518518518518516 0.009895833333333333 0.020370370370370372
0 0.0609375 0.5481481481481482 0.010416666666666666 0.03333333333333333
0 0.03697916666666667 0.5458333333333333 0.009375 0.03796296296296296
0 0.007552083333333333 0.537962962962963 0.0078125 0.03148148148148148
1 0.007552083333333333 0.5601851851851852 0.011979166666666667 0.027777777777777776
2 0.008854166666666666 0.5736111111111111 0.017708333333333333 0.025
0 0.029166666666666667 0.575 0.010416666666666666 0.040740740740740744
0 0.03802083333333333 0.5768518518518518 0.009375 0.03888888888888889
0 0.04635416666666667 0.5736111111111111 0.008333333333333333 0.03981481481481482
0 0.05078125 0.5851851851851851 0.009895833333333333 0.040740740740740744
0 0.05911458333333333 0.5856481481481481 0.0078125 0.03796296296296296
0 0.06458333333333334 0.5898148148148148 0.009375 0.03888888888888889
0 0.09010416666666667 0.6050925925925926 0.007291666666666667 0.03981481481481482
1 0.17916666666666667 0.5347222222222222 0.008333333333333333 0.025
1 0.17083333333333334 0.5231481481481481 0.00625 0.022222222222222223
0 0.02578125 0.6041666666666666 0.011979166666666667 0.030555555555555555
0 0.00546875 0.6361111111111111 0.0109375 0.046296296296296294
0 0.03307291666666667 0.6365740740740741 0.009895833333333333 0.041666666666666664
0 0.04479166666666667 0.6282407407407408 0.009375 0.04537037037037037
0 0.11510416666666666 0.575462962962963 0.007291666666666667 0.03611111111111111
1 0.052083333333333336 0.6194444444444445 0.010416666666666666 0.025925925925925925
0 0.058333333333333334 0.6240740740740741 0.008333333333333333 0.040740740740740744
0 0.06171875 0.6601851851851852 0.0109375 0.04259259259259259
0 0.06822916666666666 0.6476851851851851 0.008333333333333333 0.04351851851851852
0 0.06614583333333333 0.6319444444444444 0.007291666666666667 0.03611111111111111
0 0.06979166666666667 0.6240740740740741 0.005208333333333333 0.03333333333333333
1 0.07395833333333333 0.674074074074074 0.010416666666666666 0.02962962962962963
9 0.07552083333333333 0.6888888888888889 0.013541666666666667 0.040740740740740744
1 0.045572916666666664 0.6824074074074075 0.0140625 0.044444444444444446
2 0.044270833333333336 0.6981481481481482 0.023958333333333335 0.03333333333333333
2 0.03828125 0.7236111111111111 0.022395833333333334 0.032407407407407406
1 0.03854166666666667 0.7041666666666667 0.014583333333333334 0.03796296296296296
9 0.72734375 0.638425925925926 0.0109375 0.03425925925925926
1 0.11276041666666667 0.611574074074074 0.009895833333333333 0.03425925925925926
1 0.09817708333333333 0.625 0.009895833333333333 0.025925925925925925
2 0.09895833333333333 0.6430555555555556 0.009375 0.030555555555555555
2 0.14661458333333333 0.6643518518518519 0.0265625 0.026851851851851852
2 0.13958333333333334 0.6555555555555556 0.023958333333333335 0.02962962962962963
9 0.11302083333333333 0.6708333333333333 0.014583333333333334 0.03611111111111111
1 0.11067708333333333 0.6578703703703703 0.009895833333333333 0.026851851851851852
0 0.12838541666666667 0.6430555555555556 0.0109375 0.04351851851851852
1 0.12005208333333334 0.5888888888888889 0.009895833333333333 0.03888888888888889
2 0.12057291666666667 0.5972222222222222 0.011979166666666667 0.03148148148148148
2 0.11276041666666667 0.6236111111111111 0.009895833333333333 0.030555555555555555
0 0.17317708333333334 0.5902777777777778 0.0067708333333333336 0.03796296296296296
0 0.16171875 0.5800925925925926 0.008854166666666666 0.03611111111111111
0 0.165625 0.5861111111111111 0.007291666666666667 0.03333333333333333
1 0.13515625 0.5828703703703704 0.0109375 0.025
9 0.1359375 0.5953703703703703 0.013541666666666667 0.022222222222222223
0 0.1609375 0.6361111111111111 0.00625 0.040740740740740744
0 0.1703125 0.6305555555555555 0.00625 0.040740740740740744
0 0.16484375 0.6398148148148148 0.0078125 0.03888888888888889
0 0.16380208333333332 0.6212962962962963 0.0067708333333333336 0.03148148148148148
0 0.1484375 0.6092592592592593 0.008333333333333333 0.027777777777777776
0 0.14921875 0.5916666666666667 0.0067708333333333336 0.027777777777777776
0 0.159375 0.6087962962962963 0.008333333333333333 0.03425925925925926
0 0.15416666666666667 0.6268518518518519 0.008333333333333333 0.040740740740740744
0 0.14947916666666666 0.6226851851851852 0.008333333333333333 0.03981481481481482
0 0.14192708333333334 0.6319444444444444 0.0067708333333333336 0.030555555555555555
1 0.14322916666666666 0.6527777777777778 0.011458333333333333 0.03518518518518519
0 0.1328125 0.625 0.008333333333333333 0.03518518518518519
0 0.13671875 0.6101851851851852 0.008854166666666666 0.02962962962962963
0 0.13932291666666666 0.6273148148148148 0.0067708333333333336 0.032407407407407406
0 0.10989583333333333 0.4703703703703704 0.00625 0.027777777777777776
9 0.17916666666666667 0.5425925925925926 0.009375 0.024074074074074074
2 0.17161458333333332 0.5342592592592592 0.0078125 0.022222222222222223