3 0.43892857142857145 0.5729695431472082 0.039285714285714285 0.05710659898477157
3 0.5953571428571428 0.733502538071066 0.05785714285714286 0.07614213197969544
8 0.5182142857142857 0.6472081218274112 0.08928571428571429 0.11928934010152284
4 0.10714285714285714 0.31091370558375636 0.032857142857142856 0.050761421319796954
8 0.5425 0.5076142131979695 0.07785714285714286 0.1065989847715736
8 0.6307142857142857 0.5894670050761421 0.08857142857142856 0.11040609137055837
8 0.7164285714285714 0.6763959390862944 0.09142857142857143 0.1116751269035533
8 0.58 0.5945431472081218 0.08428571428571428 0.10279187817258884
8 0.6685714285714286 0.6770304568527918 0.08714285714285715 0.10786802030456853
8 0.7578571428571429 0.7614213197969543 0.08857142857142856 0.12436548223350254
8 0.8675 0.8604060913705583 0.10071428571428571 0.13705583756345177
8 0.4689285714285714 0.40482233502538073 0.08214285714285714 0.1065989847715736