3 0.10464285714285715 0.23286802030456852 0.027857142857142858 0.01903553299492386
3 0.1767857142857143 0.2563451776649746 0.029285714285714286 0.02030456852791878
0 0.018214285714285714 0.3743654822335025 0.005 0.017766497461928935
0 0.02892857142857143 0.4118020304568528 0.005 0.021573604060913704
0 0.0325 0.407994923857868 0.005 0.01903553299492386
8 0.32035714285714284 0.2398477157360406 0.075 0.0583756345177665
8 0.38821428571428573 0.2436548223350254 0.02642857142857143 0.04314720812182741
8 0.57 0.11738578680203046 0.03 0.03934010152284264
8 0.6071428571428571 0.10279187817258884 0.03571428571428571 0.03807106598984772
0 0.44571428571428573 0.1833756345177665 0.002857142857142857 0.011421319796954314
0 0.48464285714285715 0.16116751269035534 0.002142857142857143 0.012690355329949238
0 0.48035714285714287 0.16243654822335024 0.002142857142857143 0.012690355329949238
4 0.43964285714285717 0.1516497461928934 0.015 0.01649746192893401
3 0.5982142857142857 0.15926395939086294 0.013571428571428571 0.013959390862944163
3 0.6539285714285714 0.10215736040609137 0.010714285714285714 0.011421319796954314
3 0.6703571428571429 0.08756345177664974 0.009285714285714286 0.01015228426395939
3 0.6782142857142858 0.07931472081218274 0.009285714285714286 0.011421319796954314
4 0.6892857142857143 0.07868020304568528 0.007142857142857143 0.01015228426395939
9 0.6517857142857143 0.13705583756345177 0.005 0.007614213197969543
1 0.6517857142857143 0.13451776649746192 0.002142857142857143 0.007614213197969543
3 0.6646428571428571 0.10215736040609137 0.010714285714285714 0.013959390862944163
8 0.7660714285714286 0.008248730964467006 0.013571428571428571 0.01649746192893401
3 0.7996428571428571 0.006345177664974619 0.0064285714285714285 0.007614213197969543
4 0.7382142857142857 0.08312182741116751 0.009285714285714286 0.013959390862944163
3 0.7157142857142857 0.09708121827411167 0.008571428571428572 0.013959390862944163
4 0.6857142857142857 0.10723350253807107 0.01 0.013959390862944163
3 0.6667857142857143 0.1313451776649746 0.010714285714285714 0.011421319796954314
3 0.6807142857142857 0.13578680203045684 0.011428571428571429 0.015228426395939087
8 0.6432142857142857 0.14593908629441624 0.016428571428571428 0.025380710659898477
8 0.8 0.03236040609137056 0.011428571428571429 0.0266497461928934
8 0.8014285714285714 0.108502538071066 0.011428571428571429 0.03680203045685279
8 0.9692857142857143 0.0932741116751269 0.024285714285714285 0.03934010152284264
8 0.7953571428571429 0.13451776649746192 0.020714285714285713 0.04568527918781726
3 0.9964285714285714 0.1434010152284264 0.007142857142857143 0.017766497461928935
8 0.7917857142857143 0.2868020304568528 0.05071428571428571 0.04060913705583756
8 0.6375 0.2823604060913706 0.08642857142857142 0.06725888324873096
4 0.6278571428571429 0.17068527918781726 0.012857142857142857 0.01649746192893401
3 0.605 0.1998730964467005 0.012857142857142857 0.013959390862944163
3 0.5739285714285715 0.2468274111675127 0.015 0.01649746192893401
3 0.5928571428571429 0.26903553299492383 0.027142857142857142 0.02030456852791878
3 0.45571428571428574 0.2436548223350254 0.017142857142857144 0.015228426395939087
3 0.4785714285714286 0.2779187817258883 0.03142857142857143 0.02030456852791878
4 0.47964285714285715 0.25761421319796957 0.027857142857142858 0.02030456852791878
3 0.6935714285714286 0.41116751269035534 0.011428571428571429 0.027918781725888325
3 0.6042857142857143 0.37753807106598986 0.015714285714285715 0.03426395939086294
3 0.5735714285714286 0.375 0.014285714285714285 0.03680203045685279
4 0.5375 0.41243654822335024 0.016428571428571428 0.03807106598984772
5 0.4853571428571429 0.3889593908629442 0.025 0.05203045685279188
4 0.34714285714285714 0.383248730964467 0.02 0.027918781725888325
4 0.46964285714285714 0.4416243654822335 0.017857142857142856 0.03299492385786802
3 0.39535714285714285 0.475253807106599 0.019285714285714285 0.031725888324873094
3 0.5214285714285715 0.5171319796954315 0.018571428571428572 0.04187817258883249
3 0.5792857142857143 0.5710659898477157 0.017142857142857144 0.04568527918781726
0 0.7885714285714286 0.6173857868020305 0.005714285714285714 0.024111675126903553
3 0.6582142857142858 0.6928934010152284 0.019285714285714285 0.05583756345177665
4 0.7375 0.7779187817258884 0.02214285714285714 0.07614213197969544
4 0.6142857142857143 0.7347715736040609 0.02142857142857143 0.07106598984771574
3 0.5432142857142858 0.700507614213198 0.020714285714285713 0.06091370558375635
4 0.4789285714285714 0.550761421319797 0.019285714285714285 0.04314720812182741
3 0.38857142857142857 0.8972081218274112 0.025714285714285714 0.08375634517766498
3 0.8896428571428572 0.9511421319796954 0.029285714285714286 0.0850253807106599
5 0.9496428571428571 0.9530456852791879 0.04357142857142857 0.09137055837563451