6 0.11247390396659708 0.5487012987012987 0.03288100208768267 0.03432282003710575
3 0.09394572025052192 0.5074211502782932 0.037578288100208766 0.04452690166975881
3 0.09290187891440502 0.48515769944341375 0.05636743215031315 0.03710575139146568
4 0.12082463465553236 0.4554730983302412 0.05897703549060543 0.04638218923933209
4 0.1268267223382046 0.4290352504638219 0.061586638830897704 0.05473098330241188
5 0.1430062630480167 0.4049165120593692 0.037578288100208766 0.032467532467532464
9 0.14535490605427975 0.39471243042671617 0.02139874739039666 0.015769944341372914
6 0.15709812108559498 0.38589981447124305 0.03653444676409186 0.04081632653061224
7 0.21842379958246347 0.37059369202226344 0.0255741127348643 0.04730983302411874
7 0.2346033402922756 0.40538033395176254 0.024530271398747392 0.03525046382189239
7 0.1477035490605428 0.6201298701298701 0.029227557411273485 0.05844155844155844
3 0.054801670146137786 0.4137291280148423 0.05219206680584551 0.04081632653061224
3 0.026356993736951984 0.44155844155844154 0.05271398747390397 0.04638218923933209
3 0.018789144050104383 0.46567717996289426 0.037578288100208766 0.03896103896103896
8 0.03105427974947808 0.3678107606679035 0.06210855949895616 0.08441558441558442
5 0.11664926931106472 0.26159554730983303 0.15918580375782881 0.0686456400742115
3 0.21450939457202506 0.2388682745825603 0.030271398747390398 0.02504638218923933
9 0.019311064718162838 0.20454545454545456 0.010438413361169102 0.015769944341372914
9 0.037056367432150315 0.22263450834879406 0.007306889352818371 0.01855287569573284
9 0.04175365344467641 0.22402597402597402 0.006263048016701462 0.015769944341372914
9 0.04645093945720251 0.2230983302411874 0.007306889352818371 0.015769944341372914
9 0.0482776617954071 0.22402597402597402 0.006784968684759917 0.015769944341372914
9 0.05140918580375783 0.22263450834879406 0.006784968684759917 0.01855287569573284
9 0.05375782881002088 0.2230983302411874 0.008350730688935281 0.015769944341372914
9 0.055845511482254695 0.2230983302411874 0.007306889352818371 0.017625231910946195
9 0.05793319415448852 0.2230983302411874 0.007306889352818371 0.015769944341372914
9 0.06236951983298539 0.2230983302411874 0.007828810020876827 0.015769944341372914
9 0.06758872651356994 0.22263450834879406 0.007828810020876827 0.014842300556586271
9 0.07541753653444676 0.22495361781076068 0.012004175365344467 0.017625231910946195
9 0.10464509394572025 0.20732838589981448 0.005741127348643006 0.015769944341372914
9 0.12813152400835073 0.19851576994434136 0.006784968684759917 0.011131725417439703
9 0.09211899791231733 0.20454545454545456 0.007828810020876827 0.013914656771799629
7 0.14065762004175367 0.21196660482374768 0.019311064718162838 0.023191094619666047
9 0.15474947807933195 0.21521335807050093 0.014091858037578288 0.014842300556586271
7 0.1524008350730689 0.20408163265306123 0.018789144050104383 0.022263450834879406
9 0.1722338204592902 0.20732838589981448 0.009394572025052192 0.01948051948051948
2 0.1761482254697286 0.2012987012987013 0.005741127348643006 0.014842300556586271
9 0.18684759916492694 0.20269016697588127 0.007306889352818371 0.017625231910946195
0 0.1581419624217119 0.19758812615955473 0.005219206680584551 0.02040816326530612
0 0.151356993736952 0.2012987012987013 0.006263048016701462 0.022263450834879406
7 0.2578288100208768 0.23608534322820038 0.020876826722338204 0.026901669758812616
7 0.25260960334029225 0.2147495361781076 0.012526096033402923 0.026901669758812616
7 0.26356993736951984 0.21521335807050093 0.012526096033402923 0.03153988868274583
6 0.2737473903966597 0.21567717996289426 0.010960334029227558 0.023191094619666047
2 0.3087160751565762 0.22077922077922077 0.007828810020876827 0.01855287569573284
6 0.3048016701461378 0.21799628942486085 0.010438413361169102 0.027829313543599257
0 0.2883611691022965 0.19341372912801486 0.005741127348643006 0.01948051948051948
0 0.29331941544885176 0.19387755102040816 0.005219206680584551 0.02040816326530612
0 0.31497912317327764 0.19666048237476808 0.007828810020876827 0.022263450834879406
0 0.331419624217119 0.19387755102040816 0.006263048016701462 0.022263450834879406
7 0.3397703549060543 0.18645640074211503 0.010438413361169102 0.025974025974025976
7 0.3682150313152401 0.20871985157699444 0.012004175365344467 0.03339517625231911
3 0.3721294363256785 0.18692022263450836 0.029227557411273485 0.023191094619666047
9 0.3880480167014614 0.14100185528756956 0.008872651356993737 0.011131725417439703
6 0.42066805845511485 0.14517625231910947 0.007306889352818371 0.017625231910946195
1 0.43606471816283926 0.16883116883116883 0.0036534446764091857 0.014842300556586271
9 0.4355427974947808 0.17207792207792208 0.004697286012526096 0.017625231910946195
5 0.4112734864300626 0.11224489795918367 0.03549060542797495 0.029684601113172542
4 0.41414405010438415 0.09879406307977737 0.02244258872651357 0.021335807050092765
4 0.4177974947807933 0.09461966604823747 0.019311064718162838 0.01855287569573284
4 0.4232776617954071 0.09044526901669758 0.016701461377870562 0.01948051948051948
7 0.4470250521920668 0.10899814471243043 0.008872651356993737 0.023191094619666047
3 0.47755741127348644 0.14703153988868276 0.012526096033402923 0.01948051948051948
9 0.48643006263048016 0.1396103896103896 0.0041753653444676405 0.013914656771799629
4 0.47860125260960334 0.19944341372912802 0.021920668058455117 0.03153988868274583
4 0.5036534446764092 0.19666048237476808 0.021920668058455117 0.03710575139146568
6 0.5341858037578288 0.19666048237476808 0.014091858037578288 0.022263450834879406
3 0.4971294363256785 0.275974025974026 0.04018789144050104 0.026901669758812616
7 0.552713987473904 0.18181818181818182 0.010438413361169102 0.027829313543599257
9 0.5688935281837161 0.1794990723562152 0.006263048016701462 0.01948051948051948
6 0.5868997912317327 0.18089053803339517 0.01722338204592902 0.016697588126159554
0 0.5511482254697286 0.22634508348794063 0.005219206680584551 0.025974025974025976
7 0.6928496868475992 0.22727272727272727 0.04645093945720251 0.03339517625231911
5 0.6427453027139874 0.26437847866419295 0.061064718162839246 0.04267161410018553
1 0.6317849686847599 0.2917439703153989 0.006784968684759917 0.021335807050092765
9 0.6302192066805845 0.29684601113172543 0.01722338204592902 0.02040816326530612
9 0.6636221294363257 0.1971243042671614 0.013048016701461378 0.015769944341372914
9 0.6631002087682673 0.19202226345083487 0.006784968684759917 0.012987012987012988
9 0.6790187891440501 0.19341372912801486 0.008350730688935281 0.017625231910946195
1 0.6751043841336117 0.20454545454545456 0.004697286012526096 0.012059369202226345
0 0.6638830897703549 0.1790352504638219 0.005219206680584551 0.02040816326530612
0 0.673277661795407 0.18228200371057515 0.0041753653444676405 0.021335807050092765
0 0.6884133611691023 0.1859925788497217 0.005219206680584551 0.01948051948051948
1 0.6936325678496869 0.19341372912801486 0.006263048016701462 0.015769944341372914
0 0.7147703549060542 0.19480519480519481 0.004697286012526096 0.02411873840445269
6 0.7207724425887265 0.20408163265306123 0.013569937369519834 0.022263450834879406
9 0.7299060542797495 0.20640074211502782 0.007828810020876827 0.015769944341372914
9 0.7552192066805845 0.20964749536178107 0.011482254697286013 0.01855287569573284
9 0.7061586638830898 0.1906307977736549 0.009394572025052192 0.015769944341372914
9 0.7108559498956158 0.18692022263450836 0.009394572025052192 0.017625231910946195
9 0.723643006263048 0.18692022263450836 0.006784968684759917 0.01948051948051948
9 0.7419102296450939 0.18831168831168832 0.007828810020876827 0.014842300556586271
2 0.7468684759916493 0.18552875695732837 0.013569937369519834 0.014842300556586271
3 0.7502609603340292 0.22727272727272727 0.0360125260960334 0.027829313543599257
9 0.7708768267223383 0.20222634508348794 0.008350730688935281 0.014842300556586271
9 0.7492171189979123 0.2782931354359926 0.013048016701461378 0.016697588126159554
1 0.7484342379958246 0.2722634508348794 0.009394572025052192 0.01948051948051948
6 0.7774008350730689 0.19944341372912802 0.012004175365344467 0.02040816326530612
6 0.7904488517745303 0.20222634508348794 0.010960334029227558 0.01855287569573284
3 0.7627870563674322 0.2884972170686456 0.04645093945720251 0.029684601113172542
3 0.8016701461377871 0.2258812615955473 0.03653444676409186 0.026901669758812616
4 0.8157620041753654 0.2857142857142857 0.03653444676409186 0.03153988868274583
7 0.8374217118997912 0.2258812615955473 0.02035490605427975 0.02504638218923933
7 0.8055845511482255 0.20222634508348794 0.014091858037578288 0.025974025974025976
7 0.816544885177453 0.2036178107606679 0.015135699373695199 0.0287569573283859
7 0.8285490605427975 0.20454545454545456 0.014091858037578288 0.0287569573283859
6 0.8426409185803758 0.20871985157699444 0.012004175365344467 0.016697588126159554
7 0.850991649269311 0.20500927643784786 0.019311064718162838 0.025974025974025976
3 0.8757828810020877 0.21614100185528756 0.030271398747390398 0.03153988868274583
0 0.7789665970772442 0.1790352504638219 0.004697286012526096 0.01855287569573284
3 0.9284968684759917 0.20222634508348794 0.025052192066805846 0.025974025974025976
9 0.923277661795407 0.18645640074211503 0.009394572025052192 0.011131725417439703
9 0.9261482254697286 0.2884972170686456 0.007828810020876827 0.02411873840445269
4 0.9465031315240083 0.27968460111317256 0.0360125260960334 0.03432282003710575
1 0.9050104384133612 0.2690166975881262 0.006263048016701462 0.02040816326530612
6 0.8997912317327766 0.27319109461966606 0.021920668058455117 0.01948051948051948
9 0.9650313152400835 0.17996289424860853 0.006263048016701462 0.014842300556586271
5 0.5769832985386222 0.31493506493506496 0.05897703549060543 0.04359925788497217
7 0.5060020876826722 0.3325602968460111 0.015135699373695199 0.04359925788497217
4 0.5965553235908142 0.34786641929499074 0.032359081419624215 0.03525046382189239
0 0.6497912317327766 0.37059369202226344 0.009394572025052192 0.0287569573283859
0 0.6216075156576201 0.37940630797773656 0.008350730688935281 0.027829313543599257
3 0.6046450939457203 0.40166975881261596 0.043319415448851775 0.03896103896103896
6 0.6304801670146137 0.4179035250463822 0.031315240083507306 0.039888682745825604
6 0.6390918580375783 0.4717068645640074 0.029749478079331943 0.032467532467532464
9 0.6482254697286013 0.4675324675324675 0.020876826722338204 0.022263450834879406
6 0.6456158663883089 0.4939703153988868 0.028183716075156576 0.032467532467532464
9 0.5673277661795407 0.4452690166975881 0.018789144050104383 0.022263450834879406
0 0.576722338204593 0.4457328385899815 0.007306889352818371 0.0287569573283859
7 0.5300104384133612 0.40584415584415584 0.02348643006263048 0.05658627087198516
7 0.5352296450939458 0.4689239332096475 0.019311064718162838 0.05658627087198516
6 0.5365344467640919 0.5180890538033395 0.013569937369519834 0.05658627087198516
0 0.545929018789144 0.5180890538033395 0.007306889352818371 0.036178107606679034
9 0.5589770354906054 0.487012987012987 0.010438413361169102 0.03153988868274583
6 0.5597599164926931 0.5097402597402597 0.0360125260960334 0.038033395176252316
1 0.5187891440501043 0.5384972170686456 0.008350730688935281 0.036178107606679034
9 0.519572025052192 0.5445269016697588 0.02244258872651357 0.029684601113172542
7 0.5284446764091858 0.5853432282003711 0.024530271398747392 0.07421150278293136
7 0.574634655532359 0.6354359925788498 0.024008350730688934 0.07421150278293136
6 0.6137787056367432 0.6006493506493507 0.019832985386221295 0.05287569573283859
6 0.6798016701461378 0.5524118738404453 0.038100208768267224 0.03432282003710575
1 0.6860647181628392 0.5496289424860853 0.009916492693110648 0.02504638218923933
0 0.6782359081419624 0.5862708719851577 0.008872651356993737 0.03153988868274583
0 0.6897181628392485 0.5862708719851577 0.007828810020876827 0.03896103896103896
0 0.7069415448851775 0.5876623376623377 0.010960334029227558 0.04916512059369202
1 0.6213465553235908 0.650278293135436 0.01722338204592902 0.03339517625231911
0 0.5819415448851775 0.588126159554731 0.008350730688935281 0.03525046382189239
0 0.6325678496868476 0.6915584415584416 0.008350730688935281 0.04730983302411874
0 0.6393528183716075 0.6836734693877551 0.009394572025052192 0.04081632653061224
0 0.5709812108559499 0.7198515769944341 0.011482254697286013 0.04081632653061224
0 0.6299582463465553 0.7653061224489796 0.012526096033402923 0.04081632653061224
1 0.7092901878914405 0.7634508348794063 0.013569937369519834 0.027829313543599257
9 0.7043319415448852 0.5890538033395176 0.02139874739039666 0.02411873840445269
6 0.6818893528183716 0.5839517625231911 0.019311064718162838 0.05287569573283859
9 0.6696242171189979 0.599721706864564 0.014613778705636743 0.036178107606679034
9 0.6516179540709812 0.5932282003710575 0.012004175365344467 0.038033395176252316
9 0.636482254697286 0.5923005565862709 0.010960334029227558 0.032467532467532464
9 0.6435281837160751 0.5913729128014842 0.011482254697286013 0.036178107606679034
9 0.6255219206680585 0.5862708719851577 0.013048016701461378 0.03896103896103896
9 0.639874739039666 0.6103896103896104 0.008350730688935281 0.03525046382189239
9 0.6474425887265136 0.6071428571428571 0.014091858037578288 0.03432282003710575
9 0.6586638830897703 0.6043599257884972 0.012526096033402923 0.03432282003710575
9 0.6615344467640919 0.6182745825602969 0.010960334029227558 0.036178107606679034
9 0.6576200417536534 0.6224489795918368 0.010438413361169102 0.04638218923933209
9 0.6477035490605428 0.6238404452690167 0.014613778705636743 0.045454545454545456
9 0.6299582463465553 0.6275510204081632 0.016701461377870562 0.04359925788497217
9 0.6020354906054279 0.6205936920222634 0.013048016701461378 0.03896103896103896
2 0.6244780793319415 0.6437847866419295 0.012004175365344467 0.04267161410018553
2 0.6641440501043842 0.6428571428571429 0.013048016701461378 0.04267161410018553
9 0.6771920668058455 0.6289424860853432 0.016179540709812108 0.03896103896103896
2 0.6811064718162839 0.6089981447124304 0.013569937369519834 0.04359925788497217
9 0.6811064718162839 0.6832096474953617 0.025052192066805846 0.030612244897959183
9 0.6722338204592901 0.700834879406308 0.027139874739039668 0.0287569573283859
9 0.6724947807933194 0.7119666048237476 0.02870563674321503 0.036178107606679034
6 0.6145615866388309 0.7166048237476809 0.04645093945720251 0.06215213358070501
6 0.6176931106471816 0.7490723562152134 0.044363256784968684 0.041743970315398886
9 0.6591858037578288 0.7592764378478665 0.025052192066805846 0.030612244897959183
9 0.6617954070981211 0.7708719851576994 0.025052192066805846 0.029684601113172542
9 0.6638830897703549 0.788961038961039 0.032359081419624215 0.032467532467532464
9 0.7205114822546973 0.7884972170686456 0.02661795407098121 0.03710575139146568
9 0.7280793319415448 0.8010204081632653 0.027139874739039668 0.036178107606679034
9 0.7301670146137788 0.8260667903525046 0.032359081419624215 0.038033395176252316
9 0.7309498956158664 0.8460111317254174 0.030793319415448852 0.03339517625231911
9 0.744258872651357 0.9206864564007421 0.028183716075156576 0.03432282003710575
9 0.7424321503131524 0.898886827458256 0.029749478079331943 0.03710575139146568
9 0.7570459290187892 0.9707792207792207 0.03496868475991649 0.036178107606679034
9 0.7599164926931107 0.9851576994434137 0.03653444676409186 0.027829313543599257
6 0.6385699373695198 0.9670686456400742 0.05897703549060543 0.0640074211502783
6 0.6281315240083507 0.924860853432282 0.07254697286012526 0.08163265306122448
6 0.6377870563674322 0.8794063079777366 0.06680584551148225 0.0686456400742115
7 0.6289144050104384 0.8371985157699443 0.049060542797494784 0.05473098330241188
6 0.6231732776617954 0.8042671614100185 0.05323590814196242 0.0575139146567718
9 0.627348643006263 0.7755102040816326 0.031315240083507306 0.029684601113172542
3 0.5542797494780793 0.7235621521335807 0.03966597077244259 0.09833024118738404
0 0.5281837160751566 0.724025974025974 0.012526096033402923 0.04359925788497217
0 0.517223382045929 0.7221706864564007 0.012526096033402923 0.038033395176252316
1 0.49843423799582465 0.7161410018552876 0.011482254697286013 0.03339517625231911
9 0.4989561586638831 0.7203153988868275 0.012526096033402923 0.04730983302411874
1 0.46737995824634654 0.700834879406308 0.013048016701461378 0.036178107606679034
9 0.4671189979123173 0.7054730983302412 0.027139874739039668 0.032467532467532464
1 0.4146659707724426 0.6679035250463822 0.010960334029227558 0.029684601113172542
1 0.4099686847599165 0.6674397031539888 0.009916492693110648 0.03432282003710575
1 0.40657620041753656 0.6688311688311688 0.008350730688935281 0.03153988868274583
9 0.40840292275574114 0.672077922077922 0.02661795407098121 0.030612244897959183
7 0.31941544885177453 0.6382189239332097 0.04801670146137787 0.059369202226345084
0 0.421972860125261 0.5918367346938775 0.008872651356993737 0.04267161410018553
0 0.4201461377870564 0.5723562152133581 0.011482254697286013 0.03896103896103896
3 0.4548538622129436 0.45269016697588127 0.024530271398747392 0.06493506493506493
7 0.42849686847599167 0.4355287569573284 0.017745302713987474 0.05658627087198516
9 0.42562630480167013 0.4174397031539889 0.019311064718162838 0.025974025974025976
7 0.42458246346555323 0.3719851576994434 0.02035490605427975 0.04638218923933209
1 0.4618997912317328 0.3172541743970315 0.006263048016701462 0.022263450834879406
9 0.4616388308977035 0.32142857142857145 0.006784968684759917 0.021335807050092765
0 0.4438935281837161 0.3075139146567718 0.004697286012526096 0.01948051948051948
0 0.44545929018789143 0.3047309833024119 0.005741127348643006 0.023191094619666047
2 0.3322025052192067 0.9675324675324676 0.03392484342379958 0.02411873840445269