3 0.2925 0.5704314720812182 0.016428571428571428 0.046954314720812185
3 0.2621428571428571 0.5951776649746193 0.015714285714285715 0.048223350253807105
3 0.2646428571428571 0.541243654822335 0.015 0.03934010152284264
3 0.2689285714285714 0.3426395939086294 0.016428571428571428 0.030456852791878174
3 0.205 0.20558375634517767 0.011428571428571429 0.02030456852791878
3 0.25607142857142856 0.1700507614213198 0.010714285714285714 0.015228426395939087
3 0.27785714285714286 0.1833756345177665 0.012857142857142857 0.01903553299492386
3 0.25 0.13959390862944163 0.012857142857142857 0.012690355329949238
3 0.5975 0.557741116751269 0.016428571428571428 0.03934010152284264
3 0.6064285714285714 0.4987309644670051 0.015714285714285715 0.04060913705583756
3 0.6657142857142857 0.3902284263959391 0.012857142857142857 0.031725888324873094
3 0.6346428571428572 0.48984771573604063 0.015 0.04060913705583756
3 0.6525 0.5983502538071066 0.015 0.04949238578680203
3 0.6207142857142857 0.600253807106599 0.017142857142857144 0.04568527918781726
3 0.6264285714285714 0.5545685279187818 0.015714285714285715 0.04060913705583756
3 0.7464285714285714 0.5881979695431472 0.018571428571428572 0.04187817258883249
3 0.7835714285714286 0.690989847715736 0.017142857142857144 0.05203045685279188
3 0.8139285714285714 0.9739847715736041 0.027857142857142858 0.04949238578680203
5 0.6560714285714285 0.5361675126903553 0.019285714285714285 0.07741116751269035
3 0.5646428571428571 0.5634517766497462 0.016428571428571428 0.04314720812182741
3 0.365 0.4936548223350254 0.017142857142857144 0.03299492385786802
5 0.3167857142857143 0.3629441624365482 0.017857142857142856 0.04568527918781726
3 0.105 0.014593908629441625 0.01 0.011421319796954314
3 0.15892857142857142 0.05901015228426396 0.010714285714285714 0.011421319796954314
3 0.1575 0.04631979695431472 0.010714285714285714 0.011421319796954314
3 0.17892857142857144 0.06091370558375635 0.010714285714285714 0.012690355329949238
3 0.20642857142857143 0.08756345177664974 0.011428571428571429 0.012690355329949238
3 0.19642857142857142 0.09137055837563451 0.008571428571428572 0.012690355329949238
4 0.13607142857142857 0.04060913705583756 0.010714285714285714 0.012690355329949238
3 0.07964285714285714 0.006979695431472081 0.009285714285714286 0.008883248730964468
3 0.019642857142857142 0.08565989847715735 0.019285714285714285 0.011421319796954314
3 0.014642857142857143 0.08312182741116751 0.015 0.011421319796954314
3 0.02 0.09390862944162437 0.015714285714285715 0.012690355329949238
3 0.0275 0.09454314720812183 0.019285714285714285 0.013959390862944163
3 0.03214285714285714 0.10088832487309644 0.018571428571428572 0.013959390862944163
3 0.01107142857142857 0.41941624365482233 0.02214285714285714 0.02918781725888325
5 0.2057142857142857 0.11040609137055837 0.025714285714285714 0.03299492385786802
6 0.22142857142857142 0.49238578680203043 0.01 0.030456852791878174
1 0.5296428571428572 0.7151015228426396 0.0064285714285714285 0.021573604060913704
1 0.5182142857142857 0.6973350253807107 0.0064285714285714285 0.021573604060913704
9 0.5303571428571429 0.7220812182741116 0.009285714285714286 0.025380710659898477
9 0.5175 0.7024111675126904 0.009285714285714286 0.021573604060913704
5 0.45071428571428573 0.0532994923857868 0.03571428571428571 0.025380710659898477
4 0.030357142857142857 0.5095177664974619 0.03785714285714286 0.031725888324873094
3 0.024642857142857143 0.6763959390862944 0.04928571428571429 0.04314720812182741
3 0.016428571428571428 0.7100253807106599 0.032857142857142856 0.03934010152284264
0 0.003928571428571429 0.4631979695431472 0.007857142857142858 0.030456852791878174