4 0.8136743215031316 0.9304267161410018 0.16910229645093947 0.137291280148423
3 0.2139874739039666 0.9160482374768089 0.12317327766179541 0.1660482374768089
7 0.49582463465553234 0.7829313543599258 0.08663883089770355 0.2077922077922078
7 0.3987473903966597 0.474025974025974 0.037578288100208766 0.06493506493506493
4 0.40657620041753656 0.4230055658627087 0.03549060542797495 0.055658627087198514
3 0.5401878914405011 0.44155844155844154 0.03653444676409186 0.055658627087198514
3 0.712160751565762 0.6702226345083488 0.09029227557411273 0.11595547309833024
3 0.6268267223382046 0.6382189239332097 0.09394572025052192 0.08719851576994433
3 0.7445198329853863 0.5983302411873841 0.1080375782881002 0.07977736549165121
3 0.6670146137787056 0.5658627087198516 0.08977035490605428 0.06307977736549165
4 0.7025052192066806 0.5162337662337663 0.06993736951983298 0.06771799628942486
3 0.5991649269311065 0.46938775510204084 0.05219206680584551 0.059369202226345084
3 0.6696242171189979 0.44341372912801486 0.0720250521920668 0.05009276437847866
3 0.6205636743215032 0.41883116883116883 0.061586638830897704 0.039888682745825604
3 0.4538100208768267 0.3205009276437848 0.01722338204592902 0.038033395176252316
4 0.4809498956158664 0.3409090909090909 0.030793319415448852 0.05287569573283859
9 0.8272442588726514 0.6340445269016698 0.025052192066805846 0.05287569573283859
0 0.7700939457202505 0.537569573283859 0.012004175365344467 0.05844155844155844
1 0.7197286012526096 0.5477736549165121 0.017745302713987474 0.032467532467532464
3 0.7006784968684759 0.5041743970315399 0.08402922755741127 0.05287569573283859
0 0.630741127348643 0.47912801484230055 0.010960334029227558 0.05287569573283859
0 0.598643006263048 0.48330241187384043 0.011482254697286013 0.04823747680890538
0 0.6260438413361169 0.40213358070500926 0.010960334029227558 0.038033395176252316
0 0.6169102296450939 0.400278293135436 0.010438413361169102 0.038033395176252316
1 0.7241649269311065 0.4322820037105751 0.015135699373695199 0.03896103896103896
9 0.7241649269311065 0.4457328385899815 0.01826722338204593 0.032467532467532464
0 0.8061064718162839 0.5853432282003711 0.015135699373695199 0.0686456400742115
0 0.7907098121085595 0.5732838589981447 0.016701461377870562 0.0575139146567718
1 0.802713987473904 0.5987940630797773 0.018789144050104383 0.04916512059369202
3 0.04384133611691023 0.5412801484230055 0.08037578288100208 0.09369202226345083
5 0.4697286012526096 0.2815398886827458 0.031315240083507306 0.06586270871985157
5 0.5026096033402923 0.19805194805194806 0.015657620041753653 0.030612244897959183
7 0.5681106471816284 0.24675324675324675 0.024530271398747392 0.025974025974025976
7 0.5897703549060542 0.2722634508348794 0.013569937369519834 0.030612244897959183
7 0.6163883089770354 0.2782931354359926 0.032359081419624215 0.025974025974025976
7 0.6351774530271399 0.27690166975881264 0.014613778705636743 0.03432282003710575
7 0.6148225469728601 0.27782931354359924 0.032359081419624215 0.02504638218923933
7 0.6145615866388309 0.2750463821892393 0.03392484342379958 0.0287569573283859
7 0.6049060542797495 0.26391465677179965 0.013569937369519834 0.01948051948051948
0 0.5900313152400835 0.26159554730983303 0.007828810020876827 0.022263450834879406
9 0.5996868475991649 0.25556586270871984 0.010438413361169102 0.013914656771799629
7 0.6150835073068893 0.24675324675324675 0.009916492693110648 0.01855287569573284
3 0.5386221294363257 0.18831168831168832 0.007306889352818371 0.011131725417439703
3 0.5725469728601252 0.20083487940630798 0.020876826722338204 0.013914656771799629
3 0.5707202505219207 0.1971243042671614 0.016179540709812108 0.013914656771799629
4 0.5717640918580376 0.19434137291280149 0.015135699373695199 0.013914656771799629
4 0.5720250521920668 0.1859925788497217 0.016701461377870562 0.013914656771799629
3 0.5542797494780793 0.19202226345083487 0.015657620041753653 0.014842300556586271
4 0.5568893528183716 0.18320964749536178 0.013569937369519834 0.013914656771799629
4 0.5647181628392485 0.17717996289424862 0.011482254697286013 0.012987012987012988
9 0.519572025052192 0.17857142857142858 0.0036534446764091857 0.006493506493506494
9 0.5326200417536534 0.18692022263450836 0.0026096033402922755 0.008348794063079777
1 0.5323590814196242 0.18460111317254174 0.0020876826722338203 0.0074211502782931356
1 0.5198329853862212 0.17717996289424862 0.0020876826722338203 0.0074211502782931356
3 0.5099164926931107 0.18274582560296845 0.006263048016701462 0.011131725417439703
3 0.5096555323590815 0.18042671614100186 0.006784968684759917 0.012059369202226345
3 0.517223382045929 0.161873840445269 0.005219206680584551 0.01020408163265306
3 0.5511482254697286 0.16094619666048238 0.008350730688935281 0.006493506493506494
5 0.5401878914405011 0.15955473098330242 0.012526096033402923 0.02040816326530612
3 0.531054279749478 0.1461038961038961 0.0036534446764091857 0.006493506493506494