4 0.22426470588235295 0.657516339869281 0.09411764705882353 0.11241830065359477
8 0.34816176470588234 0.6836601307189543 0.2286764705882353 0.2326797385620915
8 0.36580882352941174 0.7934640522875817 0.2933823529411765 0.3241830065359477
3 0.7345588235294118 0.3993464052287582 0.023529411764705882 0.027450980392156862
3 0.8375 0.3333333333333333 0.010294117647058823 0.018300653594771243
3 0.6220588235294118 0.5254901960784314 0.03676470588235294 0.036601307189542485
3 0.7091911764705883 0.4647058823529412 0.03602941176470588 0.030065359477124184
3 0.8069852941176471 0.3627450980392157 0.019852941176470587 0.030065359477124184
3 0.7246323529411764 0.4392156862745098 0.028676470588235293 0.036601307189542485
3 0.7459558823529412 0.4235294117647059 0.021323529411764706 0.02875816993464052
3 0.7823529411764706 0.40261437908496733 0.020588235294117647 0.03398692810457516
3 0.763235294117647 0.4111111111111111 0.022058823529411766 0.040522875816993466
0 0.4496323529411765 0.44901960784313727 0.009558823529411765 0.043137254901960784
3 0.8639705882352942 0.3026143790849673 0.01911764705882353 0.01699346405228758
3 0.8900735294117647 0.3130718954248366 0.009558823529411765 0.011764705882352941
6 0.7547794117647059 0.34248366013071896 0.0125 0.02091503267973856