5 0.5754175365344467 0.16975881261595546 0.10594989561586639 0.20037105751391465
3 0.6534446764091858 0.06679035250463822 0.04279749478079332 0.06493506493506493
5 0.6818893528183716 0.016233766233766232 0.03496868475991649 0.032467532467532464
6 0.9491127348643006 0.07050092764378478 0.031837160751565764 0.04081632653061224
6 0.8768267223382046 0.1725417439703154 0.04488517745302714 0.04081632653061224
6 0.886482254697286 0.1572356215213358 0.03496868475991649 0.032467532467532464
6 0.8987473903966597 0.15445269016697588 0.03966597077244259 0.036178107606679034
9 0.7849686847599165 0.08070500927643785 0.010438413361169102 0.027829313543599257
6 0.8366388308977035 0.29359925788497215 0.055323590814196244 0.07328385899814471
9 0.7907098121085595 0.3297773654916512 0.019832985386221295 0.032467532467532464
0 0.9744258872651357 0.19619666048237477 0.012526096033402923 0.041743970315398886
6 0.9475469728601252 0.387291280148423 0.02661795407098121 0.07142857142857142
4 0.798277661795407 0.6711502782931354 0.04645093945720251 0.11038961038961038
0 0.7847077244258872 0.6628014842300557 0.009916492693110648 0.0287569573283859
3 0.4451983298538622 0.5691094619666048 0.060542797494780795 0.11038961038961038
3 0.5375782881002088 0.6934137291280148 0.05219206680584551 0.12523191094619665
3 0.5994258872651357 0.5607606679035251 0.07359081419624217 0.10667903525046382
9 0.6651878914405011 0.634508348794063 0.024530271398747392 0.04081632653061224
9 0.706419624217119 0.5589053803339518 0.02661795407098121 0.036178107606679034
4 0.6325678496868476 0.4897959183673469 0.06367432150313153 0.08348794063079777
4 0.6850208768267223 0.4076994434137291 0.054801670146137786 0.08812615955473098
9 0.636482254697286 0.3752319109461967 0.0255741127348643 0.0287569573283859
0 0.5404488517745303 0.9355287569573284 0.005741127348643006 0.0287569573283859
6 0.24947807933194155 0.7286641929499073 0.03444676409185804 0.06029684601113173
2 0.2925365344467641 0.6558441558441559 0.02348643006263048 0.02411873840445269
9 0.23251565762004175 0.6790352504638218 0.02870563674321503 0.04081632653061224
3 0.3729123173277662 0.5306122448979592 0.061064718162839246 0.10946196660482375
0 0.2914926931106472 0.45037105751391465 0.009916492693110648 0.017625231910946195
4 0.4527661795407098 0.413265306122449 0.049582463465553235 0.0862708719851577
0 0.015918580375782882 0.31957328385899814 0.010960334029227558 0.023191094619666047
9 0.0918580375782881 0.8687384044526901 0.030271398747390398 0.04359925788497217