9 0.5292857142857142 0.7277918781725888 0.015714285714285715 0.04187817258883249
3 0.47 0.4263959390862944 0.02 0.04568527918781726
3 0.6335714285714286 0.26649746192893403 0.027142857142857142 0.05583756345177665
5 0.6817857142857143 0.23223350253807107 0.05357142857142857 0.14213197969543148
5 0.7425 0.3293147208121827 0.04642857142857143 0.11040609137055837
5 0.72 0.23794416243654823 0.025714285714285714 0.05710659898477157
3 0.5285714285714286 0.1618020304568528 0.02142857142857143 0.046954314720812185
9 0.4525 0.2848984771573604 0.009285714285714286 0.0266497461928934
9 0.4257142857142857 0.157994923857868 0.01 0.02918781725888325
3 0.4135714285714286 0.07804568527918782 0.018571428571428572 0.044416243654822336
3 0.19964285714285715 0.16751269035532995 0.016428571428571428 0.04060913705583756