3 0.4735714285714286 0.8699238578680203 0.047142857142857146 0.1865482233502538
3 0.5692857142857143 0.6313451776649747 0.04857142857142857 0.15101522842639595
3 0.5857142857142857 0.48350253807106597 0.04 0.11421319796954314
3 0.5857142857142857 0.3686548223350254 0.03571428571428571 0.10025380710659898
3 0.4367857142857143 0.19733502538071065 0.03642857142857143 0.0799492385786802
3 0.4203571428571429 0.2848984771573604 0.04357142857142857 0.0850253807106599
4 0.5017857142857143 0.2182741116751269 0.04214285714285714 0.10406091370558376
5 0.5646428571428571 0.8356598984771574 0.055 0.217005076142132
5 0.3967857142857143 0.3953045685279188 0.07642857142857143 0.16370558375634517
5 0.5982142857142857 0.23921319796954316 0.047857142857142855 0.14086294416243655
5 0.6078571428571429 0.0850253807106599 0.045714285714285714 0.1649746192893401
0 0.6975 0.1446700507614213 0.013571428571428571 0.04314720812182741
0 0.6882142857142857 0.791243654822335 0.016428571428571428 0.05710659898477157
0 0.25357142857142856 0.7404822335025381 0.02142857142857143 0.044416243654822336
9 0.27964285714285714 0.7715736040609137 0.04357142857142857 0.06598984771573604
9 0.22678571428571428 0.8451776649746193 0.04357142857142857 0.0532994923857868
1 0.28464285714285714 0.7645939086294417 0.023571428571428573 0.03934010152284264
0 0.38607142857142857 0.2918781725888325 0.012142857142857143 0.04568527918781726
0 0.37 0.28743654822335024 0.011428571428571429 0.046954314720812185
0 0.3067857142857143 0.5501269035532995 0.010714285714285714 0.031725888324873094
0 0.32285714285714284 0.5374365482233503 0.008571428571428572 0.031725888324873094
0 0.31214285714285717 0.5393401015228426 0.011428571428571429 0.048223350253807105