3 0.8242857142857143 0.9498730964467005 0.04285714285714286 0.04949238578680203
5 0.4303571428571429 0.8134517766497462 0.04642857142857143 0.1700507614213198
3 0.4725 0.799492385786802 0.025 0.07360406091370558
3 0.5428571428571428 0.7696700507614214 0.024285714285714285 0.06218274111675127
3 0.5675 0.7626903553299492 0.02642857142857143 0.07360406091370558
3 0.56 0.6072335025380711 0.02142857142857143 0.05203045685279188
8 0.44857142857142857 0.35279187817258884 0.037142857142857144 0.14213197969543148
8 0.5075 0.37944162436548223 0.047857142857142855 0.14974619289340102
3 0.4667857142857143 0.2639593908629442 0.020714285714285713 0.06091370558375635
3 0.42392857142857143 0.07868020304568528 0.013571428571428571 0.03553299492385787
3 0.36857142857142855 0.04378172588832487 0.017142857142857144 0.046954314720812185