3 0.18428571428571427 0.9130710659898477 0.04428571428571428 0.0850253807106599
3 0.47785714285714287 0.8870558375634517 0.03428571428571429 0.1065989847715736
3 0.6185714285714285 0.8578680203045685 0.04285714285714286 0.11421319796954314
3 0.5421428571428571 0.42956852791878175 0.02 0.044416243654822336
3 0.42678571428571427 0.6053299492385786 0.03357142857142857 0.0532994923857868
3 0.5807142857142857 0.6218274111675127 0.03 0.08375634517766498
3 0.5685714285714286 0.47906091370558374 0.02142857142857143 0.05203045685279188
3 0.48714285714285716 0.4460659898477157 0.02 0.05710659898477157
3 0.5075 0.3470812182741117 0.015 0.03680203045685279
3 0.12107142857142857 0.4035532994923858 0.020714285714285713 0.02284263959390863
3 0.1382142857142857 0.4143401015228426 0.020714285714285713 0.0266497461928934
3 0.5410714285714285 0.2563451776649746 0.015 0.02284263959390863
3 0.5767857142857142 0.25 0.013571428571428571 0.027918781725888325
3 0.6139285714285714 0.19225888324873097 0.010714285714285714 0.01649746192893401
3 0.7782142857142857 0.3369289340101523 0.020714285714285713 0.021573604060913704
3 0.7292857142857143 0.35152284263959394 0.02142857142857143 0.02284263959390863
3 0.8046428571428571 0.32741116751269034 0.019285714285714285 0.02284263959390863
3 0.8339285714285715 0.32423857868020306 0.02214285714285714 0.01903553299492386
3 0.5689285714285715 0.21383248730964466 0.013571428571428571 0.01903553299492386
3 0.5703571428571429 0.19606598984771573 0.016428571428571428 0.01903553299492386
3 0.6367857142857143 0.14403553299492386 0.010714285714285714 0.013959390862944163
3 0.6478571428571429 0.14657360406091371 0.011428571428571429 0.01649746192893401
3 0.6925 0.125 0.010714285714285714 0.013959390862944163
3 0.8132142857142857 0.08565989847715735 0.007857142857142858 0.008883248730964468
3 0.8664285714285714 0.07614213197969544 0.01 0.01015228426395939
3 0.8107142857142857 0.09200507614213198 0.008571428571428572 0.008883248730964468
3 0.7710714285714285 0.10596446700507614 0.009285714285714286 0.011421319796954314
3 0.8846428571428572 0.06789340101522842 0.0064285714285714285 0.008883248730964468
3 0.8935714285714286 0.06345177664974619 0.005714285714285714 0.01015228426395939
3 0.9157142857142857 0.06091370558375635 0.004285714285714286 0.005076142131979695
3 0.41214285714285714 0.9663705583756346 0.04 0.06472081218274112
8 0.4692857142857143 0.3629441624365482 0.032857142857142856 0.09898477157360407
8 0.7489285714285714 0.12373096446700507 0.025 0.031725888324873094
8 0.7032142857142857 0.1313451776649746 0.02214285714285714 0.031725888324873094
5 0.6 0.2519035532994924 0.018571428571428572 0.04187817258883249
5 0.5110714285714286 0.26713197969543145 0.02214285714285714 0.04187817258883249
5 0.6646428571428571 0.16116751269035534 0.020714285714285713 0.027918781725888325
5 0.8475 0.07868020304568528 0.013571428571428571 0.02284263959390863
5 0.8728571428571429 0.1351522842639594 0.011428571428571429 0.021573604060913704
4 0.6278571428571429 0.19923857868020303 0.014285714285714285 0.02284263959390863
8 0.7671428571428571 0.38071065989847713 0.02857142857142857 0.03807106598984772