0 0.6947916666666667 0.9601851851851851 0.009375 0.05
9 0.6796875 0.9398148148148148 0.020833333333333332 0.03148148148148148
1 0.5364583333333334 0.9736111111111111 0.0125 0.03611111111111111
9 0.5364583333333334 0.9828703703703704 0.007291666666666667 0.03425925925925926
1 0.5192708333333333 0.9462962962962963 0.010416666666666666 0.046296296296296294
3 0.5091145833333334 0.9560185185185185 0.04010416666666667 0.08425925925925926
1 0.4088541666666667 0.9879629629629629 0.0125 0.024074074074074074
1 0.39348958333333334 0.9671296296296297 0.0109375 0.021296296296296296
9 0.3924479166666667 0.9791666666666666 0.013020833333333334 0.041666666666666664
3 0.44947916666666665 0.8847222222222222 0.0375 0.075
0 0.4075520833333333 0.9 0.008854166666666666 0.04259259259259259
6 0.4171875 0.9078703703703703 0.01875 0.041666666666666664
9 0.5533854166666666 0.8837962962962963 0.008854166666666666 0.04351851851851852
1 0.5375 0.8680555555555556 0.009375 0.04351851851851852
9 0.5411458333333333 0.8731481481481481 0.010416666666666666 0.044444444444444446
3 0.3658854166666667 0.9263888888888889 0.03697916666666667 0.09907407407407408
1 0.3802083333333333 0.8703703703703703 0.007291666666666667 0.037037037037037035
3 0.32526041666666666 0.8416666666666667 0.059895833333333336 0.06111111111111111
9 0.2830729166666667 0.7523148148148148 0.027604166666666666 0.021296296296296296
7 0.30807291666666664 0.7689814814814815 0.033854166666666664 0.041666666666666664
3 0.36276041666666664 0.7435185185185185 0.05572916666666667 0.04814814814814815
3 0.40520833333333334 0.7129629629629629 0.027083333333333334 0.053703703703703705
2 0.5434895833333333 0.8226851851851852 0.016145833333333335 0.023148148148148147
0 0.55234375 0.7222222222222222 0.0067708333333333336 0.03518518518518519
0 0.5338541666666666 0.7069444444444445 0.004166666666666667 0.03611111111111111
2 0.5200520833333333 0.7898148148148149 0.0036458333333333334 0.03148148148148148
0 0.5171875 0.7824074074074074 0.007291666666666667 0.03888888888888889
0 0.5114583333333333 0.7856481481481481 0.007291666666666667 0.030555555555555555
1 0.50390625 0.788425925925926 0.0046875 0.017592592592592594
1 0.5005208333333333 0.7791666666666667 0.007291666666666667 0.041666666666666664
2 0.5052083333333334 0.7907407407407407 0.005208333333333333 0.03333333333333333
1 0.4830729166666667 0.7703703703703704 0.0067708333333333336 0.016666666666666666
1 0.48411458333333335 0.7601851851851852 0.008854166666666666 0.025925925925925925
9 0.4830729166666667 0.7726851851851851 0.0067708333333333336 0.026851851851851852
1 0.4786458333333333 0.725925925925926 0.008333333333333333 0.022222222222222223
9 0.4791666666666667 0.7379629629629629 0.00625 0.025925925925925925
1 0.5015625 0.6856481481481481 0.00625 0.021296296296296296
1 0.5036458333333333 0.6856481481481481 0.004166666666666667 0.01574074074074074
9 0.5015625 0.7 0.00625 0.024074074074074074
7 0.5502604166666667 0.6777777777777778 0.016145833333333335 0.037037037037037035
1 0.5611979166666666 0.6611111111111111 0.005729166666666666 0.016666666666666666
3 0.52421875 0.6662037037037037 0.022395833333333334 0.04722222222222222
3 0.48072916666666665 0.6435185185185185 0.022916666666666665 0.046296296296296294
9 0.5341145833333333 0.6319444444444444 0.0171875 0.025
9 0.55 0.6259259259259259 0.013541666666666667 0.018518518518518517
0 0.5440104166666667 0.6129629629629629 0.005729166666666666 0.022222222222222223
0 0.5354166666666667 0.6203703703703703 0.005208333333333333 0.022222222222222223
1 0.48984375 0.6787037037037037 0.0078125 0.020370370370370372
9 0.48932291666666666 0.6875 0.0067708333333333336 0.025
0 0.4661458333333333 0.6712962962962963 0.007291666666666667 0.03333333333333333
1 0.5380208333333333 0.5976851851851852 0.005208333333333333 0.019444444444444445
1 0.540625 0.5967592592592592 0.005208333333333333 0.013888888888888888
9 0.5390625 0.6064814814814815 0.010416666666666666 0.014814814814814815
3 0.5424479166666667 0.5856481481481481 0.0171875 0.032407407407407406
7 0.5166666666666667 0.6037037037037037 0.0125 0.03888888888888889
1 0.503125 0.5726851851851852 0.00625 0.017592592592592594
2 0.5033854166666667 0.5851851851851851 0.005729166666666666 0.016666666666666666
7 0.45703125 0.5986111111111111 0.013020833333333334 0.03611111111111111
1 0.43463541666666666 0.6537037037037037 0.0078125 0.018518518518518517
9 0.4348958333333333 0.6685185185185185 0.005208333333333333 0.018518518518518517
9 0.38671875 0.6787037037037037 0.0109375 0.02962962962962963
0 0.421875 0.6296296296296297 0.00625 0.03148148148148148
0 0.41796875 0.6305555555555555 0.005729166666666666 0.027777777777777776
1 0.3997395833333333 0.6351851851851852 0.005729166666666666 0.027777777777777776
9 0.39817708333333335 0.6402777777777777 0.013020833333333334 0.021296296296296296
1 0.4315104166666667 0.5976851851851852 0.005729166666666666 0.025
9 0.43125 0.6087962962962963 0.00625 0.021296296296296296
1 0.4432291666666667 0.5689814814814815 0.005208333333333333 0.019444444444444445
9 0.4432291666666667 0.5787037037037037 0.00625 0.016666666666666666
3 0.4622395833333333 0.5347222222222222 0.016145833333333335 0.030555555555555555
3 0.5408854166666667 0.5472222222222223 0.0171875 0.027777777777777776
9 0.5364583333333334 0.5259259259259259 0.015625 0.014814814814814815
3 0.5346354166666667 0.49907407407407406 0.015104166666666667 0.03148148148148148
3 0.52890625 0.4583333333333333 0.011979166666666667 0.024074074074074074
3 0.5200520833333333 0.4393518518518518 0.0171875 0.023148148148148147
0 0.5192708333333333 0.4583333333333333 0.005208333333333333 0.020370370370370372
1 0.5072916666666667 0.5032407407407408 0.00625 0.012037037037037037
1 0.5065104166666666 0.49537037037037035 0.005729166666666666 0.016666666666666666
9 0.50625 0.5046296296296297 0.005208333333333333 0.014814814814814815
1 0.49947916666666664 0.4837962962962963 0.00625 0.012037037037037037
1 0.49895833333333334 0.48194444444444445 0.00625 0.013888888888888888
9 0.49921875 0.4912037037037037 0.0046875 0.013888888888888888
1 0.4981770833333333 0.46296296296296297 0.0046875 0.011111111111111112
9 0.4979166666666667 0.47129629629629627 0.004166666666666667 0.012962962962962963
0 0.50625 0.4550925925925926 0.004166666666666667 0.023148148148148147
2 0.5088541666666667 0.4583333333333333 0.004166666666666667 0.018518518518518517
1 0.496875 0.44722222222222224 0.004166666666666667 0.009259259259259259
9 0.49609375 0.45416666666666666 0.0036458333333333334 0.013888888888888888
1 0.48828125 0.47824074074074074 0.0046875 0.013888888888888888
9 0.48776041666666664 0.48657407407407405 0.0036458333333333334 0.012037037037037037
1 0.46770833333333334 0.46435185185185185 0.003125 0.010185185185185186
9 0.46822916666666664 0.47175925925925927 0.004166666666666667 0.017592592592592594
1 0.4627604166666667 0.46620370370370373 0.0036458333333333334 0.013888888888888888
9 0.4627604166666667 0.47453703703703703 0.0036458333333333334 0.012037037037037037
9 0.41640625 0.6041666666666666 0.0067708333333333336 0.023148148148148147
0 0.425 0.5731481481481482 0.005208333333333333 0.027777777777777776
0 0.4192708333333333 0.575925925925926 0.00625 0.024074074074074074
0 0.43671875 0.5592592592592592 0.0067708333333333336 0.027777777777777776
3 0.42161458333333335 0.5574074074074075 0.0171875 0.025925925925925925
3 0.42734375 0.5236111111111111 0.016145833333333335 0.032407407407407406
3 0.42630208333333336 0.49444444444444446 0.016145833333333335 0.02962962962962963
3 0.440625 0.48194444444444445 0.013541666666666667 0.026851851851851852
0 0.44973958333333336 0.4861111111111111 0.0036458333333333334 0.022222222222222223
3 0.43515625 0.44814814814814813 0.013020833333333334 0.025925925925925925
4 0.44244791666666666 0.412962962962963 0.011979166666666667 0.020370370370370372
3 0.4466145833333333 0.3976851851851852 0.011979166666666667 0.019444444444444445
3 0.51640625 0.42083333333333334 0.011979166666666667 0.021296296296296296
9 0.5260416666666666 0.4009259259259259 0.0125 0.014814814814814815
0 0.35703125 0.6888888888888889 0.0067708333333333336 0.037037037037037035
0 0.3411458333333333 0.6060185185185185 0.00625 0.030555555555555555
0 0.29453125 0.6953703703703704 0.009895833333333333 0.037037037037037035
0 0.28046875 0.6981481481481482 0.0078125 0.03148148148148148
0 0.2752604166666667 0.6981481481481482 0.008854166666666666 0.02962962962962963
1 0.23411458333333332 0.6703703703703704 0.008854166666666666 0.020370370370370372
0 0.16979166666666667 0.7023148148148148 0.007291666666666667 0.03796296296296296
3 0.13880208333333333 0.7189814814814814 0.05677083333333333 0.03611111111111111
0 0.06302083333333333 0.687037037037037 0.005208333333333333 0.022222222222222223
0 0.06640625 0.6810185185185185 0.005729166666666666 0.026851851851851852
1 0.07916666666666666 0.6587962962962963 0.008333333333333333 0.026851851851851852
1 0.08776041666666666 0.65 0.0067708333333333336 0.022222222222222223
9 0.048177083333333336 0.637962962962963 0.009895833333333333 0.02962962962962963
9 0.04010416666666667 0.6365740740740741 0.008333333333333333 0.026851851851851852
9 0.17135416666666667 0.6268518518518519 0.009375 0.025925925925925925
0 0.2557291666666667 0.5708333333333333 0.005208333333333333 0.028703703703703703
9 0.26927083333333335 0.562037037037037 0.0125 0.016666666666666666
1 0.24114583333333334 0.5648148148148148 0.00625 0.025925925925925925
9 0.23984375 0.5703703703703704 0.0109375 0.014814814814814815
9 0.25104166666666666 0.5583333333333333 0.0125 0.014814814814814815
9 0.2755208333333333 0.5365740740740741 0.015625 0.01574074074074074
1 0.3255208333333333 0.5375 0.00625 0.019444444444444445
9 0.2869791666666667 0.5171296296296296 0.010416666666666666 0.019444444444444445
1 0.34088541666666666 0.5078703703703704 0.0046875 0.013888888888888888
1 0.34322916666666664 0.5032407407407408 0.005208333333333333 0.01574074074074074
1 0.3333333333333333 0.5046296296296297 0.004166666666666667 0.011111111111111112
1 0.3341145833333333 0.49907407407407406 0.0046875 0.012962962962962963
1 0.32786458333333335 0.49027777777777776 0.005729166666666666 0.012037037037037037
1 0.32916666666666666 0.48518518518518516 0.005208333333333333 0.012962962962962963
1 0.353125 0.4787037037037037 0.005208333333333333 0.014814814814814815
1 0.34453125 0.4773148148148148 0.0046875 0.013888888888888888
1 0.3372395833333333 0.4759259259259259 0.0036458333333333334 0.012962962962962963
9 0.33151041666666664 0.4689814814814815 0.0140625 0.017592592592592594
2 0.33229166666666665 0.4462962962962963 0.011458333333333333 0.014814814814814815
9 0.359375 0.4638888888888889 0.010416666666666666 0.016666666666666666
1 0.49505208333333334 0.38472222222222224 0.0036458333333333334 0.012037037037037037
9 0.4942708333333333 0.3902777777777778 0.004166666666666667 0.013888888888888888
1 0.4986979166666667 0.3768518518518518 0.0036458333333333334 0.009259259259259259
9 0.49921875 0.38333333333333336 0.0046875 0.012962962962962963
3 0.4510416666666667 0.3611111111111111 0.0125 0.020370370370370372
4 0.3536458333333333 0.3453703703703704 0.011458333333333333 0.020370370370370372
9 0.365625 0.3699074074074074 0.010416666666666666 0.012037037037037037
3 0.5033854166666667 0.20879629629629629 0.0046875 0.006481481481481481
1 0.48828125 0.21666666666666667 0.0036458333333333334 0.005555555555555556
9 0.48854166666666665 0.22037037037037038 0.003125 0.005555555555555556
3 0.43255208333333334 0.2337962962962963 0.0067708333333333336 0.008333333333333333
4 0.43828125 0.2375 0.005729166666666666 0.010185185185185186
3 0.44453125 0.2361111111111111 0.008854166666666666 0.005555555555555556
3 0.49713541666666666 0.22268518518518518 0.0046875 0.006481481481481481
7 0.50234375 0.23148148148148148 0.0026041666666666665 0.007407407407407408
4 0.5098958333333333 0.22962962962962963 0.005208333333333333 0.007407407407407408
1 0.49635416666666665 0.2337962962962963 0.0020833333333333333 0.006481481481481481
9 0.49661458333333336 0.23842592592592593 0.0026041666666666665 0.006481481481481481
3 0.5106770833333333 0.23703703703703705 0.0046875 0.007407407407407408
3 0.50078125 0.24444444444444444 0.0046875 0.011111111111111112
3 0.48984375 0.24166666666666667 0.0046875 0.007407407407407408
3 0.490625 0.25092592592592594 0.005208333333333333 0.009259259259259259
0 0.49557291666666664 0.24583333333333332 0.0015625 0.010185185185185186
0 0.5015625 0.25787037037037036 0.0020833333333333333 0.010185185185185186
0 0.4986979166666667 0.2564814814814815 0.0026041666666666665 0.011111111111111112
1 0.4979166666666667 0.3388888888888889 0.003125 0.007407407407407408
9 0.4979166666666667 0.3435185185185185 0.004166666666666667 0.009259259259259259
1 0.4940104166666667 0.33425925925925926 0.0026041666666666665 0.009259259259259259
9 0.4942708333333333 0.34074074074074073 0.0020833333333333333 0.007407407407407408
0 0.49114583333333334 0.32592592592592595 0.0020833333333333333 0.014814814814814815
0 0.49192708333333335 0.32407407407407407 0.0026041666666666665 0.011111111111111112
1 0.48932291666666666 0.31805555555555554 0.0036458333333333334 0.006481481481481481
9 0.4890625 0.3236111111111111 0.003125 0.006481481481481481
1 0.5018229166666667 0.2912037037037037 0.0026041666666666665 0.006481481481481481
9 0.5015625 0.2967592592592593 0.0020833333333333333 0.008333333333333333
1 0.4984375 0.287962962962963 0.0020833333333333333 0.005555555555555556
9 0.4986979166666667 0.29305555555555557 0.0026041666666666665 0.008333333333333333
1 0.5 0.2810185185185185 0.0020833333333333333 0.008333333333333333
9 0.49947916666666664 0.2851851851851852 0.0020833333333333333 0.005555555555555556
1 0.49973958333333335 0.26666666666666666 0.0026041666666666665 0.005555555555555556
9 0.49973958333333335 0.2712962962962963 0.0026041666666666665 0.005555555555555556
1 0.49505208333333334 0.2814814814814815 0.0026041666666666665 0.005555555555555556
9 0.49505208333333334 0.28564814814814815 0.0026041666666666665 0.006481481481481481
1 0.4953125 0.2740740740740741 0.0020833333333333333 0.005555555555555556
1 0.49583333333333335 0.2675925925925926 0.0020833333333333333 0.003703703703703704
9 0.49661458333333336 0.27361111111111114 0.0026041666666666665 0.006481481481481481
1 0.49609375 0.2564814814814815 0.0026041666666666665 0.005555555555555556
9 0.49635416666666665 0.26064814814814813 0.0020833333333333333 0.006481481481481481
1 0.49296875 0.30648148148148147 0.0026041666666666665 0.007407407407407408
9 0.49296875 0.3101851851851852 0.0036458333333333334 0.007407407407407408
3 0.49192708333333335 0.2972222222222222 0.0067708333333333336 0.012962962962962963
1 0.4828125 0.29305555555555557 0.003125 0.006481481481481481
9 0.48333333333333334 0.29907407407407405 0.003125 0.007407407407407408
1 0.48932291666666666 0.27361111111111114 0.0026041666666666665 0.006481481481481481
9 0.4890625 0.2791666666666667 0.0020833333333333333 0.006481481481481481
1 0.49166666666666664 0.26666666666666666 0.0020833333333333333 0.005555555555555556
9 0.49166666666666664 0.27037037037037037 0.0020833333333333333 0.007407407407407408
3 0.48359375 0.2722222222222222 0.0067708333333333336 0.011111111111111112
1 0.48463541666666665 0.21712962962962962 0.0015625 0.002777777777777778
9 0.48489583333333336 0.2199074074074074 0.0020833333333333333 0.004629629629629629
3 0.4739583333333333 0.2662037037037037 0.00625 0.010185185185185186
0 0.47552083333333334 0.27175925925925926 0.003125 0.010185185185185186
3 0.47109375 0.28379629629629627 0.005729166666666666 0.010185185185185186
0 0.47369791666666666 0.2875 0.0026041666666666665 0.012037037037037037
1 0.47578125 0.30277777777777776 0.0026041666666666665 0.005555555555555556
9 0.47604166666666664 0.30694444444444446 0.0020833333333333333 0.008333333333333333
1 0.47369791666666666 0.30787037037037035 0.0026041666666666665 0.008333333333333333
9 0.47369791666666666 0.3125 0.0026041666666666665 0.008333333333333333
0 0.47578125 0.31851851851851853 0.0026041666666666665 0.007407407407407408
1 0.47734375 0.3226851851851852 0.0026041666666666665 0.008333333333333333
9 0.47708333333333336 0.3277777777777778 0.004166666666666667 0.009259259259259259
3 0.46171875 0.3101851851851852 0.0067708333333333336 0.012962962962962963
0 0.46953125 0.32685185185185184 0.0026041666666666665 0.011111111111111112
0 0.47109375 0.3199074074074074 0.0026041666666666665 0.013888888888888888
0 0.46822916666666664 0.3199074074074074 0.003125 0.010185185185185186
0 0.46640625 0.32037037037037036 0.0026041666666666665 0.014814814814814815