3 0.731985294117647 0.9450980392156862 0.1948529411764706 0.10980392156862745
3 0.9573529411764706 0.9588235294117647 0.08235294117647059 0.08235294117647059
5 0.36764705882352944 0.9418300653594771 0.2088235294117647 0.11633986928104575
3 0.14448529411764705 0.9320261437908497 0.20220588235294118 0.13594771241830064
3 0.9540441176470589 0.7431372549019608 0.09191176470588236 0.21830065359477124
4 0.85625 0.6882352941176471 0.08161764705882353 0.1869281045751634
3 0.7444852941176471 0.7477124183006536 0.08602941176470588 0.2169934640522876
3 0.6485294117647059 0.696078431372549 0.060294117647058824 0.16862745098039217
3 0.5419117647058823 0.7019607843137254 0.075 0.21437908496732025
3 0.46544117647058825 0.6882352941176471 0.0661764705882353 0.19477124183006536
3 0.3665441176470588 0.7470588235294118 0.06838235294117648 0.15816993464052287
3 0.28161764705882353 0.7013071895424836 0.0838235294117647 0.2
3 0.12058823529411765 0.7215686274509804 0.07352941176470588 0.14901960784313725
0 0.2893382352941177 0.5986928104575163 0.01838235294117647 0.06797385620915032
0 0.24411764705882352 0.5143790849673202 0.020588235294117647 0.06928104575163399
1 0.24669117647058825 0.5006535947712418 0.0125 0.036601307189542485
6 0.01948529411764706 0.5888888888888889 0.03897058823529412 0.0718954248366013
1 0.02977941176470588 0.592156862745098 0.016911764705882352 0.05751633986928104
0 0.6720588235294118 0.4993464052287582 0.007352941176470588 0.04183006535947712
0 0.6768382352941177 0.465359477124183 0.021323529411764706 0.06797385620915032
0 0.7161764705882353 0.4934640522875817 0.011764705882352941 0.050980392156862744
0 0.8191176470588235 0.5261437908496732 0.026470588235294117 0.07450980392156863
4 0.8738970588235294 0.35555555555555557 0.06985294117647059 0.09411764705882353
3 0.7970588235294118 0.36209150326797385 0.06470588235294118 0.09411764705882353
3 0.7415441176470589 0.36666666666666664 0.06397058823529411 0.10326797385620914
3 0.6577205882352941 0.34705882352941175 0.09044117647058823 0.08496732026143791
1 0.6080882352941176 0.31241830065359477 0.010294117647058823 0.04183006535947712
9 0.60625 0.33464052287581697 0.0125 0.03398692810457516
7 0.5897058823529412 0.38169934640522873 0.023529411764705882 0.09673202614379085
3 0.5665441176470588 0.3281045751633987 0.07867647058823529 0.08627450980392157
6 0.5279411764705882 0.3542483660130719 0.03676470588235294 0.13856209150326798
0 0.5930147058823529 0.29215686274509806 0.008088235294117648 0.043137254901960784
0 0.5830882352941177 0.29150326797385623 0.008823529411764706 0.0392156862745098
0 0.5705882352941176 0.27647058823529413 0.010294117647058823 0.043137254901960784
0 0.5522058823529412 0.2803921568627451 0.013235294117647059 0.043137254901960784
9 0.555514705882353 0.265359477124183 0.022794117647058822 0.03398692810457516
9 0.5334558823529412 0.27450980392156865 0.022794117647058822 0.036601307189542485
0 0.50625 0.34183006535947713 0.0125 0.058823529411764705
0 0.4875 0.41633986928104577 0.010294117647058823 0.043137254901960784
0 0.4863970588235294 0.3411764705882353 0.013970588235294118 0.054901960784313725
0 0.4650735294117647 0.34183006535947713 0.011029411764705883 0.0457516339869281
1 0.42573529411764705 0.3183006535947712 0.010294117647058823 0.02483660130718954
0 0.47757352941176473 0.31633986928104574 0.011029411764705883 0.04183006535947712
0 0.4834558823529412 0.30915032679738563 0.005147058823529412 0.027450980392156862
9 0.9286764705882353 0.6 0.04852941176470588 0.05751633986928104
3 0.9378676470588235 0.36209150326797385 0.07279411764705883 0.08627450980392157
3 0.9761029411764706 0.36470588235294116 0.03455882352941177 0.08104575163398693
7 0.3694852941176471 0.28366013071895424 0.07573529411764705 0.07320261437908497
2 0.40147058823529413 0.25359477124183005 0.022058823529411766 0.04183006535947712
9 0.3830882352941177 0.265359477124183 0.016176470588235296 0.026143790849673203
3 0.37683823529411764 0.24705882352941178 0.013970588235294118 0.036601307189542485
2 0.3448529411764706 0.23071895424836603 0.023529411764705882 0.032679738562091505
0 0.3246323529411765 0.2633986928104575 0.013970588235294118 0.06143790849673202
3 0.30808823529411766 0.2235294117647059 0.08088235294117647 0.06535947712418301
3 0.2639705882352941 0.08366013071895424 0.039705882352941174 0.054901960784313725
3 0.2849264705882353 0.047058823529411764 0.06102941176470588 0.03398692810457516
3 0.2893382352941177 0.023529411764705882 0.05220588235294118 0.03398692810457516
0 0.1974264705882353 0.19084967320261437 0.013970588235294118 0.04967320261437908
3 0.12205882352941176 0.3032679738562091 0.06323529411764706 0.08366013071895424
3 0.061764705882352944 0.29869281045751633 0.07647058823529412 0.08758169934640522
3 0.15845588235294117 0.10522875816993464 0.05661764705882353 0.043137254901960784
3 0.18088235294117647 0.08169934640522876 0.06323529411764706 0.03790849673202614
3 0.19044117647058822 0.06339869281045751 0.06470588235294118 0.040522875816993466
3 0.2073529411764706 0.03529411764705882 0.05588235294117647 0.02875816993464052
3 0.2113970588235294 0.022222222222222223 0.04485294117647059 0.023529411764705882
3 0.02426470588235294 0.06274509803921569 0.04852941176470588 0.047058823529411764
3 0.03823529411764706 0.029411764705882353 0.051470588235294115 0.03529411764705882
3 0.05367647058823529 0.016339869281045753 0.057352941176470586 0.032679738562091505