3 0.5316176470588235 0.8712418300653595 0.041176470588235294 0.11895424836601307
3 0.63125 0.677124183006536 0.04191176470588235 0.10196078431372549
3 0.6205882352941177 0.5725490196078431 0.039705882352941174 0.08888888888888889
3 0.6073529411764705 0.4934640522875817 0.039705882352941174 0.07450980392156863
3 0.36176470588235293 0.6751633986928105 0.08676470588235294 0.09019607843137255
3 0.37169117647058825 0.6006535947712418 0.0713235294117647 0.07973856209150326
3 0.4125 0.5470588235294118 0.060294117647058824 0.08235294117647059
3 0.38566176470588237 0.4843137254901961 0.06985294117647059 0.05359477124183006
3 0.41360294117647056 0.3738562091503268 0.05367647058823529 0.05228758169934641
3 0.4308823529411765 0.21830065359477124 0.025 0.044444444444444446
3 0.46433823529411766 0.16993464052287582 0.016911764705882352 0.036601307189542485
3 0.5172794117647059 0.13790849673202615 0.015441176470588236 0.027450980392156862
3 0.5518382352941177 0.1392156862745098 0.013970588235294118 0.022222222222222223
3 0.5897058823529412 0.3215686274509804 0.022058823529411766 0.0392156862745098
3 0.5849264705882353 0.2784313725490196 0.02426470588235294 0.04183006535947712
3 0.5790441176470589 0.24052287581699347 0.01838235294117647 0.04183006535947712
3 0.5680147058823529 0.1934640522875817 0.016911764705882352 0.03398692810457516
3 0.5466911764705882 0.06209150326797386 0.028676470588235293 0.0196078431372549
3 0.5110294117647058 0.049019607843137254 0.013235294117647059 0.022222222222222223
3 0.4786764705882353 0.07516339869281045 0.013235294117647059 0.027450980392156862
3 0.41801470588235295 0.30392156862745096 0.04338235294117647 0.048366013071895426
3 0.2599264705882353 0.7339869281045751 0.08455882352941177 0.20784313725490197
3 0.4441176470588235 0.19084967320261437 0.03235294117647059 0.02875816993464052
3 0.4404411764705882 0.16339869281045752 0.01764705882352941 0.03398692810457516
3 0.45294117647058824 0.13398692810457516 0.026470588235294117 0.027450980392156862
3 0.4470588235294118 0.11764705882352941 0.014705882352941176 0.03398692810457516
3 0.45 0.08104575163398693 0.030882352941176472 0.02875816993464052
3 0.47316176470588234 0.032679738562091505 0.016911764705882352 0.023529411764705882
3 0.4625 0.041176470588235294 0.011764705882352941 0.022222222222222223
3 0.5466911764705882 0.04183006535947712 0.02426470588235294 0.023529411764705882
3 0.5591911764705882 0.028104575163398694 0.019852941176470587 0.022222222222222223
3 0.4334558823529412 0.049019607843137254 0.02426470588235294 0.022222222222222223
3 0.4172794117647059 0.1065359477124183 0.028676470588235293 0.030065359477124184
3 0.5698529411764706 0.14967320261437908 0.016176470588235296 0.027450980392156862
3 0.5705882352941176 0.17124183006535948 0.016176470588235296 0.03137254901960784
3 0.5588235294117647 0.09607843137254903 0.033823529411764704 0.0196078431372549
3 0.5628676470588235 0.08627450980392157 0.025735294117647058 0.023529411764705882
3 0.5702205882352941 0.0738562091503268 0.02426470588235294 0.027450980392156862
3 0.5411764705882353 0.032679738562091505 0.030882352941176472 0.026143790849673203
3 0.5466911764705882 0.011111111111111112 0.016911764705882352 0.01699346405228758
3 0.5389705882352941 0.00784313725490196 0.016176470588235296 0.01568627450980392
4 0.4808823529411765 0.013725490196078431 0.025 0.0196078431372549
4 0.4128676470588235 0.3333333333333333 0.04779411764705882 0.047058823529411764
4 0.45551470588235293 0.06209150326797386 0.013970588235294118 0.027450980392156862
4 0.5680147058823529 0.0196078431372549 0.027205882352941177 0.02091503267973856
5 0.6852941176470588 0.3869281045751634 0.08970588235294118 0.08104575163398693
5 0.3602941176470588 0.43137254901960786 0.09411764705882353 0.06797385620915032
3 0.8841911764705882 0.8751633986928105 0.08455882352941177 0.09542483660130718
5 0.4349264705882353 0.14705882352941177 0.04044117647058824 0.032679738562091505
0 0.5636029411764706 0.2830065359477124 0.008088235294117648 0.03790849673202614
0 0.6525735294117647 0.28104575163398693 0.009558823529411765 0.03137254901960784
0 0.5272058823529412 0.01568627450980392 0.004411764705882353 0.018300653594771243
0 0.4919117647058823 0.0392156862745098 0.004411764705882353 0.013071895424836602
0 0.49411764705882355 0.06143790849673202 0.0058823529411764705 0.018300653594771243
0 0.4738970588235294 0.1895424836601307 0.005147058823529412 0.026143790849673203
0 0.6205882352941177 0.1895424836601307 0.0058823529411764705 0.026143790849673203
0 0.6279411764705882 0.16470588235294117 0.0058823529411764705 0.023529411764705882
0 0.6941176470588235 0.9758169934640523 0.016176470588235296 0.048366013071895426
9 0.32573529411764707 0.6986928104575163 0.023529411764705882 0.050980392156862744
9 0.3613970588235294 0.5568627450980392 0.021323529411764706 0.044444444444444446
9 0.6202205882352941 0.19607843137254902 0.013970588235294118 0.01568627450980392
9 0.6198529411764706 0.22483660130718955 0.01764705882352941 0.018300653594771243
9 0.6121323529411765 0.2758169934640523 0.019852941176470587 0.018300653594771243
9 0.4944852941176471 0.06601307189542484 0.005147058823529412 0.01437908496732026
9 0.6055147058823529 0.13660130718954247 0.0125 0.01699346405228758
3 0.5779411764705882 0.12941176470588237 0.03235294117647059 0.03137254901960784
0 0.5463235294117647 0.12287581699346405 0.004411764705882353 0.023529411764705882
2 0.6161764705882353 0.2529411764705882 0.016176470588235296 0.01699346405228758
2 0.6172794117647059 0.24248366013071895 0.01838235294117647 0.0196078431372549
9 0.6680147058823529 0.3065359477124183 0.013970588235294118 0.022222222222222223
3 0.5794117647058824 0.0673202614379085 0.026470588235294117 0.01699346405228758
3 0.5794117647058824 0.060784313725490195 0.026470588235294117 0.01699346405228758
3 0.5044117647058823 0.00718954248366013 0.010294117647058823 0.01437908496732026
3 0.4275735294117647 0.08235294117647059 0.022794117647058822 0.02091503267973856
6 0.7404411764705883 0.7516339869281046 0.054411764705882354 0.04967320261437908
9 0.7158088235294118 0.5450980392156862 0.0125 0.04183006535947712
0 0.7919117647058823 0.9803921568627451 0.01764705882352941 0.0392156862745098
2 0.6150735294117647 0.2869281045751634 0.016911764705882352 0.0196078431372549