3 0.49214285714285716 0.8401015228426396 0.04 0.1065989847715736
3 0.5885714285714285 0.7436548223350253 0.03428571428571429 0.13959390862944163
3 0.4667857142857143 0.5704314720812182 0.027857142857142858 0.07233502538071065
3 0.3625 0.6960659898477157 0.03357142857142857 0.06979695431472081
3 0.5842857142857143 0.35152284263959394 0.024285714285714285 0.06598984771573604
3 0.7739285714285714 0.41814720812182743 0.04357142857142857 0.044416243654822336
3 0.8596428571428572 0.3737309644670051 0.04214285714285714 0.03934010152284264
5 0.9560714285714286 0.5285532994923858 0.08785714285714286 0.11294416243654823
3 0.49 0.1383248730964467 0.018571428571428572 0.030456852791878174
9 0.47285714285714286 0.15926395939086294 0.01 0.0266497461928934
3 0.5282142857142857 0.10088832487309644 0.019285714285714285 0.03426395939086294
3 0.4575 0.09898477157360407 0.017857142857142856 0.027918781725888325
9 0.4667857142857143 0.07233502538071065 0.010714285714285714 0.02030456852791878
3 0.4203571428571429 0.04187817258883249 0.017857142857142856 0.02284263959390863
3 0.44571428571428573 0.04187817258883249 0.017142857142857144 0.02284263959390863
3 0.4639285714285714 0.018401015228426396 0.016428571428571428 0.01903553299492386
3 0.48035714285714287 0.011421319796954314 0.013571428571428571 0.02030456852791878
3 0.4210714285714286 0.0133248730964467 0.017857142857142856 0.01903553299492386
8 0.3989285714285714 0.4479695431472081 0.029285714285714286 0.1319796954314721
8 0.4382142857142857 0.383248730964467 0.039285714285714285 0.11928934010152284
3 0.4421428571428571 0.30710659898477155 0.017142857142857144 0.03807106598984772
3 0.42428571428571427 0.2233502538071066 0.025714285714285714 0.030456852791878174
3 0.345 0.1998730964467005 0.02857142857142857 0.021573604060913704
3 0.3 0.4200507614213198 0.03142857142857143 0.027918781725888325
3 0.3057142857142857 0.39847715736040606 0.03571428571428571 0.025380710659898477
3 0.2317857142857143 0.5057106598984772 0.029285714285714286 0.04187817258883249
3 0.2082142857142857 0.5076142131979695 0.02642857142857143 0.048223350253807105
3 0.18642857142857142 0.508248730964467 0.025714285714285714 0.04949238578680203
3 0.1075 0.4149746192893401 0.035 0.030456852791878174
3 0.08 0.44225888324873097 0.04 0.031725888324873094
3 0.07 0.4612944162436548 0.04285714285714286 0.031725888324873094
3 0.056428571428571425 0.4739847715736041 0.041428571428571426 0.03680203045685279
3 0.014285714285714285 0.47652284263959394 0.02857142857142857 0.0266497461928934
3 0.025357142857142856 0.4612944162436548 0.03214285714285714 0.0266497461928934
3 0.04178571428571429 0.4384517766497462 0.03357142857142857 0.0266497461928934
3 0.05357142857142857 0.4270304568527919 0.02857142857142857 0.021573604060913704
5 0.065 0.4035532994923858 0.04285714285714286 0.03299492385786802
3 0.09285714285714286 0.37880710659898476 0.041428571428571426 0.01903553299492386
3 0.013928571428571429 0.3635786802030457 0.025 0.031725888324873094
3 0.06321428571428571 0.33248730964467005 0.03214285714285714 0.03553299492385787
3 0.039285714285714285 0.33121827411167515 0.018571428571428572 0.017766497461928935
3 0.014642857142857143 0.3286802030456853 0.02214285714285714 0.027918781725888325
3 0.036071428571428574 0.25761421319796957 0.02642857142857143 0.027918781725888325
3 0.10607142857142857 0.28426395939086296 0.023571428571428573 0.027918781725888325
3 0.14857142857142858 0.3362944162436548 0.02857142857142857 0.04060913705583756
3 0.1767857142857143 0.33883248730964466 0.02642857142857143 0.04060913705583756
3 0.19428571428571428 0.34073604060913704 0.022857142857142857 0.03934010152284264
3 0.2257142857142857 0.34073604060913704 0.027142857142857142 0.04187817258883249
3 0.27964285714285714 0.3483502538071066 0.020714285714285713 0.03934010152284264
3 0.25857142857142856 0.34517766497461927 0.014285714285714285 0.04314720812182741
4 0.18821428571428572 0.40418781725888325 0.04214285714285714 0.03426395939086294
3 0.2025 0.3889593908629442 0.029285714285714286 0.024111675126903553
5 0.34035714285714286 0.2366751269035533 0.023571428571428573 0.05456852791878172
5 0.325 0.2296954314720812 0.02142857142857143 0.05583756345177665
5 0.30607142857142855 0.22906091370558376 0.02214285714285714 0.05203045685279188
5 0.2882142857142857 0.22779187817258884 0.027857142857142858 0.05710659898477157
5 0.27035714285714285 0.22588832487309646 0.03214285714285714 0.06091370558375635
5 0.2542857142857143 0.22715736040609136 0.02857142857142857 0.06091370558375635
5 0.22 0.22715736040609136 0.03142857142857143 0.0583756345177665
5 0.17142857142857143 0.2893401015228426 0.04 0.0583756345177665
5 0.2807142857142857 0.29885786802030456 0.04 0.05964467005076142
5 0.24357142857142858 0.2956852791878173 0.03857142857142857 0.0583756345177665
5 0.22178571428571428 0.29124365482233505 0.035 0.05203045685279188
3 0.08321428571428571 0.2848984771573604 0.025 0.03426395939086294
3 0.06428571428571428 0.28616751269035534 0.017142857142857144 0.02918781725888325
3 0.047857142857142855 0.28616751269035534 0.018571428571428572 0.031725888324873094
3 0.07285714285714286 0.22144670050761422 0.02 0.03426395939086294
3 0.03678571428571428 0.2817258883248731 0.015 0.03553299492385787
3 0.115 0.49619289340101524 0.018571428571428572 0.04568527918781726
3 0.13464285714285715 0.4993654822335025 0.020714285714285713 0.05456852791878172
3 0.2475 0.07487309644670051 0.020714285714285713 0.02030456852791878
4 0.13071428571428573 0.3267766497461929 0.02857142857142857 0.046954314720812185
3 0.06464285714285714 0.25951776649746194 0.023571428571428573 0.024111675126903553
3 0.0125 0.2772842639593909 0.023571428571428573 0.02918781725888325
4 0.21035714285714285 0.3343908629441624 0.02642857142857143 0.046954314720812185
4 0.2517857142857143 0.5469543147208121 0.027857142857142858 0.048223350253807105
3 0.3632142857142857 0.0583756345177665 0.013571428571428571 0.017766497461928935
3 0.33964285714285714 0.03236040609137056 0.013571428571428571 0.01649746192893401
8 0.39714285714285713 0.08375634517766498 0.03428571428571429 0.06091370558375635
3 0.5639285714285714 0.04187817258883249 0.017857142857142856 0.017766497461928935
3 0.9107142857142857 0.8140862944162437 0.055714285714285716 0.05456852791878172
0 0.9146428571428571 0.8217005076142132 0.009285714285714286 0.044416243654822336