3 0.24964285714285714 0.375 0.03642857142857143 0.031725888324873094
3 0.44642857142857145 0.3197969543147208 0.017142857142857144 0.03299492385786802
3 0.49214285714285716 0.24809644670050762 0.017142857142857144 0.0266497461928934
3 0.49785714285714283 0.20558375634517767 0.012857142857142857 0.025380710659898477
3 0.5732142857142857 0.07550761421319797 0.009285714285714286 0.01903553299492386
3 0.5903571428571428 0.5729695431472082 0.047857142857142855 0.046954314720812185
3 0.4714285714285714 0.29885786802030456 0.017142857142857144 0.02918781725888325
3 0.28535714285714286 0.5850253807106599 0.039285714285714285 0.04060913705583756
3 0.2317857142857143 0.5469543147208121 0.04214285714285714 0.027918781725888325
3 0.4853571428571429 0.6897208121827412 0.04214285714285714 0.044416243654822336
3 0.5635714285714286 0.8045685279187818 0.047142857142857146 0.04314720812182741
3 0.11392857142857143 0.5818527918781726 0.03357142857142857 0.031725888324873094
3 0.17535714285714285 0.565989847715736 0.045 0.03807106598984772
3 0.18535714285714286 0.5932741116751269 0.03642857142857143 0.03680203045685279
4 0.46964285714285714 0.7214467005076142 0.045 0.04187817258883249
4 0.47035714285714286 0.7626903553299492 0.047857142857142855 0.050761421319796954
4 0.7714285714285715 0.6053299492385786 0.05 0.05583756345177665
4 0.19714285714285715 0.3769035532994924 0.03571428571428571 0.03807106598984772
4 0.2867857142857143 0.8153553299492385 0.045 0.046954314720812185
8 0.5335714285714286 0.12944162436548223 0.025714285714285714 0.06852791878172589
9 0.10928571428571429 0.5425126903553299 0.012857142857142857 0.01649746192893401
0 0.11178571428571428 0.541243654822335 0.0064285714285714285 0.011421319796954314
0 0.38571428571428573 0.28109137055837563 0.004285714285714286 0.01649746192893401
0 0.37785714285714284 0.2823604060913706 0.005714285714285714 0.01903553299492386
3 0.4325 0.399746192893401 0.019285714285714285 0.03807106598984772
3 0.4032142857142857 0.41751269035532995 0.023571428571428573 0.03553299492385787
0 0.3482142857142857 0.37944162436548223 0.005 0.017766497461928935
0 0.37107142857142855 0.3686548223350254 0.0064285714285714285 0.01903553299492386
0 0.3757142857142857 0.38515228426395937 0.004285714285714286 0.01649746192893401
3 0.3657142857142857 0.26776649746192893 0.018571428571428572 0.025380710659898477
4 0.35 0.23286802030456852 0.02 0.03426395939086294