5 0.534375 0.5722222222222222 0.041666666666666664 0.1962962962962963
5 0.41302083333333334 0.3787037037037037 0.03229166666666667 0.10925925925925926
1 0.39427083333333335 0.5046296296296297 0.007291666666666667 0.024074074074074074
9 0.39427083333333335 0.5185185185185185 0.017708333333333333 0.022222222222222223
3 0.42083333333333334 0.975 0.05 0.05
3 0.5864583333333333 0.4111111111111111 0.025 0.040740740740740744
1 0.5677083333333334 0.4166666666666667 0.00625 0.022222222222222223
0 0.5546875 0.41388888888888886 0.007291666666666667 0.020370370370370372
9 0.5541666666666667 0.4212962962962963 0.0125 0.016666666666666666
9 0.56875 0.42685185185185187 0.0125 0.020370370370370372
3 0.559375 0.23981481481481481 0.016666666666666666 0.027777777777777776
1 0.58125 0.2518518518518518 0.00625 0.011111111111111112
9 0.58125 0.25833333333333336 0.014583333333333334 0.016666666666666666
5 0.5067708333333333 0.17592592592592593 0.011458333333333333 0.025925925925925925
3 0.5072916666666667 0.1527777777777778 0.0125 0.016666666666666666
1 0.5526041666666667 0.20277777777777778 0.005208333333333333 0.012962962962962963
9 0.5520833333333334 0.20925925925925926 0.0125 0.011111111111111112
4 0.575 0.2101851851851852 0.0125 0.03148148148148148
4 0.60625 0.2740740740740741 0.01875 0.02962962962962963
1 0.6442708333333333 0.24166666666666667 0.009375 0.027777777777777776
1 0.6802083333333333 0.31203703703703706 0.008333333333333333 0.024074074074074074
1 0.6869791666666667 0.3148148148148148 0.007291666666666667 0.025925925925925925
1 0.9671875 0.26851851851851855 0.005208333333333333 0.014814814814814815
9 0.9682291666666667 0.2777777777777778 0.015625 0.018518518518518517
1 0.9458333333333333 0.2564814814814815 0.004166666666666667 0.016666666666666666
9 0.9463541666666667 0.262037037037037 0.013541666666666667 0.012962962962962963
0 0.7489583333333333 0.5175925925925926 0.010416666666666666 0.03518518518518519