3 0.5585714285714286 0.6288071065989848 0.02142857142857143 0.09263959390862944
3 0.6378571428571429 0.6782994923857868 0.027142857142857142 0.09771573604060914
3 0.6339285714285714 0.5545685279187818 0.025 0.08375634517766498
3 0.6307142857142857 0.45241116751269034 0.024285714285714285 0.0850253807106599
3 0.6410714285714286 0.8147208121827412 0.02642857142857143 0.1116751269035533
3 0.6517857142857143 0.940989847715736 0.029285714285714286 0.11294416243654823
3 0.62 0.2645939086294416 0.024285714285714285 0.07741116751269035
3 0.6175 0.17639593908629442 0.019285714285714285 0.07106598984771574
3 0.3675 0.4486040609137056 0.05357142857142857 0.05456852791878172
3 0.36392857142857143 0.3876903553299492 0.05357142857142857 0.046954314720812185
3 0.37142857142857144 0.28616751269035534 0.05 0.03934010152284264
3 0.3742857142857143 0.24428934010152284 0.04857142857142857 0.03680203045685279
3 0.38142857142857145 0.2017766497461929 0.04857142857142857 0.04060913705583756
3 0.3792857142857143 0.15926395939086294 0.04285714285714286 0.03680203045685279
3 0.39071428571428574 0.07487309644670051 0.04428571428571428 0.050761421319796954
3 0.2717857142857143 0.7284263959390863 0.056428571428571425 0.06852791878172589
3 0.25857142857142856 0.8407360406091371 0.05285714285714286 0.044416243654822336
3 0.2671428571428571 0.6370558375634517 0.06 0.04314720812182741
3 0.2664285714285714 0.5799492385786802 0.045714285714285714 0.04568527918781726
3 0.27964285714285714 0.4980964467005076 0.055 0.04187817258883249
3 0.28214285714285714 0.45241116751269034 0.05142857142857143 0.03934010152284264
4 0.28964285714285715 0.4035532994923858 0.056428571428571425 0.048223350253807105
3 0.29392857142857143 0.3610406091370558 0.05357142857142857 0.04187817258883249
3 0.2975 0.3210659898477157 0.045 0.03553299492385787
3 0.3057142857142857 0.2817258883248731 0.05285714285714286 0.03553299492385787
3 0.3053571428571429 0.24746192893401014 0.052142857142857144 0.03553299492385787
3 0.30607142857142855 0.2049492385786802 0.05357142857142857 0.03934010152284264
3 0.31285714285714283 0.17258883248730963 0.04857142857142857 0.030456852791878174
3 0.32285714285714284 0.12626903553299493 0.04857142857142857 0.03426395939086294
3 0.3217857142857143 0.08946700507614214 0.04928571428571429 0.04187817258883249
3 0.20142857142857143 0.35596446700507617 0.03 0.07741116751269035
5 0.3489285714285714 0.5501269035532995 0.06928571428571428 0.05710659898477157
3 0.23964285714285713 0.9765228426395939 0.06928571428571428 0.044416243654822336
5 0.2532142857142857 0.1618020304568528 0.02642857142857143 0.08756345177664974
4 0.23607142857142857 0.04758883248730964 0.020714285714285713 0.05710659898477157
3 0.27071428571428574 0.05012690355329949 0.02 0.06472081218274112
0 0.2832142857142857 0.0850253807106599 0.009285714285714286 0.030456852791878174
0 0.22214285714285714 0.1916243654822335 0.014285714285714285 0.03299492385786802
0 0.12892857142857142 0.9156091370558376 0.015 0.02918781725888325
5 0.32857142857142857 0.01713197969543147 0.06 0.03426395939086294
3 0.39357142857142857 0.01713197969543147 0.045714285714285714 0.03426395939086294
4 0.6171428571428571 0.09961928934010152 0.018571428571428572 0.05964467005076142
5 0.6146428571428572 0.025380710659898477 0.025 0.050761421319796954
4 0.625 0.3534263959390863 0.022857142857142857 0.06979695431472081
0 0.6125 0.6529187817258884 0.010714285714285714 0.031725888324873094
0 0.41035714285714286 0.19416243654822335 0.009285714285714286 0.027918781725888325
0 0.19 0.4232233502538071 0.01 0.01903553299492386