3 0.01174321503131524 0.9025974025974026 0.02348643006263048 0.055658627087198514
3 0.040970772442588725 0.6999072356215214 0.05897703549060543 0.04359925788497217
3 0.060542797494780795 0.62847866419295 0.055323590814196244 0.04359925788497217
3 0.09812108559498957 0.4461966604823748 0.037578288100208766 0.03339517625231911
3 0.1041231732776618 0.4206864564007421 0.04123173277661795 0.030612244897959183
4 0.11325678496868476 0.3937847866419295 0.04801670146137787 0.032467532467532464
3 0.1278705636743215 0.34833024118738404 0.03966597077244259 0.026901669758812616
3 0.13021920668058456 0.32653061224489793 0.03288100208768267 0.022263450834879406
3 0.1409185803757829 0.2792207792207792 0.032359081419624215 0.029684601113172542
3 0.15109603340292277 0.24443413729128013 0.029749478079331943 0.02504638218923933
3 0.1484864300626305 0.05844155844155844 0.024530271398747392 0.014842300556586271
3 0.18110647181628392 0.05473098330241188 0.021920668058455117 0.016697588126159554
1 0.3663883089770355 0.07374768089053803 0.003131524008350731 0.012059369202226345
9 0.36664926931106473 0.0774582560296846 0.006784968684759917 0.013914656771799629
0 0.3958768267223382 0.006493506493506494 0.0026096033402922755 0.012987012987012988
3 0.3721294363256785 0.18042671614100186 0.026096033402922755 0.026901669758812616
3 0.40187891440501045 0.19109461966604824 0.012526096033402923 0.03153988868274583
3 0.41831941544885176 0.21799628942486085 0.014091858037578288 0.03525046382189239
3 0.42719206680584554 0.28061224489795916 0.014091858037578288 0.036178107606679034
3 0.4488517745302714 0.41280148423005564 0.018789144050104383 0.05194805194805195
3 0.4707724425887265 0.5398886827458256 0.020876826722338204 0.055658627087198514
9 0.3650835073068894 0.5593692022263451 0.005741127348643006 0.03153988868274583
4 0.5153966597077244 0.7430426716141002 0.029749478079331943 0.08348794063079777
5 0.740866388308977 0.6808905380333952 0.09446764091858037 0.21335807050092764
5 0.593945720250522 0.3919294990723562 0.0511482254697286 0.1326530612244898
3 0.5701983298538622 0.10992578849721707 0.014091858037578288 0.021335807050092765
3 0.5868997912317327 0.10250463821892393 0.015135699373695199 0.021335807050092765
0 0.6761482254697286 0.022727272727272728 0.0026096033402922755 0.015769944341372914
5 0.8590814196242171 0.06168831168831169 0.033402922755741124 0.041743970315398886
5 0.8760438413361169 0.01020408163265306 0.038100208768267224 0.02040816326530612