3 0.39065762004175364 0.9313543599257885 0.05688935281837161 0.07421150278293136
3 0.39326722338204595 0.8752319109461967 0.049582463465553235 0.06771799628942486
3 0.38752609603340293 0.8371985157699443 0.05375782881002088 0.05287569573283859
4 0.7802713987473904 0.9582560296846011 0.060542797494780795 0.061224489795918366
3 0.7074634655532359 0.7987012987012987 0.050626304801670144 0.04638218923933209
3 0.6631002087682673 0.6887755102040817 0.04540709812108559 0.03432282003710575
3 0.6881524008350731 0.7583487940630798 0.043319415448851775 0.04916512059369202
3 0.644572025052192 0.6525974025974026 0.0407098121085595 0.038033395176252316
3 0.08220250521920668 0.9128014842300557 0.04018789144050104 0.08719851576994433
3 0.119258872651357 0.7704081632653061 0.02661795407098121 0.06215213358070501
3 0.15918580375782881 0.6437847866419295 0.025052192066805846 0.04823747680890538
8 0.8588204592901879 0.16094619666048238 0.02870563674321503 0.02504638218923933
3 0.8332463465553236 0.14007421150278293 0.009916492693110648 0.00927643784786642
3 0.8478601252609603 0.1396103896103896 0.013048016701461378 0.008348794063079777
3 0.9021398747390397 0.18274582560296845 0.012004175365344467 0.011131725417439703
3 0.9081419624217119 0.17717996289424862 0.013569937369519834 0.00927643784786642
3 0.8872651356993737 0.1683673469387755 0.014613778705636743 0.01020408163265306
3 0.8770876826722338 0.1660482374768089 0.014091858037578288 0.00927643784786642