8 0.6565762004175365 0.8038033395176253 0.11586638830897704 0.24025974025974026
8 0.5117432150313153 0.949443413729128 0.10177453027139875 0.09925788497217068
3 0.4431106471816284 0.7555658627087198 0.05741127348643006 0.07699443413729128
3 0.5615866388308977 0.609925788497217 0.0407098121085595 0.0640074211502783
4 0.5010438413361169 0.6781076066790352 0.03966597077244259 0.07421150278293136
9 0.40631524008350733 0.7323747680890538 0.02035490605427975 0.030612244897959183
9 0.5260960334029228 0.6089981447124304 0.010438413361169102 0.026901669758812616
9 0.5874217118997912 0.5398886827458256 0.02035490605427975 0.02411873840445269
9 0.5803757828810021 0.525974025974026 0.010438413361169102 0.029684601113172542
9 0.5717640918580376 0.5556586270871985 0.013048016701461378 0.025974025974025976
2 0.46424843423799583 0.6813543599257885 0.013048016701461378 0.026901669758812616
0 0.3825678496868476 0.738404452690167 0.011482254697286013 0.02411873840445269
0 0.5075678496868476 0.6275510204081632 0.006784968684759917 0.026901669758812616
0 0.514874739039666 0.6405380333951762 0.007828810020876827 0.023191094619666047
8 0.8924843423799582 0.29916512059369205 0.038622129436325675 0.06586270871985157
4 0.8144572025052192 0.31910946196660483 0.016179540709812108 0.03710575139146568
3 0.8348121085594989 0.2532467532467532 0.02139874739039666 0.02040816326530612
3 0.8327244258872651 0.25185528756957326 0.02348643006263048 0.02504638218923933
3 0.8460334029227558 0.237012987012987 0.020876826722338204 0.01948051948051948
3 0.8718684759916493 0.20037105751391465 0.024530271398747392 0.03153988868274583
3 0.8875260960334029 0.2230983302411874 0.015135699373695199 0.01948051948051948
0 0.7899269311064718 0.3339517625231911 0.004697286012526096 0.02040816326530612
0 0.7956680584551148 0.31307977736549164 0.006784968684759917 0.02504638218923933
1 0.8066283924843424 0.3529684601113173 0.0026096033402922755 0.013914656771799629
2 0.8042797494780793 0.35946196660482377 0.0041753653444676405 0.01948051948051948
1 0.46998956158663885 0.6131725417439703 0.005741127348643006 0.011131725417439703
9 0.471294363256785 0.62847866419295 0.013569937369519834 0.015769944341372914
2 0.6484864300626305 0.4536178107606679 0.013048016701461378 0.016697588126159554
0 0.6205636743215032 0.4401669758812616 0.0041753653444676405 0.01948051948051948
0 0.6153444676409185 0.4397031539888683 0.0041753653444676405 0.022263450834879406
9 0.6599686847599165 0.4383116883116883 0.013048016701461378 0.008348794063079777
1 0.6826722338204593 0.5106679035250464 0.0041753653444676405 0.01020408163265306
9 0.68241127348643 0.524582560296846 0.009916492693110648 0.015769944341372914
0 0.4517223382045929 0.6150278293135436 0.005741127348643006 0.011131725417439703
0 0.5292275574112735 0.5454545454545454 0.010438413361169102 0.014842300556586271
9 0.4822546972860125 0.648886827458256 0.013569937369519834 0.026901669758812616