3 0.5860714285714286 0.8223350253807107 0.062142857142857146 0.13705583756345177
3 0.64 0.6846446700507615 0.06428571428571428 0.10786802030456853
3 0.6675 0.8610406091370558 0.062142857142857146 0.13071065989847716
3 0.72 0.7480964467005076 0.055714285714285716 0.10786802030456853
3 0.9246428571428571 0.7956852791878173 0.07928571428571428 0.13451776649746192
0 0.9021428571428571 0.7182741116751269 0.014285714285714285 0.030456852791878174
0 0.7046428571428571 0.8350253807106599 0.013571428571428571 0.027918781725888325
0 0.6664285714285715 0.6776649746192893 0.008571428571428572 0.03299492385786802
3 0.30392857142857144 0.6123096446700508 0.07357142857142857 0.08756345177664974
3 0.20964285714285713 0.7715736040609137 0.06928571428571428 0.06598984771573604
3 0.07821428571428571 0.5666243654822335 0.062142857142857146 0.05964467005076142
3 0.29035714285714287 0.467005076142132 0.055 0.06091370558375635
3 0.35464285714285715 0.45748730964467005 0.07214285714285715 0.06472081218274112
3 0.46285714285714286 0.4930203045685279 0.06428571428571428 0.09263959390862944
3 0.11464285714285714 0.7868020304568528 0.04071428571428572 0.13451776649746192
3 0.22464285714285714 0.6389593908629442 0.08214285714285714 0.05456852791878172
3 0.22642857142857142 0.7043147208121827 0.08 0.06852791878172589
3 0.15535714285714286 0.7715736040609137 0.04071428571428572 0.12436548223350254
3 0.3557142857142857 0.41116751269035534 0.05857142857142857 0.0583756345177665
3 0.3560714285714286 0.3565989847715736 0.06357142857142857 0.0583756345177665
3 0.2892857142857143 0.4137055837563452 0.05714285714285714 0.05583756345177665
3 0.2875 0.3730964467005076 0.06785714285714285 0.048223350253807105
3 0.16071428571428573 0.4098984771573604 0.07285714285714286 0.0532994923857868
3 0.15357142857142858 0.4676395939086294 0.07 0.05456852791878172
3 0.46535714285714286 0.34073604060913704 0.06357142857142857 0.07233502538071065
3 0.28535714285714286 0.9124365482233503 0.055 0.1218274111675127
3 0.3482142857142857 0.8083756345177665 0.05785714285714286 0.12944162436548223
3 0.37464285714285717 0.7614213197969543 0.056428571428571425 0.1218274111675127
3 0.40214285714285714 0.7100253807106599 0.06428571428571428 0.12055837563451777
3 0.42892857142857144 0.6624365482233503 0.060714285714285714 0.1116751269035533
3 0.4585714285714286 0.6345177664974619 0.07285714285714286 0.12690355329949238
3 0.4714285714285714 0.5958121827411168 0.06428571428571428 0.11548223350253807
3 0.5 0.5571065989847716 0.06142857142857143 0.13451776649746192
3 0.525 0.5203045685279187 0.07 0.12436548223350254
3 0.5385714285714286 0.49238578680203043 0.06714285714285714 0.1116751269035533
3 0.5589285714285714 0.45875634517766495 0.052142857142857144 0.10279187817258884
3 0.6053571428571428 0.39784263959390864 0.06928571428571428 0.09771573604060914
3 0.575 0.36484771573604063 0.05857142857142857 0.08248730964467005
3 0.5196428571428572 0.41053299492385786 0.060714285714285714 0.10025380710659898
3 0.47535714285714287 0.40609137055837563 0.056428571428571425 0.08883248730964467
3 0.5360714285714285 0.32423857868020306 0.06642857142857143 0.05456852791878172
3 0.5317857142857143 0.28553299492385786 0.07928571428571428 0.06345177664974619
3 0.3607142857142857 0.3102791878172589 0.07142857142857142 0.03680203045685279
3 0.2864285714285714 0.33375634517766495 0.06857142857142857 0.0532994923857868
5 0.6028571428571429 0.2950507614213198 0.07 0.09263959390862944
3 0.014642857142857143 0.11040609137055837 0.029285714285714286 0.06598984771573604
3 0.6567857142857143 0.24746192893401014 0.06357142857142857 0.06852791878172589