0 0.06419624217118998 0.30658627087198514 0.019832985386221295 0.06215213358070501
0 0.075678496868476 0.30009276437847865 0.019832985386221295 0.0640074211502783
0 0.10020876826722339 0.3228200371057514 0.019832985386221295 0.06307977736549165
1 0.11169102296450939 0.349721706864564 0.025052192066805846 0.04267161410018553
9 0.20511482254697286 0.30936920222634506 0.04175365344467641 0.045454545454545456
1 0.30219206680584554 0.2949907235621521 0.018789144050104383 0.05009276437847866
1 0.20120041753653445 0.4253246753246753 0.01826722338204593 0.041743970315398886
6 0.12186847599164927 0.37012987012987014 0.05688935281837161 0.06307977736549165
6 0.21477035490605428 0.43460111317254174 0.06419624217118998 0.07328385899814471
1 0.41623173277661796 0.2680890538033395 0.014091858037578288 0.05009276437847866
9 0.4196242171189979 0.2792207792207792 0.029227557411273485 0.04081632653061224
1 0.5506263048016702 0.1790352504638219 0.016701461377870562 0.03896103896103896
6 0.5495824634655533 0.19666048237476808 0.027139874739039668 0.04638218923933209
5 0.5996868475991649 0.09183673469387756 0.05845511482254697 0.07050092764378478
1 0.6477035490605428 0.27968460111317256 0.022964509394572025 0.045454545454545456
9 0.659446764091858 0.34137291280148424 0.031837160751565764 0.04823747680890538
2 0.7272964509394572 0.29730983302411873 0.019311064718162838 0.032467532467532464
7 0.41388308977035493 0.3608534322820037 0.07933194154488518 0.10575139146567718
3 0.4418058455114823 0.41697588126159557 0.10177453027139875 0.10111317254174397
3 0.4746868475991649 0.4536178107606679 0.1069937369519833 0.12244897959183673
3 0.5140918580375783 0.50139146567718 0.12212943632567849 0.13821892393320964
3 0.5772442588726514 0.5454545454545454 0.11064718162839249 0.15213358070500926
3 0.6367432150313153 0.6326530612244898 0.10647181628392484 0.15769944341372913
3 0.7181628392484343 0.6822820037105751 0.09707724425887265 0.1567717996289425
3 0.7883611691022965 0.7666975881261595 0.13204592901878914 0.20500927643784786
3 0.8956158663883089 0.8423005565862709 0.12004175365344467 0.25788497217068646