4 0.7503676470588235 0.9241830065359478 0.022794117647058822 0.08104575163398693
5 0.7573529411764706 0.7647058823529411 0.039705882352941174 0.09934640522875816
9 0.7827205882352941 0.7431372549019608 0.005147058823529412 0.02483660130718954
5 0.8136029411764706 0.4895424836601307 0.04779411764705882 0.07450980392156863
3 0.5205882352941177 0.9620915032679739 0.016176470588235296 0.06274509803921569
3 0.5584558823529412 0.8032679738562092 0.03897058823529412 0.032679738562091505
3 0.38235294117647056 0.9797385620915032 0.039705882352941174 0.03790849673202614
3 0.3871323529411765 0.8496732026143791 0.04044117647058824 0.03398692810457516
9 0.4176470588235294 0.9372549019607843 0.007352941176470588 0.026143790849673203
1 0.4183823529411765 0.9411764705882353 0.007352941176470588 0.01568627450980392
3 0.47941176470588237 0.8130718954248366 0.014705882352941176 0.06797385620915032
3 0.5025735294117647 0.7169934640522876 0.015441176470588236 0.06143790849673202
3 0.524264705882353 0.6699346405228758 0.013235294117647059 0.05620915032679739
0 0.5433823529411764 0.8300653594771242 0.004411764705882353 0.01045751633986928
0 0.5915441176470588 0.7607843137254902 0.003676470588235294 0.01045751633986928
0 0.5808823529411765 0.7437908496732026 0.004411764705882353 0.00784313725490196
3 0.5595588235294118 0.7189542483660131 0.029411764705882353 0.06274509803921569
0 0.580514705882353 0.6588235294117647 0.005147058823529412 0.01045751633986928
0 0.5753676470588235 0.6509803921568628 0.003676470588235294 0.01045751633986928
9 0.5095588235294117 0.6431372549019608 0.004411764705882353 0.02091503267973856
1 0.5091911764705882 0.6450980392156863 0.005147058823529412 0.011764705882352941
3 0.3915441176470588 0.6104575163398693 0.04338235294117647 0.044444444444444446
3 0.4261029411764706 0.5601307189542484 0.01838235294117647 0.06666666666666667
3 0.4551470588235294 0.5647058823529412 0.01764705882352941 0.06797385620915032
0 0.3683823529411765 0.5084967320261438 0.004411764705882353 0.01045751633986928
0 0.35919117647058824 0.5032679738562091 0.005147058823529412 0.01045751633986928
0 0.3588235294117647 0.492156862745098 0.004411764705882353 0.006535947712418301
3 0.3915441176470588 0.46601307189542485 0.04191176470588235 0.03529411764705882
3 0.425 0.4013071895424837 0.016176470588235296 0.06274509803921569
3 0.3889705882352941 0.39869281045751637 0.03529411764705882 0.03137254901960784
0 0.36580882352941174 0.39477124183006534 0.005147058823529412 0.00784313725490196
3 0.3966911764705882 0.3254901960784314 0.03602941176470588 0.036601307189542485
0 0.3694852941176471 0.3718954248366013 0.006617647058823529 0.0196078431372549
3 0.4647058823529412 0.32941176470588235 0.016176470588235296 0.06535947712418301
0 0.37169117647058825 0.26405228758169935 0.005147058823529412 0.013071895424836602
3 0.3941176470588235 0.2647058823529412 0.03676470588235294 0.043137254901960784
3 0.4676470588235294 0.17516339869281045 0.014705882352941176 0.06274509803921569
0 0.4147058823529412 0.11633986928104575 0.004411764705882353 0.013071895424836602
0 0.36617647058823527 0.13398692810457516 0.004411764705882353 0.011764705882352941
0 0.37316176470588236 0.0934640522875817 0.005147058823529412 0.01437908496732026
9 0.44926470588235295 0.07712418300653595 0.004411764705882353 0.02091503267973856
1 0.44926470588235295 0.07450980392156863 0.004411764705882353 0.01568627450980392
0 0.3827205882352941 0.07516339869281045 0.005147058823529412 0.022222222222222223
3 0.3360294117647059 0.06209150326797386 0.029411764705882353 0.03790849673202614
3 0.46911764705882353 0.060784313725490195 0.016176470588235296 0.06405228758169934
3 0.5580882352941177 0.47124183006535947 0.039705882352941174 0.032679738562091505
9 0.5731617647058823 0.338562091503268 0.006617647058823529 0.026143790849673203
0 0.5768382352941176 0.3366013071895425 0.005147058823529412 0.01699346405228758
0 0.5716911764705882 0.20522875816993463 0.005147058823529412 0.013071895424836602
0 0.5327205882352941 0.22091503267973855 0.003676470588235294 0.01568627450980392
0 0.5363970588235294 0.2196078431372549 0.003676470588235294 0.013071895424836602
2 0.5463235294117647 0.15947712418300652 0.013235294117647059 0.013071895424836602
9 0.549264705882353 0.14313725490196078 0.011764705882352941 0.01437908496732026
1 0.5389705882352941 0.11633986928104575 0.0058823529411764705 0.01045751633986928
3 0.5154411764705882 0.12549019607843137 0.016176470588235296 0.06013071895424837
0 0.5713235294117647 0.045098039215686274 0.004411764705882353 0.01699346405228758
0 0.5753676470588235 0.023529411764705882 0.006617647058823529 0.01568627450980392
3 0.6753676470588236 0.05816993464052288 0.03897058823529412 0.027450980392156862
6 0.6375 0.048366013071895426 0.011764705882352941 0.047058823529411764
3 0.17536764705882352 0.5764705882352941 0.04044117647058824 0.036601307189542485
3 0.18088235294117647 0.5333333333333333 0.03823529411764706 0.03137254901960784
3 0.18933823529411764 0.4176470588235294 0.04044117647058824 0.030065359477124184
4 0.13970588235294118 0.469281045751634 0.03676470588235294 0.036601307189542485
3 0.1448529411764706 0.37973856209150325 0.020588235294117647 0.06143790849673202
3 0.11838235294117647 0.38562091503267976 0.01764705882352941 0.054901960784313725
3 0.11838235294117647 0.5640522875816993 0.01911764705882353 0.06143790849673202
3 0.09375 0.565359477124183 0.021323529411764706 0.06928104575163399
3 0.048161764705882355 0.5529411764705883 0.021323529411764706 0.06535947712418301
3 0.02389705882352941 0.565359477124183 0.021323529411764706 0.06928104575163399
4 0.09779411764705882 0.38496732026143793 0.01911764705882353 0.05359477124183006
3 0.075 0.3895424836601307 0.020588235294117647 0.06274509803921569
5 0.04889705882352941 0.3908496732026144 0.019852941176470587 0.06535947712418301
9 0.011397058823529411 0.37450980392156863 0.009558823529411765 0.030065359477124184
3 0.006617647058823529 0.565359477124183 0.011764705882352941 0.06928104575163399
0 0.2650735294117647 0.027450980392156862 0.0125 0.018300653594771243
4 0.20073529411764707 0.034640522875816995 0.04852941176470588 0.058823529411764705
3 0.07941176470588235 0.01241830065359477 0.03529411764705882 0.02483660130718954
9 0.11470588235294117 0.05555555555555555 0.008823529411764706 0.027450980392156862
9 0.07205882352941176 0.050980392156862744 0.007352941176470588 0.023529411764705882
9 0.09558823529411764 0.0673202614379085 0.007352941176470588 0.022222222222222223
4 0.05036764705882353 0.06209150326797386 0.03161764705882353 0.058823529411764705
3 0.031985294117647056 0.056862745098039215 0.028676470588235293 0.058823529411764705