8 0.10714285714285714 0.030456852791878174 0.04428571428571428 0.06091370558375635
4 0.18964285714285714 0.02030456852791878 0.016428571428571428 0.02284263959390863
4 0.25785714285714284 0.08121827411167512 0.02 0.02284263959390863
4 0.19678571428571429 0.15291878172588833 0.016428571428571428 0.024111675126903553
5 0.22 0.14213197969543148 0.03142857142857143 0.050761421319796954
8 0.19642857142857142 0.22779187817258884 0.04428571428571428 0.08248730964467005
8 0.29285714285714287 0.35215736040609136 0.054285714285714284 0.05964467005076142
3 0.28 0.8540609137055838 0.024285714285714285 0.04568527918781726
3 0.35428571428571426 0.9232233502538071 0.02 0.05203045685279188
3 0.4007142857142857 0.8953045685279187 0.017142857142857144 0.05203045685279188
4 0.3842857142857143 0.9758883248730964 0.018571428571428572 0.04568527918781726
4 0.42857142857142855 0.75 0.017142857142857144 0.050761421319796954
3 0.39464285714285713 0.8229695431472082 0.016428571428571428 0.05203045685279188
3 0.4132142857142857 0.8267766497461929 0.016428571428571428 0.05203045685279188
8 0.47464285714285714 0.9727157360406091 0.027857142857142858 0.05203045685279188
8 0.5078571428571429 0.9524111675126904 0.04 0.09263959390862944
8 0.48857142857142855 0.9631979695431472 0.027142857142857142 0.07106598984771574
8 0.5425 0.8876903553299492 0.029285714285714286 0.0799492385786802
8 0.5307142857142857 0.9041878172588832 0.04 0.11040609137055837
8 0.5185714285714286 0.9308375634517766 0.04285714285714286 0.11802030456852793
8 0.4575 0.5786802030456852 0.023571428571428573 0.07614213197969544
3 0.4432142857142857 0.666243654822335 0.017857142857142856 0.048223350253807105
3 0.5335714285714286 0.7271573604060914 0.025714285714285714 0.02284263959390863
3 0.5717857142857142 0.7385786802030457 0.025 0.02284263959390863
3 0.6192857142857143 0.7880710659898477 0.027142857142857142 0.03299492385786802
5 0.6321428571428571 0.748730964467005 0.037142857142857144 0.03807106598984772
0 0.8832142857142857 0.6795685279187818 0.005 0.006345177664974619
0 0.8625 0.7258883248730964 0.0035714285714285713 0.007614213197969543
1 0.8703571428571428 0.7125634517766497 0.0035714285714285713 0.0038071065989847717
3 0.8432142857142857 0.6649746192893401 0.025 0.025380710659898477
3 0.9289285714285714 0.6186548223350253 0.025 0.024111675126903553
4 0.9764285714285714 0.5920050761421319 0.02142857142857143 0.024111675126903553
4 0.8807142857142857 0.6503807106598984 0.025714285714285714 0.0266497461928934
8 0.7935714285714286 0.7043147208121827 0.06142857142857143 0.06598984771573604
4 0.955 0.3293147208121827 0.022857142857142857 0.01903553299492386
3 0.9860714285714286 0.24809644670050762 0.020714285714285713 0.01903553299492386
4 0.9435714285714286 0.258248730964467 0.02 0.01903553299492386
4 0.9782142857142857 0.22715736040609136 0.02214285714285714 0.02284263959390863
3 0.9485714285714286 0.21383248730964466 0.02 0.01649746192893401
3 0.9207142857142857 0.19416243654822335 0.02 0.02284263959390863
3 0.8696428571428572 0.23794416243654823 0.020714285714285713 0.01903553299492386
3 0.785 0.4035532994923858 0.02142857142857143 0.017766497461928935
3 0.9025 0.05901015228426396 0.020714285714285713 0.01649746192893401
3 0.7925 0.06852791878172589 0.017857142857142856 0.02030456852791878
5 0.7978571428571428 0.04314720812182741 0.024285714285714285 0.030456852791878174
5 0.9696428571428571 0.07233502538071065 0.05357142857142857 0.04568527918781726
4 0.9 0.07487309644670051 0.02 0.02030456852791878
4 0.8975 0.08883248730964467 0.020714285714285713 0.02284263959390863
4 0.8167857142857143 0.10025380710659898 0.010714285714285714 0.03299492385786802
3 0.7492857142857143 0.16116751269035534 0.018571428571428572 0.02030456852791878
3 0.7685714285714286 0.18718274111675126 0.015714285714285715 0.01903553299492386
3 0.7167857142857142 0.3013959390862944 0.02214285714285714 0.01649746192893401
4 0.6628571428571428 0.4067258883248731 0.025714285714285714 0.024111675126903553
4 0.7014285714285714 0.233502538071066 0.02142857142857143 0.02030456852791878
4 0.6314285714285715 0.19543147208121828 0.022857142857142857 0.027918781725888325
4 0.5839285714285715 0.2652284263959391 0.023571428571428573 0.02284263959390863
4 0.5439285714285714 0.3166243654822335 0.020714285714285713 0.024111675126903553
4 0.5735714285714286 0.32614213197969544 0.02142857142857143 0.02030456852791878
9 0.5910714285714286 0.3381979695431472 0.010714285714285714 0.008883248730964468
1 0.5907142857142857 0.33756345177664976 0.005714285714285714 0.007614213197969543
3 0.6121428571428571 0.37055837563451777 0.02 0.017766497461928935
5 0.5464285714285714 0.38071065989847713 0.024285714285714285 0.025380710659898477
3 0.6017857142857143 0.13071065989847716 0.020714285714285713 0.02030456852791878
3 0.5475 0.25571065989847713 0.020714285714285713 0.021573604060913704
4 0.4742857142857143 0.491751269035533 0.015714285714285715 0.046954314720812185
4 0.48714285714285716 0.41814720812182743 0.014285714285714285 0.04187817258883249
4 0.5046428571428572 0.3197969543147208 0.015 0.04314720812182741
4 0.5446428571428571 0.1034263959390863 0.012142857142857143 0.03426395939086294
4 0.45071428571428573 0.24492385786802032 0.017142857142857144 0.02030456852791878
4 0.4064285714285714 0.35279187817258884 0.02142857142857143 0.02284263959390863
3 0.4782142857142857 0.2766497461928934 0.013571428571428571 0.03807106598984772
3 0.5232142857142857 0.21890862944162437 0.012142857142857143 0.03680203045685279
3 0.5246428571428572 0.037436548223350255 0.012142857142857143 0.031725888324873094
3 0.49214285714285716 0.06345177664974619 0.02 0.02030456852791878
3 0.49142857142857144 0.11865482233502538 0.02 0.021573604060913704
3 0.4664285714285714 0.0799492385786802 0.02 0.02030456852791878
4 0.4675 0.10469543147208121 0.016428571428571428 0.01903553299492386
3 0.4707142857142857 0.13642131979695432 0.02 0.021573604060913704