3 0.4303571428571429 0.9213197969543148 0.03214285714285714 0.09390862944162437
3 0.395 0.8940355329949239 0.032857142857142856 0.09771573604060914
3 0.5264285714285715 0.6732233502538071 0.024285714285714285 0.07233502538071065
3 0.4725 0.5 0.02642857142857143 0.06345177664974619
3 0.5582142857142857 0.501269035532995 0.025 0.07868020304568528
3 0.5821428571428572 0.3299492385786802 0.02142857142857143 0.06091370558375635
3 0.5582142857142857 0.2100253807106599 0.019285714285714285 0.05964467005076142
3 0.6371428571428571 0.09137055837563451 0.018571428571428572 0.04568527918781726
3 0.575 0.0133248730964467 0.017142857142857144 0.0266497461928934
3 0.9217857142857143 0.31218274111675126 0.039285714285714285 0.03553299492385787
3 0.9371428571428572 0.1732233502538071 0.03571428571428571 0.03934010152284264
3 0.8646428571428572 0.10913705583756345 0.02642857142857143 0.03553299492385787
3 0.8296428571428571 0.01649746192893401 0.016428571428571428 0.027918781725888325