3 0.2176409185803758 0.18274582560296845 0.013569937369519834 0.011131725417439703
5 0.22520876826722339 0.15769944341372913 0.010960334029227558 0.029684601113172542
5 0.20250521920668058 0.20686456400742115 0.019832985386221295 0.016697588126159554
1 0.23434237995824633 0.17393320964749537 0.003131524008350731 0.006493506493506494
1 0.2262526096033403 0.20500927643784786 0.0026096033402922755 0.0074211502782931356
1 0.21477035490605428 0.24257884972170687 0.0036534446764091857 0.006493506493506494
9 0.2346033402922756 0.17625231910946196 0.0026096033402922755 0.0055658627087198514
9 0.22599164926931106 0.20732838589981448 0.003131524008350731 0.006493506493506494
9 0.2150313152400835 0.24489795918367346 0.003131524008350731 0.00927643784786642
0 0.1638830897703549 0.24025974025974026 0.0020876826722338203 0.0074211502782931356
4 0.13856993736951984 0.3515769944341373 0.02348643006263048 0.02411873840445269
4 0.13178496868475992 0.3580705009276438 0.02661795407098121 0.022263450834879406
3 0.12656576200417535 0.3654916512059369 0.03288100208768267 0.02411873840445269
5 0.11978079331941545 0.39007421150278293 0.050626304801670144 0.032467532467532464
6 0.13282881002087682 0.43460111317254174 0.008872651356993737 0.023191094619666047
9 0.08533402922755741 0.43460111317254174 0.013048016701461378 0.017625231910946195
3 0.21346555323590813 0.4225417439703154 0.017745302713987474 0.0287569573283859
7 0.1354384133611691 0.4939703153988868 0.01722338204592902 0.039888682745825604
4 0.2150313152400835 0.5046382189239332 0.030271398747390398 0.04081632653061224
4 0.24973903966597077 0.4958256029684601 0.029749478079331943 0.05287569573283859
9 0.22494780793319416 0.4095547309833024 0.005219206680584551 0.017625231910946195
3 0.055323590814196244 0.5162337662337663 0.04592901878914405 0.03432282003710575
7 0.04645093945720251 0.5528756957328386 0.019832985386221295 0.04638218923933209
9 0.2687891440501044 0.4100185528756957 0.006263048016701462 0.02040816326530612
0 0.02583507306889353 0.6957328385899815 0.014091858037578288 0.03896103896103896
0 0.15579331941544886 0.711038961038961 0.008872651356993737 0.030612244897959183
0 0.1610125260960334 0.7045454545454546 0.009916492693110648 0.03432282003710575
7 0.1299582463465553 0.8566790352504638 0.038622129436325675 0.08441558441558442
9 0.13178496868475992 0.9522263450834879 0.029749478079331943 0.038033395176252316
1 0.22181628392484343 0.9192949907235621 0.015657620041753653 0.04081632653061224
9 0.22129436325678498 0.9308905380333952 0.013569937369519834 0.04916512059369202
7 0.3037578288100209 0.8701298701298701 0.033402922755741124 0.09090909090909091
9 0.36769311064718163 0.9285714285714286 0.0255741127348643 0.03339517625231911
9 0.4900835073068894 0.9285714285714286 0.031315240083507306 0.03525046382189239
6 0.47755741127348644 0.9503710575139147 0.04801670146137787 0.04916512059369202
6 0.49373695198329853 0.9670686456400742 0.04801670146137787 0.0640074211502783
0 0.38517745302713985 0.9318181818181818 0.009394572025052192 0.036178107606679034
0 0.44572025052192066 0.8205009276437848 0.010438413361169102 0.039888682745825604
6 0.45224425887265135 0.8334879406307978 0.03914405010438413 0.07328385899814471
3 0.4068371607515658 0.8130797773654916 0.07881002087682672 0.05473098330241188
0 0.46998956158663885 0.7346938775510204 0.007828810020876827 0.03710575139146568
4 0.3945720250521921 0.7156771799628943 0.05323590814196242 0.04916512059369202
5 0.3606471816283925 0.6697588126159555 0.081419624217119 0.07235621521335807
5 0.2612212943632568 0.7305194805194806 0.0255741127348643 0.07142857142857142
1 0.2685281837160752 0.5431354359925789 0.008872651356993737 0.021335807050092765
9 0.2690501043841336 0.5482374768089053 0.016179540709812108 0.02040816326530612
6 0.2914926931106472 0.4837662337662338 0.01722338204592902 0.036178107606679034
7 0.3136743215031315 0.4577922077922078 0.014613778705636743 0.030612244897959183
9 0.33402922755741127 0.4489795918367347 0.009394572025052192 0.02411873840445269
0 0.37447807933194155 0.5236549165120594 0.006784968684759917 0.032467532467532464
6 0.35673277661795405 0.4452690166975881 0.02348643006263048 0.022263450834879406
9 0.34916492693110646 0.4577922077922078 0.011482254697286013 0.017625231910946195
8 0.44441544885177453 0.5180890538033395 0.06419624217118998 0.0640074211502783
5 0.4900835073068894 0.48562152133580705 0.04801670146137787 0.04916512059369202
9 0.4451983298538622 0.436456400742115 0.011482254697286013 0.012059369202226345
9 0.44806889352818374 0.44805194805194803 0.016179540709812108 0.016697588126159554
1 0.4626826722338205 0.4550092764378479 0.005741127348643006 0.012059369202226345
0 0.4574634655532359 0.42578849721706863 0.005741127348643006 0.02411873840445269
0 0.44545929018789143 0.42161410018552875 0.005741127348643006 0.023191094619666047
9 0.46529227557411273 0.44109461966604824 0.009916492693110648 0.01948051948051948
1 0.4809498956158664 0.4336734693877551 0.005741127348643006 0.015769944341372914
1 0.4759916492693111 0.4267161410018553 0.007306889352818371 0.01855287569573284
9 0.48956158663883087 0.426252319109462 0.010438413361169102 0.017625231910946195
9 0.4981732776617954 0.42207792207792205 0.009916492693110648 0.022263450834879406
9 0.49504175365344466 0.4420222634508349 0.009916492693110648 0.015769944341372914
0 0.5046972860125261 0.4294990723562152 0.005219206680584551 0.02411873840445269
2 0.5 0.44712430426716143 0.013569937369519834 0.016697588126159554
0 0.5070459290187892 0.42764378478664195 0.0036534446764091857 0.02411873840445269
1 0.5146137787056367 0.43413729128014844 0.005219206680584551 0.02040816326530612
9 0.5125260960334029 0.4202226345083488 0.010438413361169102 0.01855287569573284
6 0.5146137787056367 0.4452690166975881 0.012526096033402923 0.027829313543599257
9 0.5227035490605428 0.44387755102040816 0.010960334029227558 0.021335807050092765
9 0.532098121085595 0.41836734693877553 0.006784968684759917 0.014842300556586271
2 0.5362734864300627 0.4109461966604824 0.009916492693110648 0.012987012987012988
9 0.550365344467641 0.44341372912801486 0.014091858037578288 0.01855287569573284
9 0.5628914405010439 0.4299628942486085 0.008872651356993737 0.021335807050092765
6 0.5701983298538622 0.42439703153988867 0.015135699373695199 0.021335807050092765
6 0.5832463465553236 0.42393320964749537 0.012004175365344467 0.01855287569573284
7 0.5994258872651357 0.4225417439703154 0.01722338204592902 0.0287569573283859
3 0.5501043841336117 0.46985157699443414 0.0407098121085595 0.038033395176252316
3 0.5908141962421712 0.4675324675324675 0.032359081419624215 0.03339517625231911
3 0.579070981210856 0.5575139146567718 0.050626304801670144 0.03525046382189239
7 0.6096033402922756 0.42161410018552875 0.018789144050104383 0.030612244897959183
7 0.6203027139874739 0.4202226345083488 0.01722338204592902 0.02411873840445269
7 0.6430062630480167 0.41697588126159557 0.019832985386221295 0.0287569573283859
6 0.6354384133611691 0.42115027829313545 0.014091858037578288 0.022263450834879406
7 0.6380480167014614 0.4466604823747681 0.02139874739039666 0.026901669758812616
3 0.6683194154488518 0.42439703153988867 0.031837160751565764 0.032467532467532464
3 0.7111169102296451 0.3965677179962894 0.02661795407098121 0.026901669758812616
9 0.7014613778705637 0.3803339517625232 0.010438413361169102 0.011131725417439703
4 0.6354384133611691 0.5352504638218923 0.037056367432150315 0.04081632653061224
0 0.7486951983298539 0.511595547309833 0.005741127348643006 0.02504638218923933
4 0.7565240083507306 0.48840445269016697 0.042275574112734866 0.038033395176252316
1 0.7617432150313153 0.41697588126159557 0.007828810020876827 0.021335807050092765
6 0.7633089770354906 0.4225417439703154 0.019311064718162838 0.017625231910946195
5 0.7901878914405011 0.3942486085343228 0.03653444676409186 0.03896103896103896
9 0.7356471816283925 0.36595547309833026 0.006784968684759917 0.015769944341372914
5 0.8418580375782881 0.41836734693877553 0.11691022964509394 0.08905380333951762
3 0.9326722338204593 0.634508348794063 0.05636743215031315 0.06307977736549165
3 0.9660751565762005 0.5913729128014842 0.04488517745302714 0.04359925788497217
6 0.9879958246346555 0.6702226345083488 0.022964509394572025 0.039888682745825604
9 0.9342379958246346 0.7685528756957328 0.027139874739039668 0.0287569573283859
9 0.8457724425887265 0.362708719851577 0.016179540709812108 0.022263450834879406
0 0.708768267223382 0.9128014842300557 0.008350730688935281 0.03153988868274583
0 0.704070981210856 0.898886827458256 0.012526096033402923 0.04267161410018553
6 0.6372651356993737 0.9842300556586271 0.0511482254697286 0.029684601113172542