5 0.8436847599164927 0.47263450834879406 0.029749478079331943 0.06586270871985157
3 0.7100730688935282 0.46938775510204084 0.038100208768267224 0.03710575139146568
3 0.7275574112734864 0.4290352504638219 0.03549060542797495 0.030612244897959183
3 0.7925365344467641 0.32792207792207795 0.030793319415448852 0.0287569573283859
3 0.6719728601252609 0.40862708719851576 0.03392484342379958 0.03432282003710575
3 0.6951983298538622 0.37569573283859 0.03444676409185804 0.029684601113172542
3 0.6787578288100209 0.3395176252319109 0.031837160751565764 0.029684601113172542
3 0.6440501043841336 0.3692022263450835 0.033402922755741124 0.029684601113172542
3 0.7526096033402923 0.27040816326530615 0.029227557411273485 0.02504638218923933
5 0.7961899791231732 0.21057513914656772 0.049582463465553235 0.03525046382189239
3 0.8066283924843424 0.19109461966604824 0.02244258872651357 0.01855287569573284
3 0.8303757828810021 0.1303339517625232 0.022964509394572025 0.017625231910946195
3 0.8121085594989561 0.1150278293135436 0.021920668058455117 0.016697588126159554
3 0.901356993736952 0.0862708719851577 0.026096033402922755 0.016697588126159554
3 0.8995302713987474 0.05473098330241188 0.024530271398747392 0.02411873840445269
3 0.8961377870563675 0.012987012987012988 0.018789144050104383 0.014842300556586271
3 0.5628914405010439 0.37430426716141 0.03392484342379958 0.0287569573283859
3 0.6038622129436325 0.5106679035250464 0.038622129436325675 0.036178107606679034
3 0.6169102296450939 0.5338589981447124 0.0407098121085595 0.032467532467532464
4 0.6304801670146137 0.5589053803339518 0.03549060542797495 0.041743970315398886
3 0.6367432150313153 0.6233766233766234 0.04488517745302714 0.03896103896103896
3 0.5576722338204593 0.724025974025974 0.048538622129436326 0.045454545454545456
3 0.5292275574112735 0.5950834879406308 0.04279749478079332 0.038033395176252316
9 0.5127870563674322 0.3854359925788497 0.013048016701461378 0.021335807050092765
1 0.5151356993736952 0.3784786641929499 0.005219206680584551 0.016697588126159554
3 0.14535490605427975 0.04359925788497217 0.02348643006263048 0.016697588126159554
3 0.24634655532359082 0.05241187384044527 0.011482254697286013 0.02504638218923933