0 0.47794117647058826 0.32287581699346407 0.010294117647058823 0.06013071895424837
0 0.5224264705882353 0.3784313725490196 0.0125 0.05359477124183006
0 0.5742647058823529 0.3437908496732026 0.010294117647058823 0.05751633986928104
0 0.4702205882352941 0.4843137254901961 0.0125 0.06666666666666667
0 0.4849264705882353 0.5091503267973856 0.013970588235294118 0.07450980392156863
0 0.48455882352941176 0.4699346405228758 0.013235294117647059 0.030065359477124184
0 0.46139705882352944 0.44248366013071894 0.0125 0.06405228758169934
0 0.44669117647058826 0.43790849673202614 0.013970588235294118 0.06797385620915032
2 0.44485294117647056 0.46143790849673205 0.016176470588235296 0.047058823529411764
0 0.5113970588235294 0.6366013071895424 0.016911764705882352 0.08888888888888889
0 0.5305147058823529 0.6496732026143791 0.015441176470588236 0.08888888888888889
0 0.5470588235294118 0.6509803921568628 0.023529411764705882 0.08366013071895424
0 0.4375 0.7836601307189542 0.023529411764705882 0.09019607843137255
0 0.4591911764705882 0.8183006535947712 0.019852941176470587 0.09673202614379085
0 0.44375 0.9320261437908497 0.04632352941176471 0.0915032679738562
0 0.4772058823529412 0.9228758169934641 0.01764705882352941 0.07581699346405228
0 0.4970588235294118 0.9437908496732026 0.022058823529411766 0.11241830065359477
0 0.3672794117647059 0.8366013071895425 0.019852941176470587 0.10980392156862745
0 0.3665441176470588 0.7797385620915033 0.01838235294117647 0.043137254901960784
0 0.20330882352941176 0.9183006535947712 0.028676470588235293 0.10326797385620914
0 0.24705882352941178 0.738562091503268 0.01911764705882353 0.07581699346405228
0 0.26433823529411765 0.7026143790849673 0.025735294117647058 0.0718954248366013
0 0.618014705882353 0.5431372549019607 0.016911764705882352 0.07973856209150326
0 0.7125 0.5431372549019607 0.016176470588235296 0.0718954248366013
0 0.5779411764705882 0.48627450980392156 0.01764705882352941 0.07058823529411765
0 0.5830882352941177 0.477124183006536 0.013235294117647059 0.06535947712418301
0 0.63125 0.42287581699346405 0.013970588235294118 0.06143790849673202
0 0.6147058823529412 0.40588235294117647 0.013235294117647059 0.06666666666666667
0 0.6544117647058824 0.3287581699346405 0.010294117647058823 0.05620915032679739
0 0.6658088235294117 0.3254901960784314 0.008088235294117648 0.05751633986928104
0 0.6558823529411765 0.41045751633986927 0.01764705882352941 0.054901960784313725
0 0.6658088235294117 0.41241830065359475 0.011029411764705883 0.0457516339869281
0 0.6779411764705883 0.4045751633986928 0.011764705882352941 0.05620915032679739
0 0.8014705882352942 0.4084967320261438 0.010294117647058823 0.058823529411764705
0 0.8128676470588235 0.4019607843137255 0.011029411764705883 0.05620915032679739
0 0.8238970588235294 0.37516339869281046 0.009558823529411765 0.04967320261437908
0 0.86875 0.37254901960784315 0.0125 0.047058823529411764
0 0.8875 0.3803921568627451 0.011764705882352941 0.04183006535947712
0 0.8768382352941176 0.32222222222222224 0.0125 0.05359477124183006
0 0.8893382352941176 0.3202614379084967 0.011029411764705883 0.04967320261437908
0 0.8966911764705883 0.33464052287581697 0.008088235294117648 0.036601307189542485
0 0.9080882352941176 0.33202614379084966 0.011764705882352941 0.05228758169934641
0 0.9220588235294118 0.3588235294117647 0.011764705882352941 0.06143790849673202
0 0.9286764705882353 0.3326797385620915 0.011764705882352941 0.050980392156862744
0 0.9606617647058824 0.338562091503268 0.013970588235294118 0.05751633986928104
0 0.8661764705882353 0.20261437908496732 0.010294117647058823 0.036601307189542485
0 0.8764705882352941 0.20130718954248367 0.0058823529411764705 0.04183006535947712
0 0.8816176470588235 0.20065359477124184 0.004411764705882353 0.03790849673202614
0 0.8709558823529412 0.1830065359477124 0.006617647058823529 0.013071895424836602
0 0.44632352941176473 0.27320261437908494 0.010294117647058823 0.04183006535947712
0 0.4261029411764706 0.2751633986928105 0.0125 0.05620915032679739
0 0.4091911764705882 0.2549019607843137 0.009558823529411765 0.047058823529411764
0 0.36617647058823527 0.3535947712418301 0.011764705882352941 0.05359477124183006
0 0.2841911764705882 0.2803921568627451 0.011029411764705883 0.043137254901960784
0 0.25477941176470587 0.28888888888888886 0.011029411764705883 0.047058823529411764
0 0.24080882352941177 0.2901960784313726 0.0125 0.04967320261437908
0 0.3150735294117647 0.2869281045751634 0.013970588235294118 0.050980392156862744
0 0.32316176470588237 0.2758169934640523 0.011029411764705883 0.044444444444444446
0 0.33308823529411763 0.28366013071895424 0.010294117647058823 0.047058823529411764
0 0.3654411764705882 0.2372549019607843 0.010294117647058823 0.043137254901960784
0 0.3786764705882353 0.24836601307189543 0.008823529411764706 0.044444444444444446
0 0.38382352941176473 0.23529411764705882 0.007352941176470588 0.04183006535947712
0 0.38933823529411765 0.24248366013071895 0.006617647058823529 0.03529411764705882
0 0.3966911764705882 0.2457516339869281 0.006617647058823529 0.03137254901960784
0 0.3352941176470588 0.24183006535947713 0.008823529411764706 0.04183006535947712
0 0.3264705882352941 0.24640522875816995 0.007352941176470588 0.040522875816993466
0 0.31433823529411764 0.24640522875816995 0.008088235294117648 0.027450980392156862
0 0.3088235294117647 0.25098039215686274 0.004411764705882353 0.023529411764705882
0 0.2485294117647059 0.2261437908496732 0.011764705882352941 0.044444444444444446
0 0.2599264705882353 0.20392156862745098 0.011029411764705883 0.04183006535947712
0 0.26691176470588235 0.20261437908496732 0.007352941176470588 0.044444444444444446
0 0.2323529411764706 0.2326797385620915 0.007352941176470588 0.04183006535947712
0 0.22536764705882353 0.23137254901960785 0.008088235294117648 0.047058823529411764
1 0.21985294117647058 0.26666666666666666 0.008823529411764706 0.023529411764705882
0 0.2933823529411765 0.16797385620915034 0.010294117647058823 0.0457516339869281
0 0.31948529411764703 0.169281045751634 0.006617647058823529 0.040522875816993466
0 0.3246323529411765 0.17058823529411765 0.006617647058823529 0.03790849673202614
0 0.13272058823529412 0.634640522875817 0.019852941176470587 0.08235294117647059
0 0.1463235294117647 0.6281045751633987 0.023529411764705882 0.08235294117647059
0 0.33088235294117646 0.49869281045751634 0.016176470588235296 0.07973856209150326
0 0.3801470588235294 0.47516339869281043 0.014705882352941176 0.07450980392156863
0 0.5625 0.24052287581699347 0.013235294117647059 0.05228758169934641
1 0.5882352941176471 0.18888888888888888 0.0058823529411764705 0.03529411764705882
1 0.6297794117647059 0.20915032679738563 0.006617647058823529 0.03137254901960784
1 0.6606617647058823 0.22745098039215686 0.009558823529411765 0.03137254901960784
1 0.6705882352941176 0.22679738562091503 0.0058823529411764705 0.02483660130718954
1 0.6731617647058824 0.23660130718954248 0.013970588235294118 0.02875816993464052
0 0.028308823529411765 0.15816993464052287 0.009558823529411765 0.04183006535947712
0 0.07647058823529412 0.15490196078431373 0.007352941176470588 0.03790849673202614
0 0.10477941176470588 0.13856209150326798 0.006617647058823529 0.04183006535947712
0 0.11176470588235295 0.13660130718954247 0.007352941176470588 0.032679738562091505
0 0.15992647058823528 0.14640522875816994 0.008088235294117648 0.03398692810457516
0 0.17022058823529412 0.13856209150326798 0.005147058823529412 0.03398692810457516
0 0.19705882352941176 0.1437908496732026 0.0058823529411764705 0.03398692810457516
0 0.17720588235294119 0.1437908496732026 0.007352941176470588 0.036601307189542485
0 0.02536764705882353 0.24052287581699347 0.0125 0.04183006535947712
0 0.022058823529411766 0.22091503267973855 0.008823529411764706 0.023529411764705882
0 0.08419117647058824 0.2457516339869281 0.01838235294117647 0.047058823529411764
0 0.08933823529411765 0.23594771241830065 0.011029411764705883 0.032679738562091505
0 0.10036764705882353 0.18235294117647058 0.008088235294117648 0.03790849673202614
0 0.10220588235294117 0.2235294117647059 0.010294117647058823 0.047058823529411764
0 0.11102941176470588 0.2222222222222222 0.013235294117647059 0.05228758169934641
0 0.13088235294117648 0.24052287581699347 0.008823529411764706 0.047058823529411764
0 0.14227941176470588 0.21372549019607842 0.009558823529411765 0.040522875816993466
0 0.13933823529411765 0.16470588235294117 0.008088235294117648 0.036601307189542485
0 0.1448529411764706 0.15816993464052287 0.010294117647058823 0.0392156862745098
0 0.11691176470588235 0.1830065359477124 0.007352941176470588 0.036601307189542485
0 0.12463235294117647 0.18366013071895426 0.009558823529411765 0.03529411764705882
0 0.013235294117647059 0.1588235294117647 0.010294117647058823 0.03790849673202614
0 0.16580882352941176 0.3568627450980392 0.009558823529411765 0.04183006535947712
0 0.1801470588235294 0.3673202614379085 0.013235294117647059 0.06013071895424837
0 0.16838235294117648 0.24444444444444444 0.011764705882352941 0.047058823529411764
0 0.1275735294117647 0.3607843137254902 0.009558823529411765 0.04183006535947712
0 0.04485294117647059 0.2627450980392157 0.016176470588235296 0.047058823529411764
0 0.0055147058823529415 0.25098039215686274 0.011029411764705883 0.036601307189542485
0 0.21948529411764706 0.14248366013071895 0.011029411764705883 0.03398692810457516
0 0.2485294117647059 0.13202614379084968 0.0058823529411764705 0.03137254901960784
0 0.28161764705882353 0.11830065359477124 0.004411764705882353 0.027450980392156862
0 0.2772058823529412 0.11699346405228758 0.004411764705882353 0.027450980392156862
0 0.30220588235294116 0.1411764705882353 0.0058823529411764705 0.036601307189542485
0 0.29448529411764707 0.13333333333333333 0.006617647058823529 0.036601307189542485
0 0.31691176470588234 0.10522875816993464 0.007352941176470588 0.030065359477124184
0 0.32536764705882354 0.1111111111111111 0.005147058823529412 0.036601307189542485
0 0.3327205882352941 0.09673202614379085 0.003676470588235294 0.02875816993464052
0 0.33676470588235297 0.09869281045751634 0.004411764705882353 0.030065359477124184
0 0.35808823529411765 0.19607843137254902 0.010294117647058823 0.044444444444444446
0 0.33933823529411766 0.17973856209150327 0.006617647058823529 0.03790849673202614
0 0.34705882352941175 0.1869281045751634 0.008823529411764706 0.0392156862745098
0 0.3452205882352941 0.15359477124183007 0.009558823529411765 0.03790849673202614
0 0.35441176470588237 0.14705882352941177 0.007352941176470588 0.040522875816993466
0 0.3926470588235294 0.17712418300653596 0.008823529411764706 0.03790849673202614
0 0.40661764705882353 0.1568627450980392 0.008823529411764706 0.036601307189542485
0 0.41323529411764703 0.13790849673202615 0.0058823529411764705 0.03790849673202614
0 0.4209558823529412 0.13856209150326798 0.006617647058823529 0.0392156862745098
0 0.36911764705882355 0.11960784313725491 0.004411764705882353 0.02483660130718954
0 0.3764705882352941 0.13137254901960785 0.004411764705882353 0.030065359477124184
0 0.3724264705882353 0.1300653594771242 0.003676470588235294 0.032679738562091505
0 0.35441176470588237 0.11633986928104575 0.0058823529411764705 0.02875816993464052
0 0.35110294117647056 0.12352941176470589 0.003676470588235294 0.030065359477124184
0 0.4860294117647059 0.19215686274509805 0.0058823529411764705 0.047058823529411764
0 0.49375 0.19607843137254902 0.006617647058823529 0.0392156862745098
0 0.5080882352941176 0.19477124183006536 0.008823529411764706 0.0392156862745098
0 0.5169117647058824 0.19281045751633988 0.004411764705882353 0.040522875816993466
0 0.5264705882352941 0.19869281045751633 0.007352941176470588 0.036601307189542485
0 0.5367647058823529 0.1895424836601307 0.0058823529411764705 0.036601307189542485
0 0.4786764705882353 0.1830065359477124 0.004411764705882353 0.0392156862745098
0 0.5511029411764706 0.18496732026143792 0.005147058823529412 0.03790849673202614
0 0.4525735294117647 0.17908496732026144 0.008088235294117648 0.044444444444444446
0 0.4415441176470588 0.20392156862745098 0.008088235294117648 0.047058823529411764
1 0.5915441176470588 0.4150326797385621 0.011029411764705883 0.030065359477124184
1 0.7066176470588236 0.26862745098039215 0.013235294117647059 0.032679738562091505
0 0.11213235294117647 0.37058823529411766 0.0125 0.03790849673202614
0 0.20625 0.10915032679738562 0.003676470588235294 0.011764705882352941
9 0.7018382352941176 0.3104575163398693 0.022794117647058822 0.043137254901960784
2 0.6488970588235294 0.24248366013071895 0.021323529411764706 0.030065359477124184