4 0.3897058823529412 0.9222222222222223 0.057352941176470586 0.15555555555555556
3 0.49301470588235297 0.9111111111111111 0.0625 0.17777777777777778
5 0.6363970588235294 0.9013071895424837 0.1125 0.19738562091503267
3 0.580514705882353 0.7169934640522876 0.05661764705882353 0.1503267973856209
4 0.49375 0.7183006535947712 0.04338235294117647 0.13202614379084968
4 0.5698529411764706 0.5529411764705883 0.04411764705882353 0.10980392156862745
3 0.4764705882352941 0.5509803921568628 0.04264705882352941 0.11895424836601307
3 0.5415441176470588 0.4437908496732026 0.04044117647058824 0.09281045751633987
3 0.4724264705882353 0.43137254901960786 0.03602941176470588 0.08888888888888889
3 0.4738970588235294 0.3457516339869281 0.03455882352941177 0.0718954248366013
3 0.5286764705882353 0.0673202614379085 0.04411764705882353 0.050980392156862744
3 0.5900735294117647 0.02875816993464052 0.04191176470588235 0.036601307189542485
3 0.6735294117647059 0.013725490196078431 0.03823529411764706 0.027450980392156862
3 0.7419117647058824 0.00784313725490196 0.05 0.01568627450980392
3 0.4702205882352941 0.25947712418300656 0.03161764705882353 0.06666666666666667
3 0.3713235294117647 0.28431372549019607 0.03823529411764706 0.07712418300653595
8 0.5338235294117647 0.26862745098039215 0.060294117647058824 0.19477124183006536
8 0.4308823529411765 0.1588235294117647 0.061764705882352944 0.134640522875817
4 0.4209558823529412 0.4111111111111111 0.03897058823529412 0.13202614379084968
2 0.31985294117647056 0.2633986928104575 0.008823529411764706 0.03790849673202614
1 0.31985294117647056 0.25163398692810457 0.008823529411764706 0.043137254901960784
3 0.3113970588235294 0.19019607843137254 0.05661764705882353 0.05620915032679739
3 0.23125 0.165359477124183 0.05367647058823529 0.05620915032679739
9 0.2977941176470588 0.12810457516339868 0.013235294117647059 0.02875816993464052
1 0.3003676470588235 0.12483660130718954 0.006617647058823529 0.022222222222222223
1 0.2963235294117647 0.12156862745098039 0.008823529411764706 0.03398692810457516
0 0.16397058823529412 0.20065359477124184 0.010294117647058823 0.043137254901960784
7 0.27683823529411766 0.0542483660130719 0.025735294117647058 0.040522875816993466
1 0.2702205882352941 0.04771241830065359 0.005147058823529412 0.022222222222222223
3 0.17426470588235293 0.0738562091503268 0.052941176470588235 0.043137254901960784
3 0.07316176470588236 0.08758169934640522 0.05220588235294118 0.04183006535947712