3 0.3447286012526096 0.9661410018552876 0.044363256784968684 0.06586270871985157
3 0.4979123173277662 0.9846938775510204 0.029227557411273485 0.0287569573283859
3 0.45563674321503134 0.9230055658627088 0.0511482254697286 0.09090909090909091
9 0.7479123173277662 0.8961038961038961 0.014613778705636743 0.029684601113172542
0 0.7980167014613778 0.9076994434137291 0.014613778705636743 0.030612244897959183
3 0.7875782881002088 0.7676252319109462 0.05323590814196242 0.07884972170686456
1 0.8582985386221295 0.6957328385899815 0.008872651356993737 0.02411873840445269
3 0.8723903966597077 0.6201298701298701 0.04018789144050104 0.06029684601113173
3 0.352035490605428 0.5811688311688312 0.030793319415448852 0.06215213358070501
3 0.42823590814196244 0.5236549165120594 0.0360125260960334 0.06029684601113173
4 0.44545929018789143 0.4972170686456401 0.03496868475991649 0.05380333951762523
3 0.4694676409185804 0.48562152133580705 0.029749478079331943 0.04359925788497217
9 0.4921711899791232 0.4424860853432282 0.012526096033402923 0.02040816326530612
3 0.5247912317327766 0.42439703153988867 0.03288100208768267 0.04916512059369202
4 0.5414926931106472 0.4044526901669759 0.02661795407098121 0.04267161410018553
3 0.9913883089770354 0.27087198515769945 0.016179540709812108 0.025974025974025976
3 0.985125260960334 0.1683673469387755 0.02870563674321503 0.026901669758812616
3 0.9739039665970772 0.10760667903525047 0.030271398747390398 0.029684601113172542
3 0.9840814196242171 0.10204081632653061 0.024530271398747392 0.029684601113172542
5 0.781054279749478 0.16048237476808905 0.050626304801670144 0.05194805194805195
3 0.7828810020876826 0.13218923933209648 0.029227557411273485 0.026901669758812616
3 0.8155010438413361 0.15445269016697588 0.02661795407098121 0.023191094619666047
3 0.057150313152400836 0.37987012987012986 0.02661795407098121 0.04730983302411874
3 0.11821503131524008 0.34415584415584416 0.024530271398747392 0.04452690166975881
3 0.081419624217119 0.3228200371057514 0.032359081419624215 0.03153988868274583
3 0.03888308977035491 0.3460111317254174 0.04123173277661795 0.04081632653061224
3 0.008872651356993737 0.32792207792207795 0.017745302713987474 0.030612244897959183
3 0.20302713987473903 0.1396103896103896 0.028183716075156576 0.0287569573283859
4 0.19859081419624217 0.12755102040816327 0.02348643006263048 0.0287569573283859
3 0.1704070981210856 0.09601113172541743 0.02870563674321503 0.0287569573283859
3 0.14378914405010437 0.06586270871985157 0.0255741127348643 0.025974025974025976
3 0.14144050104384134 0.05519480519480519 0.021920668058455117 0.017625231910946195
8 0.07802713987473904 0.08163265306122448 0.015135699373695199 0.025974025974025976
4 0.06758872651356994 0.0663265306122449 0.014091858037578288 0.023191094619666047
3 0.024530271398747392 0.07096474953617811 0.018789144050104383 0.026901669758812616
3 0.016179540709812108 0.04823747680890538 0.014613778705636743 0.02411873840445269
3 0.046711899791231734 0.03153988868274583 0.01722338204592902 0.02411873840445269
3 0.028444676409185805 0.006957328385899814 0.016179540709812108 0.013914656771799629