3 0.2760714285714286 0.17195431472081218 0.005 0.008883248730964468
0 0.24928571428571428 0.22144670050761422 0.0014285714285714286 0.008883248730964468
0 0.25821428571428573 0.21890862944162437 0.002142857142857143 0.011421319796954314
3 0.24821428571428572 0.27220812182741116 0.015 0.013959390862944163
5 0.29178571428571426 0.23413705583756345 0.007857142857142858 0.01903553299492386
5 0.2910714285714286 0.21573604060913706 0.009285714285714286 0.03299492385786802
4 0.28964285714285715 0.2569796954314721 0.009285714285714286 0.021573604060913704
4 0.3364285714285714 0.29441624365482233 0.018571428571428572 0.017766497461928935
5 0.28035714285714286 0.3001269035532995 0.009285714285714286 0.04187817258883249
0 0.3485714285714286 0.27220812182741116 0.002857142857142857 0.011421319796954314
0 0.3489285714285714 0.28426395939086296 0.002142857142857143 0.01015228426395939
0 0.3489285714285714 0.2626903553299492 0.002142857142857143 0.012690355329949238
0 0.3535714285714286 0.28743654822335024 0.0014285714285714286 0.011421319796954314
0 0.3560714285714286 0.27220812182741116 0.002142857142857143 0.008883248730964468
0 0.345 0.27411167512690354 0.002857142857142857 0.007614213197969543
0 0.3585714285714286 0.26649746192893403 0.002857142857142857 0.007614213197969543
0 0.36214285714285716 0.3236040609137056 0.002857142857142857 0.012690355329949238
0 0.3075 0.32741116751269034 0.002142857142857143 0.01015228426395939
0 0.1975 0.4486040609137056 0.0035714285714285713 0.01903553299492386
0 0.20642857142857143 0.4467005076142132 0.004285714285714286 0.017766497461928935
4 0.3167857142857143 0.4714467005076142 0.013571428571428571 0.02918781725888325
0 0.36178571428571427 0.35215736040609136 0.002142857142857143 0.011421319796954314
0 0.36214285714285716 0.3680203045685279 0.002857142857142857 0.015228426395939087
0 0.35928571428571426 0.375 0.002857142857142857 0.01649746192893401
0 0.3485714285714286 0.36548223350253806 0.002857142857142857 0.015228426395939087
0 0.3525 0.3756345177664975 0.002142857142857143 0.015228426395939087
0 0.35428571428571426 0.3686548223350254 0.002857142857142857 0.013959390862944163
0 0.3653571428571429 0.3686548223350254 0.002142857142857143 0.01649746192893401
0 0.36357142857142855 0.38261421319796957 0.004285714285714286 0.01649746192893401
0 0.36714285714285716 0.383248730964467 0.002857142857142857 0.015228426395939087
0 0.35214285714285715 0.40609137055837563 0.002857142857142857 0.012690355329949238
0 0.3532142857142857 0.4149746192893401 0.0035714285714285713 0.01015228426395939
0 0.3607142857142857 0.41053299492385786 0.002857142857142857 0.013959390862944163
0 0.35928571428571426 0.39784263959390864 0.002857142857142857 0.013959390862944163
0 0.36357142857142855 0.399746192893401 0.004285714285714286 0.012690355329949238
0 0.36392857142857143 0.39403553299492383 0.002142857142857143 0.013959390862944163
0 0.365 0.4156091370558376 0.002857142857142857 0.013959390862944163
0 0.36964285714285716 0.42385786802030456 0.0035714285714285713 0.015228426395939087
0 0.36464285714285716 0.4263959390862944 0.002142857142857143 0.017766497461928935
0 0.36178571428571427 0.42576142131979694 0.0035714285714285713 0.013959390862944163
9 0.3532142857142857 0.4289340101522843 0.0035714285714285713 0.012690355329949238
0 0.3703571428571429 0.4397208121827411 0.0035714285714285713 0.01649746192893401
0 0.37642857142857145 0.4397208121827411 0.002857142857142857 0.01649746192893401
0 0.3825 0.434010152284264 0.0035714285714285713 0.015228426395939087
0 0.355 0.44923857868020306 0.002857142857142857 0.015228426395939087
0 0.35714285714285715 0.475253807106599 0.002857142857142857 0.01649746192893401
0 0.3557142857142857 0.4612944162436548 0.002857142857142857 0.013959390862944163
0 0.40214285714285714 0.4866751269035533 0.002857142857142857 0.01903553299492386
0 0.41 0.4676395939086294 0.002857142857142857 0.01649746192893401
0 0.415 0.48223350253807107 0.002857142857142857 0.017766497461928935
0 0.4235714285714286 0.5317258883248731 0.002857142857142857 0.02030456852791878
0 0.4225 0.5444162436548223 0.0035714285714285713 0.02030456852791878
0 0.4328571428571429 0.5621827411167513 0.004285714285714286 0.02284263959390863
0 0.41785714285714287 0.5723350253807107 0.004285714285714286 0.02284263959390863
0 0.4210714285714286 0.5697969543147208 0.0035714285714285713 0.02030456852791878
0 0.44035714285714284 0.5723350253807107 0.0035714285714285713 0.017766497461928935
0 0.4253571428571429 0.6294416243654822 0.005 0.02284263959390863
0 0.4225 0.6427664974619289 0.005 0.021573604060913704
0 0.4139285714285714 0.6395939086294417 0.0035714285714285713 0.025380710659898477
0 0.4 0.6472081218274112 0.007142857142857143 0.017766497461928935
0 0.39071428571428574 0.6668781725888325 0.004285714285714286 0.02918781725888325
0 0.39285714285714285 0.674492385786802 0.005714285714285714 0.024111675126903553
0 0.3867857142857143 0.6941624365482234 0.005 0.027918781725888325
0 0.38785714285714284 0.6960659898477157 0.004285714285714286 0.024111675126903553
0 0.4064285714285714 0.7392131979695431 0.004285714285714286 0.01903553299492386
0 0.4575 0.7239847715736041 0.005 0.0266497461928934
0 0.465 0.7214467005076142 0.005714285714285714 0.0266497461928934
0 0.5078571428571429 0.7392131979695431 0.007142857142857143 0.0266497461928934
3 0.3192857142857143 0.5920050761421319 0.017142857142857144 0.03934010152284264
3 0.29464285714285715 0.6421319796954315 0.017857142857142856 0.04314720812182741
4 0.32392857142857145 0.6421319796954315 0.019285714285714285 0.0532994923857868
0 0.018571428571428572 0.7347715736040609 0.008571428571428572 0.025380710659898477
0 0.022857142857142857 0.7309644670050761 0.007142857142857143 0.025380710659898477
0 0.075 0.7671319796954315 0.005714285714285714 0.024111675126903553
0 0.07571428571428572 0.774746192893401 0.005714285714285714 0.01903553299492386
0 0.09928571428571428 0.748730964467005 0.007142857142857143 0.027918781725888325
0 0.12642857142857142 0.7366751269035533 0.007142857142857143 0.0266497461928934
0 0.13714285714285715 0.7271573604060914 0.005714285714285714 0.025380710659898477
0 0.15571428571428572 0.6554568527918782 0.005714285714285714 0.024111675126903553
0 0.15285714285714286 0.7315989847715736 0.005714285714285714 0.02918781725888325
0 0.15607142857142858 0.7328680203045685 0.0064285714285714285 0.024111675126903553
0 0.17 0.7309644670050761 0.005714285714285714 0.027918781725888325
0 0.17035714285714285 0.7303299492385786 0.005 0.0266497461928934
0 0.155 0.7550761421319797 0.005714285714285714 0.02284263959390863
0 0.16178571428571428 0.7550761421319797 0.0064285714285714285 0.02284263959390863
0 0.16464285714285715 0.7525380710659898 0.005 0.017766497461928935
0 0.16857142857142857 0.7614213197969543 0.005714285714285714 0.025380710659898477
0 0.175 0.758248730964467 0.007142857142857143 0.024111675126903553
0 0.18714285714285714 0.748730964467005 0.01 0.025380710659898477
0 0.18821428571428572 0.7360406091370558 0.007857142857142858 0.02030456852791878
0 0.2 0.7455583756345178 0.007142857142857143 0.0266497461928934
0 0.21071428571428572 0.7062182741116751 0.007142857142857143 0.0266497461928934
0 0.21071428571428572 0.7823604060913706 0.005714285714285714 0.024111675126903553
0 0.21392857142857144 0.7493654822335025 0.007857142857142858 0.0266497461928934
0 0.21142857142857144 0.7303299492385786 0.008571428571428572 0.02918781725888325
0 0.21642857142857144 0.741751269035533 0.007142857142857143 0.0266497461928934
0 0.21392857142857144 0.7366751269035533 0.005 0.024111675126903553
0 0.21928571428571428 0.7125634517766497 0.005714285714285714 0.024111675126903553
0 0.2275 0.7322335025380711 0.0064285714285714285 0.02284263959390863
0 0.22714285714285715 0.7277918781725888 0.004285714285714286 0.024111675126903553
0 0.22964285714285715 0.7239847715736041 0.0064285714285714285 0.024111675126903553
0 0.030714285714285715 0.9923857868020305 0.007142857142857143 0.012690355329949238
0 0.03892857142857143 0.9619289340101523 0.010714285714285714 0.03299492385786802
0 0.05714285714285714 0.9390862944162437 0.007142857142857143 0.03299492385786802
0 0.06607142857142857 0.9333756345177665 0.009285714285714286 0.03426395939086294
0 0.060714285714285714 0.9168781725888325 0.007142857142857143 0.0266497461928934
0 0.06107142857142857 0.8635786802030457 0.007857142857142858 0.03426395939086294
0 0.07035714285714285 0.8623096446700508 0.007857142857142858 0.031725888324873094
0 0.09928571428571428 0.9758883248730964 0.008571428571428572 0.025380710659898477
0 0.0975 0.9619289340101523 0.007857142857142858 0.03299492385786802
0 0.10357142857142858 0.924492385786802 0.008571428571428572 0.031725888324873094
0 0.20892857142857144 0.9828680203045685 0.009285714285714286 0.031725888324873094
0 0.12964285714285714 0.9447969543147208 0.007857142857142858 0.03426395939086294
0 0.13892857142857143 0.9524111675126904 0.007857142857142858 0.03426395939086294
0 0.22107142857142856 0.9187817258883249 0.009285714285714286 0.03299492385786802
0 0.15607142857142858 0.8140862944162437 0.009285714285714286 0.02918781725888325
0 0.12107142857142857 0.8826142131979695 0.007857142857142858 0.031725888324873094
0 0.14285714285714285 0.8616751269035533 0.005714285714285714 0.030456852791878174
0 0.15964285714285714 0.8769035532994924 0.0064285714285714285 0.030456852791878174
0 0.1417857142857143 0.9022842639593909 0.0064285714285714285 0.027918781725888325
0 0.14392857142857143 0.9092639593908629 0.007857142857142858 0.02918781725888325
0 0.16964285714285715 0.899746192893401 0.007857142857142858 0.03553299492385787
0 0.2382142857142857 0.8324873096446701 0.0064285714285714285 0.027918781725888325
0 0.24 0.8083756345177665 0.008571428571428572 0.030456852791878174
0 0.27214285714285713 0.8439086294416244 0.007142857142857143 0.030456852791878174
0 0.2975 0.8375634517766497 0.010714285714285714 0.03299492385786802
0 0.4082142857142857 0.8991116751269036 0.005 0.02918781725888325
0 0.38607142857142857 0.8388324873096447 0.0064285714285714285 0.027918781725888325
0 0.3917857142857143 0.8102791878172588 0.009285714285714286 0.03426395939086294
0 0.3678571428571429 0.8800761421319797 0.005714285714285714 0.03680203045685279
0 0.3507142857142857 0.873730964467005 0.007142857142857143 0.02918781725888325
0 0.3317857142857143 0.8800761421319797 0.007857142857142858 0.03426395939086294
0 0.3217857142857143 0.8711928934010152 0.0064285714285714285 0.02918781725888325
0 0.7014285714285714 0.991751269035533 0.007142857142857143 0.013959390862944163
0 0.6835714285714286 0.9885786802030457 0.005714285714285714 0.02030456852791878
0 0.6760714285714285 0.9746192893401016 0.007857142857142858 0.03299492385786802
0 0.6428571428571429 0.9282994923857868 0.005714285714285714 0.0266497461928934
4 0.6992857142857143 0.8591370558375635 0.05285714285714286 0.05583756345177665
4 0.7414285714285714 0.8096446700507615 0.04857142857142857 0.04568527918781726
3 0.6175 0.8794416243654822 0.05071428571428571 0.050761421319796954
3 0.6689285714285714 0.8286802030456852 0.045 0.04568527918781726
3 0.6064285714285714 0.8426395939086294 0.05142857142857143 0.04314720812182741
0 0.7817857142857143 0.6897208121827412 0.007857142857142858 0.021573604060913704
0 0.77 0.7112944162436549 0.005714285714285714 0.024111675126903553
0 0.7485714285714286 0.699238578680203 0.005714285714285714 0.025380710659898477
0 0.7617857142857143 0.7024111675126904 0.007857142857142858 0.021573604060913704
0 0.6778571428571428 0.7119289340101523 0.004285714285714286 0.02284263959390863
0 0.6596428571428572 0.7277918781725888 0.007857142857142858 0.024111675126903553
0 0.6567857142857143 0.7220812182741116 0.009285714285714286 0.02284263959390863
0 0.43607142857142855 0.7868020304568528 0.005 0.027918781725888325
0 0.4632142857142857 0.8274111675126904 0.005 0.02284263959390863
0 0.44821428571428573 0.8401015228426396 0.005 0.025380710659898477
0 0.4375 0.8477157360406091 0.005 0.02284263959390863
0 0.4585714285714286 0.8458121827411168 0.002857142857142857 0.024111675126903553
0 0.4710714285714286 0.8166243654822335 0.0064285714285714285 0.031725888324873094
0 0.4642857142857143 0.815989847715736 0.008571428571428572 0.027918781725888325
0 0.47 0.8083756345177665 0.005714285714285714 0.03299492385786802
0 0.3557142857142857 0.7284263959390863 0.002857142857142857 0.02284263959390863
0 0.3457142857142857 0.7144670050761421 0.007142857142857143 0.025380710659898477
0 0.3432142857142857 0.7106598984771574 0.005 0.017766497461928935
0 0.34464285714285714 0.7576142131979695 0.0064285714285714285 0.025380710659898477
0 0.3392857142857143 0.7563451776649747 0.007142857142857143 0.025380710659898477
0 0.33785714285714286 0.7347715736040609 0.004285714285714286 0.027918781725888325
0 0.33785714285714286 0.7328680203045685 0.005714285714285714 0.031725888324873094
0 0.3242857142857143 0.7455583756345178 0.007142857142857143 0.024111675126903553
0 0.32 0.7328680203045685 0.008571428571428572 0.0266497461928934
0 0.3296428571428571 0.7125634517766497 0.007857142857142858 0.024111675126903553
0 0.32821428571428574 0.6967005076142132 0.009285714285714286 0.025380710659898477
0 0.3221428571428571 0.6884517766497462 0.005714285714285714 0.024111675126903553
0 0.3117857142857143 0.684010152284264 0.005 0.02284263959390863
0 0.31035714285714283 0.6871827411167513 0.0064285714285714285 0.024111675126903553
0 0.3075 0.7277918781725888 0.005 0.024111675126903553
0 0.2925 0.6998730964467005 0.0035714285714285713 0.0266497461928934
0 0.28214285714285714 0.7538071065989848 0.005714285714285714 0.027918781725888325
0 0.2892857142857143 0.7474619289340102 0.004285714285714286 0.02030456852791878
0 0.3028571428571429 0.7379441624365483 0.005714285714285714 0.024111675126903553
0 0.28214285714285714 0.7220812182741116 0.007142857142857143 0.025380710659898477
0 0.2735714285714286 0.7036802030456852 0.007142857142857143 0.024111675126903553
0 0.2714285714285714 0.7411167512690355 0.007142857142857143 0.02284263959390863
0 0.245 0.7506345177664975 0.011428571428571429 0.0266497461928934
0 0.30178571428571427 0.6941624365482234 0.005 0.02284263959390863
0 0.3032142857142857 0.6916243654822335 0.005 0.02284263959390863
0 0.32 0.7322335025380711 0.008571428571428572 0.025380710659898477
0 0.30464285714285716 0.7119289340101523 0.005 0.025380710659898477
0 0.2985714285714286 0.733502538071066 0.007142857142857143 0.025380710659898477
0 0.29928571428571427 0.7106598984771574 0.007142857142857143 0.025380710659898477
0 0.30428571428571427 0.7125634517766497 0.005714285714285714 0.024111675126903553
0 0.2882142857142857 0.7284263959390863 0.0064285714285714285 0.025380710659898477
0 0.2882142857142857 0.7392131979695431 0.005 0.0266497461928934
0 0.2814285714285714 0.7138324873096447 0.005714285714285714 0.024111675126903553
0 0.27 0.7277918781725888 0.007142857142857143 0.024111675126903553
0 0.2689285714285714 0.7246192893401016 0.007857142857142858 0.025380710659898477
0 0.20285714285714285 0.733502538071066 0.004285714285714286 0.015228426395939087
0 0.2357142857142857 0.7461928934010152 0.005714285714285714 0.027918781725888325
0 0.23642857142857143 0.7036802030456852 0.004285714285714286 0.021573604060913704
0 0.24678571428571427 0.700507614213198 0.005 0.02284263959390863
0 0.25214285714285717 0.7049492385786802 0.007142857142857143 0.024111675126903553
0 0.2575 0.7093908629441624 0.005 0.02030456852791878
0 0.2571428571428571 0.7081218274111675 0.005714285714285714 0.025380710659898477
0 0.2592857142857143 0.7436548223350253 0.007142857142857143 0.027918781725888325
0 0.24892857142857142 0.7347715736040609 0.009285714285714286 0.027918781725888325
0 0.2475 0.7277918781725888 0.0064285714285714285 0.0266497461928934
0 0.2532142857142857 0.7284263959390863 0.005 0.025380710659898477
0 0.25285714285714284 0.7170050761421319 0.007142857142857143 0.025380710659898477