3 0.7046428571428571 0.9035532994923858 0.029285714285714286 0.116751269035533
3 0.6071428571428571 0.7861675126903553 0.024285714285714285 0.0901015228426396
3 0.515 0.8052030456852792 0.05285714285714286 0.03934010152284264
3 0.5153571428571428 0.7588832487309645 0.04928571428571429 0.03807106598984772
4 0.6457142857142857 0.38515228426395937 0.025714285714285714 0.09771573604060914
3 0.5935714285714285 0.3635786802030457 0.022857142857142857 0.09517766497461928
3 0.5889285714285715 0.11421319796954314 0.019285714285714285 0.07614213197969544
3 0.35428571428571426 0.399746192893401 0.03428571428571429 0.08121827411167512
3 0.41285714285714287 0.4543147208121827 0.037142857142857144 0.05583756345177665
3 0.42428571428571427 0.4866751269035533 0.047142857142857146 0.06979695431472081
3 0.4392857142857143 0.5222081218274112 0.041428571428571426 0.05964467005076142
5 0.45571428571428574 0.549492385786802 0.07 0.10406091370558376
3 0.4667857142857143 0.5958121827411168 0.04357142857142857 0.06218274111675127
3 0.47928571428571426 0.6300761421319797 0.037142857142857144 0.05456852791878172
3 0.4928571428571429 0.674492385786802 0.04428571428571428 0.06218274111675127
3 0.3625 0.733502538071066 0.052142857142857144 0.05583756345177665
3 0.3578571428571429 0.7836294416243654 0.04428571428571428 0.05203045685279188
3 0.35035714285714287 0.8280456852791879 0.04928571428571429 0.05203045685279188
4 0.3417857142857143 0.8743654822335025 0.052142857142857144 0.05583756345177665
8 0.2717857142857143 0.7950507614213198 0.03642857142857143 0.09517766497461928
3 0.3182142857142857 0.5856598984771574 0.035 0.09517766497461928
0 0.2978571428571429 0.6567258883248731 0.007142857142857143 0.01649746192893401
3 0.24214285714285713 0.9600253807106599 0.03571428571428571 0.07741116751269035