3 0.253 0.7436666666666667 0.103 0.06866666666666667
3 0.266 0.6636666666666666 0.098 0.05533333333333333
4 0.27275 0.6076666666666667 0.0785 0.054
4 0.29625 0.5326666666666666 0.0715 0.04933333333333333
3 0.2975 0.489 0.07 0.042
3 0.30725 0.4076666666666667 0.0735 0.043333333333333335
4 0.31325 0.36233333333333334 0.0555 0.04066666666666666
3 0.31925 0.339 0.0545 0.03133333333333333
3 0.322 0.305 0.055 0.028666666666666667
3 0.32425 0.2813333333333333 0.0545 0.029333333333333333
3 0.321 0.25466666666666665 0.056 0.02666666666666667
3 0.3285 0.24066666666666667 0.05 0.024
3 0.33675 0.223 0.0445 0.024666666666666667
4 0.3385 0.20633333333333334 0.047 0.024666666666666667
3 0.349 0.19566666666666666 0.044 0.020666666666666667
3 0.34725 0.17766666666666667 0.0375 0.022
6 0.351 0.155 0.031 0.020666666666666667
4 0.3515 0.135 0.038 0.024666666666666667
4 0.31875 0.06966666666666667 0.0125 0.024666666666666667
3 0.47825 0.6913333333333334 0.0445 0.12133333333333333
1 0.52025 0.6776666666666666 0.0155 0.028666666666666667
9 0.52075 0.6853333333333333 0.0125 0.048
1 0.48575 0.489 0.0105 0.023333333333333334
9 0.48575 0.49866666666666665 0.0115 0.02666666666666667
4 0.5465 0.45166666666666666 0.043 0.09
3 0.59475 0.37566666666666665 0.0355 0.04733333333333333
0 0.852 0.5343333333333333 0.014 0.03266666666666666
1 0.8955 0.456 0.01 0.02666666666666667
1 0.90675 0.457 0.0105 0.024666666666666667
3 0.44975 0.37333333333333335 0.0275 0.056
3 0.62275 0.219 0.0305 0.03
1 0.56625 0.21233333333333335 0.0055 0.015333333333333332
9 0.5665 0.21733333333333332 0.006 0.017333333333333333
1 0.54125 0.16866666666666666 0.0065 0.017333333333333333
9 0.54075 0.17433333333333334 0.0065 0.015333333333333332
3 0.43275 0.18166666666666667 0.0185 0.03
4 0.42925 0.12 0.0145 0.02266666666666667
4 0.4235 0.060333333333333336 0.012 0.020666666666666667
3 0.4235 0.05 0.013 0.017333333333333333
4 0.421 0.03966666666666667 0.011 0.015333333333333332
3 0.41925 0.031 0.0115 0.015333333333333332
1 0.43125 0.028 0.0035 0.012
9 0.431 0.031 0.003 0.01
1 0.4365 0.008333333333333333 0.003 0.01
9 0.4365 0.010666666666666666 0.003 0.008
0 0.4805 0.008 0.002 0.010666666666666666
0 0.481 0.010333333333333333 0.002 0.007333333333333333
4 0.4765 0.018 0.012 0.012
5 0.50475 0.041 0.0115 0.016666666666666666
0 0.53325 0.04 0.0035 0.016
3 0.524 0.05466666666666667 0.023 0.016
3 0.53675 0.058 0.0285 0.014666666666666666
0 0.527 0.062 0.003 0.016
4 0.54075 0.059666666666666666 0.0225 0.015333333333333332
3 0.5425 0.069 0.025 0.015333333333333332
4 0.54875 0.07366666666666667 0.0275 0.018
4 0.55825 0.07866666666666666 0.0255 0.017333333333333333
4 0.56075 0.08566666666666667 0.0255 0.016666666666666666
3 0.56375 0.09266666666666666 0.0235 0.018666666666666668
0 0.51325 0.08166666666666667 0.0045 0.016666666666666666
2 0.7605 0.31733333333333336 0.021 0.017333333333333333