0 0.009191176470588236 0.984313725490196 0.01838235294117647 0.03137254901960784
9 0.2757352941176471 0.6967320261437908 0.016176470588235296 0.06274509803921569
1 0.27683823529411766 0.6790849673202615 0.016911764705882352 0.05620915032679739
3 0.39080882352941176 0.8522875816993464 0.06102941176470588 0.21176470588235294
0 0.2985294117647059 0.47516339869281043 0.013235294117647059 0.05359477124183006
1 0.35294117647058826 0.5196078431372549 0.014705882352941176 0.050980392156862744
3 0.3518382352941177 0.534640522875817 0.013970588235294118 0.05228758169934641
3 0.36875 0.2718954248366013 0.011029411764705883 0.03137254901960784
3 0.4474264705882353 0.47908496732026146 0.04191176470588235 0.1111111111111111
3 0.39080882352941176 0.4718954248366013 0.04044117647058824 0.10457516339869281
3 0.5073529411764706 0.32941176470588235 0.033823529411764704 0.07058823529411765
3 0.5433823529411764 0.2261437908496732 0.030882352941176472 0.05751633986928104
3 0.4375 0.3183006535947712 0.03823529411764706 0.09803921568627451
3 0.39705882352941174 0.3176470588235294 0.033823529411764704 0.08366013071895424
3 0.40698529411764706 0.1411764705882353 0.027205882352941177 0.05751633986928104
3 0.45183823529411765 0.10784313725490197 0.02426470588235294 0.050980392156862744
4 0.4474264705882353 0.2261437908496732 0.027205882352941177 0.0784313725490196
4 0.39705882352941174 0.2150326797385621 0.029411764705882353 0.07973856209150326
2 0.36323529411764705 0.43333333333333335 0.011764705882352941 0.0457516339869281
2 0.3466911764705882 0.4294117647058823 0.011029411764705883 0.0457516339869281
2 0.37058823529411766 0.33725490196078434 0.008823529411764706 0.04183006535947712
2 0.5511029411764706 0.06209150326797386 0.009558823529411765 0.02483660130718954
1 0.36323529411764705 0.4130718954248366 0.013235294117647059 0.04183006535947712
1 0.3488970588235294 0.41568627450980394 0.013970588235294118 0.047058823529411764
1 0.37058823529411766 0.3215686274509804 0.011764705882352941 0.044444444444444446
1 0.36801470588235297 0.2601307189542484 0.0125 0.036601307189542485
1 0.5709558823529411 0.03398692810457516 0.006617647058823529 0.02091503267973856
1 0.5518382352941177 0.05555555555555555 0.006617647058823529 0.030065359477124184
1 0.5808823529411765 0.034640522875816995 0.0058823529411764705 0.0196078431372549
1 0.586764705882353 0.02679738562091503 0.008823529411764706 0.022222222222222223
1 0.5731617647058823 0.029411764705882353 0.006617647058823529 0.0196078431372549
0 0.5764705882352941 0.018300653594771243 0.004411764705882353 0.02875816993464052
0 0.5680147058823529 0.023529411764705882 0.006617647058823529 0.02091503267973856
3 0.44669117647058826 0.06535947712418301 0.022794117647058822 0.047058823529411764
3 0.4522058823529412 0.023529411764705882 0.022058823529411766 0.047058823529411764
3 0.4176470588235294 0.06928104575163399 0.023529411764705882 0.04967320261437908
4 0.4261029411764706 0.022222222222222223 0.021323529411764706 0.044444444444444446