3 0.36392857142857143 0.8045685279187818 0.015 0.04314720812182741
3 0.35928571428571426 0.7588832487309645 0.015714285714285715 0.03299492385786802
3 0.5267857142857143 0.8654822335025381 0.016428571428571428 0.0583756345177665
3 0.5417857142857143 0.5304568527918782 0.007857142857142858 0.025380710659898477
3 0.5317857142857143 0.35279187817258884 0.0064285714285714285 0.012690355329949238
3 0.5271428571428571 0.32741116751269034 0.005714285714285714 0.015228426395939087
3 0.5296428571428572 0.33946700507614214 0.0064285714285714285 0.013959390862944163
3 0.5317857142857143 0.37055837563451777 0.0064285714285714285 0.015228426395939087
3 0.5335714285714286 0.399746192893401 0.005714285714285714 0.01015228426395939
3 0.5371428571428571 0.4536802030456853 0.007142857142857143 0.013959390862944163
3 0.5264285714285715 0.6434010152284264 0.008571428571428572 0.027918781725888325
3 0.495 0.49238578680203043 0.008571428571428572 0.02030456852791878
3 0.3457142857142857 0.9213197969543148 0.017142857142857144 0.04568527918781726
3 0.3525 0.8699238578680203 0.019285714285714285 0.04187817258883249
3 0.3142857142857143 0.6789340101522843 0.027142857142857142 0.025380710659898477
8 0.46535714285714286 0.40926395939086296 0.04357142857142857 0.044416243654822336
8 0.49 0.5399746192893401 0.015714285714285715 0.07233502538071065
8 0.2760714285714286 0.6611675126903553 0.03214285714285714 0.03553299492385787
4 0.535 0.41624365482233505 0.007142857142857143 0.02284263959390863
4 0.5396428571428571 0.5076142131979695 0.009285714285714286 0.025380710659898477
4 0.5367857142857143 0.4733502538071066 0.009285714285714286 0.027918781725888325
4 0.5332142857142858 0.38261421319796957 0.007857142857142858 0.01903553299492386
4 0.5332142857142858 0.43908629441624364 0.0064285714285714285 0.02030456852791878
4 0.3492857142857143 0.7170050761421319 0.02142857142857143 0.04314720812182741
3 0.4642857142857143 0.26015228426395937 0.011428571428571429 0.01015228426395939
3 0.44607142857142856 0.26015228426395937 0.012142857142857143 0.007614213197969543
8 0.4392857142857143 0.32423857868020306 0.02142857142857143 0.01903553299492386
0 0.45535714285714285 0.5304568527918782 0.0035714285714285713 0.012690355329949238
0 0.4517857142857143 0.5291878172588832 0.0035714285714285713 0.015228426395939087
0 0.5607142857142857 0.5279187817258884 0.002857142857142857 0.015228426395939087
0 0.5575 0.5329949238578681 0.0035714285714285713 0.015228426395939087
0 0.5525 0.4949238578680203 0.0035714285714285713 0.012690355329949238
0 0.5596428571428571 0.4930203045685279 0.0035714285714285713 0.013959390862944163
0 0.5510714285714285 0.4720812182741117 0.0035714285714285713 0.012690355329949238
0 0.5471428571428572 0.44923857868020306 0.002857142857142857 0.012690355329949238
0 0.5510714285714285 0.44225888324873097 0.0035714285714285713 0.011421319796954314
0 0.5492857142857143 0.4200507614213198 0.002857142857142857 0.012690355329949238
0 0.5442857142857143 0.4200507614213198 0.004285714285714286 0.015228426395939087
0 0.5467857142857143 0.41053299492385786 0.002142857142857143 0.008883248730964468
0 0.545 0.4156091370558376 0.002857142857142857 0.01649746192893401
0 0.5535714285714286 0.41941624365482233 0.004285714285714286 0.01649746192893401
0 0.5485714285714286 0.5691624365482234 0.004285714285714286 0.01649746192893401
0 0.4546428571428571 0.4746192893401015 0.0035714285714285713 0.012690355329949238
0 0.38035714285714284 0.7658629441624365 0.0064285714285714285 0.021573604060913704
0 0.5625 0.7861675126903553 0.005 0.021573604060913704
0 0.5639285714285714 0.883248730964467 0.0064285714285714285 0.02284263959390863
0 0.57 0.8534263959390863 0.005714285714285714 0.0266497461928934