8 0.08178571428571428 0.5926395939086294 0.13785714285714284 0.07868020304568528
3 0.2025 0.6116751269035533 0.04928571428571429 0.03553299492385787
9 0.24571428571428572 0.6173857868020305 0.025714285714285714 0.021573604060913704
1 0.24392857142857144 0.616751269035533 0.010714285714285714 0.025380710659898477
3 0.28535714285714286 0.6884517766497462 0.04928571428571429 0.04187817258883249
3 0.2985714285714286 0.633248730964467 0.05 0.03807106598984772
4 0.3475 0.6979695431472082 0.04928571428571429 0.04568527918781726
3 0.36 0.6484771573604061 0.047142857142857146 0.03807106598984772
0 0.8092857142857143 0.7855329949238579 0.01 0.02284263959390863
0 0.7960714285714285 0.7398477157360406 0.010714285714285714 0.02284263959390863
0 0.7735714285714286 0.7366751269035533 0.008571428571428572 0.024111675126903553
8 0.6646428571428571 0.5019035532994924 0.023571428571428573 0.08756345177664974
0 0.55 0.3013959390862944 0.005714285714285714 0.021573604060913704
0 0.5528571428571428 0.2703045685279188 0.007142857142857143 0.027918781725888325
0 0.6089285714285714 0.5298223350253807 0.009285714285714286 0.03426395939086294
0 0.31107142857142855 0.3426395939086294 0.005 0.02284263959390863
0 0.3367857142857143 0.3343908629441624 0.0064285714285714285 0.021573604060913704
0 0.3432142857142857 0.35088832487309646 0.005 0.024111675126903553
0 0.3560714285714286 0.3286802030456853 0.0064285714285714285 0.02284263959390863
0 0.36178571428571427 0.3286802030456853 0.005 0.02284263959390863
0 0.36464285714285716 0.3001269035532995 0.005 0.024111675126903553