4 0.5110714285714286 0.8946700507614214 0.027857142857142858 0.11421319796954314
3 0.4235714285714286 0.9048223350253807 0.027142857142857142 0.09390862944162437
3 0.31107142857142855 0.9384517766497462 0.029285714285714286 0.0799492385786802
3 0.3475 0.9854060913705583 0.030714285714285715 0.0266497461928934
3 0.2567857142857143 0.9739847715736041 0.03357142857142857 0.04949238578680203
3 0.3825 0.625 0.02642857142857143 0.06725888324873096
3 0.45 0.3895939086294416 0.02142857142857143 0.05583756345177665
3 0.48 0.3331218274111675 0.015714285714285715 0.04187817258883249
3 0.41892857142857143 0.2017766497461929 0.016428571428571428 0.03553299492385787
3 0.48857142857142855 0.07487309644670051 0.017142857142857144 0.03807106598984772
3 0.41214285714285714 0.03426395939086294 0.017142857142857144 0.030456852791878174
8 0.5107142857142857 0.13451776649746192 0.017142857142857144 0.07360406091370558
5 0.38107142857142856 0.29124365482233505 0.03785714285714286 0.11294416243654823
5 0.24571428571428572 0.2753807106598985 0.032857142857142856 0.10406091370558376
4 0.10035714285714285 0.9549492385786802 0.039285714285714285 0.08756345177664974
3 0.15892857142857142 0.8045685279187818 0.029285714285714286 0.07868020304568528
4 0.17 0.6738578680203046 0.027142857142857142 0.07614213197969544
4 0.08607142857142858 0.682741116751269 0.030714285714285715 0.06345177664974619
4 0.1367857142857143 0.4549492385786802 0.027857142857142858 0.046954314720812185
4 0.22321428571428573 0.42449238578680204 0.025 0.05964467005076142
4 0.2025 0.17639593908629442 0.017857142857142856 0.04060913705583756
4 0.22428571428571428 0.0799492385786802 0.017142857142857144 0.03807106598984772
4 0.10071428571428571 0.6142131979695431 0.02857142857142857 0.048223350253807105
3 0.11428571428571428 0.5640862944162437 0.024285714285714285 0.046954314720812185
3 0.12607142857142858 0.5095177664974619 0.02642857142857143 0.05203045685279188
3 0.1492857142857143 0.4067258883248731 0.022857142857142857 0.044416243654822336
3 0.17464285714285716 0.2868020304568528 0.019285714285714285 0.03299492385786802
3 0.24071428571428571 0.01713197969543147 0.017142857142857144 0.024111675126903553
3 0.2357142857142857 0.038705583756345176 0.018571428571428572 0.024111675126903553
3 0.2307142857142857 0.05964467005076142 0.015714285714285715 0.025380710659898477
0 0.21892857142857142 0.18274111675126903 0.007857142857142858 0.02284263959390863
0 0.7239285714285715 0.9841370558375635 0.010714285714285714 0.02918781725888325
0 0.7353571428571428 0.8807106598984772 0.010714285714285714 0.03299492385786802
0 0.5714285714285714 0.9187817258883249 0.007142857142857143 0.015228426395939087
1 0.6942857142857143 0.7138324873096447 0.008571428571428572 0.01903553299492386
0 0.7003571428571429 0.4796954314720812 0.007857142857142858 0.02284263959390863
0 0.6125 0.5336294416243654 0.0064285714285714285 0.024111675126903553
0 0.6128571428571429 0.4993654822335025 0.005714285714285714 0.021573604060913704
0 0.6017857142857143 0.4714467005076142 0.0064285714285714285 0.01649746192893401
0 0.6007142857142858 0.19860406091370558 0.005714285714285714 0.01649746192893401
0 0.6614285714285715 0.1681472081218274 0.007142857142857143 0.01903553299492386
0 0.5878571428571429 0.16751269035532995 0.008571428571428572 0.017766497461928935
0 0.5825 0.12563451776649745 0.009285714285714286 0.017766497461928935
0 0.6178571428571429 0.028553299492385786 0.004285714285714286 0.01649746192893401
0 0.2732142857142857 0.35215736040609136 0.0064285714285714285 0.01649746192893401
0 0.2714285714285714 0.35850253807106597 0.008571428571428572 0.021573604060913704
0 0.22892857142857143 0.6491116751269036 0.010714285714285714 0.0266497461928934
0 0.6935714285714286 0.47588832487309646 0.005714285714285714 0.02030456852791878
0 0.6064285714285714 0.4714467005076142 0.007142857142857143 0.01903553299492386
0 0.6321428571428571 0.5050761421319797 0.005714285714285714 0.02284263959390863
0 0.6257142857142857 0.5006345177664975 0.005714285714285714 0.01649746192893401
0 0.6192857142857143 0.5 0.005714285714285714 0.02030456852791878
0 0.6210714285714286 0.5336294416243654 0.005 0.021573604060913704
0 0.6167857142857143 0.5323604060913706 0.005 0.01649746192893401
0 0.6125 0.5348984771573604 0.0035714285714285713 0.021573604060913704
0 0.585 0.10152284263959391 0.004285714285714286 0.017766497461928935
0 0.6146428571428572 0.03236040609137056 0.0035714285714285713 0.013959390862944163
0 0.6085714285714285 0.0266497461928934 0.002857142857142857 0.012690355329949238