4 0.08107142857142857 0.05901015228426396 0.047857142857142855 0.09771573604060914
4 0.15785714285714286 0.2506345177664975 0.054285714285714284 0.11294416243654823
0 0.17857142857142858 0.014593908629441625 0.01 0.02918781725888325
0 0.19178571428571428 0.012055837563451776 0.012142857142857143 0.024111675126903553
0 0.20142857142857143 0.03489847715736041 0.008571428571428572 0.031725888324873094
0 0.21107142857142858 0.030456852791878174 0.007857142857142858 0.03553299492385787
0 0.22 0.027918781725888325 0.008571428571428572 0.03553299492385787
0 0.23107142857142857 0.0932741116751269 0.012142857142857143 0.04187817258883249
0 0.24107142857142858 0.11548223350253807 0.009285714285714286 0.03299492385786802
0 0.27964285714285714 0.14593908629441624 0.009285714285714286 0.03807106598984772
0 0.27535714285714286 0.15355329949238578 0.009285714285714286 0.03807106598984772
0 0.26607142857142857 0.16116751269035534 0.010714285714285714 0.03553299492385787
0 0.26285714285714284 0.17449238578680204 0.008571428571428572 0.03934010152284264
0 0.03214285714285714 0.7519035532994924 0.022857142857142857 0.03934010152284264
0 0.041428571428571426 0.6947969543147208 0.02 0.03934010152284264
0 0.0475 0.684010152284264 0.020714285714285713 0.04314720812182741
0 0.07785714285714286 0.7373096446700508 0.02142857142857143 0.048223350253807105
0 0.1275 0.9219543147208121 0.023571428571428573 0.03426395939086294
0 0.12714285714285714 0.940989847715736 0.024285714285714285 0.02918781725888325
0 0.13428571428571429 0.9714467005076142 0.02142857142857143 0.03426395939086294
4 0.5639285714285714 0.940989847715736 0.10357142857142858 0.11548223350253807
3 0.8925 0.6725888324873096 0.08214285714285714 0.1218274111675127
8 0.7375 0.7081218274111675 0.12928571428571428 0.20050761421319796
0 0.6635714285714286 0.6814720812182741 0.012857142857142857 0.04060913705583756
0 0.6557142857142857 0.6903553299492385 0.011428571428571429 0.03807106598984772
0 0.6375 0.708756345177665 0.010714285714285714 0.04949238578680203
0 0.5932142857142857 0.7131979695431472 0.009285714285714286 0.03553299492385787
0 0.6010714285714286 0.7024111675126904 0.012142857142857143 0.031725888324873094
0 0.6207142857142857 0.6713197969543148 0.012857142857142857 0.03807106598984772
0 0.6125 0.6395939086294417 0.010714285714285714 0.03553299492385787
0 0.6032142857142857 0.6548223350253807 0.009285714285714286 0.04314720812182741
0 0.5875 0.6776649746192893 0.010714285714285714 0.03807106598984772
0 0.5710714285714286 0.6713197969543148 0.009285714285714286 0.030456852791878174
0 0.5114285714285715 0.5139593908629442 0.014285714285714285 0.04060913705583756
0 0.49107142857142855 0.6427664974619289 0.012142857142857143 0.03934010152284264
1 0.4882142857142857 0.6376903553299492 0.0064285714285714285 0.01903553299492386
0 0.4592857142857143 0.6129441624365483 0.01 0.03807106598984772
0 0.45357142857142857 0.6586294416243654 0.008571428571428572 0.04314720812182741
0 0.43785714285714283 0.625 0.008571428571428572 0.03934010152284264
0 0.45071428571428573 0.641497461928934 0.008571428571428572 0.03934010152284264
0 0.4125 0.45875634517766495 0.012142857142857143 0.03934010152284264
3 0.31464285714285717 0.49555837563451777 0.06357142857142857 0.1281725888324873
4 0.25785714285714284 0.5285532994923858 0.06428571428571428 0.14086294416243655
0 0.3610714285714286 0.2982233502538071 0.009285714285714286 0.03807106598984772
0 0.3578571428571429 0.3102791878172589 0.008571428571428572 0.03680203045685279
0 0.36392857142857143 0.3052030456852792 0.009285714285714286 0.03426395939086294
0 0.37357142857142855 0.35723350253807107 0.015714285714285715 0.03934010152284264
0 0.36964285714285716 0.3756345177664975 0.009285714285714286 0.025380710659898477
0 0.37892857142857145 0.3496192893401015 0.007857142857142858 0.0266497461928934