3 0.5797794117647059 0.9098039215686274 0.05220588235294118 0.14640522875816994
3 0.3360294117647059 0.8366013071895425 0.06911764705882353 0.17254901960784313
3 0.5724264705882353 0.5235294117647059 0.03308823529411765 0.06405228758169934
3 0.4345588235294118 0.4516339869281046 0.03529411764705882 0.0718954248366013
3 0.39338235294117646 0.5339869281045752 0.03676470588235294 0.08235294117647059
3 0.6066176470588235 0.36470588235294116 0.023529411764705882 0.044444444444444446
3 0.6161764705882353 0.3215686274509804 0.025 0.044444444444444446
3 0.5404411764705882 0.2647058823529412 0.01911764705882353 0.03529411764705882
3 0.5470588235294118 0.19934640522875818 0.01764705882352941 0.032679738562091505
3 0.5169117647058824 0.12549019607843137 0.013235294117647059 0.02875816993464052
3 0.48713235294117646 0.15359477124183007 0.015441176470588236 0.03790849673202614
3 0.47904411764705884 0.1869281045751634 0.013970588235294118 0.026143790849673203
3 0.4702205882352941 0.30196078431372547 0.025735294117647058 0.04183006535947712
3 0.6058823529411764 0.265359477124183 0.023529411764705882 0.0392156862745098
3 0.5878676470588236 0.14705882352941177 0.01838235294117647 0.030065359477124184
3 0.5213235294117647 0.08300653594771241 0.010294117647058823 0.032679738562091505
3 0.5297794117647059 0.044444444444444446 0.008088235294117648 0.01568627450980392
3 0.5113970588235294 0.027450980392156862 0.009558823529411765 0.018300653594771243
3 0.5477941176470589 0.03137254901960784 0.010294117647058823 0.018300653594771243
3 0.5470588235294118 0.00784313725490196 0.008823529411764706 0.013071895424836602
3 0.5944852941176471 0.08235294117647059 0.0125 0.018300653594771243
8 0.65 0.016339869281045753 0.033823529411764704 0.027450980392156862
3 0.4588235294117647 0.26666666666666666 0.022058823529411766 0.036601307189542485
3 0.4713235294117647 0.238562091503268 0.022058823529411766 0.03529411764705882
3 0.44669117647058826 0.3941176470588235 0.027205882352941177 0.058823529411764705
3 0.3382352941176471 0.5934640522875817 0.08970588235294118 0.06535947712418301
3 0.2926470588235294 0.6679738562091503 0.08676470588235294 0.07320261437908497
3 0.3735294117647059 0.465359477124183 0.058823529411764705 0.044444444444444446
3 0.4319852941176471 0.32941176470588235 0.05073529411764706 0.03398692810457516
3 0.4591911764705882 0.18104575163398692 0.01838235294117647 0.030065359477124184
3 0.46176470588235297 0.13856209150326798 0.026470588235294117 0.023529411764705882
3 0.4625 0.11437908496732026 0.025 0.022222222222222223
3 0.4713235294117647 0.09281045751633987 0.026470588235294117 0.018300653594771243
3 0.475 0.07712418300653595 0.022058823529411766 0.02091503267973856
3 0.6419117647058824 0.0803921568627451 0.011764705882352941 0.0196078431372549
3 0.6264705882352941 0.0803921568627451 0.011764705882352941 0.0196078431372549
3 0.6352941176470588 0.07124183006535947 0.010294117647058823 0.0196078431372549
3 0.6205882352941177 0.06993464052287582 0.008823529411764706 0.0196078431372549
3 0.6044117647058823 0.0738562091503268 0.011764705882352941 0.022222222222222223
3 0.5922794117647059 0.19281045751633988 0.016911764705882352 0.030065359477124184
3 0.6 0.21830065359477124 0.01911764705882353 0.03137254901960784
3 0.5985294117647059 0.23921568627450981 0.03235294117647059 0.03137254901960784
4 0.6238970588235294 0.11437908496732026 0.013970588235294118 0.022222222222222223
3 0.6272058823529412 0.10718954248366012 0.014705882352941176 0.02091503267973856
3 0.5886029411764706 0.0673202614379085 0.011029411764705883 0.022222222222222223
5 0.5886029411764706 0.041176470588235294 0.028676470588235293 0.022222222222222223
0 0.6658088235294117 0.769281045751634 0.015441176470588236 0.06143790849673202
0 0.586764705882353 0.3516339869281046 0.008823529411764706 0.036601307189542485
0 0.5705882352941176 0.29150326797385623 0.007352941176470588 0.026143790849673203
0 0.49264705882352944 0.28104575163398693 0.0058823529411764705 0.023529411764705882
0 0.56875 0.21437908496732025 0.006617647058823529 0.026143790849673203
0 0.5742647058823529 0.10196078431372549 0.0029411764705882353 0.02091503267973856
0 0.5801470588235295 0.10392156862745099 0.0029411764705882353 0.0196078431372549
0 0.5632352941176471 0.09869281045751634 0.0029411764705882353 0.01437908496732026
0 0.4900735294117647 0.09673202614379085 0.003676470588235294 0.01045751633986928
9 0.49301470588235297 0.28954248366013075 0.006617647058823529 0.02483660130718954
9 0.5709558823529411 0.3 0.008088235294117648 0.027450980392156862
9 0.5639705882352941 0.08235294117647059 0.004411764705882353 0.01045751633986928
9 0.4904411764705882 0.10261437908496732 0.004411764705882353 0.011764705882352941
2 0.56875 0.22287581699346407 0.005147058823529412 0.022222222222222223
2 0.5636029411764706 0.10326797385620914 0.003676470588235294 0.01568627450980392
0 0.5636029411764706 0.0803921568627451 0.003676470588235294 0.01699346405228758
0 0.5783088235294118 0.10522875816993464 0.003676470588235294 0.01699346405228758
0 0.5845588235294118 0.09477124183006536 0.0029411764705882353 0.01699346405228758
0 0.5761029411764705 0.07320261437908497 0.003676470588235294 0.02091503267973856
0 0.5731617647058823 0.06405228758169934 0.003676470588235294 0.018300653594771243
0 0.5625 0.0196078431372549 0.0029411764705882353 0.01568627450980392
9 0.5621323529411765 0.022222222222222223 0.003676470588235294 0.013071895424836602