3 0.5895 0.931 0.024 0.054
3 0.51475 0.887 0.0195 0.054
3 0.46725 0.8706666666666667 0.0195 0.048
3 0.46225 0.9416666666666667 0.0215 0.062
3 0.41825 0.8843333333333333 0.0205 0.056666666666666664
4 0.46975 0.7596666666666667 0.0155 0.04733333333333333
3 0.433 0.7533333333333333 0.016 0.04
3 0.569 0.7233333333333334 0.015 0.029333333333333333
3 0.56325 0.6793333333333333 0.0145 0.030666666666666665
3 0.5595 0.621 0.016 0.026
6 0.58475 0.7206666666666667 0.0105 0.025333333333333333
3 0.57725 0.8093333333333333 0.0205 0.04133333333333333
1 0.48825 0.6876666666666666 0.0055 0.014
2 0.4865 0.694 0.007 0.016
4 0.43775 0.665 0.0135 0.03666666666666667
3 0.442 0.633 0.013 0.026
4 0.47425 0.668 0.0145 0.04666666666666667
3 0.55475 0.5433333333333333 0.0125 0.024
3 0.5255 0.5233333333333333 0.012 0.016
3 0.47925 0.5653333333333334 0.0125 0.021333333333333333
3 0.4575 0.5683333333333334 0.015 0.027333333333333334
3 0.47875 0.5403333333333333 0.0135 0.026
3 0.44875 0.5376666666666666 0.0135 0.03
3 0.48125 0.498 0.0125 0.02266666666666667
0 0.49625 0.5426666666666666 0.0035 0.012
9 0.4955 0.5463333333333333 0.007 0.01
2 0.58075 0.6803333333333333 0.0065 0.012666666666666666
2 0.5765 0.6473333333333333 0.005 0.014666666666666666
3 0.54625 0.46366666666666667 0.0105 0.019333333333333334
7 0.52675 0.45266666666666666 0.0075 0.02
3 0.5045 0.4083333333333333 0.009 0.016666666666666666
3 0.483 0.4643333333333333 0.011 0.020666666666666667
3 0.4845 0.4483333333333333 0.011 0.015333333333333332
3 0.45825 0.466 0.0115 0.02
3 0.485 0.434 0.01 0.016
3 0.48375 0.4176666666666667 0.0105 0.016666666666666666
3 0.46125 0.44233333333333336 0.0115 0.018
3 0.45975 0.414 0.0105 0.02266666666666667
3 0.4605 0.381 0.009 0.016666666666666666
3 0.483 0.37733333333333335 0.01 0.016
5 0.545 0.443 0.013 0.024666666666666667
5 0.54125 0.415 0.0135 0.027333333333333334
3 0.5325 0.37366666666666665 0.01 0.011333333333333334
5 0.5305 0.36133333333333334 0.009 0.016
4 0.507 0.3586666666666667 0.009 0.02
3 0.4945 0.35833333333333334 0.009 0.018
3 0.491 0.33766666666666667 0.01 0.011333333333333334
3 0.525 0.33866666666666667 0.01 0.014666666666666666
3 0.52225 0.32666666666666666 0.0095 0.013333333333333334
0 0.53 0.391 0.003 0.01
0 0.42225 0.6026666666666667 0.0025 0.012
1 0.50325 0.44166666666666665 0.0035 0.008666666666666666
2 0.50325 0.44333333333333336 0.0065 0.010666666666666666
3 0.5045 0.30733333333333335 0.008 0.012
3 0.482 0.305 0.008 0.012666666666666666
3 0.47575 0.3233333333333333 0.0085 0.012
3 0.4845 0.29 0.007 0.010666666666666666
5 0.472 0.2806666666666667 0.014 0.021333333333333333
3 0.48625 0.273 0.0085 0.011333333333333334
3 0.50975 0.2876666666666667 0.0065 0.01
3 0.5045 0.275 0.008 0.01
1 0.4925 0.28833333333333333 0.003 0.006
9 0.493 0.291 0.004 0.006
0 0.4885 0.255 0.002 0.008666666666666666
3 0.54625 0.346 0.0125 0.009333333333333334
3 0.49725 0.25166666666666665 0.0055 0.006
3 0.495 0.243 0.005 0.006
3 0.49325 0.23733333333333334 0.0055 0.008
3 0.49225 0.232 0.0065 0.006666666666666667
3 0.489 0.22666666666666666 0.005 0.005333333333333333
0 0.4725 0.23166666666666666 0.002 0.007333333333333333
3 0.50675 0.20233333333333334 0.0065 0.006
3 0.503 0.191 0.011 0.007333333333333333