6 0.96796875 0.5458333333333333 0.018229166666666668 0.03425925925925926
1 0.9901041666666667 0.5805555555555556 0.013541666666666667 0.025925925925925925
1 0.9919270833333333 0.6236111111111111 0.015104166666666667 0.025
1 0.9825520833333333 0.6199074074074075 0.009895833333333333 0.025
1 0.9796875 0.6166666666666667 0.008333333333333333 0.025925925925925925
9 0.57109375 0.9708333333333333 0.015104166666666667 0.058333333333333334
1 0.57109375 0.9578703703703704 0.015104166666666667 0.049074074074074076
0 0.5859375 0.7555555555555555 0.011458333333333333 0.040740740740740744
3 0.5703125 0.7111111111111111 0.03333333333333333 0.06481481481481481
9 0.45546875 0.7231481481481481 0.011979166666666667 0.05925925925925926
9 0.5291666666666667 0.7300925925925926 0.010416666666666666 0.04351851851851852
1 0.52890625 0.7236111111111111 0.009895833333333333 0.032407407407407406
7 0.5447916666666667 0.8046296296296296 0.015625 0.06111111111111111
1 0.5442708333333334 0.8115740740740741 0.009375 0.03611111111111111
1 0.54375 0.8037037037037037 0.011458333333333333 0.03333333333333333
2 0.5450520833333333 0.5958333333333333 0.008854166666666666 0.026851851851851852
0 0.54609375 0.5893518518518519 0.009895833333333333 0.032407407407407406
9 0.5177083333333333 0.6055555555555555 0.008333333333333333 0.027777777777777776
1 0.51796875 0.5972222222222222 0.0078125 0.024074074074074074
2 0.5278645833333333 0.5981481481481481 0.008854166666666666 0.03518518518518519
1 0.528125 0.5953703703703703 0.007291666666666667 0.024074074074074074
3 0.46197916666666666 0.5652777777777778 0.01875 0.04537037037037037
0 0.48333333333333334 0.4587962962962963 0.004166666666666667 0.023148148148148147
9 0.47682291666666665 0.4875 0.0078125 0.021296296296296296
1 0.47682291666666665 0.48194444444444445 0.0067708333333333336 0.021296296296296296
3 0.45208333333333334 0.45555555555555555 0.016666666666666666 0.027777777777777776
3 0.53984375 0.48333333333333334 0.015104166666666667 0.027777777777777776
9 0.4734375 0.42685185185185187 0.005208333333333333 0.020370370370370372
7 0.4947916666666667 0.48055555555555557 0.011458333333333333 0.03888888888888889
1 0.49453125 0.4824074074074074 0.005729166666666666 0.018518518518518517
3 0.53984375 0.44027777777777777 0.0140625 0.030555555555555555
3 0.5317708333333333 0.42453703703703705 0.01875 0.030555555555555555
2 0.5177083333333333 0.43657407407407406 0.004166666666666667 0.019444444444444445
1 0.5174479166666667 0.4324074074074074 0.005729166666666666 0.022222222222222223
3 0.54921875 0.3819444444444444 0.013020833333333334 0.025
2 0.509375 0.43333333333333335 0.005208333333333333 0.018518518518518517
1 0.5096354166666667 0.42824074074074076 0.0046875 0.017592592592592594
3 0.5286458333333334 0.387037037037037 0.014583333333333334 0.022222222222222223
3 0.5229166666666667 0.36898148148148147 0.013541666666666667 0.021296296296296296
3 0.5252604166666667 0.3597222222222222 0.013020833333333334 0.021296296296296296
3 0.5408854166666667 0.3611111111111111 0.011979166666666667 0.018518518518518517
3 0.5359375 0.34675925925925927 0.01875 0.019444444444444445
3 0.5369791666666667 0.3337962962962963 0.011458333333333333 0.017592592592592594
3 0.5338541666666666 0.30694444444444446 0.01875 0.019444444444444445
9 0.509375 0.4041666666666667 0.004166666666666667 0.01574074074074074
1 0.5091145833333334 0.4 0.0046875 0.018518518518518517
3 0.5192708333333333 0.32222222222222224 0.011458333333333333 0.020370370370370372
3 0.5203125 0.3162037037037037 0.010416666666666666 0.017592592592592594
9 0.52109375 0.3384259259259259 0.008854166666666666 0.013888888888888888
1 0.5208333333333334 0.3347222222222222 0.004166666666666667 0.012037037037037037
2 0.46901041666666665 0.3277777777777778 0.0036458333333333334 0.014814814814814815
1 0.46901041666666665 0.325 0.0026041666666666665 0.014814814814814815
9 0.5 0.34629629629629627 0.005208333333333333 0.014814814814814815
1 0.49973958333333335 0.3439814814814815 0.0046875 0.01574074074074074
9 0.5098958333333333 0.3476851851851852 0.004166666666666667 0.013888888888888888
1 0.5104166666666666 0.3476851851851852 0.003125 0.010185185185185186
1 0.51015625 0.34444444444444444 0.0036458333333333334 0.014814814814814815
9 0.47630208333333335 0.3074074074074074 0.0036458333333333334 0.011111111111111112
1 0.47630208333333335 0.3050925925925926 0.0026041666666666665 0.012037037037037037