8 0.15857142857142856 0.08185279187817258 0.032857142857142856 0.0266497461928934
0 0.275 0.0983502538071066 0.002857142857142857 0.011421319796954314
0 0.29178571428571426 0.10279187817258884 0.0035714285714285713 0.012690355329949238
0 0.2760714285714286 0.09581218274111675 0.0035714285714285713 0.008883248730964468
0 0.295 0.10469543147208121 0.002857142857142857 0.013959390862944163
0 0.3053571428571429 0.10406091370558376 0.002142857142857143 0.01015228426395939
0 0.08321428571428571 0.20304568527918782 0.002142857142857143 0.01015228426395939
0 0.04428571428571428 0.925761421319797 0.005714285714285714 0.013959390862944163
4 0.12178571428571429 0.9130710659898477 0.029285714285714286 0.05203045685279188
4 0.19857142857142857 0.7303299492385786 0.022857142857142857 0.046954314720812185
4 0.26857142857142857 0.850253807106599 0.025714285714285714 0.0583756345177665
4 0.31285714285714283 0.7296954314720813 0.022857142857142857 0.050761421319796954
5 0.28464285714285714 0.7347715736040609 0.04214285714285714 0.09898477157360407
0 0.17035714285714285 0.6871827411167513 0.005 0.01649746192893401
0 0.19785714285714287 0.6040609137055838 0.004285714285714286 0.01015228426395939
0 0.1457142857142857 0.7341370558375635 0.004285714285714286 0.01649746192893401
0 0.15142857142857144 0.7068527918781726 0.005714285714285714 0.015228426395939087
0 0.1475 0.7062182741116751 0.0064285714285714285 0.011421319796954314
0 0.14785714285714285 0.7354060913705583 0.004285714285714286 0.01649746192893401
4 0.25035714285714283 0.6040609137055838 0.02214285714285714 0.03553299492385787
4 0.2735714285714286 0.5552030456852792 0.02 0.031725888324873094
3 0.2907142857142857 0.5628172588832487 0.017142857142857144 0.02918781725888325
3 0.3067857142857143 0.5266497461928934 0.019285714285714285 0.030456852791878174
3 0.295 0.5152284263959391 0.02142857142857143 0.027918781725888325
1 0.24428571428571427 0.5615482233502538 0.005714285714285714 0.011421319796954314
2 0.245 0.5653553299492385 0.004285714285714286 0.013959390862944163
8 0.31642857142857145 0.4612944162436548 0.032857142857142856 0.06218274111675127
3 0.3264285714285714 0.491751269035533 0.018571428571428572 0.0266497461928934
3 0.3582142857142857 0.5653553299492385 0.017857142857142856 0.031725888324873094
8 0.3632142857142857 0.13451776649746192 0.03785714285714286 0.03553299492385787
8 0.37857142857142856 0.1618020304568528 0.024285714285714285 0.024111675126903553
3 0.3914285714285714 0.15291878172588833 0.012857142857142857 0.011421319796954314
3 0.3921428571428571 0.16053299492385786 0.012857142857142857 0.013959390862944163
3 0.4014285714285714 0.17258883248730963 0.015714285714285715 0.012690355329949238
3 0.4317857142857143 0.17639593908629442 0.012142857142857143 0.012690355329949238
3 0.4589285714285714 0.1802030456852792 0.016428571428571428 0.015228426395939087
3 0.4521428571428571 0.18210659898477158 0.012857142857142857 0.013959390862944163
3 0.4203571428571429 0.18083756345177665 0.013571428571428571 0.013959390862944163
4 0.4085714285714286 0.16624365482233502 0.014285714285714285 0.017766497461928935
5 0.4164285714285714 0.15926395939086294 0.018571428571428572 0.01649746192893401
8 0.44392857142857145 0.18718274111675126 0.020714285714285713 0.024111675126903553
8 0.43892857142857145 0.16687817258883247 0.020714285714285713 0.024111675126903553
3 0.5007142857142857 0.17449238578680204 0.012857142857142857 0.011421319796954314
3 0.4807142857142857 0.008883248730964468 0.004285714285714286 0.012690355329949238
4 0.4417857142857143 0.27093908629441626 0.016428571428571428 0.024111675126903553
4 0.46 0.26776649746192893 0.012857142857142857 0.015228426395939087
5 0.41964285714285715 0.27982233502538073 0.03785714285714286 0.05964467005076142
8 0.45964285714285713 0.2880710659898477 0.02642857142857143 0.048223350253807105
8 0.39 0.315989847715736 0.03428571428571429 0.06091370558375635
8 0.365 0.35850253807106597 0.03571428571428571 0.06725888324873096
5 0.4160714285714286 0.32741116751269034 0.04214285714285714 0.07360406091370558
8 0.38642857142857145 0.3870558375634518 0.02142857142857143 0.03807106598984772
3 0.42178571428571426 0.3546954314720812 0.013571428571428571 0.021573604060913704
3 0.4328571428571429 0.3356598984771574 0.012857142857142857 0.01649746192893401
3 0.44392857142857145 0.3210659898477157 0.013571428571428571 0.02030456852791878
5 0.3407142857142857 0.4098984771573604 0.025714285714285714 0.048223350253807105
3 0.36464285714285716 0.42576142131979694 0.019285714285714285 0.024111675126903553
4 0.345 0.4536802030456853 0.02 0.031725888324873094
3 0.4317857142857143 0.4416243654822335 0.015 0.025380710659898477
3 0.36964285714285716 0.5831218274111675 0.017857142857142856 0.03680203045685279
0 0.42892857142857144 0.608502538071066 0.005 0.013959390862944163
0 0.6275 0.6459390862944162 0.0064285714285714285 0.015228426395939087
0 0.41678571428571426 0.6154822335025381 0.0035714285714285713 0.012690355329949238
8 0.5407142857142857 0.14720812182741116 0.015714285714285715 0.025380710659898477
3 0.5910714285714286 0.21192893401015228 0.007857142857142858 0.015228426395939087
3 0.6289285714285714 0.04631979695431472 0.0064285714285714285 0.011421319796954314
3 0.6096428571428572 0.05901015228426396 0.007857142857142858 0.011421319796954314
5 0.6107142857142858 0.14911167512690354 0.014285714285714285 0.0266497461928934
4 0.6364285714285715 0.10913705583756345 0.011428571428571429 0.025380710659898477
5 0.6275 0.23730964467005075 0.03357142857142857 0.04314720812182741
4 0.6507142857142857 0.027918781725888325 0.01 0.02030456852791878
5 0.7260714285714286 0.2893401015228426 0.04357142857142857 0.048223350253807105
4 0.9757142857142858 0.35152284263959394 0.014285714285714285 0.027918781725888325
4 0.9185714285714286 0.39276649746192893 0.022857142857142857 0.01649746192893401
1 0.8689285714285714 0.6675126903553299 0.005 0.01015228426395939
2 0.8689285714285714 0.6706852791878173 0.009285714285714286 0.008883248730964468
0 0.8771428571428571 0.6440355329949239 0.005714285714285714 0.01649746192893401
0 0.83 0.6656091370558376 0.004285714285714286 0.013959390862944163
0 0.9014285714285715 0.7131979695431472 0.005714285714285714 0.015228426395939087
0 0.8707142857142857 0.6960659898477157 0.004285714285714286 0.013959390862944163
0 0.9489285714285715 0.7309644670050761 0.0064285714285714285 0.012690355329949238
3 0.9746428571428571 0.1814720812182741 0.019285714285714285 0.012690355329949238
3 0.9767857142857143 0.17639593908629442 0.017857142857142856 0.017766497461928935
3 0.9789285714285715 0.1732233502538071 0.016428571428571428 0.013959390862944163
3 0.9796428571428571 0.16624365482233502 0.015 0.012690355329949238
3 0.9792857142857143 0.16624365482233502 0.014285714285714285 0.015228426395939087
3 0.9828571428571429 0.1598984771573604 0.017142857142857144 0.012690355329949238
3 0.9857142857142858 0.15228426395939088 0.018571428571428572 0.01015228426395939
3 0.9892857142857143 0.1453045685279188 0.015714285714285715 0.013959390862944163
3 0.9892857142857143 0.141497461928934 0.017142857142857144 0.008883248730964468
3 0.9939285714285714 0.1351522842639594 0.012142857142857143 0.011421319796954314