3 0.22169117647058822 0.15359477124183007 0.015441176470588236 0.022222222222222223
0 0.25036764705882353 0.15620915032679739 0.005147058823529412 0.022222222222222223
3 0.2386029411764706 0.08758169934640522 0.022794117647058822 0.01568627450980392
5 0.07573529411764705 0.0738562091503268 0.033823529411764704 0.030065359477124184
5 0.11397058823529412 0.07516339869281045 0.03235294117647059 0.027450980392156862
5 0.15845588235294117 0.08169934640522876 0.03308823529411765 0.0196078431372549
5 0.25882352941176473 0.05947712418300653 0.027941176470588237 0.022222222222222223
3 0.1974264705882353 0.08823529411764706 0.02426470588235294 0.01699346405228758
5 0.39742647058823527 0.10065359477124183 0.04485294117647059 0.0392156862745098
0 0.3889705882352941 0.11176470588235295 0.0029411764705882353 0.01699346405228758
9 0.6676470588235294 0.9150326797385621 0.020588235294117647 0.08104575163398693
1 0.6676470588235294 0.8986928104575164 0.01764705882352941 0.05359477124183006
3 0.7261029411764706 0.6529411764705882 0.04485294117647059 0.08758169934640522
3 0.6856617647058824 0.49607843137254903 0.0375 0.06928104575163399
3 0.7878676470588235 0.515032679738562 0.04338235294117647 0.06013071895424837
3 0.6411764705882353 0.27450980392156865 0.025 0.03137254901960784
3 0.6014705882352941 0.1607843137254902 0.014705882352941176 0.02091503267973856
5 0.6363970588235294 0.5045751633986928 0.05220588235294118 0.12810457516339868
5 0.5889705882352941 0.3202614379084967 0.03529411764705882 0.08366013071895424
4 0.5455882352941176 0.28888888888888886 0.01911764705882353 0.04967320261437908
2 0.9007352941176471 0.5830065359477125 0.016176470588235296 0.036601307189542485
1 0.9033088235294118 0.5718954248366013 0.0125 0.032679738562091505
2 0.9139705882352941 0.5843137254901961 0.014705882352941176 0.0392156862745098
1 0.9165441176470588 0.5745098039215686 0.011029411764705883 0.040522875816993466
4 0.6356617647058823 0.1895424836601307 0.01838235294117647 0.03137254901960784
5 0.555514705882353 0.18888888888888888 0.01838235294117647 0.032679738562091505
3 0.5915441176470588 0.11176470588235295 0.0125 0.01699346405228758
4 0.5863970588235294 0.06928104575163399 0.009558823529411765 0.01568627450980392
3 0.55 0.07712418300653595 0.010294117647058823 0.01568627450980392
4 0.5481617647058824 0.08496732026143791 0.015441176470588236 0.02091503267973856
3 0.5466911764705882 0.05816993464052288 0.009558823529411765 0.011764705882352941
3 0.5400735294117647 0.046405228758169936 0.008088235294117648 0.01437908496732026
3 0.5463235294117647 0.022222222222222223 0.0058823529411764705 0.01045751633986928
3 0.5261029411764706 0.009150326797385621 0.006617647058823529 0.00784313725490196
3 0.49779411764705883 0.00718954248366013 0.0058823529411764705 0.009150326797385621
4 0.8227941176470588 0.11960784313725491 0.023529411764705882 0.022222222222222223
5 0.7816176470588235 0.1065359477124183 0.051470588235294115 0.0457516339869281
6 0.7797794117647059 0.14444444444444443 0.01838235294117647 0.011764705882352941
1 0.7827205882352941 0.1411764705882353 0.003676470588235294 0.01045751633986928
1 0.7775735294117647 0.14052287581699346 0.005147058823529412 0.01437908496732026
3 0.9327205882352941 0.13398692810457516 0.025735294117647058 0.01699346405228758
3 0.9183823529411764 0.12810457516339868 0.020588235294117647 0.018300653594771243
3 0.9117647058823529 0.12156862745098039 0.01911764705882353 0.018300653594771243
4 0.8330882352941177 0.0915032679738562 0.01911764705882353 0.018300653594771243
3 0.8235294117647058 0.08627450980392157 0.020588235294117647 0.01568627450980392
3 0.9367647058823529 0.09869281045751634 0.01911764705882353 0.01437908496732026
3 0.9452205882352941 0.10261437908496732 0.015441176470588236 0.01437908496732026
3 0.9536764705882353 0.1065359477124183 0.01764705882352941 0.01437908496732026
3 0.9632352941176471 0.11045751633986928 0.020588235294117647 0.01699346405228758
4 0.9827205882352941 0.11503267973856209 0.022794117647058822 0.02091503267973856
3 0.9878676470588236 0.12287581699346405 0.015441176470588236 0.01568627450980392
3 0.9897058823529412 0.1261437908496732 0.013235294117647059 0.01437908496732026