8 0.4710714285714286 0.37119289340101524 0.165 0.13578680203045684
8 0.6564285714285715 0.3413705583756345 0.12142857142857143 0.10152284263959391
8 0.2542857142857143 0.4302030456852792 0.12857142857142856 0.10152284263959391
8 0.05714285714285714 0.46383248730964466 0.11428571428571428 0.0850253807106599
3 0.5957142857142858 0.0932741116751269 0.017142857142857144 0.03934010152284264
4 0.6085714285714285 0.027918781725888325 0.015714285714285715 0.04060913705583756
9 0.7471428571428571 0.3426395939086294 0.02142857142857143 0.04568527918781726
9 0.7610714285714286 0.3432741116751269 0.02214285714285714 0.03426395939086294
9 0.7657142857142857 0.3350253807106599 0.02142857142857143 0.03299492385786802
9 0.7885714285714286 0.33121827411167515 0.02 0.048223350253807105
9 0.8046428571428571 0.3299492385786802 0.023571428571428573 0.048223350253807105
9 0.8210714285714286 0.3267766497461929 0.020714285714285713 0.046954314720812185
9 0.8296428571428571 0.32423857868020306 0.02214285714285714 0.046954314720812185
9 0.8392857142857143 0.3217005076142132 0.018571428571428572 0.04949238578680203
9 0.8507142857142858 0.31725888324873097 0.02 0.04568527918781726
0 0.7235714285714285 0.4016497461928934 0.01 0.046954314720812185
0 0.75 0.39213197969543145 0.011428571428571429 0.04314720812182741
0 0.8617857142857143 0.35850253807106597 0.013571428571428571 0.04187817258883249
0 0.8728571428571429 0.36928934010152287 0.014285714285714285 0.04568527918781726
0 0.6421428571428571 0.42385786802030456 0.007142857142857143 0.025380710659898477
0 0.6182142857142857 0.41243654822335024 0.012142857142857143 0.04314720812182741
0 0.61 0.43781725888324874 0.008571428571428572 0.027918781725888325
0 0.395 0.47017766497461927 0.015714285714285715 0.03934010152284264
0 0.9142857142857143 0.1351522842639594 0.01 0.03680203045685279
0 0.8914285714285715 0.1548223350253807 0.012857142857142857 0.03553299492385787
0 0.9307142857142857 0.13642131979695432 0.012857142857142857 0.03426395939086294
0 0.9510714285714286 0.14784263959390864 0.012142857142857143 0.03680203045685279
0 0.5285714285714286 0.21256345177664976 0.007142857142857143 0.031725888324873094
0 0.5117857142857143 0.21573604060913706 0.007857142857142858 0.03553299492385787
0 0.555 0.023477157360406092 0.007142857142857143 0.024111675126903553
0 0.55 0.01967005076142132 0.005714285714285714 0.024111675126903553
0 0.4567857142857143 0.17956852791878172 0.0064285714285714285 0.024111675126903553
0 0.45321428571428574 0.1751269035532995 0.005 0.02284263959390863
0 0.3821428571428571 0.2430203045685279 0.01 0.03680203045685279
0 0.2082142857142857 0.616751269035533 0.012142857142857143 0.03807106598984772
0 0.18214285714285713 0.5323604060913706 0.011428571428571429 0.03934010152284264
0 0.17464285714285716 0.5450507614213198 0.010714285714285714 0.044416243654822336
0 0.37535714285714283 0.1065989847715736 0.007857142857142858 0.02284263959390863
0 0.7721428571428571 0.03362944162436548 0.007142857142857143 0.02918781725888325
0 0.765 0.03236040609137056 0.007142857142857143 0.021573604060913704
0 0.7785714285714286 0.08439086294416244 0.005714285714285714 0.0266497461928934
0 0.7346428571428572 0.4980964467005076 0.007857142857142858 0.02918781725888325
0 0.30178571428571427 0.9156091370558376 0.012142857142857143 0.03934010152284264
9 0.29392857142857143 0.751269035532995 0.019285714285714285 0.06091370558375635