0 0.3963235294117647 0.973202614379085 0.013235294117647059 0.05359477124183006
3 0.33308823529411763 0.6686274509803921 0.09117647058823529 0.08496732026143791
4 0.42573529411764705 0.550326797385621 0.03529411764705882 0.07581699346405228
3 0.8536764705882353 0.9411764705882353 0.11911764705882352 0.11503267973856209
6 0.7676470588235295 0.7215686274509804 0.054411764705882354 0.07320261437908497
3 0.7400735294117647 0.5745098039215686 0.07867647058823529 0.06405228758169934
2 0.8165441176470588 0.6333333333333333 0.025735294117647058 0.030065359477124184
0 0.7952205882352941 0.6150326797385621 0.008088235294117648 0.027450980392156862
0 0.7867647058823529 0.6189542483660131 0.011764705882352941 0.040522875816993466
9 0.7911764705882353 0.661437908496732 0.029411764705882353 0.04183006535947712
9 0.8066176470588236 0.6803921568627451 0.011764705882352941 0.048366013071895426
9 0.8202205882352941 0.6758169934640523 0.0125 0.04967320261437908
6 0.7805147058823529 0.6366013071895424 0.04191176470588235 0.0392156862745098
2 0.7235294117647059 0.4222222222222222 0.022058823529411766 0.02875816993464052
6 0.7242647058823529 0.4326797385620915 0.020588235294117647 0.0392156862745098
6 0.705514705882353 0.3738562091503268 0.03455882352941177 0.03137254901960784
3 0.6794117647058824 0.3477124183006536 0.052941176470588235 0.04183006535947712
6 0.6790441176470589 0.33137254901960783 0.03308823529411765 0.030065359477124184
0 0.6444852941176471 0.35490196078431374 0.008088235294117648 0.03529411764705882
0 0.6308823529411764 0.33790849673202616 0.007352941176470588 0.032679738562091505
0 0.6360294117647058 0.3869281045751634 0.007352941176470588 0.036601307189542485
3 0.6415441176470589 0.22287581699346407 0.03455882352941177 0.02483660130718954
3 0.6099264705882353 0.22483660130718955 0.02426470588235294 0.026143790849673203
4 0.6227941176470588 0.26143790849673204 0.020588235294117647 0.0392156862745098
3 0.5393382352941176 0.3045751633986928 0.021323529411764706 0.0392156862745098
0 0.16397058823529412 0.6359477124183006 0.013235294117647059 0.06666666666666667
0 0.12830882352941175 0.6130718954248366 0.0125 0.05751633986928104
0 0.10441176470588236 0.6248366013071895 0.011764705882352941 0.06013071895424837
0 0.11066176470588235 0.6169934640522876 0.013970588235294118 0.05228758169934641
1 0.09852941176470588 0.7686274509803922 0.020588235294117647 0.054901960784313725
1 0.0713235294117647 0.7928104575163398 0.025 0.0718954248366013
1 0.06286764705882353 0.7549019607843137 0.021323529411764706 0.05359477124183006
9 0.16213235294117648 0.47516339869281043 0.027205882352941177 0.032679738562091505
9 0.15808823529411764 0.46339869281045754 0.026470588235294117 0.030065359477124184
9 0.15073529411764705 0.45294117647058824 0.025 0.02483660130718954
6 0.47095588235294117 0.3535947712418301 0.013970588235294118 0.030065359477124184
6 0.38529411764705884 0.477124183006536 0.051470588235294115 0.044444444444444446
3 0.32683823529411765 0.3111111111111111 0.05073529411764706 0.03398692810457516
3 0.34191176470588236 0.3392156862745098 0.05588235294117647 0.03790849673202614
3 0.3709558823529412 0.4326797385620915 0.06544117647058824 0.05228758169934641
3 0.38419117647058826 0.4065359477124183 0.05808823529411765 0.047058823529411764
9 0.37426470588235294 0.23333333333333334 0.013235294117647059 0.01437908496732026
9 0.37022058823529413 0.23071895424836603 0.013970588235294118 0.01699346405228758
9 0.3863970588235294 0.2235294117647059 0.013970588235294118 0.018300653594771243
3 0.4158088235294118 0.16209150326797386 0.027205882352941177 0.018300653594771243
3 0.4238970588235294 0.2869281045751634 0.04485294117647059 0.030065359477124184
3 0.4294117647058823 0.27058823529411763 0.039705882352941174 0.03137254901960784
3 0.4308823529411765 0.2549019607843137 0.03529411764705882 0.026143790849673203
4 0.4511029411764706 0.16209150326797386 0.03897058823529412 0.026143790849673203
0 0.48970588235294116 0.17777777777777778 0.004411764705882353 0.018300653594771243
0 0.5058823529411764 0.21045751633986928 0.004411764705882353 0.023529411764705882
3 0.4915441176470588 0.21764705882352942 0.016911764705882352 0.032679738562091505
9 0.5058823529411764 0.33202614379084966 0.0058823529411764705 0.023529411764705882
1 0.5058823529411764 0.3241830065359477 0.0058823529411764705 0.026143790849673203
3 0.5139705882352941 0.10588235294117647 0.008823529411764706 0.013071895424836602
0 0.5073529411764706 0.15555555555555556 0.004411764705882353 0.018300653594771243
0 0.5113970588235294 0.15620915032679739 0.003676470588235294 0.01699346405228758
3 0.53125 0.13856209150326798 0.009558823529411765 0.01568627450980392
0 0.5790441176470589 0.14967320261437908 0.003676470588235294 0.01699346405228758
0 0.5823529411764706 0.1503267973856209 0.0029411764705882353 0.01568627450980392
5 0.6014705882352941 0.17647058823529413 0.014705882352941176 0.03137254901960784
3 0.6139705882352942 0.15555555555555556 0.020588235294117647 0.018300653594771243
6 0.5731617647058823 0.13333333333333333 0.006617647058823529 0.01568627450980392
1 0.5735294117647058 0.13137254901960785 0.0029411764705882353 0.009150326797385621
2 0.5856617647058824 0.17908496732026144 0.003676470588235294 0.013071895424836602
1 0.5863970588235294 0.1758169934640523 0.003676470588235294 0.01437908496732026
5 0.5363970588235294 0.10196078431372549 0.011029411764705883 0.02091503267973856