0 0.22941176470588234 0.630718954248366 0.016176470588235296 0.058823529411764705
6 0.4415441176470588 0.9627450980392157 0.04485294117647059 0.07450980392156863
1 0.4404411764705882 0.9803921568627451 0.026470588235294117 0.0392156862745098
3 0.5305147058823529 0.9026143790849673 0.06397058823529411 0.1738562091503268
1 0.6147058823529412 0.730718954248366 0.01764705882352941 0.047058823529411764
9 0.6143382352941177 0.7509803921568627 0.013970588235294118 0.06143790849673202
3 0.9018382352941177 0.8947712418300654 0.09338235294117647 0.12679738562091503
3 0.830514705882353 0.7281045751633987 0.06544117647058824 0.10718954248366012
3 0.9805147058823529 0.8058823529411765 0.03897058823529412 0.07973856209150326
3 0.9441176470588235 0.7457516339869281 0.11176470588235295 0.08758169934640522
3 0.9448529411764706 0.6836601307189543 0.10441176470588236 0.0784313725490196
3 0.9191176470588235 0.6320261437908496 0.11029411764705882 0.07450980392156863
3 0.17941176470588235 0.5745098039215686 0.051470588235294115 0.08496732026143791
9 0.1363970588235294 0.5424836601307189 0.030147058823529412 0.023529411764705882
9 0.13455882352941176 0.5248366013071896 0.020588235294117647 0.022222222222222223
9 0.12316176470588236 0.5248366013071896 0.028676470588235293 0.027450980392156862
9 0.10588235294117647 0.4594771241830065 0.016176470588235296 0.01699346405228758
9 0.08308823529411764 0.47908496732026146 0.01911764705882353 0.030065359477124184
3 0.24669117647058825 0.4522875816993464 0.04191176470588235 0.04967320261437908
3 0.43529411764705883 0.5915032679738562 0.033823529411764704 0.07450980392156863
3 0.5055147058823529 0.5163398692810458 0.03308823529411765 0.05751633986928104
3 0.6827205882352941 0.4326797385620915 0.03161764705882353 0.047058823529411764
3 0.7279411764705882 0.5392156862745098 0.045588235294117645 0.06405228758169934
3 0.7698529411764706 0.5751633986928104 0.07058823529411765 0.06535947712418301
3 0.8941176470588236 0.596078431372549 0.09705882352941177 0.07058823529411765
3 0.8540441176470588 0.5647058823529412 0.08897058823529412 0.06274509803921569
3 0.8856617647058823 0.515032679738562 0.05073529411764706 0.06535947712418301
3 0.986764705882353 0.4803921568627451 0.026470588235294117 0.040522875816993466
3 0.955514705882353 0.46601307189542485 0.0625 0.0457516339869281
3 0.9386029411764706 0.44575163398692813 0.06102941176470588 0.04183006535947712
3 0.9477941176470588 0.4294117647058823 0.0661764705882353 0.043137254901960784
3 0.9301470588235294 0.40784313725490196 0.06470588235294118 0.03398692810457516
3 0.21654411764705883 0.39738562091503266 0.0713235294117647 0.036601307189542485
0 0.32683823529411765 0.3588235294117647 0.006617647058823529 0.030065359477124184
0 0.32169117647058826 0.35294117647058826 0.005147058823529412 0.036601307189542485
3 0.40183823529411766 0.36797385620915035 0.022794117647058822 0.040522875816993466
3 0.2621323529411765 0.35294117647058826 0.05220588235294118 0.02875816993464052
3 0.3224264705882353 0.33398692810457514 0.03161764705882353 0.03529411764705882
0 0.3503676470588235 0.29673202614379085 0.005147058823529412 0.026143790849673203
0 0.4264705882352941 0.30718954248366015 0.004411764705882353 0.026143790849673203
0 0.4297794117647059 0.3058823529411765 0.006617647058823529 0.02875816993464052
0 0.41507352941176473 0.2758169934640523 0.006617647058823529 0.023529411764705882
0 0.54375 0.26209150326797387 0.003676470588235294 0.022222222222222223
0 0.5415441176470588 0.25882352941176473 0.003676470588235294 0.02091503267973856
9 0.41654411764705884 0.28169934640522876 0.005147058823529412 0.01699346405228758
3 0.49963235294117647 0.28954248366013075 0.01838235294117647 0.030065359477124184
3 0.6463235294117647 0.361437908496732 0.027941176470588237 0.048366013071895426
3 0.6330882352941176 0.33986928104575165 0.026470588235294117 0.044444444444444446
3 0.6169117647058824 0.3202614379084967 0.023529411764705882 0.02875816993464052
6 0.8838235294117647 0.4019607843137255 0.01764705882352941 0.043137254901960784
6 0.8922794117647059 0.3836601307189543 0.04779411764705882 0.050980392156862744
6 0.7283088235294117 0.3209150326797386 0.016911764705882352 0.040522875816993466
6 0.8654411764705883 0.36797385620915035 0.011764705882352941 0.03529411764705882
1 0.8540441176470588 0.3712418300653595 0.008088235294117648 0.02875816993464052
0 0.8742647058823529 0.3568627450980392 0.004411764705882353 0.03137254901960784
0 0.8797794117647059 0.3607843137254902 0.005147058823529412 0.03398692810457516
0 0.8698529411764706 0.3588235294117647 0.004411764705882353 0.027450980392156862
1 0.8606617647058824 0.3183006535947712 0.006617647058823529 0.0196078431372549
0 0.9297794117647059 0.34248366013071896 0.003676470588235294 0.02875816993464052
0 0.9341911764705882 0.3352941176470588 0.005147058823529412 0.030065359477124184
0 0.9419117647058823 0.34248366013071896 0.0058823529411764705 0.02875816993464052
0 0.9481617647058823 0.33986928104575165 0.005147058823529412 0.03137254901960784
9 0.9327205882352941 0.3790849673202614 0.019852941176470587 0.018300653594771243
9 0.9290441176470589 0.37516339869281046 0.01838235294117647 0.013071895424836602
6 0.8875 0.3503267973856209 0.033823529411764704 0.0392156862745098
3 0.9577205882352942 0.34183006535947713 0.05220588235294118 0.030065359477124184
3 0.9183823529411764 0.3209150326797386 0.04852941176470588 0.02483660130718954
0 0.7599264705882353 0.32287581699346407 0.005147058823529412 0.026143790849673203
6 0.7669117647058824 0.32287581699346407 0.022058823529411766 0.023529411764705882
4 0.7338235294117647 0.28954248366013075 0.030882352941176472 0.027450980392156862
4 0.8073529411764706 0.2830065359477124 0.030882352941176472 0.027450980392156862
3 0.6022058823529411 0.27908496732026145 0.016176470588235296 0.02483660130718954
3 0.6088235294117647 0.2673202614379085 0.03235294117647059 0.022222222222222223
1 0.5297794117647059 0.2673202614379085 0.005147058823529412 0.01699346405228758
2 0.5290441176470588 0.2718954248366013 0.003676470588235294 0.018300653594771243
1 0.42867647058823527 0.23202614379084968 0.004411764705882353 0.01699346405228758
9 0.4279411764705882 0.23529411764705882 0.004411764705882353 0.01568627450980392
3 0.39705882352941174 0.2 0.011764705882352941 0.01568627450980392
3 0.40404411764705883 0.1895424836601307 0.0125 0.018300653594771243
3 0.4139705882352941 0.17124183006535948 0.008823529411764706 0.01568627450980392
3 0.4051470588235294 0.16797385620915034 0.010294117647058823 0.01437908496732026
3 0.45073529411764707 0.1758169934640523 0.010294117647058823 0.01437908496732026
3 0.45330882352941176 0.16862745098039217 0.008088235294117648 0.01568627450980392
3 0.47095588235294117 0.17124183006535948 0.009558823529411765 0.018300653594771243
3 0.5011029411764706 0.2372549019607843 0.013970588235294118 0.022222222222222223
3 0.5330882352941176 0.2261437908496732 0.011764705882352941 0.018300653594771243
3 0.49558823529411766 0.20261437908496732 0.011764705882352941 0.018300653594771243
3 0.5253676470588236 0.20065359477124184 0.0125 0.01699346405228758
3 0.46544117647058825 0.12941176470588237 0.004411764705882353 0.01045751633986928
3 0.42463235294117646 0.14901960784313725 0.006617647058823529 0.01045751633986928
3 0.43272058823529413 0.14052287581699346 0.006617647058823529 0.011764705882352941
3 0.43676470588235294 0.13398692810457516 0.0058823529411764705 0.011764705882352941
3 0.4452205882352941 0.11960784313725491 0.003676470588235294 0.006535947712418301
3 0.524264705882353 0.17973856209150327 0.010294117647058823 0.01699346405228758
3 0.5128676470588235 0.17908496732026144 0.0125 0.013071895424836602
3 0.5202205882352942 0.16666666666666666 0.008088235294117648 0.011764705882352941
3 0.4948529411764706 0.15751633986928104 0.008823529411764706 0.011764705882352941
3 0.49301470588235297 0.14967320261437908 0.008088235294117648 0.011764705882352941
3 0.48051470588235295 0.13398692810457516 0.006617647058823529 0.009150326797385621
3 0.47316176470588234 0.11830065359477124 0.005147058823529412 0.009150326797385621
3 0.49558823529411766 0.13202614379084968 0.0058823529411764705 0.00784313725490196
3 0.5036764705882353 0.12745098039215685 0.0058823529411764705 0.009150326797385621
3 0.49375 0.12287581699346405 0.005147058823529412 0.00784313725490196
3 0.49375 0.11372549019607843 0.005147058823529412 0.00784313725490196
3 0.4948529411764706 0.10588235294117647 0.004411764705882353 0.01045751633986928
3 0.5022058823529412 0.11503267973856209 0.004411764705882353 0.00784313725490196
3 0.4823529411764706 0.12222222222222222 0.004411764705882353 0.006535947712418301
4 0.47941176470588237 0.11699346405228758 0.004411764705882353 0.006535947712418301
3 0.47941176470588237 0.10980392156862745 0.004411764705882353 0.00784313725490196
3 0.4716911764705882 0.10718954248366012 0.005147058823529412 0.00784313725490196
4 0.48455882352941176 0.10522875816993464 0.004411764705882353 0.009150326797385621
0 0.4636029411764706 0.16143790849673204 0.0022058823529411764 0.011764705882352941
9 0.4636029411764706 0.16405228758169935 0.0022058823529411764 0.009150326797385621
1 0.5128676470588235 0.18627450980392157 0.0022058823529411764 0.009150326797385621
1 0.5007352941176471 0.1758169934640523 0.0029411764705882353 0.009150326797385621
1 0.5110294117647058 0.16470588235294117 0.0029411764705882353 0.01045751633986928
9 0.5011029411764706 0.18104575163398692 0.0022058823529411764 0.011764705882352941
9 0.5113970588235294 0.16732026143790849 0.0022058823529411764 0.00784313725490196
9 0.5121323529411764 0.14183006535947712 0.0022058823529411764 0.006535947712418301
3 0.5878676470588236 0.2281045751633987 0.019852941176470587 0.01699346405228758
3 0.5764705882352941 0.22287581699346407 0.013235294117647059 0.01699346405228758
3 0.5709558823529411 0.20980392156862746 0.013970588235294118 0.0196078431372549
3 0.5647058823529412 0.19019607843137254 0.014705882352941176 0.011764705882352941
0 0.5617647058823529 0.19869281045751633 0.0029411764705882353 0.02091503267973856
3 0.5459558823529411 0.16013071895424835 0.009558823529411765 0.011764705882352941
3 0.5544117647058824 0.16209150326797386 0.011764705882352941 0.013071895424836602
3 0.5433823529411764 0.14705882352941177 0.0058823529411764705 0.006535947712418301
0 0.5371323529411764 0.14575163398692811 0.0022058823529411764 0.011764705882352941
3 0.5327205882352941 0.12222222222222222 0.005147058823529412 0.011764705882352941
3 0.5371323529411764 0.13529411764705881 0.005147058823529412 0.01437908496732026
4 0.6926470588235294 0.33398692810457514 0.041176470588235294 0.030065359477124184
4 0.6955882352941176 0.3535947712418301 0.051470588235294115 0.02483660130718954
3 0.3533088235294118 0.9797385620915032 0.05808823529411765 0.040522875816993466