3 0.24411764705882352 0.6281045751633987 0.07352941176470588 0.11895424836601307
3 0.2073529411764706 0.492156862745098 0.09411764705882353 0.08235294117647059
3 0.3003676470588235 0.4823529411764706 0.04191176470588235 0.10718954248366012
3 0.3150735294117647 0.2869281045751634 0.028676470588235293 0.05620915032679739
3 0.2948529411764706 0.2372549019607843 0.06911764705882353 0.0457516339869281
3 0.6294117647058823 0.8222222222222222 0.08088235294117647 0.17254901960784313
3 0.7084558823529412 0.6843137254901961 0.12279411764705882 0.10065359477124183
3 0.6882352941176471 0.615686274509804 0.09852941176470588 0.0784313725490196
3 0.5584558823529412 0.5026143790849673 0.05073529411764706 0.09542483660130718
3 0.5297794117647059 0.3941176470588235 0.03897058823529412 0.07450980392156863
3 0.51875 0.3366013071895425 0.03455882352941177 0.058823529411764705
3 0.37941176470588234 0.16601307189542483 0.026470588235294117 0.047058823529411764
3 0.4147058823529412 0.1542483660130719 0.020588235294117647 0.04183006535947712
3 0.4713235294117647 0.14705882352941177 0.023529411764705882 0.03529411764705882
3 0.4919117647058823 0.23921568627450981 0.03235294117647059 0.04967320261437908
3 0.4838235294117647 0.20392156862745098 0.025 0.0392156862745098
3 0.6044117647058823 0.3130718954248366 0.051470588235294115 0.05359477124183006
3 0.5966911764705882 0.36209150326797385 0.07426470588235294 0.06535947712418301
4 0.3235294117647059 0.18888888888888888 0.022058823529411766 0.06405228758169934
3 0.3352941176470588 0.16862745098039217 0.01911764705882353 0.0392156862745098
3 0.4036764705882353 0.9287581699346406 0.06764705882352941 0.14248366013071895
3 0.6176470588235294 0.42483660130718953 0.06911764705882353 0.04967320261437908
3 0.3316176470588235 0.0934640522875817 0.014705882352941176 0.030065359477124184
4 0.34154411764705883 0.07581699346405228 0.011029411764705883 0.03137254901960784
4 0.41323529411764703 0.060784313725490195 0.013235294117647059 0.030065359477124184
4 0.4415441176470588 0.06535947712418301 0.015441176470588236 0.023529411764705882
4 0.45 0.049019607843137254 0.023529411764705882 0.027450980392156862
4 0.4591911764705882 0.09738562091503268 0.013970588235294118 0.032679738562091505
4 0.4878676470588235 0.1 0.030147058823529412 0.032679738562091505
4 0.4838235294117647 0.058823529411764705 0.03235294117647059 0.026143790849673203
9 0.9011029411764706 0.8836601307189542 0.03308823529411765 0.08888888888888889
9 0.9327205882352941 0.9 0.025735294117647058 0.08496732026143791
9 0.6720588235294118 0.5163398692810458 0.029411764705882353 0.036601307189542485
0 0.5216911764705883 0.9013071895424837 0.0125 0.048366013071895426
0 0.525 0.8915032679738563 0.010294117647058823 0.0784313725490196
0 0.16470588235294117 0.5019607843137255 0.011764705882352941 0.047058823529411764
0 0.6411764705882353 0.3254901960784314 0.010294117647058823 0.047058823529411764
0 0.6529411764705882 0.3209150326797386 0.008823529411764706 0.0457516339869281
9 0.7025735294117647 0.4189542483660131 0.01838235294117647 0.0457516339869281
9 0.7147058823529412 0.4392156862745098 0.014705882352941176 0.04967320261437908
1 0.44448529411764703 0.22941176470588234 0.006617647058823529 0.030065359477124184
1 0.45808823529411763 0.25098039215686274 0.007352941176470588 0.023529411764705882
9 0.4577205882352941 0.2673202614379085 0.009558823529411765 0.022222222222222223
0 0.1963235294117647 0.25098039215686274 0.008823529411764706 0.04183006535947712
1 0.4459558823529412 0.11372549019607843 0.003676470588235294 0.023529411764705882