1 0.8481617647058823 0.013725490196078431 0.006617647058823529 0.01699346405228758
0 0.7393382352941177 0.14183006535947712 0.0125 0.040522875816993466
0 0.3382352941176471 0.0738562091503268 0.0058823529411764705 0.032679738562091505
0 0.3477941176470588 0.07058823529411765 0.0058823529411764705 0.03398692810457516
0 0.2647058823529412 0.1503267973856209 0.007352941176470588 0.036601307189542485
0 0.2783088235294118 0.14836601307189543 0.009558823529411765 0.03790849673202614
0 0.042279411764705885 0.14967320261437908 0.0125 0.040522875816993466
0 0.08897058823529412 0.08888888888888889 0.007352941176470588 0.03137254901960784
5 0.01875 0.16732026143790849 0.0375 0.0784313725490196
1 0.009558823529411765 0.11437908496732026 0.008823529411764706 0.03790849673202614
0 0.027573529411764705 0.1300653594771242 0.011029411764705883 0.043137254901960784
9 0.014338235294117646 0.07516339869281045 0.0125 0.0196078431372549
0 0.021323529411764706 0.10196078431372549 0.007352941176470588 0.02875816993464052
0 0.026838235294117645 0.09803921568627451 0.008088235294117648 0.036601307189542485
0 0.03235294117647059 0.09477124183006536 0.010294117647058823 0.03790849673202614
0 0.03602941176470588 0.09215686274509804 0.008823529411764706 0.03529411764705882
0 0.027205882352941177 0.09019607843137255 0.007352941176470588 0.0392156862745098
5 0.07573529411764705 0.03594771241830065 0.03676470588235294 0.06405228758169934
5 0.1213235294117647 0.060784313725490195 0.075 0.048366013071895426
5 0.13676470588235295 0.09673202614379085 0.08235294117647059 0.04967320261437908
5 0.14154411764705882 0.11960784313725491 0.08308823529411764 0.05620915032679739
5 0.18566176470588236 0.20261437908496732 0.12867647058823528 0.0784313725490196
5 0.1775735294117647 0.1437908496732026 0.1036764705882353 0.10196078431372549
5 0.1775735294117647 0.3104575163398693 0.11838235294117647 0.11372549019607843
5 0.03308823529411765 0.4013071895424837 0.06470588235294118 0.13594771241830064
5 0.08639705882352941 0.34444444444444444 0.07573529411764705 0.13986928104575164
0 0.10330882352941176 0.48627450980392156 0.01838235294117647 0.06013071895424837
5 0.08860294117647059 0.5908496732026144 0.08014705882352942 0.1934640522875817
0 0.07573529411764705 0.7379084967320262 0.01911764705882353 0.06666666666666667
3 0.08051470588235295 0.85359477124183 0.06985294117647059 0.1803921568627451
1 0.008455882352941176 0.9398692810457516 0.016911764705882352 0.06535947712418301
9 0.008823529411764706 0.9522875816993464 0.01764705882352941 0.08758169934640522
5 0.4261029411764706 0.9601307189542484 0.13455882352941176 0.07973856209150326
0 0.1547794117647059 0.8163398692810457 0.019852941176470587 0.0718954248366013
0 0.175 0.803921568627451 0.022058823529411766 0.07581699346405228
0 0.19705882352941176 0.788235294117647 0.020588235294117647 0.07320261437908497
5 0.3488970588235294 0.8771241830065359 0.1963235294117647 0.2196078431372549
5 0.2577205882352941 0.8111111111111111 0.1860294117647059 0.24705882352941178
5 0.2099264705882353 0.5732026143790849 0.13455882352941176 0.10065359477124183
5 0.3845588235294118 0.5169934640522876 0.10588235294117647 0.16862745098039217
5 0.25588235294117645 0.4411764705882353 0.15 0.13202614379084968
5 0.32683823529411765 0.3254901960784314 0.08602941176470588 0.14640522875816994
5 0.48419117647058824 0.11503267973856209 0.06838235294117648 0.06013071895424837
5 0.37830882352941175 0.11176470588235295 0.04632352941176471 0.09542483660130718
5 0.41875 0.050980392156862744 0.06691176470588235 0.05228758169934641
5 0.32316176470588237 0.1758169934640523 0.08161764705882353 0.0718954248366013
5 0.35110294117647056 0.21372549019607842 0.11691176470588235 0.09542483660130718
5 0.20220588235294118 0.01895424836601307 0.025 0.030065359477124184
5 0.9713235294117647 0.3588235294117647 0.057352941176470586 0.1111111111111111
5 0.9272058823529412 0.20065359477124184 0.14558823529411766 0.17124183006535948
4 0.7904411764705882 0.022222222222222223 0.04264705882352941 0.044444444444444446