3 0.4637265135699374 0.6794990723562152 0.04018789144050104 0.06957328385899815
3 0.43919624217118997 0.7050092764378478 0.03914405010438413 0.06679035250463822
3 0.4866910229645094 0.6600185528756958 0.03392484342379958 0.0640074211502783
9 0.40735908141962424 0.7309833024118738 0.015135699373695199 0.027829313543599257
6 0.5041753653444676 0.6298701298701299 0.018789144050104383 0.03339517625231911
7 0.6252609603340292 0.5255102040816326 0.022964509394572025 0.04359925788497217
9 0.6440501043841336 0.5157699443413729 0.021920668058455117 0.03339517625231911
3 0.7152922755741128 0.22170686456400743 0.024530271398747392 0.03153988868274583
3 0.7283402922755741 0.2694805194805195 0.03392484342379958 0.03432282003710575
3 0.7497390396659708 0.25 0.030793319415448852 0.030612244897959183
3 0.7732254697286013 0.20732838589981448 0.024530271398747392 0.030612244897959183
3 0.7520876826722338 0.18738404452690166 0.022964509394572025 0.029684601113172542
5 0.6239561586638831 0.09601113172541743 0.050626304801670144 0.041743970315398886
3 0.545929018789144 0.0663265306122449 0.017745302713987474 0.026901669758812616
3 0.8055845511482255 0.029684601113172542 0.014091858037578288 0.02411873840445269
3 0.7896659707724426 0.022727272727272728 0.014613778705636743 0.02504638218923933
3 0.7758350730688935 0.02040816326530612 0.015135699373695199 0.02411873840445269
4 0.7439979123173278 0.008812615955473098 0.014091858037578288 0.017625231910946195
3 0.5250521920668059 0.05380333951762523 0.019832985386221295 0.02411873840445269
4 0.29879958246346555 0.8367346938775511 0.03496868475991649 0.08905380333951762
3 0.1390918580375783 0.6159554730983302 0.04645093945720251 0.05194805194805195
3 0.08272442588726514 0.5371057513914657 0.04645093945720251 0.061224489795918366
3 0.05975991649269311 0.28617810760667906 0.02244258872651357 0.041743970315398886
3 0.037056367432150315 0.29359925788497215 0.022964509394572025 0.041743970315398886
6 0.02009394572025052 0.262987012987013 0.031837160751565764 0.032467532467532464
3 0.7789665970772442 0.4035250463821892 0.038100208768267224 0.04267161410018553
3 0.7920146137787056 0.39332096474953615 0.04018789144050104 0.04267161410018553
3 0.8055845511482255 0.3845083487940631 0.037056367432150315 0.041743970315398886
9 0.8624739039665971 0.026437847866419294 0.008872651356993737 0.01020408163265306
3 0.8948329853862212 0.011595547309833023 0.02244258872651357 0.023191094619666047