1 0.5485294117647059 0.18235294117647058 0.014705882352941176 0.022222222222222223
0 0.4540441176470588 0.14444444444444443 0.009558823529411765 0.05620915032679739
0 0.46948529411764706 0.14705882352941177 0.011029411764705883 0.050980392156862744
0 0.4944852941176471 0.15555555555555556 0.0125 0.054901960784313725
0 0.5022058823529412 0.15947712418300652 0.007352941176470588 0.05228758169934641
0 0.5066176470588235 0.1954248366013072 0.011764705882352941 0.05359477124183006
0 0.5029411764705882 0.2150326797385621 0.010294117647058823 0.05359477124183006
0 0.4801470588235294 0.2111111111111111 0.007352941176470588 0.032679738562091505
0 0.4808823529411765 0.19869281045751633 0.010294117647058823 0.047058823529411764
4 0.37058823529411766 0.09084967320261438 0.052941176470588235 0.06666666666666667
1 0.39044117647058824 0.10196078431372549 0.008823529411764706 0.03398692810457516
0 0.33198529411764705 0.1542483660130719 0.015441176470588236 0.04183006535947712
0 0.3452205882352941 0.17516339869281045 0.009558823529411765 0.04183006535947712
0 0.3316176470588235 0.18562091503267975 0.010294117647058823 0.05228758169934641
9 0.3301470588235294 0.18169934640522875 0.03235294117647059 0.044444444444444446
0 0.3069852941176471 0.18758169934640523 0.008088235294117648 0.05620915032679739
0 0.2985294117647059 0.17908496732026144 0.016176470588235296 0.05751633986928104
0 0.29669117647058824 0.20522875816993463 0.009558823529411765 0.0392156862745098
0 0.31213235294117647 0.23202614379084968 0.009558823529411765 0.05359477124183006
1 0.2875 0.21437908496732025 0.022058823529411766 0.02875816993464052
0 0.33051470588235293 0.2496732026143791 0.009558823529411765 0.044444444444444446
0 0.33933823529411766 0.24705882352941178 0.011029411764705883 0.04967320261437908
1 0.29448529411764707 0.26209150326797387 0.013970588235294118 0.027450980392156862
0 0.32132352941176473 0.4496732026143791 0.014705882352941176 0.06274509803921569
0 0.3073529411764706 0.45098039215686275 0.010294117647058823 0.06013071895424837
0 0.2536764705882353 0.5091503267973856 0.01764705882352941 0.06666666666666667
0 0.22573529411764706 0.27320261437908494 0.010294117647058823 0.047058823529411764
1 0.24411764705882352 0.22745098039215686 0.01911764705882353 0.04967320261437908
0 0.2099264705882353 0.3660130718954248 0.01838235294117647 0.06013071895424837
1 0.22316176470588237 0.37973856209150325 0.011029411764705883 0.022222222222222223
3 0.03308823529411765 0.08431372549019608 0.0661764705882353 0.06666666666666667
0 0.06139705882352941 0.3209150326797386 0.019852941176470587 0.06666666666666667
0 0.06875 0.31241830065359477 0.021323529411764706 0.06274509803921569
4 0.03602941176470588 0.48823529411764705 0.07205882352941176 0.1450980392156863
0 0.07573529411764705 0.41241830065359475 0.023529411764705882 0.06928104575163399
0 0.03529411764705882 0.6633986928104575 0.03235294117647059 0.09281045751633987
0 0.04963235294117647 0.6183006535947713 0.027205882352941177 0.07320261437908497
9 0.11213235294117647 0.307843137254902 0.028676470588235293 0.050980392156862744
0 0.09669117647058824 0.3686274509803922 0.025735294117647058 0.06535947712418301
2 0.10514705882352941 0.39215686274509803 0.029411764705882353 0.054901960784313725
6 0.11323529411764706 0.4849673202614379 0.041176470588235294 0.07581699346405228
6 0.15 0.5575163398692811 0.09117647058823529 0.11895424836601307
2 0.19963235294117648 0.6333333333333333 0.10073529411764706 0.07712418300653595
9 0.3316176470588235 0.7457516339869281 0.060294117647058824 0.07712418300653595
9 0.39338235294117646 0.7830065359477124 0.051470588235294115 0.08104575163398693
1 0.34154411764705883 0.6549019607843137 0.021323529411764706 0.05228758169934641
1 0.36801470588235297 0.6633986928104575 0.02426470588235294 0.06405228758169934
1 0.41875 0.6790849673202615 0.016911764705882352 0.06666666666666667
1 0.4209558823529412 0.6516339869281046 0.0125 0.030065359477124184
0 0.3871323529411765 0.5392156862745098 0.021323529411764706 0.07712418300653595
0 0.4091911764705882 0.5052287581699346 0.022794117647058822 0.06928104575163399
0 0.3871323529411765 0.4300653594771242 0.015441176470588236 0.05751633986928104
0 0.3816176470588235 0.40784313725490196 0.011764705882352941 0.06013071895424837
0 0.39044117647058824 0.3934640522875817 0.013235294117647059 0.05228758169934641
0 0.41213235294117645 0.4111111111111111 0.0125 0.06405228758169934
0 0.4404411764705882 0.3026143790849673 0.013235294117647059 0.06666666666666667
0 0.48713235294117646 0.28366013071895424 0.011029411764705883 0.06013071895424837
0 0.47463235294117645 0.2856209150326797 0.013970588235294118 0.058823529411764705
0 0.5113970588235294 0.3405228758169935 0.013970588235294118 0.05359477124183006
0 0.5018382352941176 0.3254901960784314 0.013970588235294118 0.06013071895424837
0 0.5143382352941176 0.3084967320261438 0.015441176470588236 0.05751633986928104
0 0.5522058823529412 0.3183006535947712 0.013235294117647059 0.06666666666666667
0 0.43676470588235294 0.5176470588235295 0.008823529411764706 0.05751633986928104
0 0.43970588235294117 0.4973856209150327 0.010294117647058823 0.06143790849673202
1 0.45808823529411763 0.4980392156862745 0.016176470588235296 0.044444444444444446
0 0.4772058823529412 0.5013071895424837 0.013235294117647059 0.07973856209150326
0 0.4345588235294118 0.611764705882353 0.025 0.08366013071895424
0 0.49117647058823527 0.8503267973856209 0.030882352941176472 0.09542483660130718
9 0.4922794117647059 0.8555555555555555 0.05661764705882353 0.06666666666666667
0 0.6246323529411765 0.3352941176470588 0.013970588235294118 0.06928104575163399
0 0.6852941176470588 0.3464052287581699 0.022058823529411766 0.04967320261437908
1 0.6900735294117647 0.3457516339869281 0.015441176470588236 0.030065359477124184
0 0.7095588235294118 0.3509803921568627 0.014705882352941176 0.03790849673202614
0 0.7202205882352941 0.33464052287581697 0.015441176470588236 0.05751633986928104
0 0.7044117647058824 0.4019607843137255 0.016176470588235296 0.06928104575163399
0 0.7191176470588235 0.3993464052287582 0.014705882352941176 0.06928104575163399
0 0.75 0.35947712418300654 0.014705882352941176 0.06535947712418301
0 0.6683823529411764 0.48627450980392156 0.01764705882352941 0.06797385620915032
0 0.7099264705882353 0.47124183006535947 0.01838235294117647 0.0718954248366013
0 0.8014705882352942 0.3660130718954248 0.023529411764705882 0.08104575163398693
0 0.8202205882352941 0.45098039215686275 0.02426470588235294 0.07058823529411765
1 0.8231617647058823 0.4411764705882353 0.0125 0.03790849673202614
0 0.8264705882352941 0.5888888888888889 0.023529411764705882 0.07450980392156863
0 0.8371323529411765 0.5666666666666667 0.019852941176470587 0.07450980392156863
0 0.8547794117647058 0.5437908496732026 0.021323529411764706 0.08104575163398693
0 0.8720588235294118 0.5686274509803921 0.029411764705882353 0.07581699346405228
0 0.9073529411764706 0.5771241830065359 0.033823529411764704 0.09019607843137255
0 0.8794117647058823 0.7496732026143791 0.022058823529411766 0.09281045751633987
0 0.8352941176470589 0.8660130718954249 0.030882352941176472 0.09542483660130718
0 0.9356617647058824 0.7411764705882353 0.028676470588235293 0.08627450980392157
0 0.14227941176470588 0.24183006535947713 0.015441176470588236 0.05228758169934641
0 0.14926470588235294 0.2411764705882353 0.010294117647058823 0.03529411764705882
0 0.19375 0.20588235294117646 0.009558823529411765 0.043137254901960784
0 0.20808823529411766 0.21241830065359477 0.016176470588235296 0.05620915032679739
0 0.2051470588235294 0.2019607843137255 0.013235294117647059 0.05359477124183006
0 0.21654411764705883 0.2235294117647059 0.011029411764705883 0.05751633986928104
0 0.22095588235294117 0.21830065359477124 0.011029411764705883 0.054901960784313725
6 0.48051470588235295 0.2718954248366013 0.05367647058823529 0.06535947712418301
0 0.27389705882352944 0.17777777777777778 0.013970588235294118 0.054901960784313725
7 0.29301470588235295 0.1477124183006536 0.06397058823529411 0.0915032679738562
0 0.43786764705882353 0.21633986928104576 0.009558823529411765 0.0457516339869281
0 0.4522058823529412 0.1934640522875817 0.008823529411764706 0.036601307189542485
0 0.4522058823529412 0.21764705882352942 0.008823529411764706 0.050980392156862744
1 0.4496323529411765 0.2019607843137255 0.005147058823529412 0.02483660130718954