3 0.63525 0.5613333333333334 0.0225 0.018666666666666668
3 0.622 0.5716666666666667 0.024 0.016666666666666666
4 0.6025 0.5916666666666667 0.034 0.03666666666666667
4 0.59375 0.541 0.0235 0.020666666666666667
4 0.54575 0.6256666666666667 0.0265 0.024666666666666667
4 0.58175 0.654 0.0305 0.032
3 0.6195 0.6856666666666666 0.023 0.027333333333333334
3 0.533 0.6733333333333333 0.03 0.032
3 0.5035 0.6496666666666666 0.035 0.03
3 0.51625 0.6843333333333333 0.0325 0.03266666666666666
3 0.503 0.696 0.034 0.036
3 0.4885 0.711 0.036 0.038
3 0.4675 0.72 0.039 0.04533333333333334
3 0.45775 0.6813333333333333 0.0315 0.029333333333333333
3 0.48875 0.661 0.0285 0.028666666666666667
3 0.42175 0.7053333333333334 0.0285 0.029333333333333333
3 0.43275 0.7493333333333333 0.0265 0.03866666666666667
3 0.4045 0.7156666666666667 0.027 0.03
3 0.38925 0.7303333333333333 0.0305 0.03133333333333333
3 0.36675 0.7436666666666667 0.0295 0.03666666666666667
3 0.34575 0.7553333333333333 0.0315 0.03333333333333333
3 0.33725 0.676 0.0305 0.034666666666666665
3 0.31025 0.6936666666666667 0.0275 0.03266666666666666
3 0.27575 0.711 0.0205 0.028666666666666667
3 0.25625 0.7256666666666667 0.0275 0.03266666666666666
3 0.23325 0.7343333333333333 0.0305 0.03933333333333333
3 0.32525 0.7696666666666667 0.0325 0.034
3 0.3035 0.7856666666666666 0.034 0.03666666666666667
3 0.2815 0.7993333333333333 0.031 0.037333333333333336
3 0.259 0.8163333333333334 0.032 0.035333333333333335
3 0.42275 0.6543333333333333 0.0355 0.03
3 0.23025 0.875 0.0275 0.05
3 0.285 0.8516666666666667 0.034 0.048666666666666664
3 0.3065 0.8363333333333334 0.029 0.03666666666666667
3 0.3305 0.819 0.029 0.03933333333333333
3 0.3525 0.805 0.034 0.042
3 0.375 0.7926666666666666 0.034 0.04
3 0.3935 0.776 0.034 0.032
3 0.4155 0.7623333333333333 0.032 0.034