3 0.53275 0.9196666666666666 0.0305 0.08866666666666667
4 0.32175 0.9753333333333334 0.0325 0.04933333333333333
3 0.4185 0.6713333333333333 0.029 0.07333333333333333
3 0.38625 0.6186666666666667 0.0285 0.068
3 0.50175 0.6433333333333333 0.0265 0.06933333333333333
3 0.56625 0.6823333333333333 0.0255 0.06866666666666667
3 0.36675 0.453 0.0275 0.056666666666666664
3 0.56125 0.471 0.0225 0.05266666666666667
3 0.42425 0.381 0.0235 0.051333333333333335
3 0.56375 0.368 0.0215 0.042666666666666665
4 0.4395 0.256 0.021 0.04933333333333333
3 0.57 0.23666666666666666 0.018 0.034666666666666665
3 0.51975 0.223 0.0185 0.035333333333333335
3 0.5425 0.18733333333333332 0.016 0.030666666666666665
3 0.56575 0.171 0.0145 0.028666666666666667
3 0.546 0.11566666666666667 0.014 0.026
3 0.58525 0.12066666666666667 0.0145 0.025333333333333333
3 0.566 0.10033333333333333 0.014 0.024666666666666667
3 0.60375 0.096 0.0145 0.02666666666666667
3 0.54725 0.07333333333333333 0.0135 0.024
3 0.56325 0.052333333333333336 0.0135 0.026
3 0.60725 0.058 0.0145 0.024
8 0.58325 0.047 0.0215 0.062
4 0.5035 0.013 0.014 0.026
3 0.547 0.008666666666666666 0.013 0.017333333333333333
3 0.566 0.006666666666666667 0.012 0.013333333333333334
3 0.8945 0.9666666666666667 0.074 0.06666666666666667
3 0.9805 0.9556666666666667 0.039 0.08866666666666667
3 0.97725 0.8653333333333333 0.0455 0.08533333333333333
3 0.93925 0.8646666666666667 0.0465 0.08933333333333333
3 0.907 0.87 0.049 0.09066666666666667
3 0.74 0.48966666666666664 0.042 0.038
3 0.762 0.428 0.035 0.048
3 0.70775 0.33166666666666667 0.0445 0.03666666666666667
3 0.707 0.30833333333333335 0.044 0.03266666666666666
3 0.70925 0.28933333333333333 0.0365 0.028
3 0.68725 0.24233333333333335 0.0165 0.03266666666666666
3 0.743 0.274 0.026 0.028
3 0.79 0.268 0.038 0.025333333333333333
3 0.79125 0.25 0.0375 0.02266666666666667
3 0.84025 0.37 0.0425 0.028
3 0.84 0.3933333333333333 0.05 0.028
3 0.84875 0.417 0.0425 0.028666666666666667
3 0.8905 0.37366666666666665 0.042 0.027333333333333334
3 0.89325 0.39466666666666667 0.0455 0.024
4 0.89925 0.41433333333333333 0.0425 0.03133333333333333
1 0.32575 0.39766666666666667 0.0085 0.016666666666666666
2 0.326 0.403 0.008 0.019333333333333334
0 0.2675 0.438 0.008 0.018666666666666668
1 0.86675 0.472 0.0105 0.017333333333333333
2 0.86425 0.47533333333333333 0.0195 0.014666666666666666
3 0.9795 0.42866666666666664 0.041 0.029333333333333333
1 0.91725 0.4876666666666667 0.0095 0.019333333333333334
2 0.91475 0.491 0.0205 0.018
1 0.92725 0.47933333333333333 0.0075 0.018666666666666668
9 0.9265 0.481 0.021 0.015333333333333332
0 0.96825 0.441 0.0085 0.014