3 0.5305 0.7253333333333334 0.071 0.164
3 0.93375 0.39466666666666667 0.1105 0.07066666666666667
3 0.952 0.18266666666666667 0.048 0.03333333333333333
3 0.77175 0.161 0.0345 0.028666666666666667
3 0.08375 0.11 0.0405 0.028
3 0.0865 0.07433333333333333 0.032 0.024666666666666667
3 0.1295 0.064 0.034 0.025333333333333333
3 0.118 0.029666666666666668 0.023 0.022
3 0.042 0.028666666666666667 0.034 0.02
3 0.31975 0.07966666666666666 0.0435 0.026
3 0.01125 0.09333333333333334 0.0225 0.02666666666666667
3 0.01125 0.06766666666666667 0.0225 0.026
8 0.08125 0.010333333333333333 0.0445 0.020666666666666667
5 0.114 0.009333333333333334 0.034 0.018666666666666668
0 0.186 0.07066666666666667 0.006 0.02
9 0.1885 0.074 0.008 0.017333333333333333
4 0.30375 0.01633333333333333 0.0165 0.024666666666666667
3 0.52025 0.10666666666666667 0.0455 0.025333333333333333
3 0.57425 0.10833333333333334 0.0465 0.027333333333333334
3 0.63575 0.11 0.0475 0.028
3 0.73125 0.11333333333333333 0.0475 0.02666666666666667
3 0.795 0.11533333333333333 0.048 0.02666666666666667
3 0.9275 0.13533333333333333 0.049 0.02666666666666667
3 0.9355 0.11966666666666667 0.05 0.027333333333333334
3 0.89025 0.08 0.0425 0.025333333333333333
5 0.79325 0.06933333333333333 0.0585 0.037333333333333336
5 0.77975 0.054 0.0385 0.028
3 0.42125 0.07633333333333334 0.0405 0.022
0 0.7875 0.742 0.027 0.05466666666666667
0 0.5415 0.2623333333333333 0.01 0.022
0 0.55825 0.2896666666666667 0.0115 0.027333333333333334
0 0.57025 0.2866666666666667 0.0085 0.029333333333333333
0 0.68525 0.2783333333333333 0.0135 0.034
0 0.678 0.286 0.01 0.034666666666666665
0 0.67775 0.28 0.0095 0.03333333333333333
0 0.67275 0.27466666666666667 0.0095 0.032
1 0.44125 0.33266666666666667 0.0145 0.02666666666666667
1 0.40725 0.31 0.0175 0.029333333333333333