3 0.5314285714285715 0.524746192893401 0.012857142857142857 0.03934010152284264
3 0.5567857142857143 0.5253807106598984 0.015 0.04060913705583756
3 0.5007142857142857 0.5279187817258884 0.017142857142857144 0.03807106598984772
3 0.5517857142857143 0.47017766497461927 0.015 0.03426395939086294
3 0.5271428571428571 0.4479695431472081 0.012857142857142857 0.03299492385786802
3 0.5303571428571429 0.4137055837563452 0.012142857142857143 0.03299492385786802
4 0.535 0.3052030456852792 0.011428571428571429 0.031725888324873094
4 0.5525 0.4352791878172589 0.013571428571428571 0.03553299492385787
3 0.5310714285714285 0.24873096446700507 0.009285714285714286 0.030456852791878174
3 0.4742857142857143 0.16053299492385786 0.007142857142857143 0.013959390862944163
5 0.4975 0.19923857868020303 0.009285714285714286 0.03807106598984772
5 0.5042857142857143 0.1782994923857868 0.011428571428571429 0.031725888324873094
3 0.5057142857142857 0.16116751269035534 0.008571428571428572 0.017766497461928935
5 0.5092857142857142 0.13261421319796954 0.011428571428571429 0.031725888324873094
3 0.5239285714285714 0.12055837563451777 0.007857142857142858 0.02030456852791878
0 0.6521428571428571 0.6472081218274112 0.007142857142857143 0.025380710659898477
0 0.6596428571428572 0.6491116751269036 0.0064285714285714285 0.02918781725888325
0 0.6553571428571429 0.625 0.0064285714285714285 0.0266497461928934
0 0.6278571428571429 0.6027918781725888 0.007142857142857143 0.030456852791878174
0 0.6546428571428572 0.6110406091370558 0.005 0.024111675126903553
0 0.6603571428571429 0.6110406091370558 0.0064285714285714285 0.0266497461928934
0 0.7292857142857143 0.6376903553299492 0.008571428571428572 0.02918781725888325
0 0.7453571428571428 0.6484771573604061 0.0064285714285714285 0.030456852791878174
0 0.7632142857142857 0.6491116751269036 0.0064285714285714285 0.0266497461928934
0 0.7603571428571428 0.6459390862944162 0.0064285714285714285 0.027918781725888325
0 0.8039285714285714 0.6459390862944162 0.0064285714285714285 0.025380710659898477
0 0.7975 0.6522842639593909 0.0064285714285714285 0.030456852791878174
0 0.8310714285714286 0.6516497461928934 0.005 0.02918781725888325
0 0.8296428571428571 0.6491116751269036 0.0064285714285714285 0.031725888324873094
0 0.7710714285714285 0.641497461928934 0.0064285714285714285 0.031725888324873094
0 0.8764285714285714 0.6548223350253807 0.011428571428571429 0.027918781725888325
0 0.9014285714285715 0.6516497461928934 0.007142857142857143 0.02918781725888325
0 0.9071428571428571 0.6472081218274112 0.007142857142857143 0.025380710659898477
0 0.9314285714285714 0.6516497461928934 0.007142857142857143 0.02918781725888325
0 0.9646428571428571 0.6535532994923858 0.0064285714285714285 0.030456852791878174
0 0.9782142857142857 0.6579949238578681 0.0064285714285714285 0.02918781725888325
0 0.9817857142857143 0.6516497461928934 0.007857142857142858 0.024111675126903553
0 0.8778571428571429 0.9194162436548223 0.012857142857142857 0.031725888324873094
0 0.8742857142857143 0.8629441624365483 0.012857142857142857 0.03553299492385787
0 0.9067857142857143 0.8711928934010152 0.009285714285714286 0.02918781725888325
0 0.895 0.8540609137055838 0.011428571428571429 0.027918781725888325
0 0.8667857142857143 0.8407360406091371 0.012142857142857143 0.02918781725888325
0 0.8221428571428572 0.8965736040609137 0.01 0.02918781725888325
0 0.8832142857142857 0.8527918781725888 0.0064285714285714285 0.027918781725888325
0 0.8885714285714286 0.8470812182741116 0.007142857142857143 0.031725888324873094
0 0.92 0.8692893401015228 0.01 0.030456852791878174
0 0.9267857142857143 0.8540609137055838 0.007857142857142858 0.030456852791878174
0 0.8535714285714285 0.9898477157360406 0.008571428571428572 0.017766497461928935
0 0.6057142857142858 0.949238578680203 0.007142857142857143 0.03553299492385787
0 0.6121428571428571 0.8934010152284264 0.008571428571428572 0.04060913705583756
0 0.6182142857142857 0.9194162436548223 0.007857142857142858 0.03934010152284264
0 0.6114285714285714 0.6211928934010152 0.004285714285714286 0.01903553299492386
0 0.5985714285714285 0.5856598984771574 0.005714285714285714 0.024111675126903553
0 0.6325 0.4879441624365482 0.005 0.021573604060913704
0 0.6439285714285714 0.48984771573604063 0.005 0.02284263959390863
0 0.6410714285714286 0.4866751269035533 0.005 0.01649746192893401
0 0.6357142857142857 0.4651015228426396 0.004285714285714286 0.01903553299492386
0 0.5907142857142857 0.6059644670050761 0.005714285714285714 0.0266497461928934
0 0.6117857142857143 0.550761421319797 0.005 0.025380710659898477
0 0.6307142857142857 0.5571065989847716 0.007142857142857143 0.027918781725888325
0 0.6257142857142857 0.5552030456852792 0.005714285714285714 0.024111675126903553
0 0.6228571428571429 0.5469543147208121 0.004285714285714286 0.02284263959390863
0 0.6189285714285714 0.5285532994923858 0.0064285714285714285 0.024111675126903553
0 0.6067857142857143 0.5342639593908629 0.005 0.02030456852791878
0 0.5957142857142858 0.5450507614213198 0.005714285714285714 0.01903553299492386
0 0.5903571428571428 0.557741116751269 0.0064285714285714285 0.02918781725888325
0 0.5053571428571428 0.5786802030456852 0.007857142857142858 0.025380710659898477
0 0.465 0.5989847715736041 0.004285714285714286 0.02030456852791878
0 0.6285714285714286 0.4936548223350254 0.004285714285714286 0.017766497461928935
0 0.6235714285714286 0.49682741116751267 0.004285714285714286 0.021573604060913704
0 0.635 0.4993654822335025 0.004285714285714286 0.021573604060913704
0 0.6417857142857143 0.49682741116751267 0.005 0.024111675126903553
0 0.6414285714285715 0.4612944162436548 0.004285714285714286 0.01649746192893401
0 0.6460714285714285 0.4619289340101523 0.0064285714285714285 0.030456852791878174
0 0.6235714285714286 0.475253807106599 0.005714285714285714 0.024111675126903553
0 0.62 0.47715736040609136 0.004285714285714286 0.015228426395939087
0 0.6328571428571429 0.4517766497461929 0.002857142857142857 0.015228426395939087
0 0.635 0.4486040609137056 0.004285714285714286 0.01903553299492386
0 0.6228571428571429 0.4549492385786802 0.005714285714285714 0.021573604060913704
0 0.6282142857142857 0.43908629441624364 0.005 0.02030456852791878
0 0.6214285714285714 0.41243654822335024 0.004285714285714286 0.017766497461928935
0 0.6167857142857143 0.4270304568527919 0.005 0.021573604060913704
0 0.6217857142857143 0.39149746192893403 0.002142857142857143 0.01649746192893401
0 0.6153571428571428 0.45241116751269034 0.005 0.01903553299492386
0 0.6217857142857143 0.43908629441624364 0.0035714285714285713 0.015228426395939087
0 0.6289285714285714 0.4270304568527919 0.0035714285714285713 0.021573604060913704
0 0.6260714285714286 0.42449238578680204 0.0035714285714285713 0.01903553299492386
0 0.6253571428571428 0.3883248730964467 0.0035714285714285713 0.015228426395939087
0 0.6157142857142858 0.38578680203045684 0.004285714285714286 0.015228426395939087
0 0.6157142857142858 0.40418781725888325 0.005714285714285714 0.0266497461928934
0 0.6135714285714285 0.3946700507614213 0.002857142857142857 0.012690355329949238
0 0.6260714285714286 0.40545685279187815 0.0035714285714285713 0.013959390862944163
0 0.6310714285714286 0.4149746192893401 0.005 0.012690355329949238
0 0.415 0.3769035532994924 0.004285714285714286 0.017766497461928935
0 0.4114285714285714 0.3762690355329949 0.004285714285714286 0.021573604060913704
0 0.395 0.5488578680203046 0.005714285714285714 0.024111675126903553
0 0.37857142857142856 0.5793147208121827 0.004285714285714286 0.024111675126903553
0 0.3707142857142857 0.5799492385786802 0.008571428571428572 0.027918781725888325
0 0.36464285714285716 0.5799492385786802 0.005 0.025380710659898477
0 0.3485714285714286 0.583756345177665 0.008571428571428572 0.025380710659898477
0 0.3221428571428571 0.5793147208121827 0.005714285714285714 0.021573604060913704
0 0.32857142857142857 0.5780456852791879 0.007142857142857143 0.024111675126903553
0 0.31107142857142855 0.5913705583756346 0.0064285714285714285 0.02284263959390863
0 0.2957142857142857 0.574238578680203 0.004285714285714286 0.021573604060913704
0 0.3 0.5710659898477157 0.005714285714285714 0.025380710659898477
0 0.27785714285714286 0.5666243654822335 0.007142857142857143 0.0266497461928934
0 0.2257142857142857 0.6154822335025381 0.007142857142857143 0.025380710659898477
0 0.15214285714285714 0.6465736040609137 0.01 0.0266497461928934
0 0.16 0.6427664974619289 0.008571428571428572 0.0266497461928934
0 0.15678571428571428 0.623730964467005 0.0064285714285714285 0.01903553299492386
0 0.2382142857142857 0.6173857868020305 0.0064285714285714285 0.024111675126903553
0 0.2392857142857143 0.5977157360406091 0.004285714285714286 0.02030456852791878
0 0.24464285714285713 0.6059644670050761 0.0064285714285714285 0.0266497461928934
0 0.245 0.5977157360406091 0.007142857142857143 0.025380710659898477
0 0.2507142857142857 0.5907360406091371 0.008571428571428572 0.01903553299492386
0 0.22678571428571428 0.5939086294416244 0.009285714285714286 0.02284263959390863
0 0.26285714285714284 0.5475888324873096 0.005714285714285714 0.021573604060913704
0 0.27071428571428574 0.5437817258883249 0.005714285714285714 0.024111675126903553
0 0.2764285714285714 0.5532994923857868 0.005714285714285714 0.02284263959390863
0 0.31142857142857144 0.5780456852791879 0.005714285714285714 0.01903553299492386
0 0.31142857142857144 0.5615482233502538 0.005714285714285714 0.021573604060913704
0 0.32321428571428573 0.5729695431472082 0.0064285714285714285 0.021573604060913704
0 0.3414285714285714 0.5704314720812182 0.005714285714285714 0.0266497461928934
0 0.36392857142857143 0.5634517766497462 0.005 0.02284263959390863
0 0.36892857142857144 0.5628172588832487 0.005 0.021573604060913704
0 0.3807142857142857 0.5685279187817259 0.005714285714285714 0.02284263959390863
0 0.3896428571428571 0.557741116751269 0.005 0.024111675126903553
0 0.3871428571428571 0.5989847715736041 0.005714285714285714 0.030456852791878174
0 0.2882142857142857 0.9562182741116751 0.007857142857142858 0.03680203045685279
0 0.27785714285714286 0.8648477157360406 0.01 0.03426395939086294
0 0.27071428571428574 0.8318527918781726 0.008571428571428572 0.031725888324873094
0 0.22 0.899746192893401 0.01 0.030456852791878174
0 0.24821428571428572 0.7956852791878173 0.007857142857142858 0.030456852791878174
0 0.2546428571428571 0.7963197969543148 0.005 0.0266497461928934
0 0.2117857142857143 0.8756345177664975 0.010714285714285714 0.03299492385786802
0 0.20642857142857143 0.8838832487309645 0.005714285714285714 0.021573604060913704
0 0.15392857142857144 0.7918781725888325 0.007857142857142858 0.027918781725888325
8 0.28714285714285714 0.7385786802030457 0.15285714285714286 0.10913705583756345
3 0.3539285714285714 0.7201776649746193 0.03357142857142857 0.0266497461928934
3 0.1825 0.7328680203045685 0.04642857142857143 0.03934010152284264
0 0.3917857142857143 0.5348984771573604 0.005 0.021573604060913704
3 0.5342857142857143 0.06472081218274112 0.005714285714285714 0.015228426395939087
3 0.5342857142857143 0.04378172588832487 0.005714285714285714 0.01649746192893401
3 0.5332142857142858 0.030456852791878174 0.0064285714285714285 0.017766497461928935
3 0.53 0.48984771573604063 0.017142857142857144 0.04314720812182741