3 0.49178571428571427 0.1713197969543147 0.0064285714285714285 0.015228426395939087
3 0.49142857142857144 0.13705583756345177 0.005714285714285714 0.015228426395939087
3 0.46035714285714285 0.20431472081218274 0.0064285714285714285 0.012690355329949238
3 0.46 0.22906091370558376 0.007142857142857143 0.01649746192893401
3 0.4567857142857143 0.1218274111675127 0.0064285714285714285 0.015228426395939087
3 0.45035714285714284 0.18908629441624367 0.005 0.01015228426395939
3 0.4732142857142857 0.1947969543147208 0.0064285714285714285 0.01649746192893401
3 0.4925 0.108502538071066 0.005 0.013959390862944163
3 0.4907142857142857 0.08756345177664974 0.005714285714285714 0.015228426395939087
3 0.49142857142857144 0.07360406091370558 0.005714285714285714 0.012690355329949238
3 0.4682142857142857 0.108502538071066 0.0064285714285714285 0.011421319796954314
3 0.4657142857142857 0.12373096446700507 0.005714285714285714 0.011421319796954314
3 0.45785714285714285 0.10215736040609137 0.005714285714285714 0.013959390862944163
3 0.4689285714285714 0.08439086294416244 0.005 0.011421319796954314
3 0.47035714285714286 0.06725888324873096 0.005 0.012690355329949238
3 0.5092857142857142 0.3115482233502538 0.008571428571428572 0.021573604060913704
3 0.4942857142857143 0.33058375634517767 0.008571428571428572 0.021573604060913704
3 0.5096428571428572 0.39403553299492383 0.010714285714285714 0.0266497461928934
3 0.44535714285714284 0.39403553299492383 0.009285714285714286 0.024111675126903553
3 0.46214285714285713 0.3356598984771574 0.008571428571428572 0.01903553299492386
3 0.4207142857142857 0.4866751269035533 0.011428571428571429 0.02918781725888325
3 0.4496428571428571 0.5736040609137056 0.012142857142857143 0.03299492385786802
3 0.42607142857142855 0.6560913705583756 0.013571428571428571 0.03807106598984772
3 0.4085714285714286 0.6224619289340102 0.012857142857142857 0.03680203045685279
3 0.4878571428571429 0.758248730964467 0.015714285714285715 0.04949238578680203
3 0.48428571428571426 0.9048223350253807 0.017142857142857144 0.06345177664974619
3 0.4567857142857143 0.45050761421319796 0.010714285714285714 0.025380710659898477
3 0.4175 0.7766497461928934 0.013571428571428571 0.04060913705583756
3 0.39464285714285713 0.9651015228426396 0.017857142857142856 0.05710659898477157
3 0.43857142857142856 0.8153553299492385 0.015714285714285715 0.05203045685279188
4 0.4375 0.9720812182741116 0.019285714285714285 0.0532994923857868
4 0.5114285714285715 0.9524111675126904 0.02 0.0799492385786802
4 0.48964285714285716 0.6097715736040609 0.015 0.04949238578680203
4 0.4932142857142857 0.4936548223350254 0.013571428571428571 0.04060913705583756
4 0.4942857142857143 0.37880710659898476 0.008571428571428572 0.031725888324873094
3 0.4342857142857143 0.3553299492385787 0.008571428571428572 0.02030456852791878
3 0.44857142857142857 0.35596446700507617 0.008571428571428572 0.01903553299492386
3 0.45321428571428574 0.29441624365482233 0.007857142857142858 0.017766497461928935
3 0.44 0.30076142131979694 0.007142857142857143 0.017766497461928935
3 0.5053571428571428 0.23730964467005075 0.0064285714285714285 0.017766497461928935
3 0.505 0.20812182741116753 0.005714285714285714 0.017766497461928935
3 0.44821428571428573 0.21446700507614214 0.0064285714285714285 0.015228426395939087
3 0.4925 0.013959390862944163 0.005 0.01015228426395939
4 0.4657142857142857 0.29251269035532995 0.007142857142857143 0.01903553299492386
4 0.4496428571428571 0.3223350253807107 0.009285714285714286 0.02284263959390863
4 0.4710714285714286 0.2296954314720812 0.007857142857142858 0.017766497461928935
4 0.4932142857142857 0.21065989847715735 0.007857142857142858 0.02284263959390863
4 0.46285714285714286 0.17766497461928935 0.007142857142857143 0.017766497461928935
4 0.46464285714285714 0.16053299492385786 0.0064285714285714285 0.013959390862944163
4 0.4682142857142857 0.14022842639593908 0.0064285714285714285 0.01903553299492386
4 0.5035714285714286 0.15545685279187818 0.005714285714285714 0.01903553299492386
4 0.5021428571428571 0.1218274111675127 0.007142857142857143 0.017766497461928935
4 0.49178571428571427 0.027918781725888325 0.005 0.012690355329949238
3 0.46 0.08439086294416244 0.005714285714285714 0.013959390862944163
0 0.49142857142857144 0.04949238578680203 0.002857142857142857 0.012690355329949238
3 0.4942857142857143 0.25380710659898476 0.008571428571428572 0.025380710659898477
4 0.5107142857142857 0.4714467005076142 0.008571428571428572 0.031725888324873094
8 0.51 0.649746192893401 0.02 0.1319796954314721
0 0.39357142857142857 0.5361675126903553 0.004285714285714286 0.013959390862944163
4 0.08642857142857142 0.37817258883248733 0.018571428571428572 0.025380710659898477
4 0.11428571428571428 0.3280456852791878 0.014285714285714285 0.01903553299492386
3 0.12892857142857142 0.3102791878172589 0.013571428571428571 0.01903553299492386
3 0.13857142857142857 0.29251269035532995 0.011428571428571429 0.01903553299492386
3 0.12214285714285714 0.22271573604060912 0.015714285714285715 0.01649746192893401
4 0.1792857142857143 0.21065989847715735 0.02 0.015228426395939087
4 0.18821428571428572 0.2017766497461929 0.017857142857142856 0.015228426395939087
4 0.061785714285714284 0.19923857868020303 0.015 0.017766497461928935
3 0.005714285714285714 0.16751269035532995 0.011428571428571429 0.017766497461928935