8 0.4857142857142857 0.9555837563451777 0.025714285714285714 0.08629441624365482
3 0.3 0.8946700507614214 0.03857142857142857 0.0583756345177665
3 0.3575 0.7963197969543148 0.030714285714285715 0.05456852791878172
3 0.4675 0.7785532994923858 0.016428571428571428 0.05710659898477157
8 0.4175 0.5609137055837563 0.035 0.1218274111675127
2 0.27071428571428574 0.7728426395939086 0.01 0.02030456852791878
1 0.26857142857142857 0.7684010152284264 0.007142857142857143 0.01903553299492386
9 0.5010714285714286 0.6459390862944162 0.007857142857142858 0.03299492385786802
1 0.5014285714285714 0.641497461928934 0.007142857142857143 0.021573604060913704
4 0.555 0.6326142131979695 0.014285714285714285 0.05203045685279188
5 0.5528571428571428 0.5881979695431472 0.018571428571428572 0.05710659898477157
3 0.5257142857142857 0.5628172588832487 0.014285714285714285 0.046954314720812185
3 0.5525 0.5393401015228426 0.012142857142857143 0.04060913705583756
3 0.5032142857142857 0.5101522842639594 0.012142857142857143 0.03299492385786802
3 0.5314285714285715 0.4739847715736041 0.012857142857142857 0.03426395939086294
4 0.5482142857142858 0.32741116751269034 0.012142857142857143 0.03553299492385787
3 0.5032142857142857 0.2766497461928934 0.010714285714285714 0.02284263959390863
3 0.5307142857142857 0.26903553299492383 0.011428571428571429 0.025380710659898477
8 0.48857142857142855 0.23540609137055837 0.015714285714285715 0.03934010152284264
5 0.55 0.18781725888324874 0.014285714285714285 0.04314720812182741
3 0.5771428571428572 0.16941624365482233 0.01 0.0266497461928934
0 0.6242857142857143 0.21890862944162437 0.004285714285714286 0.013959390862944163
3 0.9496428571428571 0.46573604060913704 0.029285714285714286 0.025380710659898477
3 0.8928571428571429 0.4276649746192893 0.03142857142857143 0.025380710659898477
3 0.9267857142857143 0.43274111675126903 0.03357142857142857 0.030456852791878174
3 0.96 0.4403553299492386 0.02857142857142857 0.02284263959390863
3 0.9910714285714286 0.4460659898477157 0.017857142857142856 0.021573604060913704
0 0.9607142857142857 0.32550761421319796 0.005714285714285714 0.01649746192893401
0 0.6782142857142858 0.5031725888324873 0.005 0.01903553299492386
0 0.6871428571428572 0.4447969543147208 0.005714285714285714 0.01903553299492386
3 0.5217857142857143 0.16243654822335024 0.010714285714285714 0.02284263959390863
3 0.5314285714285715 0.12373096446700507 0.01 0.01903553299492386
3 0.5403571428571429 0.09517766497461928 0.009285714285714286 0.017766497461928935
3 0.5292857142857142 0.08946700507614214 0.008571428571428572 0.01649746192893401
3 0.5467857142857143 0.07233502538071065 0.009285714285714286 0.015228426395939087
3 0.5375 0.06345177664974619 0.009285714285714286 0.015228426395939087
3 0.5435714285714286 0.04251269035532995 0.008571428571428572 0.01649746192893401
3 0.5532142857142858 0.04378172588832487 0.009285714285714286 0.01649746192893401
4 0.5578571428571428 0.024111675126903553 0.008571428571428572 0.017766497461928935
3 0.5478571428571428 0.01903553299492386 0.008571428571428572 0.015228426395939087
4 0.5714285714285714 0.006979695431472081 0.008571428571428572 0.013959390862944163
0 0.31857142857142856 0.3197969543147208 0.004285714285714286 0.017766497461928935