3 0.4714285714285714 0.743020304568528 0.045714285714285714 0.05964467005076142
3 0.47 0.6871827411167513 0.03857142857142857 0.05710659898477157
8 0.45107142857142857 0.6459390862944162 0.060714285714285714 0.07868020304568528
3 0.5160714285714286 0.6027918781725888 0.045 0.0532994923857868
3 0.5775 0.5545685279187818 0.04357142857142857 0.050761421319796954
8 0.6710714285714285 0.5203045685279187 0.10785714285714286 0.12436548223350254
3 0.5767857142857142 0.44225888324873097 0.03642857142857143 0.044416243654822336
8 0.6453571428571429 0.31916243654822335 0.08785714285714286 0.12309644670050761
0 0.5842857142857143 0.31281725888324874 0.008571428571428572 0.021573604060913704
3 0.8110714285714286 0.32043147208121825 0.029285714285714286 0.03680203045685279
9 0.8353571428571429 0.3946700507614213 0.017857142857142856 0.025380710659898477
3 0.9296428571428571 0.1865482233502538 0.030714285714285715 0.030456852791878174
0 0.4132142857142857 0.44416243654822335 0.007857142857142858 0.02284263959390863
4 0.25035714285714283 0.4498730964467005 0.035 0.0850253807106599
3 0.20464285714285715 0.19860406091370558 0.017857142857142856 0.04187817258883249
3 0.14 0.2017766497461929 0.017142857142857144 0.04060913705583756
3 0.17607142857142857 0.08819796954314721 0.019285714285714285 0.04187817258883249
3 0.04964285714285714 0.8673857868020305 0.056428571428571425 0.06472081218274112
3 0.045 0.8286802030456852 0.054285714285714284 0.06091370558375635
9 0.07821428571428571 0.7531725888324873 0.025 0.03426395939086294
1 0.0775 0.7506345177664975 0.016428571428571428 0.021573604060913704
3 0.052142857142857144 0.7341370558375635 0.055714285714285716 0.06218274111675127
8 0.022857142857142857 0.7893401015228426 0.045714285714285714 0.10406091370558376