0 0.1667857142857143 0.8394670050761421 0.0064285714285714285 0.021573604060913704
9 0.23964285714285713 0.6960659898477157 0.012142857142857143 0.013959390862944163
3 0.34035714285714286 0.800761421319797 0.025 0.050761421319796954
3 0.8967857142857143 0.9302030456852792 0.02642857142857143 0.06598984771573604
3 0.9278571428571428 0.7785532994923858 0.025714285714285714 0.05964467005076142
3 0.9307142857142857 0.6269035532994924 0.02142857142857143 0.04314720812182741
3 0.8921428571428571 0.6123096446700508 0.02 0.04187817258883249
3 0.94 0.4384517766497462 0.014285714285714285 0.02918781725888325
8 0.9207142857142857 0.39593908629441626 0.025714285714285714 0.06345177664974619
3 0.9742857142857143 0.2201776649746193 0.015714285714285715 0.01903553299492386
4 0.9335714285714286 0.23096446700507614 0.015714285714285715 0.02284263959390863
3 0.8285714285714286 0.2639593908629442 0.027142857142857142 0.02284263959390863
9 0.9257142857142857 0.2036802030456853 0.005714285714285714 0.008883248730964468
1 0.9264285714285714 0.20114213197969544 0.004285714285714286 0.008883248730964468
1 0.8971428571428571 0.2100253807106599 0.004285714285714286 0.008883248730964468
9 0.8960714285714285 0.21192893401015228 0.005 0.007614213197969543
8 0.9260714285714285 0.1065989847715736 0.03785714285714286 0.03553299492385787
3 0.8939285714285714 0.38071065989847713 0.013571428571428571 0.03553299492385787
3 0.8710714285714286 0.3680203045685279 0.017857142857142856 0.03553299492385787
3 0.7046428571428571 0.31852791878172587 0.019285714285714285 0.02284263959390863
4 0.8157142857142857 0.4333756345177665 0.018571428571428572 0.03934010152284264
3 0.7717857142857143 0.6643401015228426 0.016428571428571428 0.044416243654822336
3 0.7275 0.7131979695431472 0.017857142857142856 0.04568527918781726
4 0.7160714285714286 0.5647208121827412 0.017857142857142856 0.04060913705583756
4 0.5653571428571429 0.7138324873096447 0.016428571428571428 0.046954314720812185
5 0.6078571428571429 0.6046954314720813 0.02142857142857143 0.06218274111675127
8 0.6596428571428572 0.2956852791878173 0.04071428571428572 0.07614213197969544
3 0.5375 0.22588832487309646 0.009285714285714286 0.02030456852791878
3 0.49107142857142855 0.34517766497461927 0.015 0.02030456852791878
8 0.5135714285714286 0.13769035532994925 0.041428571428571426 0.03934010152284264
3 0.445 0.12309644670050761 0.015714285714285715 0.015228426395939087
3 0.3942857142857143 0.10469543147208121 0.014285714285714285 0.013959390862944163
4 0.7632142857142857 0.9695431472081218 0.02214285714285714 0.0583756345177665
9 0.6696428571428571 0.8845177664974619 0.009285714285714286 0.030456852791878174
1 0.6710714285714285 0.8794416243654822 0.007857142857142858 0.02284263959390863
8 0.6296428571428572 0.9175126903553299 0.027857142857142858 0.09644670050761421
8 0.36678571428571427 0.6795685279187818 0.04071428571428572 0.12055837563451777
8 0.3407142857142857 0.1884517766497462 0.017142857142857144 0.02918781725888325
8 0.3482142857142857 0.21383248730964466 0.019285714285714285 0.044416243654822336
8 0.35535714285714287 0.24936548223350255 0.02214285714285714 0.05203045685279188
8 0.37142857142857144 0.2506345177664975 0.024285714285714285 0.044416243654822336
8 0.3725 0.17449238578680204 0.04642857142857143 0.02918781725888325
8 0.37714285714285717 0.1833756345177665 0.03857142857142857 0.0266497461928934
8 0.375 0.19225888324873097 0.045714285714285714 0.02918781725888325
8 0.38392857142857145 0.1998730964467005 0.045 0.02918781725888325
8 0.39321428571428574 0.20748730964467005 0.04928571428571429 0.031725888324873094
8 0.4075 0.2315989847715736 0.04642857142857143 0.03426395939086294
8 0.4164285714285714 0.23921319796954316 0.047142857142857146 0.031725888324873094
8 0.4225 0.24936548223350255 0.047857142857142855 0.031725888324873094
8 0.4742857142857143 0.30076142131979694 0.041428571428571426 0.0583756345177665
8 0.4235714285714286 0.25951776649746194 0.03428571428571429 0.0266497461928934
0 0.3482142857142857 0.3267766497461929 0.002142857142857143 0.011421319796954314
0 0.3514285714285714 0.32614213197969544 0.002857142857142857 0.015228426395939087
0 0.36892857142857144 0.3331218274111675 0.0035714285714285713 0.013959390862944163
0 0.3475 0.5539340101522843 0.005 0.021573604060913704
0 0.3517857142857143 0.5501269035532995 0.0035714285714285713 0.01649746192893401
0 0.33285714285714285 0.7074873096446701 0.004285714285714286 0.021573604060913704
3 0.38535714285714284 0.6072335025380711 0.016428571428571428 0.03426395939086294
3 0.38821428571428573 0.5532994923857868 0.015 0.03299492385786802
3 0.39107142857142857 0.4403553299492386 0.012142857142857143 0.027918781725888325
3 0.3975 0.47081218274111675 0.012142857142857143 0.030456852791878174
4 0.3942857142857143 0.5050761421319797 0.012857142857142857 0.03299492385786802
4 0.23357142857142857 0.26713197969543145 0.015714285714285715 0.011421319796954314
4 0.2007142857142857 0.31408629441624364 0.011428571428571429 0.021573604060913704
3 0.19678571428571429 0.3331218274111675 0.010714285714285714 0.01903553299492386
4 0.2257142857142857 0.33058375634517767 0.01 0.0266497461928934