3 0.15404411764705883 0.938562091503268 0.021323529411764706 0.07320261437908497
3 0.07757352941176471 0.8666666666666667 0.04191176470588235 0.03398692810457516
3 0.09375 0.826797385620915 0.04044117647058824 0.032679738562091505
3 0.1264705882352941 0.7986928104575164 0.04411764705882353 0.03137254901960784
3 0.33051470588235293 0.9248366013071896 0.019852941176470587 0.0718954248366013
3 0.3327205882352941 0.6986928104575163 0.016911764705882352 0.06405228758169934
3 0.33455882352941174 0.6183006535947713 0.014705882352941176 0.047058823529411764
0 0.3176470588235294 0.661437908496732 0.0058823529411764705 0.013071895424836602
3 0.3735294117647059 0.6503267973856209 0.014705882352941176 0.06666666666666667
3 0.3724264705882353 0.5666666666666667 0.016911764705882352 0.06666666666666667
0 0.3341911764705882 0.565359477124183 0.008088235294117648 0.011764705882352941
0 0.38676470588235295 0.8183006535947712 0.008823529411764706 0.02091503267973856
3 0.18933823529411764 0.5483660130718955 0.03602941176470588 0.027450980392156862
3 0.22095588235294117 0.45294117647058824 0.019852941176470587 0.06405228758169934
3 0.3011029411764706 0.40588235294117647 0.01838235294117647 0.06143790849673202
0 0.2665441176470588 0.4366013071895425 0.006617647058823529 0.018300653594771243
3 0.045588235294117645 0.5444444444444444 0.03676470588235294 0.032679738562091505
3 0.04411764705882353 0.4562091503267974 0.030882352941176472 0.026143790849673203
3 0.08014705882352942 0.38235294117647056 0.020588235294117647 0.06666666666666667
0 0.060294117647058824 0.403921568627451 0.007352941176470588 0.00784313725490196
0 0.03786764705882353 0.4169934640522876 0.008088235294117648 0.00784313725490196
0 0.03602941176470588 0.41045751633986927 0.008823529411764706 0.00784313725490196
0 0.03860294117647059 0.40065359477124185 0.009558823529411765 0.009150326797385621
0 0.040808823529411765 0.3915032679738562 0.009558823529411765 0.009150326797385621
0 0.04889705882352941 0.3954248366013072 0.008088235294117648 0.009150326797385621
5 0.14669117647058824 0.33202614379084966 0.016911764705882352 0.044444444444444446
3 0.4459558823529412 0.9098039215686274 0.01838235294117647 0.07058823529411765
4 0.5430147058823529 0.9738562091503268 0.013970588235294118 0.05228758169934641
3 0.5121323529411764 0.8124183006535948 0.016911764705882352 0.0718954248366013
3 0.538235294117647 0.7947712418300653 0.01764705882352941 0.06797385620915032
3 0.45183823529411765 0.769281045751634 0.016911764705882352 0.06666666666666667
3 0.4808823529411765 0.7313725490196078 0.016176470588235296 0.06405228758169934
9 0.4323529411764706 0.8196078431372549 0.008823529411764706 0.026143790849673203
1 0.4323529411764706 0.8215686274509804 0.008823529411764706 0.01437908496732026
3 0.61875 0.6627450980392157 0.01838235294117647 0.06797385620915032
3 0.45 0.6562091503267974 0.016176470588235296 0.06797385620915032
3 0.48161764705882354 0.5686274509803921 0.01764705882352941 0.06797385620915032
9 0.5569852941176471 0.6254901960784314 0.006617647058823529 0.022222222222222223
1 0.5569852941176471 0.6274509803921569 0.006617647058823529 0.01568627450980392
4 0.625 0.5522875816993464 0.027941176470588237 0.050980392156862744
3 0.6272058823529412 0.49019607843137253 0.03529411764705882 0.05751633986928104
3 0.5363970588235294 0.49411764705882355 0.015441176470588236 0.06013071895424837
3 0.4768382352941177 0.42026143790849674 0.01838235294117647 0.06666666666666667
3 0.4470588235294118 0.40784313725490196 0.01764705882352941 0.07320261437908497
3 0.37426470588235294 0.40784313725490196 0.01911764705882353 0.06535947712418301
3 0.4783088235294118 0.296078431372549 0.01838235294117647 0.06928104575163399
3 0.37316176470588236 0.27124183006535946 0.013970588235294118 0.058823529411764705
3 0.48051470588235295 0.20065359477124184 0.015441176470588236 0.06143790849673202
3 0.4474264705882353 0.15163398692810456 0.013970588235294118 0.06535947712418301
3 0.3327205882352941 0.06601307189542484 0.021323529411764706 0.06143790849673202
3 0.37316176470588236 0.03529411764705882 0.015441176470588236 0.06274509803921569
3 0.47058823529411764 0.04771241830065359 0.01764705882352941 0.06405228758169934
3 0.5378676470588235 0.044444444444444446 0.015441176470588236 0.06013071895424837
3 0.5095588235294117 0.022222222222222223 0.014705882352941176 0.044444444444444446
0 0.3264705882352941 0.19084967320261437 0.004411764705882353 0.01568627450980392
0 0.38823529411764707 0.06339869281045751 0.0058823529411764705 0.01699346405228758
0 0.38235294117647056 0.060784313725490195 0.004411764705882353 0.01437908496732026
0 0.6088235294117647 0.016339869281045753 0.0058823529411764705 0.030065359477124184
9 0.6150735294117647 0.032679738562091505 0.005147058823529412 0.03137254901960784
1 0.6150735294117647 0.03202614379084967 0.005147058823529412 0.0196078431372549
3 0.7709558823529412 0.9326797385620915 0.03602941176470588 0.030065359477124184
3 0.6584558823529412 0.8705882352941177 0.03161764705882353 0.06013071895424837
3 0.7132352941176471 0.7967320261437908 0.03823529411764706 0.032679738562091505
3 0.7753676470588236 0.8091503267973856 0.04044117647058824 0.03398692810457516
4 0.9371323529411765 0.796078431372549 0.03455882352941177 0.03137254901960784
3 0.9367647058823529 0.7568627450980392 0.039705882352941174 0.03137254901960784
3 0.9393382352941176 0.7163398692810458 0.03897058823529412 0.03398692810457516
4 0.9470588235294117 0.6823529411764706 0.033823529411764704 0.02875816993464052
3 0.8235294117647058 0.6470588235294118 0.041176470588235294 0.03137254901960784
3 0.8213235294117647 0.6065359477124183 0.04264705882352941 0.02875816993464052
4 0.825735294117647 0.5738562091503268 0.03235294117647059 0.023529411764705882
3 0.9459558823529411 0.5627450980392157 0.03897058823529412 0.030065359477124184
3 0.8301470588235295 0.5333333333333333 0.03235294117647059 0.0392156862745098
4 0.8316176470588236 0.49411764705882355 0.030882352941176472 0.026143790849673203
3 0.8794117647058823 0.47124183006535947 0.01911764705882353 0.06666666666666667
3 0.9393382352941176 0.4875816993464052 0.03897058823529412 0.036601307189542485
3 0.9400735294117647 0.44901960784313727 0.0375 0.032679738562091505
3 0.9654411764705882 0.13594771241830064 0.023529411764705882 0.07058823529411765
3 0.9411764705882353 0.1450980392156863 0.033823529411764704 0.06274509803921569