3 0.6362212943632568 0.9188311688311688 0.060542797494780795 0.10667903525046382
3 0.5981210855949896 0.6576994434137291 0.04697286012526096 0.05380333951762523
4 0.5477557411273486 0.6368274582560297 0.042275574112734866 0.06957328385899815
3 0.5861169102296451 0.5983302411873841 0.026096033402922755 0.06679035250463822
3 0.6296972860125261 0.5602968460111317 0.038100208768267224 0.055658627087198514
0 0.5313152400835073 0.5709647495361782 0.007306889352818371 0.023191094619666047
0 0.5360125260960334 0.5700371057513914 0.007306889352818371 0.0287569573283859
0 0.6667536534446764 0.4619666048237477 0.005741127348643006 0.01855287569573284
0 0.6693632567849687 0.4582560296846011 0.005741127348643006 0.025974025974025976
0 0.6751043841336117 0.4619666048237477 0.0036534446764091857 0.01855287569573284
3 0.7262526096033403 0.45964749536178107 0.031837160751565764 0.045454545454545456
4 0.7573068893528184 0.42764378478664195 0.026096033402922755 0.03525046382189239
3 0.7867954070981211 0.3974953617810761 0.02661795407098121 0.036178107606679034
8 0.9177974947807933 0.4035250463821892 0.055845511482254695 0.08905380333951762
8 0.9629436325678496 0.3460111317254174 0.04279749478079332 0.07421150278293136
4 0.9532881002087683 0.2481447124304267 0.015135699373695199 0.036178107606679034
0 0.7473903966597077 0.41187384044526903 0.006263048016701462 0.025974025974025976
9 0.6931106471816284 0.45686456400742115 0.012526096033402923 0.021335807050092765
3 0.9590292275574113 0.2054730983302412 0.024530271398747392 0.017625231910946195
3 0.9699895615866388 0.19109461966604824 0.02870563674321503 0.014842300556586271
3 0.9890396659707724 0.16419294990723562 0.019832985386221295 0.022263450834879406
9 0.5957724425887265 0.5565862708719852 0.013048016701461378 0.02040816326530612
9 0.6090814196242171 0.5435992578849722 0.015657620041753653 0.01855287569573284
2 0.5002609603340292 0.6391465677179963 0.010960334029227558 0.02411873840445269
9 0.5104384133611691 0.6238404452690167 0.014613778705636743 0.0287569573283859
9 0.5180062630480167 0.6210575139146568 0.01722338204592902 0.0287569573283859
9 0.3619519832985386 0.7402597402597403 0.02348643006263048 0.029684601113172542
9 0.35673277661795405 0.7323747680890538 0.02244258872651357 0.03432282003710575
9 0.791231732776618 0.3650278293135436 0.019832985386221295 0.02504638218923933