3 0.25575 0.9713333333333334 0.1625 0.05733333333333333
3 0.37375 0.778 0.1195 0.116
3 0.37925 0.627 0.1185 0.09
5 0.34875 0.43666666666666665 0.1375 0.08
5 0.33225 0.35433333333333333 0.1685 0.11
4 0.42825 0.2856666666666667 0.0325 0.08333333333333333
5 0.342 0.2633333333333333 0.114 0.08
4 0.40275 0.22366666666666668 0.0815 0.054
4 0.3795 0.18866666666666668 0.062 0.04666666666666667
4 0.3405 0.15533333333333332 0.056 0.04533333333333334
3 0.35275 0.12733333333333333 0.0645 0.044
5 0.37075 0.067 0.0815 0.062
3 0.34975 0.03166666666666667 0.0555 0.035333333333333335
4 0.37125 0.018666666666666668 0.0465 0.037333333333333336
3 0.48975 0.07 0.0255 0.037333333333333336
4 0.64525 0.5376666666666666 0.0855 0.102
0 0.68925 0.43733333333333335 0.0165 0.03866666666666667
0 0.70975 0.464 0.0155 0.036
4 0.5945 0.37133333333333335 0.07 0.076
3 0.58425 0.324 0.0765 0.05733333333333333
4 0.61725 0.25966666666666666 0.0885 0.07266666666666667
5 0.59 0.216 0.106 0.09333333333333334
5 0.555 0.15233333333333332 0.063 0.048666666666666664
3 0.553 0.12666666666666668 0.061 0.04
3 0.55 0.105 0.056 0.03
0 0.517 0.11133333333333334 0.007 0.028
4 0.54625 0.082 0.0535 0.036
3 0.542 0.062 0.049 0.030666666666666665
3 0.53 0.04533333333333334 0.05 0.03333333333333333
3 0.533 0.025333333333333333 0.052 0.032
4 0.5315 0.01 0.041 0.02
3 0.8585 0.3413333333333333 0.045 0.072
3 0.816 0.21733333333333332 0.066 0.04666666666666667
5 0.78325 0.15966666666666668 0.1085 0.078
3 0.755 0.111 0.061 0.04733333333333333
3 0.73075 0.09433333333333334 0.0445 0.034
3 0.983 0.5203333333333333 0.034 0.10066666666666667
4 0.32225 0.49066666666666664 0.0895 0.06666666666666667
3 0.369 0.111 0.065 0.03666666666666667