3 0.31393528183716074 0.08348794063079777 0.0255741127348643 0.022263450834879406
3 0.29671189979123175 0.12291280148423006 0.029749478079331943 0.01948051948051948
3 0.11978079331941545 0.5579777365491652 0.05271398747390397 0.039888682745825604
3 0.054801670146137786 0.5983302411873841 0.05323590814196242 0.04267161410018553
3 0.22860125260960334 0.8153988868274582 0.04384133611691023 0.09461966604823747
7 0.5401878914405011 0.713821892393321 0.030271398747390398 0.039888682745825604
3 0.505741127348643 0.37291280148423006 0.031315240083507306 0.03153988868274583
0 0.5237473903966597 0.38404452690166974 0.0036534446764091857 0.022263450834879406
0 0.5396659707724426 0.3803339517625232 0.0041753653444676405 0.02040816326530612
4 0.4968684759916493 0.08534322820037106 0.010438413361169102 0.02040816326530612
3 0.7987995824634656 0.6437847866419295 0.03288100208768267 0.04452690166975881
9 0.8481210855949896 0.487012987012987 0.008350730688935281 0.016697588126159554
9 0.8536012526096033 0.5333951762523191 0.006784968684759917 0.014842300556586271
3 0.7479123173277662 0.862708719851577 0.06263048016701461 0.055658627087198514
3 0.7463465553235908 0.923469387755102 0.059498956158663886 0.05844155844155844
3 0.8248956158663883 0.8617810760667903 0.061064718162839246 0.05380333951762523
5 0.5915970772442589 0.9568645640074211 0.06315240083507306 0.08441558441558442
4 0.418580375782881 0.6052875695732839 0.04279749478079332 0.041743970315398886
3 0.9652922755741128 0.9308905380333952 0.06837160751565761 0.06586270871985157