0 0.4440104166666667 0.8888888888888888 0.016145833333333335 0.09259259259259259
1 0.45755208333333336 0.6592592592592592 0.016145833333333335 0.06111111111111111
2 0.45729166666666665 0.6731481481481482 0.03125 0.04259259259259259
2 0.5122395833333333 0.7296296296296296 0.0296875 0.05555555555555555
2 0.5609375 0.6541666666666667 0.022916666666666665 0.04537037037037037
3 0.24817708333333333 0.6731481481481482 0.04635416666666667 0.08518518518518518
3 0.03723958333333333 0.5717592592592593 0.07447916666666667 0.062037037037037036
5 0.049479166666666664 0.45092592592592595 0.09895833333333333 0.09444444444444444
4 0.0328125 0.2824074074074074 0.025 0.03148148148148148
0 0.28802083333333334 0.425 0.007291666666666667 0.044444444444444446
9 0.115625 0.25833333333333336 0.0125 0.012962962962962963
3 0.13880208333333333 0.2671296296296296 0.018229166666666668 0.021296296296296296
3 0.12552083333333333 0.2898148148148148 0.023958333333333335 0.022222222222222223
3 0.12526041666666668 0.2967592592592593 0.0234375 0.021296296296296296
3 0.14296875 0.28888888888888886 0.0203125 0.022222222222222223
3 0.1484375 0.3 0.023958333333333335 0.022222222222222223
3 0.16276041666666666 0.2875 0.0203125 0.028703703703703703
4 0.17369791666666667 0.26481481481481484 0.0171875 0.024074074074074074
3 0.19557291666666668 0.26666666666666666 0.015104166666666667 0.018518518518518517
3 0.21276041666666667 0.26666666666666666 0.016145833333333335 0.022222222222222223
3 0.23619791666666667 0.26851851851851855 0.016145833333333335 0.018518518518518517
3 0.2872395833333333 0.26805555555555555 0.0140625 0.017592592592592594
3 0.3106770833333333 0.26805555555555555 0.011979166666666667 0.019444444444444445
4 0.3455729166666667 0.26851851851851855 0.011979166666666667 0.018518518518518517
4 0.3385416666666667 0.28703703703703703 0.014583333333333334 0.022222222222222223
4 0.3184895833333333 0.2851851851851852 0.013020833333333334 0.024074074074074074
3 0.29609375 0.4587962962962963 0.0671875 0.04351851851851852
5 0.35989583333333336 0.5296296296296297 0.18958333333333333 0.13518518518518519
3 0.6270833333333333 0.55 0.078125 0.05555555555555555
3 0.66328125 0.5162037037037037 0.07447916666666667 0.049074074074074076
3 0.7994791666666666 0.45601851851851855 0.065625 0.041666666666666664
3 0.9114583333333334 0.44351851851851853 0.06458333333333334 0.046296296296296294
3 0.50390625 0.3087962962962963 0.034895833333333334 0.023148148148148147
1 0.6067708333333334 0.3148148148148148 0.005208333333333333 0.016666666666666666
1 0.5979166666666667 0.3148148148148148 0.00625 0.012962962962962963
3 0.4166666666666667 0.27314814814814814 0.009375 0.012962962962962963
4 0.42526041666666664 0.2712962962962963 0.0078125 0.014814814814814815
2 0.5151041666666667 0.26944444444444443 0.007291666666666667 0.011111111111111112
2 0.5161458333333333 0.27175925925925926 0.003125 0.013888888888888888
3 0.5299479166666666 0.2708333333333333 0.015104166666666667 0.019444444444444445
6 0.5463541666666667 0.2712962962962963 0.008333333333333333 0.014814814814814815
3 0.5588541666666667 0.27037037037037037 0.015625 0.018518518518518517
3 0.5755208333333334 0.2708333333333333 0.015625 0.019444444444444445
3 0.59296875 0.26944444444444443 0.015104166666666667 0.018518518518518517
4 0.6078125 0.26666666666666666 0.014583333333333334 0.022222222222222223
3 0.6229166666666667 0.2712962962962963 0.015625 0.020370370370370372
3 0.6375 0.26944444444444443 0.017708333333333333 0.018518518518518517
3 0.6526041666666667 0.26805555555555555 0.017708333333333333 0.017592592592592594
4 0.66875 0.2652777777777778 0.016666666666666666 0.021296296296296296
4 0.6778645833333333 0.25833333333333336 0.034895833333333334 0.024074074074074074
4 0.6653645833333334 0.2513888888888889 0.019270833333333334 0.01574074074074074
5 0.61796875 0.29583333333333334 0.03177083333333333 0.05092592592592592
5 0.65625 0.29583333333333334 0.03229166666666667 0.049074074074074076
2 0.6653645833333334 0.3226851851851852 0.011979166666666667 0.01574074074074074
9 0.6739583333333333 0.32731481481481484 0.005208333333333333 0.017592592592592594
2 0.6947916666666667 0.3537037037037037 0.0125 0.018518518518518517
9 0.6890625 0.3476851851851852 0.015625 0.023148148148148147
2 0.6856770833333333 0.3416666666666667 0.0140625 0.018518518518518517
3 0.7966145833333333 0.26435185185185184 0.018229166666666668 0.017592592592592594
6 0.79140625 0.24444444444444444 0.0067708333333333336 0.012962962962962963
3 0.7705729166666667 0.25787037037037036 0.016145833333333335 0.01574074074074074
4 0.7807291666666667 0.25277777777777777 0.016666666666666666 0.018518518518518517
3 0.7721354166666666 0.2490740740740741 0.016145833333333335 0.014814814814814815
3 0.76015625 0.24675925925925926 0.0171875 0.01574074074074074
3 0.74609375 0.25046296296296294 0.018229166666666668 0.01574074074074074
3 0.7330729166666666 0.24861111111111112 0.0203125 0.01574074074074074
3 0.7197916666666667 0.24537037037037038 0.019791666666666666 0.014814814814814815
3 0.74453125 0.2412037037037037 0.0203125 0.01574074074074074
3 0.7375 0.24027777777777778 0.022916666666666665 0.01574074074074074
3 0.73125 0.23842592592592593 0.022916666666666665 0.01574074074074074
3 0.7239583333333334 0.23333333333333334 0.019791666666666666 0.014814814814814815
3 0.7221354166666667 0.225 0.0171875 0.012962962962962963
3 0.7028645833333333 0.2324074074074074 0.0203125 0.012962962962962963
3 0.696875 0.22777777777777777 0.019791666666666666 0.012962962962962963
3 0.703125 0.22592592592592592 0.016666666666666666 0.012962962962962963
3 0.6950520833333333 0.22268518518518518 0.019270833333333334 0.012037037037037037
3 0.6924479166666667 0.22083333333333333 0.019270833333333334 0.012037037037037037
3 0.7098958333333333 0.21898148148148147 0.01875 0.012037037037037037
3 0.6815104166666667 0.21898148148148147 0.018229166666666668 0.012037037037037037
3 0.6807291666666667 0.21666666666666667 0.016666666666666666 0.011111111111111112
3 0.6901041666666666 0.2125 0.015625 0.010185185185185186
3 0.7002604166666667 0.21481481481481482 0.016145833333333335 0.012962962962962963
3 0.7252604166666666 0.2101851851851852 0.018229166666666668 0.011111111111111112
4 0.7307291666666667 0.20972222222222223 0.014583333333333334 0.013888888888888888
3 0.7416666666666667 0.21805555555555556 0.017708333333333333 0.012037037037037037
3 0.746875 0.22037037037037038 0.017708333333333333 0.011111111111111112
3 0.75859375 0.22592592592592592 0.0203125 0.012962962962962963