3 0.6029411764705882 0.75359477124183 0.075 0.12679738562091503
3 0.5253676470588236 0.9071895424836601 0.09338235294117647 0.17777777777777778
4 0.6757352941176471 0.5620915032679739 0.041176470588235294 0.09411764705882353
3 0.3224264705882353 0.7549019607843137 0.09044117647058823 0.10588235294117647
3 0.43272058823529413 0.5405228758169934 0.06691176470588235 0.06143790849673202
3 0.15514705882352942 0.6366013071895424 0.08676470588235294 0.0784313725490196
3 0.13933823529411765 0.7294117647058823 0.0875 0.09673202614379085
3 0.29669117647058824 0.965359477124183 0.06985294117647059 0.06928104575163399
3 0.34301470588235294 0.43071895424836604 0.04926470588235294 0.043137254901960784
3 0.37058823529411766 0.4176470588235294 0.04411764705882353 0.040522875816993466
4 0.38566176470588237 0.36666666666666664 0.03602941176470588 0.0457516339869281
4 0.20073529411764707 0.4973856209150327 0.06470588235294118 0.06405228758169934
3 0.7919117647058823 0.5339869281045752 0.039705882352941174 0.06928104575163399
3 0.9511029411764705 0.534640522875817 0.04338235294117647 0.05751633986928104
3 0.7588235294117647 0.38562091503267976 0.025 0.036601307189542485
3 0.731985294117647 0.36013071895424836 0.02426470588235294 0.032679738562091505
3 0.7555147058823529 0.32287581699346407 0.01838235294117647 0.03137254901960784
3 0.8205882352941176 0.35947712418300654 0.020588235294117647 0.03137254901960784
3 0.8404411764705882 0.34248366013071896 0.020588235294117647 0.03137254901960784
4 0.8352941176470589 0.30980392156862746 0.01764705882352941 0.03398692810457516
3 0.8264705882352941 0.29411764705882354 0.014705882352941176 0.02091503267973856
3 0.8294117647058824 0.2751633986928105 0.013235294117647059 0.0196078431372549
4 0.8632352941176471 0.26209150326797387 0.020588235294117647 0.02483660130718954
4 0.8330882352941177 0.2496732026143791 0.011764705882352941 0.02091503267973856
3 0.8202205882352941 0.2281045751633987 0.009558823529411765 0.01437908496732026
3 0.8444852941176471 0.22745098039215686 0.009558823529411765 0.013071895424836602
3 0.825 0.20392156862745098 0.008823529411764706 0.013071895424836602
3 0.8676470588235294 0.2150326797385621 0.008823529411764706 0.01437908496732026
3 0.8400735294117647 0.21830065359477124 0.008088235294117648 0.013071895424836602
3 0.8448529411764706 0.2111111111111111 0.008823529411764706 0.011764705882352941
3 0.8632352941176471 0.20718954248366014 0.008823529411764706 0.011764705882352941
0 0.8584558823529411 0.2261437908496732 0.003676470588235294 0.013071895424836602
3 0.8713235294117647 0.32287581699346407 0.01764705882352941 0.026143790849673203
1 0.8558823529411764 0.30196078431372547 0.007352941176470588 0.018300653594771243
9 0.85625 0.30522875816993467 0.006617647058823529 0.01699346405228758
0 0.8014705882352942 0.21830065359477124 0.0029411764705882353 0.013071895424836602
1 0.805514705882353 0.21633986928104576 0.0022058823529411764 0.009150326797385621
1 0.8102941176470588 0.2169934640522876 0.0029411764705882353 0.01045751633986928
1 0.04963235294117647 0.8490196078431372 0.027205882352941177 0.08496732026143791
2 0.054044117647058826 0.857516339869281 0.04338235294117647 0.054901960784313725
0 0.17794117647058824 0.42810457516339867 0.008823529411764706 0.040522875816993466
0 0.18455882352941178 0.4065359477124183 0.007352941176470588 0.0392156862745098
0 0.17647058823529413 0.4013071895424837 0.010294117647058823 0.03398692810457516
9 0.20147058823529412 0.42483660130718953 0.008823529411764706 0.03398692810457516
9 0.2731617647058823 0.4444444444444444 0.009558823529411765 0.03398692810457516
9 0.26691176470588235 0.42091503267973857 0.013235294117647059 0.02875816993464052
1 0.23823529411764705 0.48823529411764705 0.010294117647058823 0.043137254901960784
9 0.23970588235294119 0.4928104575163399 0.026470588235294117 0.02875816993464052
0 0.3264705882352941 0.38169934640522873 0.004411764705882353 0.018300653594771243
1 0.30220588235294116 0.37777777777777777 0.008823529411764706 0.02091503267973856
9 0.19448529411764706 0.45098039215686275 0.011029411764705883 0.03398692810457516
0 0.10514705882352941 0.4372549019607843 0.0058823529411764705 0.030065359477124184
0 0.08419117647058824 0.43333333333333335 0.009558823529411765 0.03790849673202614
0 0.08713235294117647 0.4366013071895425 0.011029411764705883 0.0392156862745098
1 0.12794117647058822 0.4418300653594771 0.007352941176470588 0.023529411764705882
1 0.11654411764705883 0.45359477124183006 0.009558823529411765 0.036601307189542485
0 0.7404411764705883 0.5627450980392157 0.011764705882352941 0.0457516339869281
1 0.5665441176470588 0.5124183006535947 0.011029411764705883 0.0392156862745098
9 0.5665441176470588 0.5241830065359477 0.013970588235294118 0.036601307189542485
1 0.5066176470588235 0.4470588235294118 0.010294117647058823 0.036601307189542485
1 0.5121323529411764 0.4477124183006536 0.005147058823529412 0.030065359477124184
9 0.5080882352941176 0.4542483660130719 0.016176470588235296 0.030065359477124184
1 0.4007352941176471 0.47058823529411764 0.011764705882352941 0.0392156862745098
9 0.4007352941176471 0.47516339869281043 0.025 0.032679738562091505
1 0.6261029411764706 0.34705882352941175 0.006617647058823529 0.027450980392156862
2 0.6261029411764706 0.35228758169934643 0.006617647058823529 0.0196078431372549
0 0.600735294117647 0.28888888888888886 0.004411764705882353 0.023529411764705882
0 0.5904411764705882 0.27124183006535946 0.004411764705882353 0.022222222222222223
3 0.6095588235294118 0.3032679738562091 0.027941176470588237 0.02091503267973856
0 0.5988970588235294 0.24836601307189543 0.003676470588235294 0.018300653594771243
0 0.9676470588235294 0.3843137254901961 0.007352941176470588 0.02875816993464052
3 0.9900735294117647 0.3437908496732026 0.019852941176470587 0.03137254901960784
4 0.9852941176470589 0.3261437908496732 0.01911764705882353 0.030065359477124184
3 0.9830882352941176 0.30980392156862746 0.01764705882352941 0.02875816993464052
4 0.9393382352941176 0.257516339869281 0.01838235294117647 0.02091503267973856
4 0.9382352941176471 0.21633986928104576 0.010294117647058823 0.01699346405228758