0 0.86525 0.5906666666666667 0.0425 0.06533333333333333
0 0.73875 0.489 0.0245 0.06333333333333334
0 0.5635 0.36533333333333334 0.018 0.058666666666666666
0 0.551 0.32966666666666666 0.015 0.05533333333333333
7 0.3805 0.589 0.047 0.13533333333333333
0 0.1885 0.5223333333333333 0.028 0.051333333333333335
0 0.22075 0.48633333333333334 0.0275 0.05533333333333333
4 0.081 0.703 0.091 0.16066666666666668
3 0.9705 0.357 0.059 0.08066666666666666
3 0.02625 0.37666666666666665 0.0525 0.14133333333333334
4 0.11225 0.34 0.0645 0.10933333333333334
4 0.192 0.338 0.071 0.19066666666666668
3 0.28175 0.31733333333333336 0.0705 0.14266666666666666
0 0.31075 0.268 0.0195 0.05466666666666667
4 0.3525 0.289 0.068 0.114
3 0.42475 0.2836666666666667 0.0685 0.13
4 0.4875 0.27066666666666667 0.062 0.13466666666666666
3 0.0395 0.21566666666666667 0.079 0.066
4 0.168 0.18366666666666667 0.118 0.08066666666666666
3 0.287 0.164 0.104 0.07466666666666667
3 0.373 0.035666666666666666 0.094 0.059333333333333335
3 0.44925 0.127 0.1005 0.08066666666666666
3 0.6125 0.155 0.077 0.09266666666666666
3 0.82725 0.07633333333333334 0.1025 0.06866666666666667
0 0.734 0.312 0.024 0.05333333333333334
0 0.668 0.24366666666666667 0.019 0.058
0 0.6485 0.237 0.018 0.054
0 0.3675 0.12466666666666666 0.015 0.05333333333333334
0 0.384 0.11266666666666666 0.015 0.05466666666666667
0 0.42675 0.089 0.0165 0.03933333333333333
0 0.43575 0.14633333333333334 0.0185 0.05266666666666667