3 0.49558823529411766 0.46601307189542485 0.030882352941176472 0.08235294117647059
3 0.6889705882352941 0.4320261437908497 0.07058823529411765 0.05359477124183006
3 0.6161764705882353 0.4339869281045752 0.058823529411764705 0.05228758169934641
5 0.6595588235294118 0.46339869281045754 0.09264705882352942 0.06928104575163399
0 0.7474264705882353 0.4718954248366013 0.011029411764705883 0.047058823529411764
1 0.4658088235294118 0.8372549019607843 0.015441176470588236 0.0457516339869281
9 0.46397058823529413 0.8542483660130719 0.013235294117647059 0.05620915032679739
1 0.4900735294117647 0.6163398692810458 0.013970588235294118 0.03529411764705882
2 0.4886029411764706 0.6228758169934641 0.013970588235294118 0.05359477124183006
2 0.37830882352941175 0.3254901960784314 0.006617647058823529 0.036601307189542485
1 0.3786764705882353 0.31699346405228757 0.010294117647058823 0.027450980392156862
5 0.046691176470588236 0.3366013071895425 0.07867647058823529 0.1895424836601307
3 0.34044117647058825 0.0673202614379085 0.01764705882352941 0.032679738562091505
3 0.5433823529411764 0.06862745098039216 0.023529411764705882 0.03529411764705882
9 0.3360294117647059 0.7647058823529411 0.01911764705882353 0.04967320261437908
1 0.3341911764705882 0.7562091503267974 0.0125 0.03529411764705882
0 0.475 0.19281045751633988 0.0058823529411764705 0.030065359477124184
0 0.4823529411764706 0.19084967320261437 0.0058823529411764705 0.02875816993464052
0 0.4886029411764706 0.18823529411764706 0.006617647058823529 0.02875816993464052
0 0.46654411764705883 0.07058823529411765 0.006617647058823529 0.02875816993464052
0 0.4713235294117647 0.06666666666666667 0.0058823529411764705 0.03137254901960784
3 0.5676470588235294 0.015032679738562092 0.016176470588235296 0.030065359477124184
9 0.5852941176470589 0.02091503267973856 0.0058823529411764705 0.018300653594771243