0 0.24975 0.9433333333333334 0.0355 0.056
0 0.28675 0.953 0.0485 0.058
0 0.3595 0.9246666666666666 0.033 0.06666666666666667
0 0.4695 0.8893333333333333 0.032 0.06666666666666667
0 0.6105 0.845 0.032 0.06333333333333334
0 0.654 0.8193333333333334 0.033 0.07066666666666667
0 0.805 0.9753333333333334 0.038 0.04933333333333333
0 0.26175 0.8846666666666667 0.0405 0.05466666666666667
0 0.09625 0.719 0.0405 0.07
1 0.08625 0.7123333333333334 0.0305 0.03933333333333333
0 0.10575 0.5533333333333333 0.0265 0.05333333333333334
0 0.20225 0.6593333333333333 0.0305 0.07066666666666667
0 0.241 0.644 0.032 0.06933333333333333
0 0.27425 0.6593333333333333 0.0375 0.06666666666666667
0 0.30225 0.651 0.0305 0.06466666666666666
0 0.50275 0.749 0.0335 0.06333333333333334
0 0.51975 0.6616666666666666 0.0185 0.05533333333333333
0 0.5555 0.529 0.025 0.06466666666666666
0 0.58525 0.458 0.0155 0.056
0 0.6185 0.47833333333333333 0.015 0.059333333333333335
0 0.606 0.296 0.013 0.050666666666666665
0 0.67875 0.301 0.0165 0.05
0 0.465 0.22166666666666668 0.009 0.042
0 0.46675 0.21533333333333332 0.0125 0.04133333333333333
0 0.465 0.204 0.011 0.037333333333333336
0 0.30625 0.10533333333333333 0.0155 0.034666666666666665
0 0.29575 0.12233333333333334 0.0115 0.03
0 0.32125 0.126 0.0105 0.042666666666666665
0 0.32625 0.114 0.0145 0.042666666666666665
0 0.16325 0.227 0.0195 0.046
0 0.10875 0.26066666666666666 0.0215 0.05333333333333334
3 0.251 0.793 0.205 0.20333333333333334
3 0.03375 0.6033333333333334 0.0675 0.10933333333333334
9 0.504 0.5186666666666667 0.036 0.06266666666666666
1 0.504 0.5143333333333333 0.022 0.058
1 0.218 0.176 0.015 0.02666666666666667
3 0.3395 0.2613333333333333 0.098 0.08266666666666667
9 0.41025 0.224 0.0225 0.034666666666666665
0 0.58125 0.36333333333333334 0.0135 0.050666666666666665
9 0.59225 0.36966666666666664 0.0125 0.05266666666666667
9 0.6585 0.25266666666666665 0.04 0.034666666666666665
4 0.64725 0.208 0.0475 0.07066666666666667
4 0.572 0.171 0.078 0.06333333333333334
4 0.562 0.216 0.073 0.064
4 0.53525 0.24 0.0865 0.06
4 0.42025 0.166 0.0715 0.06133333333333333
4 0.4195 0.14 0.07 0.05466666666666667
4 0.44825 0.074 0.0445 0.04666666666666667
4 0.3665 0.12833333333333333 0.055 0.05
0 0.49675 0.112 0.0075 0.032
0 0.49925 0.086 0.0065 0.032
0 0.53525 0.092 0.0135 0.028
0 0.5795 0.09066666666666667 0.008 0.030666666666666665
3 0.59025 0.052333333333333336 0.0645 0.043333333333333335
3 0.51025 0.042 0.0415 0.042666666666666665
3 0.40075 0.028666666666666667 0.0585 0.048
3 0.4255 0.01633333333333333 0.046 0.03266666666666666
3 0.334 0.06733333333333333 0.055 0.044
0 0.28775 0.077 0.0125 0.04066666666666666