3 0.14325 0.156 0.0545 0.029333333333333333
3 0.0705 0.159 0.04 0.027333333333333334
3 0.04575 0.059333333333333335 0.0165 0.010666666666666666
3 0.04675 0.074 0.0105 0.013333333333333334
4 0.25425 0.2866666666666667 0.0505 0.096
4 0.28125 0.20166666666666666 0.0355 0.062
3 0.20125 0.13 0.0565 0.029333333333333333
4 0.232 0.149 0.055 0.03933333333333333
4 0.25675 0.16933333333333334 0.0625 0.052
0 0.192 0.16533333333333333 0.009 0.028
0 0.17775 0.14966666666666667 0.0065 0.024666666666666667
3 0.045 0.04566666666666667 0.012 0.011333333333333334
1 0.2965 0.313 0.014 0.03
0 0.351 0.28833333333333333 0.013 0.035333333333333335
4 0.2495 0.4533333333333333 0.068 0.144
0 0.40625 0.37233333333333335 0.0195 0.06466666666666666
0 0.4305 0.375 0.017 0.07266666666666667
0 0.4515 0.37733333333333335 0.018 0.07066666666666667
1 0.456 0.5486666666666666 0.036 0.07866666666666666
9 0.458 0.5933333333333334 0.031 0.06
0 0.668 0.4723333333333333 0.022 0.07
0 0.6905 0.5126666666666667 0.027 0.07333333333333333
0 0.721 0.5396666666666666 0.021 0.058
1 0.705 0.5513333333333333 0.014 0.032
1 0.75825 0.48 0.0295 0.08266666666666667
1 0.74375 0.4483333333333333 0.0205 0.066
1 0.765 0.4603333333333333 0.02 0.062
4 0.709 0.36433333333333334 0.129 0.102
4 0.55175 0.22366666666666668 0.0375 0.07666666666666666
1 0.53875 0.27 0.0145 0.021333333333333333
0 0.48075 0.222 0.0145 0.04133333333333333
1 0.50875 0.19366666666666665 0.0095 0.04066666666666666
1 0.503 0.19066666666666668 0.007 0.037333333333333336
1 0.5185 0.186 0.01 0.021333333333333333
4 0.50875 0.158 0.0225 0.044
1 0.436 0.14566666666666667 0.008 0.023333333333333334
9 0.437 0.154 0.011 0.02266666666666667
0 0.4275 0.11766666666666667 0.003 0.015333333333333332
0 0.424 0.112 0.006 0.025333333333333333
3 0.374 0.06433333333333334 0.015 0.016666666666666666
3 0.361 0.050666666666666665 0.013 0.014666666666666666
3 0.35775 0.044333333333333336 0.0095 0.011333333333333334
0 0.35225 0.02666666666666667 0.0035 0.013333333333333334
0 0.357 0.027 0.003 0.011333333333333334
0 0.362 0.037333333333333336 0.002 0.008
0 0.36575 0.03333333333333333 0.0035 0.013333333333333334
0 0.343 0.015666666666666666 0.004 0.011333333333333334
3 0.336 0.0023333333333333335 0.007 0.004666666666666667
3 0.336 0.017333333333333333 0.007 0.005333333333333333
3 0.342 0.025333333333333333 0.014 0.008
8 0.34175 0.03133333333333333 0.0085 0.016
0 0.35975 0.033666666666666664 0.0015 0.007333333333333333
0 0.35775 0.035 0.0025 0.008666666666666666
0 0.347 0.023333333333333334 0.003 0.008
7 0.346 0.212 0.013 0.024
3 0.23425 0.09633333333333334 0.0245 0.012666666666666666
1 0.2935 0.2986666666666667 0.015 0.02666666666666667
4 0.55125 0.223 0.0375 0.07666666666666666