0 0.08821428571428572 0.3102791878172589 0.010714285714285714 0.0266497461928934
0 0.07321428571428572 0.3489847715736041 0.012142857142857143 0.027918781725888325
0 0.04642857142857143 0.565989847715736 0.014285714285714285 0.027918781725888325
0 0.035 0.6935279187817259 0.012857142857142857 0.0266497461928934
0 0.005714285714285714 0.8058375634517766 0.011428571428571429 0.027918781725888325
0 0.0067857142857142855 0.9695431472081218 0.013571428571428571 0.027918781725888325
5 0.7146428571428571 0.7975888324873096 0.047857142857142855 0.18908629441624367
5 0.7607142857142857 0.8236040609137056 0.045714285714285714 0.2436548223350254
5 0.815 0.868020304568528 0.06571428571428571 0.2614213197969543
4 0.6935714285714286 0.5901015228426396 0.047142857142857146 0.04314720812182741
4 0.6892857142857143 0.5469543147208121 0.05142857142857143 0.04314720812182741
3 0.6875 0.5025380710659898 0.055 0.04314720812182741
3 0.6775 0.4251269035532995 0.04928571428571429 0.04060913705583756
3 0.6671428571428571 0.3883248730964467 0.03142857142857143 0.04314720812182741
4 0.6721428571428572 0.31916243654822335 0.04428571428571428 0.04187817258883249
3 0.6678571428571428 0.2893401015228426 0.04285714285714286 0.03807106598984772
3 0.6657142857142857 0.25888324873096447 0.041428571428571426 0.03553299492385787
9 0.6707142857142857 0.17893401015228427 0.007142857142857143 0.027918781725888325
9 0.6710714285714285 0.16116751269035534 0.025 0.027918781725888325
4 0.6807142857142857 0.12246192893401016 0.037142857142857144 0.05456852791878172
4 0.685 0.053934010152284266 0.03142857142857143 0.046954314720812185
4 0.6860714285714286 0.020939086294416244 0.03357142857142857 0.04187817258883249
3 0.6817857142857143 0.08629441624365482 0.03214285714285714 0.048223350253807105
5 0.7539285714285714 0.11421319796954314 0.030714285714285715 0.10913705583756345
5 0.7528571428571429 0.023477157360406092 0.027142857142857142 0.046954314720812185
8 0.6378571428571429 0.8883248730964467 0.047142857142857146 0.22081218274111675
3 0.3975 0.06789340101522842 0.017857142857142856 0.05203045685279188
3 0.4807142857142857 0.23604060913705585 0.02 0.0583756345177665
3 0.46714285714285714 0.5380710659898477 0.02 0.06852791878172589
4 0.57 0.5774111675126904 0.022857142857142857 0.09390862944162437
3 0.6107142857142858 0.6243654822335025 0.02142857142857143 0.08629441624365482
4 0.5946428571428571 0.4447969543147208 0.02214285714285714 0.07233502538071065
4 0.5528571428571428 0.36611675126903553 0.02142857142857143 0.07233502538071065
8 0.5928571428571429 0.2715736040609137 0.03142857142857143 0.19796954314720813
4 0.5892857142857143 0.08883248730964467 0.018571428571428572 0.06852791878172589
4 0.5742857142857143 0.15355329949238578 0.015714285714285715 0.07106598984771574
3 0.5267857142857143 0.1732233502538071 0.019285714285714285 0.05456852791878172
3 0.545 0.07931472081218274 0.018571428571428572 0.05456852791878172
3 0.5921428571428572 0.011421319796954314 0.012857142857142857 0.02284263959390863