3 0.7993215031315241 0.6066790352504638 0.027661795407098122 0.07421150278293136
3 0.769572025052192 0.6043599257884972 0.030793319415448852 0.08256029684601113
3 0.7400835073068893 0.6015769944341373 0.029227557411273485 0.07699443413729128
6 0.8293319415448852 0.5974025974025974 0.017745302713987474 0.04267161410018553
9 0.7025052192066806 0.5936920222634509 0.010438413361169102 0.03710575139146568
4 0.5845511482254697 0.5802411873840445 0.020876826722338204 0.08070500927643785
3 0.2985386221294363 0.5496289424860853 0.028183716075156576 0.07699443413729128
3 0.20485386221294363 0.5473098330241187 0.031837160751565764 0.07977736549165121
3 0.1771920668058455 0.5454545454545454 0.037056367432150315 0.07606679035250463
3 0.12343423799582463 0.538961038961039 0.037056367432150315 0.07792207792207792
3 0.09055323590814196 0.538961038961039 0.03914405010438413 0.07977736549165121
3 0.009394572025052192 0.5241187384044527 0.018789144050104383 0.06679035250463822
3 0.6195198329853863 0.8826530612244898 0.04592901878914405 0.10111317254174397
3 0.5005219206680585 0.19294990723562153 0.03966597077244259 0.03710575139146568
3 0.5224425887265136 0.287569573283859 0.032359081419624215 0.055658627087198514