4 0.22786458333333334 0.3365740740740741 0.0515625 0.04351851851851852
8 0.23359375 0.49537037037037035 0.028645833333333332 0.044444444444444446
3 0.28880208333333335 0.4675925925925926 0.022395833333333334 0.03148148148148148
3 0.27291666666666664 0.4532407407407407 0.020833333333333332 0.026851851851851852
3 0.47317708333333336 0.5930555555555556 0.06302083333333333 0.04537037037037037
3 0.29375 0.8467592592592592 0.042708333333333334 0.08981481481481482
3 0.015625 0.7856481481481481 0.03125 0.08981481481481482
3 0.54921875 0.29398148148148145 0.03802083333333333 0.023148148148148147
3 0.98828125 0.3194444444444444 0.0234375 0.02962962962962963
5 0.08177083333333333 0.2796296296296296 0.016666666666666666 0.03518518518518519
3 0.10703125 0.4736111111111111 0.021354166666666667 0.04722222222222222
2 0.08046875 0.5166666666666667 0.0171875 0.03888888888888889
0 0.06796875 0.5111111111111111 0.008854166666666666 0.03148148148148148
1 0.059895833333333336 0.512962962962963 0.008333333333333333 0.025925925925925925
2 0.04635416666666667 0.48657407407407405 0.009375 0.026851851851851852
2 0.054427083333333334 0.4810185185185185 0.009895833333333333 0.023148148148148147
1 0.05260416666666667 0.475462962962963 0.009375 0.028703703703703703