3 0.5039144050104384 0.858534322820037 0.03288100208768267 0.09925788497217068
4 0.421972860125261 0.9735621521335807 0.03914405010438413 0.05102040816326531
3 0.7567849686847599 0.648886827458256 0.031315240083507306 0.038033395176252316
3 0.8311586638830898 0.21799628942486085 0.03496868475991649 0.03339517625231911
3 0.8533402922755741 0.1989795918367347 0.03549060542797495 0.032467532467532464
3 0.2510438413361169 0.4485157699443414 0.04279749478079332 0.05287569573283859
3 0.20746346555323592 0.5658627087198516 0.0255741127348643 0.07050092764378478
3 0.2413883089770355 0.22541743970315398 0.0255741127348643 0.02411873840445269
3 0.23877870563674322 0.7156771799628943 0.04018789144050104 0.06771799628942486
3 0.20224425887265135 0.7397959183673469 0.04018789144050104 0.06215213358070501
3 0.9008350730688935 0.3515769944341373 0.032359081419624215 0.027829313543599257
3 0.9305845511482255 0.3098330241187384 0.025052192066805846 0.02040816326530612
3 0.8593423799582464 0.449443413729128 0.02870563674321503 0.030612244897959183