3 0.09928571428571428 0.48286802030456855 0.02 0.03934010152284264
3 0.03 0.28426395939086296 0.017142857142857144 0.027918781725888325
3 0.2557142857142857 0.46256345177664976 0.02142857142857143 0.031725888324873094
3 0.046785714285714285 0.07550761421319797 0.009285714285714286 0.013959390862944163
3 0.10214285714285715 0.07106598984771574 0.01 0.012690355329949238
3 0.105 0.08946700507614214 0.008571428571428572 0.013959390862944163
3 0.11535714285714285 0.08756345177664974 0.012142857142857143 0.012690355329949238
4 0.09357142857142857 0.08819796954314721 0.01 0.01903553299492386
5 0.10678571428571429 0.10786802030456853 0.02642857142857143 0.02284263959390863
3 0.09071428571428572 0.07296954314720812 0.008571428571428572 0.011421319796954314
3 0.12035714285714286 0.07423857868020305 0.016428571428571428 0.013959390862944163
3 0.1925 0.05901015228426396 0.015 0.011421319796954314
4 0.20892857142857144 0.05203045685279188 0.012142857142857143 0.01015228426395939
3 0.21642857142857144 0.056472081218274114 0.015714285714285715 0.011421319796954314
3 0.1792857142857143 0.07296954314720812 0.012857142857142857 0.011421319796954314
3 0.1682142857142857 0.06345177664974619 0.010714285714285714 0.012690355329949238
3 0.14142857142857143 0.06852791878172589 0.015714285714285715 0.015228426395939087
4 0.25821428571428573 0.1751269035532995 0.019285714285714285 0.017766497461928935
4 0.25285714285714284 0.16878172588832488 0.015714285714285715 0.017766497461928935
3 0.24571428571428572 0.16434010152284265 0.015714285714285715 0.01903553299492386
3 0.24 0.15736040609137056 0.017142857142857144 0.017766497461928935
3 0.2317857142857143 0.14593908629441624 0.016428571428571428 0.017766497461928935
3 0.22428571428571428 0.14022842639593908 0.015714285714285715 0.01649746192893401
3 0.21928571428571428 0.13388324873096447 0.015714285714285715 0.013959390862944163
3 0.21642857142857144 0.1281725888324873 0.015714285714285715 0.017766497461928935
3 0.2739285714285714 0.19606598984771573 0.019285714285714285 0.01649746192893401
0 0.16142857142857142 0.023477157360406092 0.002857142857142857 0.011421319796954314
0 0.028214285714285713 0.05139593908629442 0.0035714285714285713 0.011421319796954314
0 0.04357142857142857 0.06091370558375635 0.002857142857142857 0.012690355329949238
0 0.07178571428571429 0.11548223350253807 0.0035714285714285713 0.015228426395939087
0 0.35 0.1998730964467005 0.002857142857142857 0.013959390862944163
0 0.3464285714285714 0.2017766497461929 0.002857142857142857 0.012690355329949238
0 0.4157142857142857 0.2880710659898477 0.002857142857142857 0.015228426395939087
0 0.4110714285714286 0.2817258883248731 0.0035714285714285713 0.017766497461928935
0 0.4157142857142857 0.28109137055837563 0.002857142857142857 0.013959390862944163
0 0.42607142857142855 0.27093908629441626 0.0035714285714285713 0.013959390862944163
3 0.31535714285714284 0.20621827411167512 0.016428571428571428 0.01649746192893401
3 0.3217857142857143 0.21446700507614214 0.016428571428571428 0.015228426395939087
5 0.3375 0.2201776649746193 0.029285714285714286 0.0266497461928934
3 0.3464285714285714 0.2430203045685279 0.02142857142857143 0.01649746192893401
3 0.35428571428571426 0.2506345177664975 0.02142857142857143 0.01649746192893401
3 0.36642857142857144 0.26713197969543145 0.018571428571428572 0.01649746192893401
3 0.30642857142857144 0.233502538071066 0.02142857142857143 0.017766497461928935
3 0.31214285714285717 0.23921319796954316 0.02142857142857143 0.01649746192893401
3 0.32142857142857145 0.2506345177664975 0.022857142857142857 0.01903553299492386
3 0.33035714285714285 0.2639593908629442 0.020714285714285713 0.017766497461928935
3 0.33964285714285714 0.2753807106598985 0.019285714285714285 0.02030456852791878
3 0.3475 0.282994923857868 0.020714285714285713 0.02030456852791878
3 0.35535714285714287 0.2906091370558376 0.02214285714285714 0.02030456852791878
3 0.35964285714285715 0.29441624365482233 0.02214285714285714 0.02030456852791878
3 0.3732142857142857 0.3102791878172589 0.023571428571428573 0.01903553299492386
3 0.38321428571428573 0.32614213197969544 0.02214285714285714 0.02030456852791878
3 0.39107142857142857 0.33375634517766495 0.020714285714285713 0.02030456852791878
3 0.40035714285714286 0.342005076142132 0.019285714285714285 0.01903553299492386
3 0.4064285714285714 0.35088832487309646 0.02142857142857143 0.024111675126903553
3 0.415 0.35850253807106597 0.02142857142857143 0.024111675126903553
3 0.42178571428571426 0.3699238578680203 0.023571428571428573 0.0266497461928934
3 0.42928571428571427 0.3800761421319797 0.024285714285714285 0.02918781725888325
3 0.43607142857142855 0.3864213197969543 0.02214285714285714 0.024111675126903553
3 0.4546428571428571 0.39911167512690354 0.02642857142857143 0.031725888324873094
3 0.4707142857142857 0.4219543147208122 0.024285714285714285 0.024111675126903553
3 0.4607142857142857 0.4130710659898477 0.027142857142857142 0.024111675126903553
3 0.47928571428571426 0.43083756345177665 0.024285714285714285 0.024111675126903553
3 0.48678571428571427 0.44225888324873097 0.020714285714285713 0.024111675126903553
3 0.505 0.46383248730964466 0.024285714285714285 0.02918781725888325
3 0.5160714285714286 0.47652284263959394 0.023571428571428573 0.02918781725888325
3 0.5253571428571429 0.4873096446700508 0.023571428571428573 0.027918781725888325
3 0.5471428571428572 0.5145939086294417 0.024285714285714285 0.0266497461928934
3 0.48714285714285716 0.3965736040609137 0.027142857142857142 0.024111675126903553
3 0.5114285714285715 0.4219543147208122 0.024285714285714285 0.024111675126903553
3 0.5246428571428572 0.43718274111675126 0.02642857142857143 0.0266497461928934
3 0.5346428571428572 0.4479695431472081 0.023571428571428573 0.027918781725888325
4 0.5685714285714286 0.47588832487309646 0.022857142857142857 0.027918781725888325
3 0.5878571428571429 0.4987309644670051 0.027142857142857142 0.030456852791878174
3 0.5989285714285715 0.5133248730964467 0.02642857142857143 0.0266497461928934
3 0.6167857142857143 0.5304568527918782 0.03214285714285714 0.030456852791878174
3 0.6457142857142857 0.5628172588832487 0.027142857142857142 0.031725888324873094
3 0.6639285714285714 0.5818527918781726 0.02642857142857143 0.031725888324873094
3 0.6917857142857143 0.6154822335025381 0.029285714285714286 0.03299492385786802
3 0.7164285714285714 0.6548223350253807 0.03142857142857143 0.03553299492385787
3 0.7296428571428571 0.6694162436548223 0.027857142857142858 0.031725888324873094
3 0.7542857142857143 0.6833756345177665 0.03142857142857143 0.03680203045685279
3 0.7717857142857143 0.7144670050761421 0.029285714285714286 0.03807106598984772
3 0.7907142857142857 0.7373096446700508 0.03 0.03807106598984772
3 0.8414285714285714 0.7899746192893401 0.02857142857142857 0.044416243654822336
3 0.8882142857142857 0.7227157360406091 0.04071428571428572 0.046954314720812185
3 0.8978571428571429 0.6998730964467005 0.041428571428571426 0.05203045685279188
3 0.9067857142857143 0.6770304568527918 0.039285714285714285 0.046954314720812185
3 0.9207142857142857 0.6687817258883249 0.03857142857142857 0.048223350253807105
3 0.9442857142857143 0.6554568527918782 0.04 0.04949238578680203
3 0.9628571428571429 0.6440355329949239 0.03857142857142857 0.05456852791878172
3 0.9575 0.7024111675126904 0.025 0.04187817258883249
3 0.9857142857142858 0.8001269035532995 0.02857142857142857 0.05456852791878172
0 0.8710714285714286 0.6230964467005076 0.0064285714285714285 0.02284263959390863
0 0.8707142857142857 0.6135786802030457 0.005714285714285714 0.021573604060913704
0 0.9789285714285715 0.7677664974619289 0.009285714285714286 0.025380710659898477
9 0.8282142857142857 0.618020304568528 0.012142857142857143 0.02284263959390863
9 0.7314285714285714 0.5691624365482234 0.008571428571428572 0.01649746192893401
9 0.6767857142857143 0.5380710659898477 0.009285714285714286 0.017766497461928935
0 0.6664285714285715 0.5387055837563451 0.005714285714285714 0.01903553299492386
0 0.6685714285714286 0.5425126903553299 0.004285714285714286 0.01649746192893401
3 0.5707142857142857 0.41814720812182743 0.022857142857142857 0.024111675126903553
3 0.55 0.39847715736040606 0.02142857142857143 0.025380710659898477
4 0.4407142857142857 0.29314720812182743 0.015714285714285715 0.02284263959390863
4 0.4425 0.3426395939086294 0.025 0.027918781725888325
4 0.41785714285714287 0.3153553299492386 0.02142857142857143 0.024111675126903553
3 0.4010714285714286 0.2982233502538071 0.020714285714285713 0.02030456852791878
6 0.40214285714285714 0.2772842639593909 0.012857142857142857 0.013959390862944163
1 0.25142857142857145 0.4885786802030457 0.005714285714285714 0.012690355329949238
9 0.2517857142857143 0.4930203045685279 0.007857142857142858 0.01649746192893401
5 0.27464285714285713 0.8991116751269036 0.04357142857142857 0.11294416243654823
1 0.17821428571428571 0.8527918781725888 0.009285714285714286 0.025380710659898477
1 0.34785714285714286 0.6199238578680203 0.005714285714285714 0.01903553299492386
9 0.34785714285714286 0.6243654822335025 0.01 0.02030456852791878
9 0.17892857142857144 0.8604060913705583 0.009285714285714286 0.03299492385786802
5 0.5410714285714285 0.858502538071066 0.060714285714285714 0.0901015228426396
0 0.6032142857142857 0.8953045685279187 0.007857142857142858 0.02918781725888325
0 0.43214285714285716 0.7093908629441624 0.008571428571428572 0.030456852791878174
0 0.4282142857142857 0.7246192893401016 0.007857142857142858 0.027918781725888325
2 0.42142857142857143 0.7100253807106599 0.01 0.021573604060913704
7 0.8882142857142857 0.8286802030456852 0.03642857142857143 0.06598984771573604