1 0.21535714285714286 0.18527918781725888 0.007857142857142858 0.012690355329949238
1 0.21785714285714286 0.17703045685279187 0.007142857142857143 0.01649746192893401
0 0.20035714285714284 0.18781725888324874 0.0064285714285714285 0.02284263959390863
0 0.30392857142857144 0.31789340101522845 0.009285714285714286 0.03426395939086294
0 0.26535714285714285 0.49428934010152287 0.009285714285714286 0.031725888324873094
0 0.27035714285714285 0.550761421319797 0.007857142857142858 0.03299492385786802
0 0.26571428571428574 0.809010152284264 0.012857142857142857 0.03680203045685279
0 0.7782142857142857 0.9079949238578681 0.010714285714285714 0.02918781725888325
0 0.7571428571428571 0.8458121827411168 0.012857142857142857 0.046954314720812185
8 0.6614285714285715 0.7220812182741116 0.10571428571428572 0.3629441624365482
8 0.6053571428571428 0.3953045685279188 0.045 0.12055837563451777
0 0.6557142857142857 0.4289340101522843 0.007142857142857143 0.02284263959390863
0 0.6625 0.42449238578680204 0.009285714285714286 0.031725888324873094
0 0.6228571428571429 0.40545685279187815 0.007142857142857143 0.02918781725888325
0 0.6432142857142857 0.3020304568527919 0.007857142857142858 0.030456852791878174
0 0.6828571428571428 0.15736040609137056 0.007142857142857143 0.030456852791878174