3 0.7808823529411765 0.3183006535947712 0.01911764705882353 0.011764705882352941
3 0.7856617647058823 0.3235294117647059 0.022794117647058822 0.01437908496732026
3 0.7702205882352942 0.330718954248366 0.022794117647058822 0.02091503267973856
5 0.8272058823529411 0.32941176470588235 0.013235294117647059 0.026143790849673203
3 0.8341911764705883 0.3254901960784314 0.009558823529411765 0.01568627450980392
4 0.8636029411764706 0.3241830065359477 0.019852941176470587 0.01568627450980392
5 0.8481617647058823 0.3352941176470588 0.016911764705882352 0.032679738562091505
0 0.8551470588235294 0.3405228758169935 0.004411764705882353 0.01699346405228758
4 0.8485294117647059 0.36209150326797385 0.016176470588235296 0.02875816993464052
3 0.8841911764705882 0.34705882352941175 0.02426470588235294 0.01699346405228758
0 0.9040441176470588 0.3633986928104575 0.005147058823529412 0.018300653594771243
5 0.8216911764705882 0.36209150326797385 0.019852941176470587 0.036601307189542485
5 0.8125 0.3509803921568627 0.03235294117647059 0.03790849673202614
5 0.7996323529411765 0.3660130718954248 0.016911764705882352 0.03398692810457516
5 0.7908088235294117 0.37973856209150325 0.019852941176470587 0.03529411764705882
3 0.7816176470588235 0.3627450980392157 0.016176470588235296 0.022222222222222223
3 0.7665441176470589 0.3568627450980392 0.013970588235294118 0.018300653594771243
5 0.7485294117647059 0.3718954248366013 0.020588235294117647 0.03529411764705882
5 0.7746323529411765 0.4143790849673203 0.027205882352941177 0.044444444444444446
0 0.7941176470588235 0.42549019607843136 0.007352941176470588 0.027450980392156862
3 0.830514705882353 0.39215686274509803 0.025735294117647058 0.02091503267973856
3 0.8279411764705882 0.4065359477124183 0.03823529411764706 0.023529411764705882
3 0.8268382352941176 0.42026143790849674 0.0375 0.02483660130718954
3 0.8051470588235294 0.4562091503267974 0.023529411764705882 0.03137254901960784
3 0.7393382352941177 0.47581699346405226 0.02426470588235294 0.0392156862745098
3 0.7345588235294118 0.3915032679738562 0.016176470588235296 0.02483660130718954
5 0.7231617647058823 0.3993464052287582 0.025735294117647058 0.043137254901960784
5 0.6823529411764706 0.4326797385620915 0.05588235294117647 0.08366013071895424
5 0.5323529411764706 0.5424836601307189 0.075 0.0784313725490196
5 0.5341911764705882 0.5647058823529412 0.08602941176470588 0.0784313725490196
5 0.02389705882352941 0.3686274509803922 0.03308823529411765 0.04183006535947712
5 0.07058823529411765 0.3836601307189543 0.041176470588235294 0.048366013071895426
5 0.04963235294117647 0.40065359477124185 0.05220588235294118 0.048366013071895426
0 0.14522058823529413 0.3627450980392157 0.003676470588235294 0.01699346405228758
5 0.16433823529411765 0.39869281045751637 0.05367647058823529 0.04183006535947712
0 0.43051470588235297 0.8222222222222222 0.016911764705882352 0.07581699346405228
3 0.4102941176470588 0.7392156862745098 0.075 0.10588235294117647
9 0.2988970588235294 0.8503267973856209 0.03897058823529412 0.043137254901960784
0 0.3014705882352941 0.8915032679738563 0.016176470588235296 0.08104575163398693
3 0.24926470588235294 0.9215686274509803 0.10735294117647058 0.13856209150326798
9 0.49117647058823527 0.9522875816993464 0.0661764705882353 0.07450980392156863
0 0.5125 0.9575163398692811 0.022058823529411766 0.08496732026143791
9 0.9 0.6 0.010294117647058823 0.047058823529411764
6 0.9011029411764706 0.592156862745098 0.022794117647058822 0.03398692810457516
6 0.9007352941176471 0.534640522875817 0.041176470588235294 0.03398692810457516
1 0.8977941176470589 0.5235294117647059 0.011764705882352941 0.022222222222222223
1 0.9088235294117647 0.526797385620915 0.011764705882352941 0.026143790849673203