3 0.043319415448851775 0.4137291280148423 0.020876826722338204 0.04081632653061224
3 0.06576200417536535 0.08209647495361781 0.009394572025052192 0.017625231910946195
3 0.05454070981210856 0.04313543599257885 0.008872651356993737 0.012059369202226345
3 0.06550104384133612 0.01855287569573284 0.006784968684759917 0.011131725417439703
3 0.057150313152400836 0.006957328385899814 0.005741127348643006 0.01020408163265306
3 0.34342379958246344 0.2592764378478664 0.022964509394572025 0.02504638218923933
3 0.5065240083507306 0.40538033395176254 0.031837160751565764 0.022263450834879406
3 0.5112212943632568 0.42115027829313545 0.029749478079331943 0.025974025974025976
3 0.5271398747390397 0.49257884972170685 0.03444676409185804 0.029684601113172542
5 0.4047494780793319 0.2212430426716141 0.043319415448851775 0.03432282003710575
9 0.48329853862212946 0.212430426716141 0.009394572025052192 0.0074211502782931356
3 0.10334029227557412 0.012523191094619666 0.009394572025052192 0.01020408163265306
1 0.15918580375782881 0.2212430426716141 0.0041753653444676405 0.013914656771799629
1 0.18528183716075156 0.24397031539888683 0.005219206680584551 0.012987012987012988
1 0.15683716075156576 0.14981447124304267 0.0036534446764091857 0.01020408163265306
0 0.1440501043841336 0.0862708719851577 0.003131524008350731 0.012987012987012988
9 0.1573590814196242 0.1553803339517625 0.004697286012526096 0.01020408163265306
9 0.15944676409185804 0.2305194805194805 0.004697286012526096 0.012059369202226345
9 0.1865866388308977 0.2527829313543599 0.004697286012526096 0.01020408163265306
1 0.21033402922755742 0.31586270871985156 0.0041753653444676405 0.017625231910946195
1 0.21946764091858037 0.38311688311688313 0.004697286012526096 0.014842300556586271
9 0.2111169102296451 0.323747680890538 0.005741127348643006 0.012987012987012988
9 0.2197286012526096 0.39239332096474955 0.005219206680584551 0.012987012987012988
1 0.34342379958246344 0.7727272727272727 0.010438413361169102 0.02040816326530612
9 0.34264091858037576 0.7838589981447124 0.009916492693110648 0.03153988868274583
0 0.017484342379958245 0.07606679035250463 0.0026096033402922755 0.00927643784786642
1 0.032359081419624215 0.05519480519480519 0.003131524008350731 0.008348794063079777
9 0.03262004175365345 0.061224489795918366 0.0026096033402922755 0.0074211502782931356