3 0.4345588235294118 0.9516339869281045 0.07058823529411765 0.09673202614379085
4 0.8176470588235294 0.8477124183006536 0.08823529411764706 0.17647058823529413
3 0.7738970588235294 0.7398692810457517 0.07279411764705883 0.09673202614379085
9 0.8033088235294118 0.6568627450980392 0.03455882352941177 0.043137254901960784
3 0.7264705882352941 0.6450980392156863 0.075 0.08235294117647059
3 0.7154411764705882 0.5718954248366013 0.075 0.07712418300653595
3 0.6886029411764706 0.46601307189542485 0.0713235294117647 0.050980392156862744
3 0.6654411764705882 0.3915032679738562 0.04411764705882353 0.043137254901960784
3 0.61875 0.3803921568627451 0.027205882352941177 0.03398692810457516
9 0.6051470588235294 0.396078431372549 0.007352941176470588 0.03137254901960784
1 0.6058823529411764 0.3908496732026144 0.0058823529411764705 0.02091503267973856
0 0.8606617647058824 0.561437908496732 0.009558823529411765 0.06666666666666667
1 0.8470588235294118 0.5562091503267974 0.008823529411764706 0.027450980392156862
0 0.8345588235294118 0.5601307189542484 0.010294117647058823 0.05620915032679739
0 0.8231617647058823 0.5542483660130719 0.008088235294117648 0.044444444444444446
0 0.8180147058823529 0.5496732026143791 0.006617647058823529 0.03790849673202614
0 0.7522058823529412 0.4594771241830065 0.011764705882352941 0.043137254901960784
0 0.75625 0.5143790849673202 0.011029411764705883 0.048366013071895426
0 0.7643382352941176 0.5013071895424837 0.008088235294117648 0.0457516339869281
0 0.7694852941176471 0.5104575163398692 0.008088235294117648 0.050980392156862744
0 0.7834558823529412 0.49084967320261436 0.008088235294117648 0.05359477124183006
0 0.7790441176470588 0.49607843137254903 0.006617647058823529 0.058823529411764705
0 0.7970588235294118 0.5006535947712418 0.010294117647058823 0.05751633986928104
1 0.8088235294117647 0.5104575163398692 0.011764705882352941 0.03790849673202614
1 0.8165441176470588 0.5241830065359477 0.008088235294117648 0.03398692810457516
1 0.8242647058823529 0.5313725490196078 0.007352941176470588 0.03529411764705882
2 0.6172794117647059 0.4477124183006536 0.008088235294117648 0.03790849673202614
1 0.6176470588235294 0.4411764705882353 0.007352941176470588 0.032679738562091505
9 0.6503676470588236 0.5372549019607843 0.011029411764705883 0.04183006535947712
1 0.6503676470588236 0.5274509803921569 0.011029411764705883 0.03790849673202614
3 0.5507352941176471 0.5313725490196078 0.033823529411764704 0.06143790849673202
6 0.5485294117647059 0.477124183006536 0.022058823529411766 0.0392156862745098
3 0.49117647058823527 0.5209150326797386 0.039705882352941174 0.058823529411764705
0 0.5900735294117647 0.330718954248366 0.005147058823529412 0.03137254901960784
3 0.6040441176470588 0.3464052287581699 0.01838235294117647 0.02875816993464052
0 0.6801470588235294 0.26143790849673204 0.004411764705882353 0.023529411764705882
3 0.6055147058823529 0.1738562091503268 0.0125 0.013071895424836602
3 0.6165441176470589 0.1758169934640523 0.011029411764705883 0.009150326797385621
3 0.5933823529411765 0.17124183006535948 0.014705882352941176 0.013071895424836602
3 0.56875 0.257516339869281 0.013970588235294118 0.02091503267973856
3 0.5860294117647059 0.2751633986928105 0.029411764705882353 0.02483660130718954
3 0.5878676470588236 0.307843137254902 0.021323529411764706 0.02483660130718954
3 0.48455882352941176 0.15359477124183007 0.007352941176470588 0.009150326797385621
3 0.5022058823529412 0.2130718954248366 0.010294117647058823 0.01568627450980392
3 0.5007352941176471 0.20392156862745098 0.010294117647058823 0.01568627450980392
3 0.48198529411764707 0.24640522875816995 0.0125 0.0196078431372549
3 0.48198529411764707 0.23594771241830065 0.0125 0.01699346405228758
3 0.4783088235294118 0.23137254901960785 0.009558823529411765 0.01568627450980392
3 0.4827205882352941 0.21830065359477124 0.0125 0.018300653594771243
3 0.48308823529411765 0.2084967320261438 0.011764705882352941 0.01699346405228758
3 0.48051470588235295 0.20326797385620915 0.011029411764705883 0.0196078431372549
3 0.45698529411764705 0.1934640522875817 0.013970588235294118 0.013071895424836602
3 0.4514705882352941 0.238562091503268 0.013235294117647059 0.0196078431372549
3 0.44227941176470587 0.2973856209150327 0.016911764705882352 0.030065359477124184
3 0.4988970588235294 0.33986928104575165 0.019852941176470587 0.02875816993464052
0 0.41654411764705884 0.38300653594771245 0.008088235294117648 0.03398692810457516
4 0.3790441176470588 0.4849673202614379 0.03308823529411765 0.0784313725490196
3 0.3639705882352941 0.36470588235294116 0.026470588235294117 0.044444444444444446
3 0.30330882352941174 0.49607843137254903 0.05661764705882353 0.06666666666666667
6 0.09080882352941176 0.7679738562091504 0.04632352941176471 0.08758169934640522
9 0.034926470588235295 0.6666666666666666 0.016911764705882352 0.047058823529411764
0 0.07573529411764705 0.6352941176470588 0.01911764705882353 0.05751633986928104
3 0.03419117647058824 0.5424836601307189 0.06838235294117648 0.05751633986928104
3 0.12169117647058823 0.5718954248366013 0.06102941176470588 0.07973856209150326
0 0.07904411764705882 0.44575163398692813 0.015441176470588236 0.047058823529411764
9 0.09375 0.4830065359477124 0.027205882352941177 0.032679738562091505
0 0.09485294117647058 0.44313725490196076 0.008823529411764706 0.04183006535947712
9 0.09411764705882353 0.4503267973856209 0.022058823529411766 0.030065359477124184
2 0.09595588235294118 0.4470588235294118 0.021323529411764706 0.023529411764705882
9 0.12242647058823529 0.4895424836601307 0.015441176470588236 0.03529411764705882
9 0.12683823529411764 0.46601307189542485 0.021323529411764706 0.030065359477124184
3 0.1738970588235294 0.4673202614379085 0.04191176470588235 0.05620915032679739
6 0.20330882352941176 0.4594771241830065 0.028676470588235293 0.0457516339869281
9 0.20845588235294119 0.37973856209150325 0.022794117647058822 0.0196078431372549
3 0.22463235294117648 0.43071895424836604 0.03897058823529412 0.05359477124183006
6 0.24338235294117647 0.3712418300653595 0.013235294117647059 0.02875816993464052
3 0.24705882352941178 0.39869281045751637 0.029411764705882353 0.044444444444444446
3 0.27389705882352944 0.3627450980392157 0.030147058823529412 0.032679738562091505
3 0.29007352941176473 0.33986928104575165 0.02426470588235294 0.03398692810457516
3 0.24816176470588236 0.33464052287581697 0.04485294117647059 0.03137254901960784
3 0.2746323529411765 0.3254901960784314 0.028676470588235293 0.02875816993464052
3 0.27058823529411763 0.3032679738562091 0.041176470588235294 0.02875816993464052
3 0.3073529411764706 0.30196078431372547 0.03676470588235294 0.02875816993464052
3 0.3154411764705882 0.2875816993464052 0.039705882352941174 0.023529411764705882
0 0.29448529411764707 0.2725490196078431 0.005147058823529412 0.027450980392156862
0 0.28860294117647056 0.27450980392156865 0.006617647058823529 0.02875816993464052
3 0.4235294117647059 0.22745098039215686 0.013235294117647059 0.023529411764705882
8 0.425 0.2065359477124183 0.022058823529411766 0.036601307189542485
3 0.4375 0.20915032679738563 0.013235294117647059 0.02091503267973856
9 0.43933823529411764 0.20130718954248367 0.009558823529411765 0.01045751633986928
1 0.4389705882352941 0.19869281045751633 0.004411764705882353 0.013071895424836602