3 0.2307142857142857 0.031725888324873094 0.02 0.02030456852791878
3 0.2275 0.021573604060913704 0.017857142857142856 0.02030456852791878
3 0.22428571428571428 0.014593908629441625 0.017142857142857144 0.01649746192893401
3 0.22392857142857142 0.008248730964467006 0.020714285714285713 0.01649746192893401
3 0.24035714285714285 0.26078680203045684 0.012142857142857143 0.02918781725888325
3 0.2342857142857143 0.23730964467005075 0.012857142857142857 0.025380710659898477
3 0.22107142857142856 0.2436548223350254 0.012142857142857143 0.027918781725888325
3 0.2175 0.2779187817258883 0.013571428571428571 0.027918781725888325
3 0.205 0.2836294416243655 0.012857142857142857 0.03680203045685279
3 0.19321428571428573 0.2899746192893401 0.012142857142857143 0.031725888324873094
3 0.18035714285714285 0.2950507614213198 0.013571428571428571 0.031725888324873094
3 0.18714285714285714 0.2620558375634518 0.011428571428571429 0.02918781725888325
3 0.1767857142857143 0.21256345177664976 0.010714285714285714 0.0266497461928934
3 0.13071428571428573 0.32423857868020306 0.011428571428571429 0.03426395939086294
3 0.11821428571428572 0.33185279187817257 0.010714285714285714 0.02918781725888325
3 0.25535714285714284 0.25444162436548223 0.015 0.03426395939086294
8 0.24285714285714285 0.12944162436548223 0.018571428571428572 0.04568527918781726
4 0.21035714285714285 0.24873096446700507 0.013571428571428571 0.03299492385786802
3 0.2 0.2569796954314721 0.011428571428571429 0.02918781725888325
4 0.14392857142857143 0.315989847715736 0.013571428571428571 0.03807106598984772
4 0.10321428571428572 0.30710659898477155 0.012142857142857143 0.03299492385786802
3 0.06857142857142857 0.36548223350253806 0.014285714285714285 0.030456852791878174
4 0.04857142857142857 0.35152284263959394 0.017142857142857144 0.0532994923857868
4 0.020714285714285713 0.3597715736040609 0.011428571428571429 0.0266497461928934
4 0.03428571428571429 0.3489847715736041 0.011428571428571429 0.027918781725888325
3 0.011785714285714287 0.3946700507614213 0.016428571428571428 0.04060913705583756
3 0.024285714285714285 0.38388324873096447 0.012857142857142857 0.03426395939086294
3 0.03857142857142857 0.38261421319796957 0.014285714285714285 0.03426395939086294
3 0.09321428571428571 0.34581218274111675 0.012142857142857143 0.03426395939086294
3 0.10571428571428572 0.3369289340101523 0.014285714285714285 0.03680203045685279
3 0.21642857142857144 0.5209390862944162 0.032857142857142856 0.031725888324873094
5 0.3357142857142857 0.506979695431472 0.06285714285714286 0.05456852791878172
3 0.38821428571428573 0.23096446700507614 0.02642857142857143 0.025380710659898477
4 0.5453571428571429 0.9498730964467005 0.027857142857142858 0.06218274111675127
3 0.49892857142857144 0.567258883248731 0.030714285714285715 0.025380710659898477
5 0.4967857142857143 0.1884517766497462 0.05071428571428571 0.044416243654822336
0 0.5564285714285714 0.09708121827411167 0.004285714285714286 0.013959390862944163
0 0.5421428571428571 0.07931472081218274 0.004285714285714286 0.011421319796954314
0 0.545 0.06916243654822335 0.002857142857142857 0.011421319796954314
0 0.49785714285714283 0.03236040609137056 0.002857142857142857 0.011421319796954314
0 0.5082142857142857 0.014593908629441625 0.0035714285714285713 0.013959390862944163
0 0.5228571428571429 0.01649746192893401 0.002857142857142857 0.015228426395939087
0 0.49857142857142855 0.015228426395939087 0.002857142857142857 0.012690355329949238
0 0.4928571428571429 0.01967005076142132 0.0014285714285714286 0.011421319796954314
0 0.495 0.014593908629441625 0.002857142857142857 0.011421319796954314
3 0.66 0.4612944162436548 0.025714285714285714 0.024111675126903553
3 0.8578571428571429 0.549492385786802 0.027142857142857142 0.02284263959390863
5 0.7692857142857142 0.125 0.07857142857142857 0.06725888324873096
3 0.7796428571428572 0.15545685279187818 0.027857142857142858 0.024111675126903553
4 0.8635714285714285 0.15736040609137056 0.027142857142857142 0.02284263959390863
3 0.9892857142857143 0.2036802030456853 0.02142857142857143 0.021573604060913704
8 0.9703571428571428 0.15862944162436549 0.05928571428571429 0.04060913705583756