3 0.477035490605428 0.05287569573283859 0.010438413361169102 0.011131725417439703
3 0.4386743215031315 0.07467532467532467 0.008872651356993737 0.012059369202226345
0 0.44154488517745305 0.08209647495361781 0.003131524008350731 0.008348794063079777
3 0.4232776617954071 0.07421150278293136 0.009394572025052192 0.00927643784786642
3 0.407098121085595 0.07142857142857142 0.006263048016701462 0.011131725417439703
3 0.4099686847599165 0.08487940630797773 0.015135699373695199 0.01020408163265306
3 0.3846555323590814 0.10250463821892393 0.010438413361169102 0.01020408163265306
5 0.40501043841336115 0.12105751391465677 0.012526096033402923 0.021335807050092765
4 0.3945720250521921 0.12244897959183673 0.007306889352818371 0.016697588126159554
3 0.3859603340292276 0.12337662337662338 0.008872651356993737 0.014842300556586271
3 0.37656576200417535 0.12198515769944342 0.009916492693110648 0.015769944341372914
3 0.38204592901878914 0.11317254174397032 0.006263048016701462 0.011131725417439703
3 0.37656576200417535 0.14981447124304267 0.013048016701461378 0.015769944341372914
3 0.3781315240083507 0.1702226345083488 0.013048016701461378 0.021335807050092765
3 0.3562108559498956 0.1767161410018553 0.012004175365344467 0.015769944341372914
3 0.3455114822546973 0.17393320964749537 0.011482254697286013 0.017625231910946195
3 0.3522964509394572 0.16326530612244897 0.012526096033402923 0.011131725417439703
6 0.3494258872651357 0.19851576994434136 0.013048016701461378 0.02040816326530612
3 0.44676409185803756 0.1377551020408163 0.007306889352818371 0.015769944341372914
3 0.2685281837160752 0.26855287569573283 0.024530271398747392 0.021335807050092765
9 0.1599686847599165 0.2922077922077922 0.004697286012526096 0.012987012987012988
2 0.12395615866388308 0.2880333951762523 0.005741127348643006 0.013914656771799629
3 0.12265135699373696 0.38821892393320967 0.026096033402922755 0.032467532467532464
3 0.13622129436325678 0.33812615955473097 0.026096033402922755 0.0287569573283859
3 0.13413361169102297 0.3163265306122449 0.026096033402922755 0.022263450834879406
0 0.6839770354906054 0.7898886827458256 0.005741127348643006 0.0287569573283859
5 0.43241127348643005 0.7657699443413729 0.03392484342379958 0.14935064935064934
3 0.4339770354906054 0.6567717996289425 0.031837160751565764 0.029684601113172542
3 0.4329331941544885 0.6266233766233766 0.02244258872651357 0.02504638218923933
3 0.4331941544885177 0.5589053803339518 0.025052192066805846 0.026901669758812616
3 0.4352818371607516 0.5371057513914657 0.028183716075156576 0.01855287569573284
3 0.43606471816283926 0.5208719851576994 0.024530271398747392 0.023191094619666047
3 0.4279749478079332 0.4935064935064935 0.022964509394572025 0.025974025974025976
3 0.5122651356993737 0.4777365491651206 0.016179540709812108 0.04267161410018553
3 0.5133089770354906 0.5278293135435993 0.02035490605427975 0.05009276437847866
3 0.5981210855949896 0.5269016697588126 0.020876826722338204 0.04452690166975881
3 0.5553235908141962 0.6799628942486086 0.021920668058455117 0.061224489795918366
3 0.6069937369519833 0.674860853432282 0.024008350730688934 0.0640074211502783
3 0.7074634655532359 0.6692949907235621 0.02870563674321503 0.05473098330241188
3 0.6401356993736952 0.5287569573283859 0.02348643006263048 0.05194805194805195
3 0.6646659707724426 0.5306122448979592 0.02348643006263048 0.05009276437847866
0 0.5216597077244259 0.6294063079777366 0.005741127348643006 0.026901669758812616
3 0.5122651356993737 0.2680890538033395 0.014091858037578288 0.01855287569573284
3 0.5709812108559499 0.30936920222634506 0.028183716075156576 0.021335807050092765
3 0.5900313152400835 0.33534322820037105 0.02661795407098121 0.023191094619666047
3 0.5634133611691023 0.34833024118738404 0.029749478079331943 0.02504638218923933
3 0.524008350730689 0.3807977736549165 0.013569937369519834 0.030612244897959183
3 0.5892484342379958 0.39007421150278293 0.014613778705636743 0.030612244897959183
3 0.6075156576200418 0.3937847866419295 0.014613778705636743 0.03432282003710575
3 0.6236951983298539 0.39471243042671617 0.012526096033402923 0.032467532467532464
9 0.5133089770354906 0.29916512059369205 0.0036534446764091857 0.01020408163265306
0 0.5133089770354906 0.29267161410018555 0.0026096033402922755 0.01020408163265306
9 0.5540187891440501 0.24953617810760667 0.004697286012526096 0.00927643784786642
0 0.5537578288100209 0.24443413729128013 0.0020876826722338203 0.008348794063079777
9 0.5639352818371608 0.20408163265306123 0.0015657620041753654 0.0055658627087198514
0 0.56419624217119 0.19666048237476808 0.003131524008350731 0.0074211502782931356
3 0.6049060542797495 0.013450834879406308 0.012526096033402923 0.008348794063079777
3 0.6372651356993737 0.05380333951762523 0.012526096033402923 0.00927643784786642
3 0.6356993736951984 0.04777365491651206 0.010438413361169102 0.008348794063079777
3 0.6359603340292276 0.04220779220779221 0.007828810020876827 0.008348794063079777
3 0.6701461377870563 0.06957328385899815 0.017745302713987474 0.00927643784786642
3 0.7184237995824635 0.07931354359925788 0.007828810020876827 0.006493506493506494
4 0.7633089770354906 0.5797773654916512 0.016179540709812108 0.04267161410018553
6 0.7755741127348643 0.5867346938775511 0.007306889352818371 0.01948051948051948
3 0.555062630480167 0.1725417439703154 0.012004175365344467 0.022263450834879406