4 0.3075 0.20666666666666667 0.11 0.088
4 0.4045 0.077 0.079 0.07533333333333334
4 0.4085 0.038 0.083 0.058666666666666666
4 0.346 0.029 0.067 0.056666666666666664
4 0.5845 0.08466666666666667 0.094 0.07333333333333333
4 0.56975 0.14233333333333334 0.0875 0.08333333333333333
4 0.535 0.17833333333333334 0.105 0.07533333333333334
4 0.521 0.21133333333333335 0.146 0.064
4 0.195 0.3016666666666667 0.102 0.05533333333333333
4 0.25275 0.3443333333333333 0.0825 0.043333333333333335
4 0.3085 0.37966666666666665 0.081 0.058
4 0.672 0.133 0.056 0.08466666666666667
3 0.158 0.896 0.243 0.208
9 0.6845 0.19566666666666666 0.044 0.04066666666666666
4 0.257 0.07833333333333334 0.049 0.04733333333333333
0 0.1965 0.742 0.053 0.06666666666666667
0 0.384 0.7553333333333333 0.03 0.068
0 0.38825 0.809 0.0325 0.05266666666666667
0 0.517 0.8486666666666667 0.027 0.068
0 0.5925 0.931 0.028 0.05266666666666667
0 0.558 0.7193333333333334 0.024 0.06533333333333333
0 0.4955 0.7166666666666667 0.034 0.06266666666666666
0 0.46725 0.7453333333333333 0.0175 0.034666666666666665
0 0.557 0.6273333333333333 0.022 0.068
0 0.54025 0.604 0.0175 0.07066666666666667
0 0.5195 0.5206666666666667 0.026 0.05466666666666667
0 0.5755 0.5366666666666666 0.026 0.06133333333333333
0 0.5535 0.497 0.023 0.062
0 0.58925 0.48233333333333334 0.0195 0.05533333333333333
0 0.583 0.43166666666666664 0.011 0.04066666666666666
0 0.60025 0.43033333333333335 0.0205 0.051333333333333335
0 0.5585 0.43033333333333335 0.021 0.06466666666666666
0 0.5585 0.39966666666666667 0.017 0.043333333333333335
0 0.57725 0.347 0.0105 0.051333333333333335
0 0.632 0.30733333333333335 0.02 0.06933333333333333
0 0.6175 0.25466666666666665 0.02 0.06133333333333333
0 0.63725 0.51 0.0155 0.06133333333333333
0 0.66075 0.45966666666666667 0.0145 0.054
0 0.48775 0.14566666666666667 0.0205 0.051333333333333335
0 0.15025 0.08033333333333334 0.0105 0.051333333333333335
0 0.1695 0.08866666666666667 0.02 0.034666666666666665
0 0.2205 0.07 0.014 0.04133333333333333
0 0.23025 0.074 0.0145 0.03866666666666667
0 0.23575 0.04 0.0165 0.042666666666666665
0 0.292 0.024 0.016 0.048
1 0.20575 0.094 0.0155 0.032
1 0.4825 0.547 0.025 0.06466666666666666
1 0.13075 0.7316666666666667 0.0615 0.062
9 0.12975 0.7403333333333333 0.0575 0.08466666666666667
9 0.4855 0.565 0.031 0.051333333333333335
9 0.595 0.3506666666666667 0.017 0.06133333333333333
9 0.39 0.145 0.025 0.04733333333333333
9 0.1075 0.12933333333333333 0.029 0.03333333333333333
0 0.508 0.017 0.011 0.034