0 0.44669117647058826 0.39019607843137255 0.027205882352941177 0.07712418300653595
4 0.20220588235294118 0.15947712418300652 0.06323529411764706 0.0915032679738562
0 0.022794117647058822 0.2673202614379085 0.022058823529411766 0.05359477124183006
0 0.008823529411764706 0.2633986928104575 0.016176470588235296 0.06666666666666667
3 0.23051470588235295 0.024183006535947713 0.06397058823529411 0.048366013071895426
3 0.08566176470588235 0.02287581699346405 0.06691176470588235 0.0457516339869281
1 0.3323529411764706 0.03594771241830065 0.013235294117647059 0.027450980392156862
0 0.3150735294117647 0.1934640522875817 0.0125 0.05228758169934641
9 0.33639705882352944 0.05032679738562092 0.019852941176470587 0.02483660130718954
1 0.32316176470588237 0.027450980392156862 0.011029411764705883 0.02875816993464052
9 0.32132352941176473 0.044444444444444446 0.01911764705882353 0.018300653594771243
0 0.2400735294117647 0.12483660130718954 0.0125 0.050980392156862744
0 0.23051470588235295 0.12549019607843137 0.009558823529411765 0.05228758169934641
1 0.9316176470588236 0.8235294117647058 0.03529411764705882 0.06797385620915032
1 0.8904411764705882 0.796078431372549 0.029411764705882353 0.06797385620915032
0 0.7915441176470588 0.6326797385620915 0.028676470588235293 0.06274509803921569
1 0.9889705882352942 0.761437908496732 0.022058823529411766 0.07973856209150326
1 0.7323529411764705 0.6947712418300653 0.01911764705882353 0.06405228758169934