3 0.41102941176470587 0.2679738562091503 0.01764705882352941 0.013071895424836602
3 0.42426470588235293 0.2607843137254902 0.014705882352941176 0.011764705882352941
3 0.42683823529411763 0.269281045751634 0.015441176470588236 0.01568627450980392
3 0.4297794117647059 0.2738562091503268 0.009558823529411765 0.011764705882352941
3 0.43566176470588236 0.26209150326797387 0.008088235294117648 0.011764705882352941
3 0.4441176470588235 0.2627450980392157 0.007352941176470588 0.013071895424836602
0 0.4389705882352941 0.2725490196078431 0.0029411764705882353 0.01437908496732026
0 0.4360294117647059 0.27320261437908494 0.0029411764705882353 0.013071895424836602
3 0.4294117647058823 0.27450980392156865 0.008823529411764706 0.01045751633986928
3 0.4238970588235294 0.28431372549019607 0.011029411764705883 0.01437908496732026
0 0.4183823529411765 0.2954248366013072 0.0029411764705882353 0.01568627450980392
0 0.41654411764705884 0.296078431372549 0.0022058823529411764 0.01437908496732026
0 0.40147058823529413 0.28431372549019607 0.0029411764705882353 0.01437908496732026
0 0.39889705882352944 0.28431372549019607 0.0022058823529411764 0.01437908496732026
0 0.39080882352941176 0.31176470588235294 0.003676470588235294 0.01699346405228758
8 0.45808823529411763 0.24444444444444444 0.011764705882352941 0.026143790849673203
3 0.4724264705882353 0.23006535947712417 0.005147058823529412 0.00784313725490196
3 0.47352941176470587 0.25163398692810457 0.0058823529411764705 0.011764705882352941
3 0.46286764705882355 0.2633986928104575 0.008088235294117648 0.011764705882352941
3 0.4496323529411765 0.27320261437908494 0.008088235294117648 0.01568627450980392
3 0.4452205882352941 0.2823529411764706 0.009558823529411765 0.013071895424836602
3 0.44485294117647056 0.29215686274509806 0.010294117647058823 0.01699346405228758
3 0.43713235294117647 0.3065359477124183 0.011029411764705883 0.01699346405228758
4 0.43786764705882353 0.31633986928104574 0.009558823529411765 0.02091503267973856
3 0.4338235294117647 0.3366013071895425 0.011764705882352941 0.0196078431372549
3 0.46544117647058825 0.26601307189542484 0.007352941176470588 0.011764705882352941
3 0.4661764705882353 0.2738562091503268 0.008823529411764706 0.011764705882352941
3 0.46286764705882355 0.27908496732026145 0.009558823529411765 0.011764705882352941
3 0.4625 0.2875816993464052 0.008823529411764706 0.013071895424836602
3 0.45845588235294116 0.30130718954248364 0.009558823529411765 0.01437908496732026
3 0.4566176470588235 0.3137254901960784 0.010294117647058823 0.01568627450980392
3 0.4536764705882353 0.3366013071895425 0.013235294117647059 0.0196078431372549
3 0.44338235294117645 0.36797385620915035 0.013235294117647059 0.02483660130718954
3 0.4764705882352941 0.32745098039215687 0.010294117647058823 0.0196078431372549
3 0.48161764705882354 0.24836601307189543 0.007352941176470588 0.013071895424836602
3 0.48051470588235295 0.26209150326797387 0.008088235294117648 0.01699346405228758
0 0.48933823529411763 0.25620915032679736 0.0022058823529411764 0.01045751633986928
3 0.518014705882353 0.2411764705882353 0.006617647058823529 0.009150326797385621
3 0.5290441176470588 0.23986928104575164 0.006617647058823529 0.009150326797385621
4 0.5422794117647058 0.23594771241830065 0.015441176470588236 0.011764705882352941
4 0.5433823529411764 0.238562091503268 0.011764705882352941 0.009150326797385621
3 0.5474264705882353 0.2869281045751634 0.008088235294117648 0.011764705882352941
8 0.5547794117647059 0.3045751633986928 0.01838235294117647 0.036601307189542485
3 0.5400735294117647 0.3058823529411765 0.011029411764705883 0.01568627450980392
3 0.5261029411764706 0.31437908496732025 0.011029411764705883 0.01437908496732026
4 0.5742647058823529 0.29150326797385623 0.01911764705882353 0.01568627450980392
0 0.5716911764705882 0.3065359477124183 0.0022058823529411764 0.01437908496732026
0 0.5680147058823529 0.3104575163398693 0.0022058823529411764 0.01437908496732026
0 0.5691176470588235 0.3084967320261438 0.0029411764705882353 0.01568627450980392
9 0.9341911764705882 0.6660130718954248 0.02426470588235294 0.030065359477124184
6 0.9150735294117647 0.64640522875817 0.03602941176470588 0.032679738562091505
3 0.7305147058823529 0.5901960784313726 0.05661764705882353 0.040522875816993466
0 0.7345588235294118 0.4830065359477124 0.008823529411764706 0.027450980392156862
9 0.8544117647058823 0.5751633986928104 0.025 0.023529411764705882
9 0.8452205882352941 0.5601307189542484 0.02426470588235294 0.02483660130718954
4 0.8183823529411764 0.5098039215686274 0.054411764705882354 0.04183006535947712
3 0.8018382352941177 0.49411764705882355 0.04485294117647059 0.02875816993464052
3 0.8066176470588236 0.48366013071895425 0.045588235294117645 0.03137254901960784
3 0.8014705882352942 0.47516339869281043 0.04411764705882353 0.032679738562091505
3 0.7658088235294118 0.4019607843137255 0.02426470588235294 0.02483660130718954
3 0.7393382352941177 0.40261437908496733 0.02426470588235294 0.026143790849673203
3 0.8430147058823529 0.3209150326797386 0.01838235294117647 0.01699346405228758
3 0.6316176470588235 0.3392156862745098 0.025 0.01699346405228758
3 0.6621323529411764 0.34901960784313724 0.027205882352941177 0.018300653594771243
3 0.6400735294117647 0.4320261437908497 0.022794117647058822 0.02483660130718954
0 0.6676470588235294 0.40522875816993464 0.0058823529411764705 0.026143790849673203
0 0.6724264705882353 0.4111111111111111 0.003676470588235294 0.01437908496732026
0 0.6764705882352942 0.4084967320261438 0.004411764705882353 0.022222222222222223
0 0.68125 0.41241830065359475 0.005147058823529412 0.0196078431372549
3 0.7036764705882353 0.4111111111111111 0.01911764705882353 0.022222222222222223
4 0.6941176470588235 0.43790849673202614 0.030882352941176472 0.05751633986928104
1 0.5400735294117647 0.33790849673202616 0.003676470588235294 0.01437908496732026
3 0.5136029411764705 0.34901960784313724 0.0125 0.018300653594771243
3 0.51875 0.37777777777777777 0.015441176470588236 0.02091503267973856
3 0.5338235294117647 0.3535947712418301 0.013235294117647059 0.0196078431372549
4 0.5477941176470589 0.3718954248366013 0.014705882352941176 0.027450980392156862
3 0.5665441176470588 0.41568627450980394 0.016911764705882352 0.023529411764705882
9 0.5981617647058823 0.4235294117647059 0.006617647058823529 0.01568627450980392
1 0.5985294117647059 0.42026143790849674 0.0058823529411764705 0.022222222222222223
9 0.6022058823529411 0.4143790849673203 0.004411764705882353 0.01568627450980392
1 0.6033088235294117 0.40980392156862744 0.005147058823529412 0.01699346405228758
3 0.5327205882352941 0.40784313725490196 0.015441176470588236 0.02875816993464052
3 0.5845588235294118 0.5104575163398692 0.022058823529411766 0.032679738562091505
6 0.48198529411764707 0.3915032679738562 0.013970588235294118 0.01699346405228758
1 0.4797794117647059 0.38496732026143793 0.005147058823529412 0.01699346405228758
3 0.48161764705882354 0.37254901960784315 0.023529411764705882 0.026143790849673203
3 0.49963235294117647 0.42549019607843136 0.016911764705882352 0.027450980392156862
3 0.5007352941176471 0.44836601307189544 0.01764705882352941 0.026143790849673203
3 0.5014705882352941 0.477124183006536 0.020588235294117647 0.03398692810457516
3 0.506985294117647 0.5071895424836601 0.022794117647058822 0.0392156862745098
3 0.5080882352941176 0.5450980392156862 0.023529411764705882 0.036601307189542485
5 0.5040441176470588 0.5830065359477125 0.03161764705882353 0.0784313725490196
3 0.5029411764705882 0.6666666666666666 0.027941176470588237 0.04967320261437908
4 0.3665441176470588 0.31633986928104574 0.0125 0.02091503267973856
4 0.35294117647058826 0.3104575163398693 0.016176470588235296 0.030065359477124184
3 0.33492647058823527 0.32222222222222224 0.015441176470588236 0.0196078431372549
9 0.4400735294117647 0.44575163398692813 0.005147058823529412 0.018300653594771243
1 0.4400735294117647 0.4398692810457516 0.005147058823529412 0.022222222222222223
3 0.4345588235294118 0.5339869281045752 0.022058823529411766 0.043137254901960784
3 0.3941176470588235 0.5928104575163399 0.027941176470588237 0.050980392156862744
3 0.36470588235294116 0.38758169934640524 0.029411764705882353 0.02483660130718954
7 0.36801470588235297 0.40326797385620916 0.0125 0.02483660130718954
3 0.37536764705882353 0.42483660130718953 0.021323529411764706 0.03137254901960784
1 0.39338235294117646 0.4117647058823529 0.0058823529411764705 0.02091503267973856
2 0.39301470588235293 0.41633986928104577 0.006617647058823529 0.01699346405228758
9 0.3830882352941177 0.477124183006536 0.0058823529411764705 0.02091503267973856
1 0.3834558823529412 0.4699346405228758 0.006617647058823529 0.022222222222222223
2 0.3386029411764706 0.545751633986928 0.005147058823529412 0.027450980392156862
1 0.33897058823529413 0.538562091503268 0.007352941176470588 0.026143790849673203
3 0.2959558823529412 0.5830065359477125 0.030147058823529412 0.04967320261437908
0 0.2963235294117647 0.6398692810457516 0.008823529411764706 0.0457516339869281
0 0.3044117647058823 0.6437908496732027 0.007352941176470588 0.027450980392156862
0 0.25441176470588234 0.6084967320261437 0.007352941176470588 0.03790849673202614
0 0.2672794117647059 0.6065359477124183 0.009558823529411765 0.036601307189542485
3 0.26066176470588237 0.6594771241830065 0.04191176470588235 0.06405228758169934
9 0.2426470588235294 0.8084967320261438 0.016176470588235296 0.043137254901960784
1 0.24154411764705883 0.792156862745098 0.0125 0.04183006535947712
3 0.21360294117647058 0.7666666666666667 0.05808823529411765 0.09281045751633987
0 0.13161764705882353 0.7549019607843137 0.013235294117647059 0.050980392156862744
5 0.05955882352941176 0.7633986928104575 0.07794117647058824 0.08366013071895424
3 0.09558823529411764 0.7209150326797386 0.0838235294117647 0.06143790849673202
3 0.08014705882352942 0.665359477124183 0.05 0.06013071895424837
3 0.13125 0.5797385620915033 0.04044117647058824 0.050980392156862744
3 0.020955882352941175 0.5660130718954248 0.04191176470588235 0.0392156862745098
9 0.04154411764705882 0.5 0.019852941176470587 0.01699346405228758
1 0.039338235294117646 0.48627450980392156 0.006617647058823529 0.018300653594771243
1 0.052941176470588235 0.492156862745098 0.008823529411764706 0.01699346405228758
9 0.07022058823529412 0.48823529411764705 0.013970588235294118 0.01437908496732026
6 0.07463235294117647 0.4803921568627451 0.027205882352941177 0.0196078431372549
9 0.11139705882352942 0.4366013071895425 0.01838235294117647 0.02091503267973856
9 0.1213235294117647 0.4176470588235294 0.013235294117647059 0.01699346405228758
3 0.1213235294117647 0.3941176470588235 0.029411764705882353 0.02483660130718954
3 0.17794117647058824 0.5431372549019607 0.05588235294117647 0.040522875816993466
3 0.19154411764705884 0.5215686274509804 0.05661764705882353 0.04183006535947712
3 0.18455882352941178 0.48823529411764705 0.051470588235294115 0.032679738562091505
0 0.23933823529411766 0.49019607843137253 0.006617647058823529 0.02091503267973856
3 0.22058823529411764 0.46601307189542485 0.047058823529411764 0.030065359477124184
3 0.3003676470588235 0.44575163398692813 0.03897058823529412 0.02875816993464052
3 0.3 0.43137254901960786 0.04264705882352941 0.03137254901960784
3 0.3084558823529412 0.42287581699346405 0.04191176470588235 0.030065359477124184
3 0.3136029411764706 0.4111111111111111 0.03455882352941177 0.027450980392156862
0 0.13566176470588234 0.4241830065359477 0.005147058823529412 0.027450980392156862
0 0.15 0.41568627450980394 0.0058823529411764705 0.026143790849673203
0 0.13713235294117648 0.4568627450980392 0.005147058823529412 0.027450980392156862
0 0.13970588235294118 0.45555555555555555 0.004411764705882353 0.027450980392156862
0 0.1448529411764706 0.4542483660130719 0.0058823529411764705 0.02483660130718954
0 0.15257352941176472 0.4503267973856209 0.006617647058823529 0.027450980392156862
3 0.16470588235294117 0.46013071895424834 0.04852941176470588 0.03137254901960784
3 0.20477941176470588 0.41633986928104577 0.0375 0.02483660130718954
1 0.19779411764705881 0.39738562091503266 0.004411764705882353 0.02091503267973856
3 0.22794117647058823 0.40522875816993464 0.03529411764705882 0.023529411764705882
1 0.2577205882352941 0.3941176470588235 0.008088235294117648 0.01437908496732026
3 0.2566176470588235 0.3718954248366013 0.033823529411764704 0.0196078431372549
3 0.2823529411764706 0.36209150326797385 0.03235294117647059 0.018300653594771243
3 0.28088235294117647 0.3483660130718954 0.030882352941176472 0.0196078431372549
4 0.2525735294117647 0.33398692810457514 0.03161764705882353 0.0196078431372549
3 0.23455882352941176 0.3241830065359477 0.014705882352941176 0.018300653594771243
0 0.23713235294117646 0.3058823529411765 0.003676470588235294 0.018300653594771243
3 0.2926470588235294 0.3261437908496732 0.020588235294117647 0.01699346405228758
3 0.29301470588235295 0.33790849673202616 0.030147058823529412 0.0196078431372549
0 0.3047794117647059 0.33986928104575165 0.003676470588235294 0.01568627450980392
6 0.3209558823529412 0.33202614379084966 0.016911764705882352 0.01568627450980392
1 0.32426470588235295 0.3287581699346405 0.004411764705882353 0.011764705882352941