3 0.3767857142857143 0.649746192893401 0.023571428571428573 0.06345177664974619
3 0.4139285714285714 0.2519035532994924 0.012142857142857143 0.03426395939086294
3 0.5017857142857143 0.11040609137055837 0.009285714285714286 0.030456852791878174
3 0.38 0.12119289340101523 0.012857142857142857 0.0266497461928934
3 0.4132142857142857 0.10152284263959391 0.012142857142857143 0.025380710659898477
3 0.5992857142857143 0.6211928934010152 0.03571428571428571 0.05203045685279188
3 0.5917857142857142 0.5158629441624365 0.03357142857142857 0.04187817258883249
3 0.5978571428571429 0.5907360406091371 0.041428571428571426 0.05456852791878172
3 0.8210714285714286 0.942258883248731 0.05071428571428571 0.031725888324873094
3 0.9403571428571429 0.9467005076142132 0.04928571428571429 0.03807106598984772
3 0.7092857142857143 0.7271573604060914 0.054285714285714284 0.03553299492385787
4 0.5978571428571429 0.5552030456852792 0.045714285714285714 0.05964467005076142
4 0.5907142857142857 0.4847715736040609 0.037142857142857144 0.0532994923857868
4 0.5242857142857142 0.40482233502538073 0.017142857142857144 0.06345177664974619
3 0.35035714285714287 0.9606598984771574 0.030714285714285715 0.07614213197969544
5 0.29642857142857143 0.9758883248730964 0.04 0.04568527918781726