0 0.6965031315240083 0.511595547309833 0.016179540709812108 0.05658627087198516
1 0.6782359081419624 0.6382189239332097 0.01826722338204593 0.04823747680890538
1 0.5600208768267223 0.6238404452690167 0.019832985386221295 0.05287569573283859
1 0.5542797494780793 0.5343228200371057 0.011482254697286013 0.04452690166975881
1 0.18345511482254698 0.5027829313543599 0.013048016701461378 0.03896103896103896
1 0.6184759916492694 0.2342300556586271 0.007306889352818371 0.01948051948051948
1 0.5889874739039666 0.19480519480519481 0.007828810020876827 0.01855287569573284
6 0.02661795407098121 0.10157699443413729 0.012526096033402923 0.026901669758812616
0 0.014874739039665972 0.18831168831168832 0.007828810020876827 0.03153988868274583
7 0.04514613778705637 0.25139146567717996 0.01722338204592902 0.04081632653061224
1 0.045668058455114825 0.2481447124304267 0.008872651356993737 0.01948051948051948
5 0.03444676409185804 0.35528756957328383 0.06680584551148225 0.12987012987012986
6 0.18710855949895616 0.5120593692022264 0.02139874739039666 0.04638218923933209
7 0.1837160751565762 0.5983302411873841 0.04279749478079332 0.08348794063079777
5 0.19258872651356992 0.7922077922077922 0.1826722338204593 0.4137291280148423
9 0.6782359081419624 0.647495361781076 0.01722338204592902 0.05380333951762523
9 0.5605427974947808 0.6349721706864564 0.014613778705636743 0.05658627087198516
9 0.5537578288100209 0.5459183673469388 0.012526096033402923 0.04916512059369202
1 0.5868997912317327 0.4318181818181818 0.014091858037578288 0.038033395176252316
6 0.5882045929018789 0.42346938775510207 0.020876826722338204 0.07884972170686456
7 0.5568893528183716 0.43413729128014844 0.019832985386221295 0.07421150278293136
9 0.6187369519832986 0.24211502782931354 0.008872651356993737 0.027829313543599257
9 0.589509394572025 0.20500927643784786 0.006784968684759917 0.02411873840445269
2 0.5842901878914405 0.16975881261595546 0.005741127348643006 0.02040816326530612
1 0.5842901878914405 0.16512059369202226 0.005741127348643006 0.02040816326530612
1 0.5848121085594989 0.1461038961038961 0.005741127348643006 0.015769944341372914
9 0.5848121085594989 0.14935064935064934 0.005741127348643006 0.016697588126159554
0 0.535490605427975 0.2504638218923933 0.010438413361169102 0.03896103896103896
1 0.596294363256785 0.1553803339517625 0.005741127348643006 0.017625231910946195
1 0.6119519832985386 0.14935064935064934 0.004697286012526096 0.016697588126159554
1 0.6195198329853863 0.12569573283858998 0.006263048016701462 0.017625231910946195
1 0.615866388308977 0.10575139146567718 0.0041753653444676405 0.016697588126159554
6 0.5965553235908142 0.16001855287569575 0.007306889352818371 0.021335807050092765
9 0.6122129436325678 0.15445269016697588 0.006263048016701462 0.017625231910946195
9 0.6195198329853863 0.1303339517625232 0.008350730688935281 0.015769944341372914
9 0.6156054279749478 0.10946196660482375 0.004697286012526096 0.016697588126159554
9 0.6098643006263048 0.08580705009276438 0.004697286012526096 0.012059369202226345
1 0.610125260960334 0.08024118738404452 0.0041753653444676405 0.013914656771799629
0 0.6257828810020877 0.10899814471243043 0.005219206680584551 0.013914656771799629
0 0.6811064718162839 0.1266233766233766 0.005219206680584551 0.021335807050092765
9 0.660490605427975 0.10528756957328386 0.008872651356993737 0.01020408163265306
4 0.6336116910229646 0.12059369202226346 0.025052192066805846 0.03339517625231911
5 0.5720250521920668 0.08812615955473098 0.017745302713987474 0.03153988868274583
4 0.5688935281837161 0.0728200371057514 0.010438413361169102 0.02504638218923933
7 0.6046450939457203 0.06818181818181818 0.007828810020876827 0.023191094619666047
1 0.6062108559498957 0.04777365491651206 0.005741127348643006 0.01020408163265306
6 0.6080375782881002 0.04777365491651206 0.009394572025052192 0.017625231910946195
6 0.5970772442588727 0.032467532467532464 0.008350730688935281 0.014842300556586271
5 0.5944676409185804 0.02411873840445269 0.008350730688935281 0.01855287569573284
1 0.5845511482254697 0.017161410018552876 0.003131524008350731 0.01020408163265306
1 0.6012526096033403 0.016233766233766232 0.003131524008350731 0.008348794063079777
1 0.6046450939457203 0.015769944341372914 0.0036534446764091857 0.00927643784786642
9 0.5842901878914405 0.01948051948051948 0.0036534446764091857 0.00927643784786642
9 0.6012526096033403 0.019016697588126158 0.003131524008350731 0.008348794063079777
9 0.6051670146137788 0.018089053803339517 0.0036534446764091857 0.01020408163265306
7 0.5874217118997912 0.00927643784786642 0.004697286012526096 0.014842300556586271
3 0.5396659707724426 0.08487940630797773 0.013569937369519834 0.026901669758812616
3 0.5414926931106472 0.07003710575139147 0.010960334029227558 0.021335807050092765
3 0.5229645093945721 0.07931354359925788 0.017745302713987474 0.02504638218923933
3 0.8178496868475992 0.17857142857142858 0.038622129436325675 0.039888682745825604
1 0.80741127348643 0.21103896103896103 0.009394572025052192 0.021335807050092765
9 0.8079331941544885 0.21706864564007422 0.014613778705636743 0.016697588126159554
1 0.8496868475991649 0.22263450834879406 0.008350730688935281 0.02411873840445269
6 0.8494258872651357 0.2300556586270872 0.02035490605427975 0.022263450834879406
1 0.9488517745302714 0.2694805194805195 0.007306889352818371 0.026901669758812616
9 0.9465031315240083 0.2764378478664193 0.015135699373695199 0.02411873840445269
0 0.39848643006263046 0.03432282003710575 0.004697286012526096 0.011131725417439703
3 0.5748956158663883 0.03525046382189239 0.007828810020876827 0.016697588126159554
3 0.576722338204593 0.02411873840445269 0.006263048016701462 0.012987012987012988