3 0.07904411764705882 0.9026143790849673 0.15808823529411764 0.15555555555555556
3 0.21948529411764706 0.8287581699346406 0.16691176470588234 0.16209150326797386
0 0.04889705882352941 0.7444444444444445 0.030147058823529412 0.09542483660130718
0 0.06433823529411764 0.7398692810457517 0.030147058823529412 0.09673202614379085
9 0.11029411764705882 0.7189542483660131 0.03823529411764706 0.06274509803921569
6 0.20036764705882354 0.7274509803921568 0.08161764705882353 0.0718954248366013
7 0.25036764705882353 0.6803921568627451 0.09044117647058823 0.1111111111111111
6 0.28713235294117645 0.642483660130719 0.0713235294117647 0.06928104575163399
0 0.29301470588235295 0.5980392156862745 0.019852941176470587 0.06928104575163399
1 0.27536764705882355 0.5281045751633987 0.021323529411764706 0.044444444444444446
1 0.2786764705882353 0.492156862745098 0.014705882352941176 0.03790849673202614
1 0.2786764705882353 0.4392156862745098 0.013235294117647059 0.044444444444444446
9 0.30661764705882355 0.5555555555555556 0.03529411764705882 0.04967320261437908
1 0.3235294117647059 0.5202614379084968 0.01764705882352941 0.0392156862745098
9 0.32426470588235295 0.5313725490196078 0.03235294117647059 0.030065359477124184
1 0.4022058823529412 0.48562091503267973 0.016176470588235296 0.0457516339869281
3 0.33933823529411766 0.5803921568627451 0.08602941176470588 0.10980392156862745
3 0.3356617647058823 0.4947712418300654 0.04926470588235294 0.08235294117647059
4 0.31286764705882353 0.4176470588235294 0.04485294117647059 0.07450980392156863
3 0.28602941176470587 0.3908496732026144 0.041176470588235294 0.054901960784313725
3 0.27536764705882355 0.3607843137254902 0.03308823529411765 0.047058823529411764
3 0.2613970588235294 0.32745098039215687 0.03308823529411765 0.0457516339869281
3 0.25330882352941175 0.3084967320261438 0.025735294117647058 0.04183006535947712
3 0.2400735294117647 0.2875816993464052 0.025735294117647058 0.04183006535947712
3 0.2595588235294118 0.27320261437908494 0.01911764705882353 0.0392156862745098
0 0.2716911764705882 0.28169934640522876 0.009558823529411765 0.03529411764705882
1 0.32830882352941176 0.365359477124183 0.009558823529411765 0.030065359477124184
2 0.3275735294117647 0.373202614379085 0.016911764705882352 0.032679738562091505
3 0.49117647058823527 0.8104575163398693 0.09411764705882353 0.19869281045751633
9 0.40147058823529413 0.5098039215686274 0.020588235294117647 0.044444444444444446
3 0.5367647058823529 0.5941176470588235 0.0838235294117647 0.1084967320261438
0 0.5588235294117647 0.5673202614379085 0.016176470588235296 0.05751633986928104
0 0.5882352941176471 0.6339869281045751 0.016176470588235296 0.0915032679738562
0 0.6216911764705882 0.7601307189542483 0.02426470588235294 0.10065359477124183
0 0.6165441176470589 0.7405228758169935 0.021323529411764706 0.09281045751633987
4 0.6169117647058824 0.5542483660130719 0.07352941176470588 0.12549019607843137
3 0.6897058823529412 0.5601307189542484 0.09264705882352942 0.10326797385620914
4 0.6036764705882353 0.47581699346405226 0.06323529411764706 0.08366013071895424
3 0.5470588235294118 0.4294117647058823 0.054411764705882354 0.06143790849673202
0 0.6202205882352941 0.3562091503267974 0.008088235294117648 0.040522875816993466
0 0.8665441176470589 0.6470588235294118 0.028676470588235293 0.08366013071895424
1 0.8889705882352941 0.657516339869281 0.014705882352941176 0.03398692810457516
0 0.9801470588235294 0.6444444444444445 0.029411764705882353 0.08104575163398693
0 0.9599264705882353 0.6196078431372549 0.021323529411764706 0.07320261437908497
3 0.6738970588235295 0.32287581699346407 0.03455882352941177 0.0392156862745098
9 0.7323529411764705 0.34248366013071896 0.022058823529411766 0.02875816993464052
3 0.7297794117647058 0.3660130718954248 0.05955882352941176 0.047058823529411764
3 0.78125 0.3980392156862745 0.06397058823529411 0.050980392156862744
6 0.8301470588235295 0.361437908496732 0.03823529411764706 0.040522875816993466
0 0.8378676470588236 0.4 0.013970588235294118 0.03137254901960784
3 0.8544117647058823 0.41568627450980394 0.05588235294117647 0.054901960784313725
0 0.9176470588235294 0.35294117647058826 0.013235294117647059 0.04183006535947712
0 0.9334558823529412 0.35751633986928105 0.011029411764705883 0.03529411764705882
0 0.9415441176470588 0.3516339869281046 0.009558823529411765 0.0392156862745098
3 0.9128676470588235 0.4300653594771242 0.05367647058823529 0.05751633986928104
3 0.9676470588235294 0.46143790849673205 0.058823529411764705 0.06535947712418301