8 0.5789285714285715 0.4866751269035533 0.09785714285714285 0.09517766497461928
3 0.7121428571428572 0.5387055837563451 0.06285714285714286 0.06472081218274112
8 0.7928571428571428 0.08756345177664974 0.09571428571428571 0.1598984771573604
3 0.64 0.567258883248731 0.05857142857142857 0.06598984771573604
3 0.5764285714285714 0.5958121827411168 0.05 0.05964467005076142
4 0.5057142857142857 0.6186548223350253 0.06428571428571428 0.06979695431472081
3 0.3725 0.666243654822335 0.06642857142857143 0.06852791878172589
4 0.42642857142857143 0.550761421319797 0.04428571428571428 0.10152284263959391
8 0.2546428571428571 0.7119289340101523 0.11928571428571429 0.12436548223350254
5 0.09892857142857144 0.7823604060913706 0.09928571428571428 0.11802030456852793
3 0.2782142857142857 0.26776649746192893 0.03642857142857143 0.07360406091370558
5 0.23714285714285716 0.2836294416243655 0.032857142857142856 0.10532994923857868
3 0.20142857142857143 0.3039340101522843 0.024285714285714285 0.08248730964467005
4 0.013571428571428571 0.8305837563451777 0.025714285714285714 0.06725888324873096
0 0.35214285714285715 0.567258883248731 0.012857142857142857 0.025380710659898477
0 0.33071428571428574 0.5786802030456852 0.011428571428571429 0.017766497461928935
0 0.32607142857142857 0.5983502538071066 0.013571428571428571 0.031725888324873094
0 0.30714285714285716 0.5704314720812182 0.01 0.021573604060913704
0 0.3078571428571429 0.5926395939086294 0.011428571428571429 0.02284263959390863
0 0.3842857142857143 0.3166243654822335 0.014285714285714285 0.031725888324873094
9 0.6803571428571429 0.4479695431472081 0.016428571428571428 0.0532994923857868
9 0.6917857142857143 0.4460659898477157 0.013571428571428571 0.05203045685279188
9 0.7003571428571429 0.440989847715736 0.015 0.05456852791878172
9 0.7103571428571429 0.4384517766497462 0.015 0.05456852791878172
9 0.725 0.42956852791878175 0.015714285714285715 0.05710659898477157
9 0.7357142857142858 0.43147208121827413 0.012857142857142857 0.04568527918781726
9 0.7471428571428571 0.4289340101522843 0.014285714285714285 0.03553299492385787
9 0.7582142857142857 0.4206852791878173 0.016428571428571428 0.05456852791878172
9 0.7678571428571429 0.4137055837563452 0.014285714285714285 0.048223350253807105
9 0.7789285714285714 0.4086294416243655 0.016428571428571428 0.048223350253807105
0 0.9167857142857143 0.6967005076142132 0.019285714285714285 0.03553299492385787
0 0.9039285714285714 0.9486040609137056 0.013571428571428571 0.02918781725888325
0 0.9332142857142857 0.9708121827411168 0.012142857142857143 0.027918781725888325
0 0.9389285714285714 0.993020304568528 0.013571428571428571 0.011421319796954314
0 0.048214285714285716 0.699238578680203 0.020714285714285713 0.025380710659898477
0 0.048214285714285716 0.6795685279187818 0.020714285714285713 0.024111675126903553
0 0.8646428571428572 0.13261421319796954 0.012142857142857143 0.03680203045685279