0 0.17830882352941177 0.492156862745098 0.0125 0.048366013071895426
0 0.18639705882352942 0.5071895424836601 0.008088235294117648 0.02875816993464052
0 0.48198529411764707 0.20784313725490197 0.008088235294117648 0.026143790849673203
0 0.3948529411764706 0.24705882352941178 0.0058823529411764705 0.03137254901960784
0 0.38676470588235295 0.26143790849673204 0.0058823529411764705 0.03398692810457516
0 0.3613970588235294 0.2647058823529412 0.0125 0.030065359477124184
0 0.3610294117647059 0.22679738562091503 0.007352941176470588 0.02483660130718954
0 0.31838235294117645 0.3254901960784314 0.010294117647058823 0.047058823529411764
0 0.3371323529411765 0.33398692810457514 0.011029411764705883 0.027450980392156862
0 0.27536764705882355 0.3287581699346405 0.005147058823529412 0.032679738562091505
0 0.27647058823529413 0.28954248366013075 0.010294117647058823 0.040522875816993466
0 0.15698529411764706 0.0915032679738562 0.006617647058823529 0.02875816993464052
0 0.4974264705882353 0.2169934640522876 0.008088235294117648 0.026143790849673203
1 0.18933823529411764 0.2411764705882353 0.009558823529411765 0.027450980392156862
1 0.21176470588235294 0.21437908496732025 0.010294117647058823 0.02875816993464052
1 0.2452205882352941 0.24183006535947713 0.009558823529411765 0.03137254901960784
1 0.2485294117647059 0.23529411764705882 0.010294117647058823 0.0392156862745098
1 0.25441176470588234 0.2222222222222222 0.008823529411764706 0.036601307189542485
1 0.2647058823529412 0.2235294117647059 0.011764705882352941 0.036601307189542485
0 0.22904411764705881 0.2503267973856209 0.011029411764705883 0.03529411764705882
0 0.22647058823529412 0.2601307189542484 0.008823529411764706 0.02875816993464052