3 0.3588235294117647 0.5065359477124183 0.051470588235294115 0.07450980392156863
3 0.39742647058823527 0.5633986928104575 0.05514705882352941 0.08366013071895424
3 0.5746323529411764 0.5254901960784314 0.04485294117647059 0.06797385620915032
3 0.5176470588235295 0.396078431372549 0.025 0.036601307189542485
3 0.4849264705882353 0.3065359477124183 0.013970588235294118 0.027450980392156862
3 0.51875 0.3196078431372549 0.013970588235294118 0.027450980392156862
3 0.5272058823529412 0.3535947712418301 0.01764705882352941 0.032679738562091505
3 0.8441176470588235 0.477124183006536 0.06323529411764706 0.06274509803921569
4 0.03676470588235294 0.7601307189542483 0.07352941176470588 0.1503267973856209
5 0.7095588235294118 0.5143790849673202 0.051470588235294115 0.08758169934640522
5 0.5209558823529412 0.2901960784313726 0.015441176470588236 0.03137254901960784
3 0.71875 0.365359477124183 0.019852941176470587 0.022222222222222223
3 0.2051470588235294 0.37254901960784315 0.061764705882352944 0.036601307189542485
3 0.22242647058823528 0.35947712418300654 0.05955882352941176 0.03398692810457516
4 0.24669117647058825 0.3431372549019608 0.03455882352941177 0.027450980392156862
4 0.11470588235294117 0.4411764705882353 0.07205882352941176 0.03790849673202614
9 0.7202205882352941 0.8032679738562092 0.04632352941176471 0.050980392156862744
9 0.7963235294117647 0.9830065359477124 0.06470588235294118 0.03398692810457516
6 0.43823529411764706 0.5993464052287582 0.01911764705882353 0.06666666666666667
6 0.8724264705882353 0.5549019607843138 0.05367647058823529 0.06143790849673202
6 0.8143382352941176 0.5326797385620915 0.03161764705882353 0.030065359477124184
9 0.6496323529411765 0.49673202614379086 0.015441176470588236 0.04183006535947712
0 0.9485294117647058 0.5084967320261438 0.010294117647058823 0.05228758169934641
1 0.7279411764705882 0.7679738562091504 0.014705882352941176 0.06405228758169934
1 0.8058823529411765 0.9529411764705882 0.01764705882352941 0.06274509803921569
1 0.8231617647058823 0.9673202614379085 0.015441176470588236 0.04967320261437908
0 0.16838235294117648 0.5751633986928104 0.016176470588235296 0.06274509803921569
0 0.1 0.5686274509803921 0.014705882352941176 0.07058823529411765
0 0.12389705882352942 0.5732026143790849 0.013970588235294118 0.06666666666666667
0 0.18455882352941178 0.5339869281045752 0.011764705882352941 0.0457516339869281
0 0.16875 0.5261437908496732 0.009558823529411765 0.0457516339869281
9 0.16213235294117648 0.5235294117647059 0.016911764705882352 0.032679738562091505
3 0.48970588235294116 0.27712418300653596 0.010294117647058823 0.023529411764705882
1 0.5720588235294117 0.35228758169934643 0.007352941176470588 0.03790849673202614
0 0.6628676470588235 0.42810457516339867 0.015441176470588236 0.0196078431372549
0 0.6797794117647059 0.41830065359477125 0.005147058823529412 0.0392156862745098
0 0.6830882352941177 0.4320261437908497 0.010294117647058823 0.05359477124183006
0 0.6930147058823529 0.4137254901960784 0.008088235294117648 0.0457516339869281
0 0.7709558823529412 0.46013071895424834 0.008088235294117648 0.02875816993464052
0 0.788235294117647 0.38300653594771245 0.008823529411764706 0.04183006535947712
0 0.16691176470588234 0.34183006535947713 0.007352941176470588 0.043137254901960784
0 0.15735294117647058 0.33725490196078434 0.007352941176470588 0.04183006535947712
3 0.2852941176470588 0.3176470588235294 0.01764705882352941 0.03137254901960784
3 0.30625 0.3150326797385621 0.02426470588235294 0.03398692810457516
3 0.3738970588235294 0.27908496732026145 0.021323529411764706 0.0196078431372549
3 0.35955882352941176 0.2477124183006536 0.016176470588235296 0.02483660130718954
1 0.4577205882352941 0.2830065359477124 0.005147058823529412 0.01699346405228758
1 0.46654411764705883 0.25359477124183005 0.0022058823529411764 0.013071895424836602
0 0.7448529411764706 0.43333333333333335 0.007352941176470588 0.03790849673202614
0 0.6356617647058823 0.3215686274509804 0.011029411764705883 0.023529411764705882
0 0.6448529411764706 0.34444444444444444 0.007352941176470588 0.03790849673202614
0 0.6735294117647059 0.3660130718954248 0.0029411764705882353 0.02875816993464052
0 0.6757352941176471 0.33790849673202616 0.004411764705882353 0.027450980392156862
0 0.6569852941176471 0.3392156862745098 0.006617647058823529 0.03790849673202614
0 0.6643382352941176 0.3366013071895425 0.005147058823529412 0.040522875816993466
4 0.6867647058823529 0.32679738562091504 0.01764705882352941 0.03398692810457516
5 0.6625 0.3130718954248366 0.026470588235294117 0.03529411764705882
0 0.8238970588235294 0.5104575163398692 0.008088235294117648 0.03790849673202614
0 0.8547794117647058 0.5516339869281046 0.013970588235294118 0.05228758169934641
0 0.8863970588235294 0.5607843137254902 0.013970588235294118 0.06274509803921569
0 0.8709558823529412 0.5215686274509804 0.009558823529411765 0.047058823529411764
0 0.8547794117647058 0.492156862745098 0.008088235294117648 0.05620915032679739
0 0.8694852941176471 0.49084967320261436 0.015441176470588236 0.06143790849673202
9 0.7411764705882353 0.5666666666666667 0.025 0.03790849673202614
0 0.7268382352941176 0.5104575163398692 0.006617647058823529 0.03790849673202614
1 0.7448529411764706 0.5398692810457516 0.013235294117647059 0.06797385620915032