3 0.10821428571428572 0.975253807106599 0.015 0.046954314720812185
1 0.09285714285714286 0.3565989847715736 0.004285714285714286 0.012690355329949238
1 0.0064285714285714285 0.5843908629441624 0.005714285714285714 0.006345177664974619
4 0.11071428571428571 0.9194162436548223 0.012857142857142857 0.046954314720812185
4 0.1125 0.8642131979695431 0.012142857142857143 0.04060913705583756
3 0.18857142857142858 0.6230964467005076 0.01 0.03553299492385787
0 0.0064285714285714285 0.7550761421319797 0.005714285714285714 0.01015228426395939
3 0.2932142857142857 0.6135786802030457 0.009285714285714286 0.03934010152284264
4 0.3078571428571429 0.6129441624365483 0.011428571428571429 0.03807106598984772
4 0.32071428571428573 0.6116751269035533 0.011428571428571429 0.03807106598984772
4 0.4342857142857143 0.8813451776649747 0.012857142857142857 0.04187817258883249
4 0.4992857142857143 0.8096446700507615 0.017142857142857144 0.04060913705583756
4 0.5335714285714286 0.8629441624365483 0.018571428571428572 0.04568527918781726
4 0.9310714285714285 0.9029187817258884 0.02214285714285714 0.044416243654822336
3 0.8989285714285714 0.809010152284264 0.019285714285714285 0.044416243654822336
3 0.8789285714285714 0.7455583756345178 0.016428571428571428 0.03934010152284264
8 0.9085714285714286 0.7449238578680203 0.032857142857142856 0.1116751269035533
3 0.9157142857142857 0.07360406091370558 0.017142857142857144 0.02030456852791878
3 0.805 0.007614213197969543 0.015714285714285715 0.015228426395939087
3 0.7796428571428572 0.008248730964467006 0.016428571428571428 0.01649746192893401
0 0.8703571428571428 0.005710659898477157 0.0035714285714285713 0.008883248730964468
0 0.8578571428571429 0.061548223350253804 0.002857142857142857 0.011421319796954314
0 0.8867857142857143 0.01649746192893401 0.0035714285714285713 0.007614213197969543
0 0.8907142857142857 0.012690355329949238 0.002857142857142857 0.007614213197969543
0 0.8942857142857142 0.02030456852791878 0.002857142857142857 0.007614213197969543
0 0.8989285714285714 0.021573604060913704 0.0035714285714285713 0.007614213197969543
0 0.9035714285714286 0.024746192893401017 0.002857142857142857 0.006345177664974619
0 0.9153571428571429 0.024746192893401017 0.0035714285714285713 0.011421319796954314
0 0.7764285714285715 0.18401015228426396 0.004285714285714286 0.01015228426395939
0 0.7714285714285715 0.19225888324873097 0.002857142857142857 0.008883248730964468
0 0.8071428571428572 0.34454314720812185 0.005714285714285714 0.011421319796954314
0 0.8128571428571428 0.3477157360406091 0.004285714285714286 0.01015228426395939
0 0.8203571428571429 0.3464467005076142 0.0035714285714285713 0.01015228426395939
0 0.8225 0.3350253807106599 0.0035714285714285713 0.01015228426395939
0 0.8285714285714286 0.33883248730964466 0.004285714285714286 0.012690355329949238
9 0.7146428571428571 0.24746192893401014 0.005 0.01015228426395939
9 0.6982142857142857 0.3026649746192893 0.005 0.013959390862944163
9 0.6853571428571429 0.3464467005076142 0.005 0.012690355329949238
0 0.6775 0.315989847715736 0.002142857142857143 0.007614213197969543
0 0.6792857142857143 0.3166243654822335 0.002857142857142857 0.008883248730964468
0 0.6928571428571428 0.3083756345177665 0.002857142857142857 0.01015228426395939
0 0.6667857142857143 0.3464467005076142 0.002142857142857143 0.007614213197969543
0 0.6417857142857143 0.3553299492385787 0.0035714285714285713 0.01015228426395939
0 0.6482142857142857 0.39403553299492383 0.0035714285714285713 0.008883248730964468
0 0.7285714285714285 0.18464467005076143 0.002857142857142857 0.008883248730964468
0 0.7203571428571428 0.2017766497461929 0.0035714285714285713 0.01015228426395939
9 0.7057142857142857 0.2817258883248731 0.005714285714285714 0.015228426395939087
8 0.7896428571428571 0.5850253807106599 0.05928571428571429 0.07360406091370558
4 0.7460714285714286 0.5526649746192893 0.02214285714285714 0.031725888324873094
3 0.7217857142857143 0.5215736040609137 0.020714285714285713 0.027918781725888325
3 0.6946428571428571 0.49048223350253806 0.020714285714285713 0.02918781725888325
3 0.6657142857142857 0.4543147208121827 0.018571428571428572 0.027918781725888325
3 0.6421428571428571 0.42258883248730966 0.02 0.030456852791878174
3 0.6196428571428572 0.3965736040609137 0.019285714285714285 0.02918781725888325
4 0.5982142857142857 0.36484771573604063 0.019285714285714285 0.03426395939086294
4 0.6517857142857143 0.7284263959390863 0.020714285714285713 0.04314720812182741
3 0.6271428571428571 0.8350253807106599 0.018571428571428572 0.04568527918781726
4 0.5607142857142857 0.7899746192893401 0.018571428571428572 0.046954314720812185
4 0.5814285714285714 0.5989847715736041 0.015714285714285715 0.027918781725888325
4 0.48892857142857143 0.6459390862944162 0.017857142857142856 0.04314720812182741
3 0.5246428571428572 0.5298223350253807 0.017857142857142856 0.031725888324873094
4 0.47 0.6630710659898477 0.015714285714285715 0.03934010152284264
4 0.44 0.7157360406091371 0.015714285714285715 0.04314720812182741
4 0.4092857142857143 0.6890862944162437 0.011428571428571429 0.04060913705583756
4 0.4114285714285714 0.5939086294416244 0.014285714285714285 0.03553299492385787
4 0.4257142857142857 0.5678934010152284 0.015714285714285715 0.03426395939086294
8 0.38607142857142857 0.6434010152284264 0.02214285714285714 0.10152284263959391
4 0.4317857142857143 0.5399746192893401 0.013571428571428571 0.031725888324873094
4 0.4025 0.5044416243654822 0.012142857142857143 0.02918781725888325
5 0.41285714285714287 0.47715736040609136 0.014285714285714285 0.03299492385786802
5 0.3892857142857143 0.5304568527918782 0.018571428571428572 0.0532994923857868
3 0.4342857142857143 0.37880710659898476 0.014285714285714285 0.02918781725888325
3 0.42 0.31091370558375636 0.014285714285714285 0.030456852791878174
4 0.3889285714285714 0.44543147208121825 0.013571428571428571 0.030456852791878174
4 0.3732142857142857 0.48413705583756345 0.012142857142857143 0.03426395939086294
4 0.37607142857142856 0.4003807106598985 0.010714285714285714 0.02918781725888325
3 0.36357142857142855 0.4346446700507614 0.011428571428571429 0.031725888324873094
4 0.5096428571428572 0.21763959390862944 0.013571428571428571 0.0266497461928934
0 0.5267857142857143 0.20939086294416243 0.002142857142857143 0.01015228426395939
0 0.5696428571428571 0.27982233502538073 0.002142857142857143 0.008883248730964468
8 0.34964285714285714 0.3032994923857868 0.010714285714285714 0.027918781725888325
3 0.37 0.3565989847715736 0.011428571428571429 0.02284263959390863
3 0.35714285714285715 0.3889593908629442 0.011428571428571429 0.0266497461928934
3 0.3360714285714286 0.3166243654822335 0.010714285714285714 0.0266497461928934
5 0.2807142857142857 0.5038071065989848 0.015714285714285715 0.08883248730964467
5 0.2764285714285714 0.4213197969543147 0.014285714285714285 0.06091370558375635
4 0.3192857142857143 0.5095177664974619 0.02142857142857143 0.0266497461928934
4 0.31857142857142856 0.4873096446700508 0.02 0.027918781725888325
4 0.315 0.4631979695431472 0.02142857142857143 0.030456852791878174
4 0.31214285714285717 0.4416243654822335 0.017142857142857144 0.027918781725888325
3 0.31214285714285717 0.4213197969543147 0.018571428571428572 0.025380710659898477
4 0.31 0.39720812182741116 0.02 0.027918781725888325
9 0.31035714285714283 0.3756345177664975 0.010714285714285714 0.01015228426395939
3 0.3075 0.32614213197969544 0.017857142857142856 0.02284263959390863
8 0.3167857142857143 0.2436548223350254 0.020714285714285713 0.06598984771573604
3 0.3264285714285714 0.2296954314720812 0.011428571428571429 0.025380710659898477
3 0.3057142857142857 0.2068527918781726 0.008571428571428572 0.02284263959390863
3 0.30607142857142855 0.3115482233502538 0.017857142857142856 0.021573604060913704
4 0.3028571428571429 0.2969543147208122 0.02 0.02284263959390863
3 0.3025 0.2715736040609137 0.015 0.02030456852791878
3 0.29642857142857143 0.26078680203045684 0.018571428571428572 0.021573604060913704
3 0.29 0.23730964467005075 0.018571428571428572 0.02030456852791878
4 0.28535714285714286 0.2131979695431472 0.016428571428571428 0.02030456852791878
4 0.28785714285714287 0.22461928934010153 0.017142857142857144 0.02030456852791878
3 0.44857142857142857 0.14086294416243655 0.014285714285714285 0.025380710659898477
3 0.4714285714285714 0.1383248730964467 0.014285714285714285 0.025380710659898477
0 0.48178571428571426 0.1116751269035533 0.002142857142857143 0.01015228426395939
3 0.31035714285714283 0.17639593908629442 0.007857142857142858 0.02030456852791878
3 0.2760714285714286 0.10406091370558376 0.007857142857142858 0.02284263959390863
3 0.3264285714285714 0.0932741116751269 0.007142857142857143 0.01903553299492386
4 0.25535714285714284 0.03553299492385787 0.007857142857142858 0.02030456852791878
3 0.2785714285714286 0.06789340101522842 0.007142857142857143 0.01903553299492386
4 0.305 0.05710659898477157 0.011428571428571429 0.030456852791878174
4 0.2914285714285714 0.15228426395939088 0.01 0.02284263959390863
3 0.29642857142857143 0.12626903553299493 0.01 0.024111675126903553
5 0.27464285714285713 0.16116751269035534 0.016428571428571428 0.04568527918781726
5 0.26142857142857145 0.16116751269035534 0.014285714285714285 0.05583756345177665
5 0.24678571428571427 0.15736040609137056 0.017857142857142856 0.06345177664974619
5 0.255 0.116751269035533 0.014285714285714285 0.04568527918781726
3 0.24964285714285714 0.07804568527918782 0.010714285714285714 0.021573604060913704
3 0.255 0.09644670050761421 0.007142857142857143 0.025380710659898477
0 0.08571428571428572 0.13071065989847716 0.004285714285714286 0.012690355329949238
0 0.08821428571428572 0.1281725888324873 0.0035714285714285713 0.007614213197969543
3 0.13964285714285715 0.0450507614213198 0.010714285714285714 0.01903553299492386