3 0.30885416666666665 0.9666666666666667 0.052083333333333336 0.06666666666666667
3 0.41953125 0.6662037037037037 0.0296875 0.062037037037037036
3 0.4908854166666667 0.5504629629629629 0.0234375 0.04351851851851852
3 0.3919270833333333 0.5875 0.024479166666666666 0.04537037037037037
3 0.4088541666666667 0.5189814814814815 0.022916666666666665 0.041666666666666664
3 0.44427083333333334 0.5064814814814815 0.020833333333333332 0.037037037037037035
3 0.37135416666666665 0.4699074074074074 0.019791666666666666 0.032407407407407406
3 0.40989583333333335 0.44722222222222224 0.020833333333333332 0.040740740740740744
3 0.44114583333333335 0.4115740740740741 0.016666666666666666 0.026851851851851852
4 0.4125 0.33564814814814814 0.0125 0.025
3 0.46145833333333336 0.30648148148148147 0.010416666666666666 0.016666666666666666
3 0.38645833333333335 0.300462962962963 0.011458333333333333 0.017592592592592594
3 0.030729166666666665 0.7430555555555556 0.05520833333333333 0.08425925925925926
3 0.1171875 0.687037037037037 0.04375 0.07222222222222222
3 0.02109375 0.6907407407407408 0.0421875 0.08148148148148149
3 0.10260416666666666 0.6143518518518518 0.04479166666666667 0.06574074074074074
3 0.05677083333333333 0.6055555555555555 0.040625 0.05925925925925926
3 0.17578125 0.5662037037037037 0.03697916666666667 0.06018518518518518
3 0.10963541666666667 0.5365740740740741 0.03697916666666667 0.05092592592592592
4 0.14296875 0.538425925925926 0.04010416666666667 0.06944444444444445
3 0.14557291666666666 0.4722222222222222 0.030729166666666665 0.046296296296296294
3 0.20989583333333334 0.49166666666666664 0.027083333333333334 0.040740740740740744
3 0.16041666666666668 0.42083333333333334 0.023958333333333335 0.032407407407407406
3 0.19635416666666666 0.4027777777777778 0.020833333333333332 0.02962962962962963
4 0.19635416666666666 0.45601851851851855 0.025 0.04351851851851852
3 0.23880208333333333 0.4462962962962963 0.022395833333333334 0.03333333333333333
3 0.21354166666666666 0.37222222222222223 0.015625 0.03333333333333333
4 0.253125 0.40694444444444444 0.019791666666666666 0.03611111111111111
3 0.27239583333333334 0.33055555555555555 0.016666666666666666 0.022222222222222223
3 0.2875 0.3476851851851852 0.014583333333333334 0.025
4 0.26875 0.28703703703703703 0.0125 0.024074074074074074
3 0.2838541666666667 0.3074074074074074 0.013541666666666667 0.018518518518518517
3 0.2981770833333333 0.31527777777777777 0.0140625 0.021296296296296296
3 0.29140625 0.28194444444444444 0.011979166666666667 0.017592592592592594
3 0.29140625 0.29444444444444445 0.011979166666666667 0.016666666666666666
4 0.30885416666666665 0.29398148148148145 0.013541666666666667 0.025
3 0.303125 0.26851851851851855 0.011458333333333333 0.018518518518518517
4 0.3203125 0.2722222222222222 0.010416666666666666 0.020370370370370372
3 0.31171875 0.2851851851851852 0.011979166666666667 0.018518518518518517
3 0.31796875 0.26805555555555555 0.008854166666666666 0.01574074074074074
3 0.32447916666666665 0.25972222222222224 0.010416666666666666 0.01574074074074074
3 0.3059895833333333 0.26064814814814813 0.009895833333333333 0.013888888888888888
3 0.31015625 0.25277777777777777 0.009895833333333333 0.012962962962962963
4 0.3109375 0.24675925925925926 0.008333333333333333 0.013888888888888888
3 0.31536458333333334 0.23981481481481481 0.008854166666666666 0.012962962962962963
5 0.44635416666666666 0.2847222222222222 0.013541666666666667 0.026851851851851852
3 0.40651041666666665 0.2796296296296296 0.0109375 0.018518518518518517
3 0.44166666666666665 0.26296296296296295 0.009375 0.014814814814814815
3 0.4244791666666667 0.2569444444444444 0.009375 0.013888888888888888
3 0.40677083333333336 0.25972222222222224 0.008333333333333333 0.013888888888888888
3 0.42994791666666665 0.2273148148148148 0.008854166666666666 0.013888888888888888
3 0.4283854166666667 0.21064814814814814 0.0078125 0.010185185185185186
3 0.40651041666666665 0.23981481481481481 0.0078125 0.012962962962962963
3 0.390625 0.2361111111111111 0.007291666666666667 0.012962962962962963
3 0.41510416666666666 0.2199074074074074 0.00625 0.010185185185185186
3 0.40520833333333334 0.22268518518518518 0.007291666666666667 0.012037037037037037
1 0.20104166666666667 0.3416666666666667 0.004166666666666667 0.014814814814814815
9 0.20104166666666667 0.3476851851851852 0.00625 0.017592592592592594
3 0.39088541666666665 0.22685185185185186 0.0067708333333333336 0.011111111111111112
3 0.39453125 0.19166666666666668 0.005729166666666666 0.009259259259259259
3 0.40729166666666666 0.19166666666666668 0.00625 0.009259259259259259
3 0.33177083333333335 0.2013888888888889 0.00625 0.010185185185185186
3 0.33125 0.18194444444444444 0.005208333333333333 0.008333333333333333
3 0.39765625 0.17962962962962964 0.005729166666666666 0.007407407407407408
1 0.47682291666666665 0.2902777777777778 0.0036458333333333334 0.012037037037037037
9 0.47682291666666665 0.2949074074074074 0.0026041666666666665 0.010185185185185186