3 0.25357142857142856 0.9746192893401016 0.03428571428571429 0.048223350253807105
8 0.8864285714285715 0.7950507614213198 0.08571428571428572 0.30076142131979694
4 0.5225 0.8965736040609137 0.030714285714285715 0.12055837563451777
4 0.3817857142857143 0.557741116751269 0.02642857142857143 0.06472081218274112
4 0.1757142857142857 0.8052030456852792 0.03857142857142857 0.0850253807106599
4 0.14464285714285716 0.5291878172588832 0.035 0.05583756345177665
4 0.3 0.4796954314720812 0.025714285714285714 0.0583756345177665
3 0.29214285714285715 0.32741116751269034 0.055714285714285716 0.04060913705583756
3 0.7482142857142857 0.35152284263959394 0.055 0.04568527918781726
3 0.8564285714285714 0.3236040609137056 0.05714285714285714 0.04314720812182741
4 0.8639285714285714 0.2887055837563452 0.05071428571428571 0.03680203045685279
3 0.49607142857142855 0.3299492385786802 0.052142857142857144 0.04060913705583756
3 0.33285714285714285 0.2633248730964467 0.05 0.03934010152284264
4 0.9842857142857143 0.20748730964467005 0.02857142857142857 0.05710659898477157
0 0.8871428571428571 0.46256345177664976 0.007142857142857143 0.024111675126903553
4 0.08035714285714286 0.25761421319796957 0.05071428571428571 0.03553299492385787
5 0.35464285714285715 0.12436548223350254 0.035 0.0532994923857868
4 0.5017857142857143 0.10025380710659898 0.016428571428571428 0.030456852791878174
4 0.5367857142857143 0.09200507614213198 0.016428571428571428 0.03680203045685279
8 0.32107142857142856 0.03362944162436548 0.052142857142857144 0.06725888324873096
4 0.42964285714285716 0.0133248730964467 0.020714285714285713 0.0266497461928934
4 0.5039285714285714 0.2468274111675127 0.017857142857142856 0.04187817258883249
0 0.7121428571428572 0.011421319796954314 0.004285714285714286 0.017766497461928935
0 0.7142857142857143 0.010786802030456852 0.002857142857142857 0.01649746192893401
0 0.7217857142857143 0.01903553299492386 0.0035714285714285713 0.02030456852791878
0 0.7203571428571428 0.008883248730964468 0.002142857142857143 0.015228426395939087
3 0.6760714285714285 0.1916243654822335 0.015 0.03807106598984772
8 0.6864285714285714 0.2468274111675127 0.032857142857142856 0.09263959390862944
8 0.08571428571428572 0.08883248730964467 0.10571428571428572 0.09898477157360407