3 0.7363970588235295 0.15490196078431373 0.025735294117647058 0.02483660130718954
3 0.7080882352941177 0.1830065359477124 0.03823529411764706 0.02875816993464052
5 0.66875 0.17908496732026144 0.03897058823529412 0.036601307189542485
3 0.6808823529411765 0.22745098039215686 0.029411764705882353 0.047058823529411764
3 0.6591911764705882 0.2738562091503268 0.04044117647058824 0.0457516339869281
9 0.6341911764705882 0.23202614379084968 0.0125 0.02483660130718954
9 0.625 0.17777777777777778 0.008823529411764706 0.02091503267973856
1 0.6253676470588235 0.1718954248366013 0.006617647058823529 0.022222222222222223
9 0.5772058823529411 0.15490196078431373 0.011764705882352941 0.0196078431372549
2 0.5411764705882353 0.19411764705882353 0.016176470588235296 0.0196078431372549
0 0.47316176470588234 0.19281045751633988 0.006617647058823529 0.03529411764705882
0 0.48051470588235295 0.19934640522875818 0.006617647058823529 0.032679738562091505
3 0.8977941176470589 0.07973856209150326 0.008823529411764706 0.013071895424836602
3 0.8933823529411765 0.09803921568627451 0.010294117647058823 0.018300653594771243
0 0.9095588235294118 0.09673202614379085 0.0029411764705882353 0.01568627450980392
0 0.90625 0.09477124183006536 0.003676470588235294 0.01437908496732026
3 0.8525735294117647 0.12156862745098039 0.013970588235294118 0.018300653594771243
3 0.8871323529411764 0.14052287581699346 0.015441176470588236 0.0196078431372549
3 0.8485294117647059 0.1607843137254902 0.016176470588235296 0.023529411764705882
3 0.8522058823529411 0.169281045751634 0.01764705882352941 0.030065359477124184
3 0.8555147058823529 0.18104575163398692 0.019852941176470587 0.03529411764705882
3 0.6996323529411764 0.36209150326797385 0.0625 0.06535947712418301
3 0.8514705882352941 0.19411764705882353 0.01911764705882353 0.027450980392156862
3 0.8529411764705882 0.2111111111111111 0.022058823529411766 0.03529411764705882
3 0.8533088235294117 0.23006535947712417 0.02426470588235294 0.044444444444444446
3 0.8529411764705882 0.2522875816993464 0.025 0.0392156862745098
3 0.8441176470588235 0.27320261437908494 0.029411764705882353 0.05228758169934641
3 0.8408088235294118 0.30980392156862746 0.03455882352941177 0.054901960784313725
3 0.8433823529411765 0.34509803921568627 0.03823529411764706 0.06797385620915032
3 0.8345588235294118 0.39477124183006534 0.041176470588235294 0.06797385620915032
3 0.8466911764705882 0.4549019607843137 0.04779411764705882 0.08627450980392157
3 0.7805147058823529 0.361437908496732 0.03602941176470588 0.06666666666666667
3 0.7658088235294118 0.3980392156862745 0.04338235294117647 0.08496732026143791
3 0.7485294117647059 0.46405228758169936 0.05 0.09673202614379085
4 0.8238970588235294 0.4980392156862745 0.05073529411764706 0.12810457516339868
0 0.975735294117647 0.6633986928104575 0.033823529411764704 0.09281045751633987
9 0.95 0.7300653594771241 0.08088235294117647 0.08758169934640522
1 0.9540441176470589 0.7215686274509804 0.03161764705882353 0.08366013071895424
2 0.8382352941176471 0.6385620915032679 0.033823529411764704 0.05620915032679739
0 0.8352941176470589 0.6320261437908496 0.025 0.08496732026143791
0 0.8077205882352941 0.6281045751633987 0.02426470588235294 0.07450980392156863
1 0.7845588235294118 0.6392156862745098 0.014705882352941176 0.054901960784313725
0 0.7636029411764705 0.6287581699346405 0.019852941176470587 0.08366013071895424
2 0.7691176470588236 0.6359477124183006 0.045588235294117645 0.06928104575163399
3 0.6595588235294118 0.4516339869281046 0.051470588235294115 0.08496732026143791
9 0.6875 0.5607843137254902 0.04411764705882353 0.06013071895424837
1 0.7066176470588236 0.5594771241830065 0.01911764705882353 0.06013071895424837
0 0.6897058823529412 0.5535947712418301 0.01764705882352941 0.07973856209150326
0 0.6845588235294118 0.5483660130718955 0.013235294117647059 0.06143790849673202
9 0.42720588235294116 0.8830065359477124 0.039705882352941174 0.11895424836601307
1 0.43161764705882355 0.8666666666666667 0.030882352941176472 0.12549019607843137
0 0.43786764705882353 0.4738562091503268 0.0125 0.06666666666666667
9 0.6974264705882353 0.296078431372549 0.011029411764705883 0.032679738562091505
1 0.6970588235294117 0.29215686274509806 0.007352941176470588 0.027450980392156862
1 0.6988970588235294 0.28954248366013075 0.008088235294117648 0.03790849673202614
0 0.6165441176470589 0.29215686274509806 0.013970588235294118 0.0457516339869281
0 0.6102941176470589 0.2522875816993464 0.007352941176470588 0.044444444444444446
0 0.6058823529411764 0.28431372549019607 0.008823529411764706 0.0457516339869281
0 0.5985294117647059 0.29215686274509806 0.007352941176470588 0.0457516339869281
0 0.5992647058823529 0.28431372549019607 0.0058823529411764705 0.043137254901960784
9 0.6014705882352941 0.35228758169934643 0.014705882352941176 0.03790849673202614
1 0.6018382352941176 0.3431372549019608 0.011029411764705883 0.05359477124183006
9 0.5772058823529411 0.36666666666666664 0.025 0.03790849673202614
1 0.5764705882352941 0.35947712418300654 0.013235294117647059 0.05228758169934641
9 0.5577205882352941 0.26143790849673204 0.016911764705882352 0.026143790849673203
9 0.5904411764705882 0.4627450980392157 0.014705882352941176 0.05228758169934641
1 0.5908088235294118 0.44901960784313727 0.013970588235294118 0.05359477124183006
9 0.5066176470588235 0.4875816993464052 0.025 0.04967320261437908
1 0.5055147058823529 0.4738562091503268 0.01838235294117647 0.06143790849673202
1 0.015441176470588236 0.36209150326797385 0.013235294117647059 0.044444444444444446
1 0.02389705882352941 0.35947712418300654 0.008088235294117648 0.0392156862745098
9 0.10110294117647059 0.3660130718954248 0.01838235294117647 0.044444444444444446
9 0.1264705882352941 0.369281045751634 0.016176470588235296 0.03790849673202614
9 0.14044117647058824 0.3673202614379085 0.01911764705882353 0.047058823529411764
9 0.16139705882352942 0.36405228758169933 0.016911764705882352 0.0457516339869281
9 0.19375 0.3673202614379085 0.011029411764705883 0.044444444444444446
9 0.18235294117647058 0.3483660130718954 0.008823529411764706 0.040522875816993466
9 0.2036764705882353 0.34444444444444444 0.007352941176470588 0.043137254901960784
9 0.21433823529411763 0.36405228758169933 0.0125 0.040522875816993466
9 0.22389705882352942 0.3437908496732026 0.011029411764705883 0.044444444444444446
0 0.23602941176470588 0.238562091503268 0.011764705882352941 0.043137254901960784
3 0.08125 0.46405228758169936 0.08455882352941177 0.08888888888888889
3 0.1948529411764706 0.46862745098039216 0.08529411764705883 0.08758169934640522
3 0.2613970588235294 0.4503267973856209 0.07279411764705883 0.07712418300653595
0 0.2772058823529412 0.22418300653594772 0.008823529411764706 0.03790849673202614
0 0.2661764705882353 0.23529411764705882 0.010294117647058823 0.044444444444444446
0 0.2952205882352941 0.21830065359477124 0.009558823529411765 0.044444444444444446
1 0.2959558823529412 0.23594771241830065 0.008088235294117648 0.02483660130718954
1 0.40404411764705883 0.2235294117647059 0.008088235294117648 0.023529411764705882
1 0.3915441176470588 0.22679738562091503 0.009558823529411765 0.02483660130718954
0 0.3665441176470588 0.2549019607843137 0.005147058823529412 0.0392156862745098
4 0.5080882352941176 0.3764705882352941 0.07941176470588235 0.08104575163398693
0 0.5084558823529411 0.32679738562091504 0.006617647058823529 0.047058823529411764
0 0.5011029411764706 0.31633986928104574 0.008088235294117648 0.047058823529411764
0 0.49301470588235297 0.31241830065359477 0.009558823529411765 0.04967320261437908
9 0.48419117647058824 0.3281045751633987 0.025735294117647058 0.036601307189542485
9 0.4661764705882353 0.3209150326797386 0.020588235294117647 0.03790849673202614
9 0.46654411764705883 0.30130718954248364 0.0125 0.03529411764705882
2 0.3875 0.2856209150326797 0.022058823529411766 0.027450980392156862
0 0.38823529411764707 0.27712418300653596 0.010294117647058823 0.047058823529411764
9 0.40625 0.2849673202614379 0.011029411764705883 0.03137254901960784
0 0.40625 0.28366013071895424 0.008088235294117648 0.04183006535947712
9 0.39595588235294116 0.3045751633986928 0.009558823529411765 0.03137254901960784
6 0.39301470588235293 0.3411764705882353 0.015441176470588236 0.04183006535947712
9 0.4091911764705882 0.3215686274509804 0.011029411764705883 0.03137254901960784
9 0.43529411764705883 0.30718954248366015 0.022058823529411766 0.03398692810457516
9 0.44375 0.3437908496732026 0.0125 0.0392156862745098
2 0.43308823529411766 0.35947712418300654 0.020588235294117647 0.04183006535947712
9 0.43308823529411766 0.3464052287581699 0.008823529411764706 0.0392156862745098
7 0.42058823529411765 0.3941176470588235 0.030882352941176472 0.06928104575163399
7 0.5205882352941177 0.29673202614379085 0.033823529411764704 0.06274509803921569
9 0.3474264705882353 0.4339869281045752 0.016911764705882352 0.054901960784313725
9 0.2963235294117647 0.34967320261437906 0.011764705882352941 0.0457516339869281
1 0.34816176470588234 0.4215686274509804 0.016911764705882352 0.06405228758169934
1 0.35 0.4215686274509804 0.010294117647058823 0.043137254901960784
2 0.35808823529411765 0.3843137254901961 0.013235294117647059 0.047058823529411764
9 0.33051470588235293 0.38169934640522873 0.013970588235294118 0.044444444444444446
9 0.34191176470588236 0.3843137254901961 0.013235294117647059 0.047058823529411764
0 0.35441176470588237 0.265359477124183 0.008823529411764706 0.0392156862745098
0 0.35404411764705884 0.2601307189542484 0.008088235294117648 0.0392156862745098
9 0.33125 0.2901960784313726 0.011029411764705883 0.036601307189542485
9 0.34044117647058825 0.30915032679738563 0.011764705882352941 0.03790849673202614
2 0.3573529411764706 0.28823529411764703 0.008823529411764706 0.032679738562091505
2 0.3536764705882353 0.30392156862745096 0.010294117647058823 0.03790849673202614
9 0.35919117647058824 0.31895424836601305 0.009558823529411765 0.036601307189542485
2 0.28198529411764706 0.34183006535947713 0.011029411764705883 0.03790849673202614
9 0.2411764705882353 0.30522875816993467 0.010294117647058823 0.032679738562091505
9 0.24080882352941177 0.35751633986928105 0.016911764705882352 0.043137254901960784
9 0.24595588235294116 0.3352941176470588 0.009558823529411765 0.048366013071895426
9 0.2536764705882353 0.3202614379084967 0.011764705882352941 0.036601307189542485
9 0.2584558823529412 0.37058823529411766 0.015441176470588236 0.048366013071895426
2 0.2735294117647059 0.34967320261437906 0.013235294117647059 0.0457516339869281
0 0.27536764705882355 0.3718954248366013 0.011029411764705883 0.06143790849673202
0 0.27389705882352944 0.3712418300653595 0.013970588235294118 0.05228758169934641