3 0.10178571428571428 0.19923857868020303 0.047857142857142855 0.08883248730964467
3 0.02 0.18527918781725888 0.04 0.08629441624365482
3 0.041428571428571426 0.10279187817258884 0.05 0.07868020304568528
3 0.07107142857142858 0.01967005076142132 0.04642857142857143 0.03934010152284264
4 0.027142857142857142 0.5253807106598984 0.054285714285714284 0.1446700507614213
4 0.054285714285714284 0.3934010152284264 0.06285714285714286 0.12436548223350254
0 0.17821428571428571 0.5850253807106599 0.023571428571428573 0.05583756345177665
0 0.21071428571428572 0.5076142131979695 0.017142857142857144 0.03807106598984772
0 0.41535714285714287 0.6269035532994924 0.016428571428571428 0.04314720812182741
0 0.36428571428571427 0.5539340101522843 0.014285714285714285 0.03934010152284264
0 0.3825 0.5348984771573604 0.015 0.046954314720812185
0 0.4182142857142857 0.5310913705583756 0.015 0.04187817258883249
0 0.44107142857142856 0.5513959390862944 0.009285714285714286 0.03934010152284264
0 0.4307142857142857 0.49682741116751267 0.015714285714285715 0.04949238578680203
0 0.3964285714285714 0.5133248730964467 0.011428571428571429 0.03934010152284264
0 0.38535714285714284 0.4460659898477157 0.013571428571428571 0.04187817258883249
0 0.6289285714285714 0.5190355329949239 0.013571428571428571 0.04060913705583756
0 0.6664285714285715 0.49682741116751267 0.02 0.05710659898477157
0 0.6035714285714285 0.49555837563451777 0.014285714285714285 0.05964467005076142
0 0.5803571428571429 0.440989847715736 0.013571428571428571 0.05203045685279188
0 0.5932142857142857 0.41053299492385786 0.010714285714285714 0.046954314720812185
0 0.6760714285714285 0.47017766497461927 0.012142857142857143 0.044416243654822336
0 0.6532142857142857 0.4365482233502538 0.012142857142857143 0.04568527918781726
0 0.6210714285714286 0.47588832487309646 0.012142857142857143 0.048223350253807105
0 0.6128571428571429 0.4549492385786802 0.011428571428571429 0.04187817258883249
0 0.6296428571428572 0.4606598984771574 0.007857142857142858 0.04060913705583756
0 0.6364285714285715 0.4593908629441624 0.01 0.04314720812182741
0 0.6196428571428572 0.41751269035532995 0.020714285714285713 0.04314720812182741
0 0.5975 0.3756345177664975 0.010714285714285714 0.04314720812182741
0 0.6210714285714286 0.366751269035533 0.012142857142857143 0.050761421319796954
0 0.6325 0.43718274111675126 0.015 0.03426395939086294
0 0.6346428571428572 0.42449238578680204 0.010714285714285714 0.03426395939086294
0 0.3289285714285714 0.7246192893401016 0.013571428571428571 0.04060913705583756
0 0.36464285714285716 0.7341370558375635 0.013571428571428571 0.03934010152284264
0 0.39571428571428574 0.7436548223350253 0.02142857142857143 0.05583756345177665
0 0.39357142857142857 0.7163705583756346 0.011428571428571429 0.02918781725888325
0 0.4228571428571429 0.7220812182741116 0.011428571428571429 0.03807106598984772
0 0.40964285714285714 0.7131979695431472 0.015 0.04568527918781726
0 0.4782142857142857 0.6967005076142132 0.010714285714285714 0.04060913705583756
0 0.4632142857142857 0.21763959390862944 0.010714285714285714 0.046954314720812185
0 0.5 0.1732233502538071 0.011428571428571429 0.031725888324873094
0 0.5153571428571428 0.16624365482233502 0.013571428571428571 0.04314720812182741
0 0.58 0.1548223350253807 0.015714285714285715 0.048223350253807105
0 0.5875 0.15291878172588833 0.007857142857142858 0.04187817258883249
0 0.7667857142857143 0.1383248730964467 0.009285714285714286 0.03553299492385787
0 0.9489285714285715 0.02030456852791878 0.0064285714285714285 0.03299492385786802
0 0.5703571428571429 0.06218274111675127 0.012142857142857143 0.030456852791878174
0 0.10785714285714286 0.6687817258883249 0.032857142857142856 0.0532994923857868