3 0.072 0.3263333333333333 0.055 0.026
3 0.01375 0.23066666666666666 0.0275 0.024
3 0.0075 0.148 0.015 0.013333333333333334
3 0.0125 0.15133333333333332 0.025 0.012
3 0.01175 0.15833333333333333 0.0235 0.014
3 0.02025 0.16366666666666665 0.0375 0.018
3 0.02525 0.16633333333333333 0.0315 0.019333333333333334
3 0.02675 0.17133333333333334 0.0295 0.02
3 0.03125 0.17733333333333334 0.0275 0.018666666666666668
3 0.0375 0.181 0.027 0.018
3 0.04325 0.184 0.0275 0.018666666666666668
9 0.21975 0.321 0.0055 0.019333333333333334
3 0.247 0.355 0.024 0.03266666666666666
3 0.277 0.365 0.034 0.03266666666666666
3 0.2995 0.38 0.036 0.04133333333333333
3 0.32125 0.396 0.0365 0.03866666666666667
3 0.34475 0.409 0.0395 0.043333333333333335
3 0.36975 0.422 0.0395 0.036
3 0.39375 0.43833333333333335 0.0425 0.04466666666666667
3 0.42175 0.4533333333333333 0.0355 0.03866666666666667
3 0.44975 0.4726666666666667 0.0435 0.04133333333333333
3 0.43425 0.55 0.0645 0.06
3 0.5635 0.6463333333333333 0.075 0.054
1 0.72925 0.8616666666666667 0.0195 0.028666666666666667
9 0.72425 0.8696666666666667 0.0225 0.03933333333333333
3 0.7625 0.7653333333333333 0.055 0.07066666666666667
3 0.8235 0.668 0.059 0.068
3 0.89725 0.5126666666666667 0.0435 0.04666666666666667
3 0.839 0.5813333333333334 0.055 0.052
3 0.99075 0.3576666666666667 0.0185 0.03
3 0.981 0.16066666666666668 0.032 0.02
3 0.98875 0.15933333333333333 0.0225 0.017333333333333333
3 0.991 0.09466666666666666 0.017 0.010666666666666666
0 0.96575 0.088 0.0045 0.010666666666666666
0 0.9935 0.229 0.006 0.018
4 0.737 0.06266666666666666 0.021 0.013333333333333334
3 0.76125 0.058 0.0145 0.010666666666666666
3 0.787 0.06333333333333334 0.019 0.010666666666666666
4 0.80825 0.06633333333333333 0.0175 0.011333333333333334
5 0.8465 0.06266666666666666 0.027 0.017333333333333333
3 0.965 0.11266666666666666 0.025 0.014666666666666666