3 0.13785714285714284 0.7944162436548223 0.04428571428571428 0.06598984771573604
3 0.30464285714285716 0.48096446700507617 0.030714285714285715 0.04568527918781726
3 0.3482142857142857 0.5177664974619289 0.029285714285714286 0.0532994923857868
3 0.36607142857142855 0.4029187817258883 0.02642857142857143 0.03680203045685279
3 0.3653571428571429 0.3616751269035533 0.02642857142857143 0.03299492385786802
3 0.4442857142857143 0.3616751269035533 0.02142857142857143 0.03553299492385787
3 0.40714285714285714 0.29124365482233505 0.02 0.02918781725888325
3 0.4517857142857143 0.20431472081218274 0.017857142857142856 0.02284263959390863
3 0.4789285714285714 0.18274111675126903 0.015 0.02284263959390863
3 0.5039285714285714 0.12626903553299493 0.012142857142857143 0.01903553299492386
3 0.5203571428571429 0.06218274111675127 0.010714285714285714 0.017766497461928935
3 0.5303571428571429 0.04251269035532995 0.012142857142857143 0.01903553299492386
3 0.5232142857142857 0.1782994923857868 0.015 0.031725888324873094
3 0.48857142857142855 0.21446700507614214 0.015714285714285715 0.030456852791878174
4 0.43357142857142855 0.24175126903553298 0.018571428571428572 0.0266497461928934
4 0.4757142857142857 0.15038071065989847 0.015714285714285715 0.0266497461928934
4 0.5267857142857143 0.07614213197969544 0.012142857142857143 0.02030456852791878
3 0.5739285714285715 0.031725888324873094 0.010714285714285714 0.02284263959390863
4 0.26142857142857145 0.7620558375634517 0.04428571428571428 0.09263959390862944
0 0.3821428571428571 0.8521573604060914 0.008571428571428572 0.03426395939086294
0 0.30428571428571427 0.9263959390862944 0.008571428571428572 0.03299492385786802
0 0.3792857142857143 0.8439086294416244 0.008571428571428572 0.03553299492385787
8 0.21964285714285714 0.6300761421319797 0.052142857142857144 0.09771573604060914
0 0.20214285714285715 0.549492385786802 0.008571428571428572 0.027918781725888325
0 0.43357142857142855 0.16370558375634517 0.004285714285714286 0.015228426395939087
0 0.43892857142857145 0.16307106598984772 0.0035714285714285713 0.013959390862944163
0 0.4417857142857143 0.16243654822335024 0.0035714285714285713 0.012690355329949238
0 0.4471428571428571 0.16307106598984772 0.002857142857142857 0.011421319796954314
0 0.455 0.12880710659898478 0.002857142857142857 0.013959390862944163
0 0.4575 0.1281725888324873 0.0035714285714285713 0.01015228426395939
0 0.44357142857142856 0.15736040609137056 0.002857142857142857 0.012690355329949238