0 0.5089285714285714 0.7322335025380711 0.015 0.03553299492385787
0 0.5060714285714286 0.666243654822335 0.010714285714285714 0.03553299492385787
0 0.4992857142857143 0.6535532994923858 0.007142857142857143 0.027918781725888325
0 0.6025 0.6814720812182741 0.010714285714285714 0.03299492385786802
0 0.6135714285714285 0.684010152284264 0.01 0.025380710659898477
1 0.6903571428571429 0.8280456852791879 0.010714285714285714 0.02918781725888325
0 0.7153571428571428 0.7626903553299492 0.016428571428571428 0.03807106598984772
0 0.6078571428571429 0.7151015228426396 0.01 0.024111675126903553
0 0.5146428571428572 0.6440355329949239 0.012142857142857143 0.0266497461928934
0 0.46535714285714286 0.5177664974619289 0.010714285714285714 0.017766497461928935
0 0.47964285714285715 0.39593908629441626 0.009285714285714286 0.03299492385786802
0 0.48642857142857143 0.39847715736040606 0.007142857142857143 0.025380710659898477
0 0.49964285714285717 0.39086294416243655 0.0064285714285714285 0.027918781725888325
0 0.4992857142857143 0.39847715736040606 0.008571428571428572 0.030456852791878174
0 0.5096428571428572 0.28426395939086296 0.0064285714285714285 0.025380710659898477
0 0.5032142857142857 0.28109137055837563 0.0064285714285714285 0.03426395939086294
0 0.49785714285714283 0.2550761421319797 0.008571428571428572 0.025380710659898477
0 0.5871428571428572 0.550761421319797 0.005714285714285714 0.02284263959390863
0 0.5917857142857142 0.5564720812182741 0.007857142857142858 0.0266497461928934
0 0.46285714285714286 0.09137055837563451 0.008571428571428572 0.027918781725888325
0 0.48964285714285716 0.050761421319796954 0.007857142857142858 0.03299492385786802
1 0.6142857142857143 0.2823604060913706 0.007142857142857143 0.021573604060913704
1 0.6221428571428571 0.28426395939086296 0.008571428571428572 0.015228426395939087
0 0.6314285714285715 0.23096446700507614 0.008571428571428572 0.025380710659898477
0 0.6403571428571428 0.21256345177664976 0.005 0.0266497461928934
1 0.5610714285714286 0.26776649746192893 0.020714285714285713 0.015228426395939087
1 0.5582142857142857 0.24809644670050762 0.007857142857142858 0.01649746192893401
1 0.5310714285714285 0.21129441624365483 0.007857142857142858 0.01903553299492386
1 0.5389285714285714 0.2100253807106599 0.009285714285714286 0.01903553299492386
1 0.5696428571428571 0.16687817258883247 0.0064285714285714285 0.01649746192893401
0 0.5732142857142857 0.13071065989847716 0.0064285714285714285 0.030456852791878174
1 0.5592857142857143 0.157994923857868 0.007142857142857143 0.01649746192893401
0 0.5442857142857143 0.19606598984771573 0.005714285714285714 0.01649746192893401
0 0.6035714285714285 0.07931472081218274 0.005714285714285714 0.013959390862944163
0 0.5060714285714286 0.16624365482233502 0.007857142857142858 0.017766497461928935
0 0.5057142857142857 0.15926395939086294 0.007142857142857143 0.01903553299492386
0 0.5403571428571429 0.15355329949238578 0.007857142857142858 0.025380710659898477
0 0.5471428571428572 0.15418781725888325 0.004285714285714286 0.01649746192893401
0 0.5325 0.7373096446700508 0.009285714285714286 0.03299492385786802