3 0.4979123173277662 0.7871057513914657 0.029227557411273485 0.10853432282003711
3 0.5420146137787056 0.8487940630797773 0.03496868475991649 0.09647495361781076
3 0.5480167014613778 0.362708719851577 0.022964509394572025 0.04452690166975881
3 0.7032881002087683 0.6498144712430427 0.06419624217118998 0.05473098330241188
3 0.6957202505219207 0.5871985157699443 0.049060542797494784 0.04081632653061224
3 0.6599686847599165 0.28664192949907236 0.044363256784968684 0.03525046382189239
6 0.5887265135699373 0.7977736549165121 0.015657620041753653 0.05194805194805195
5 0.6223903966597077 0.7319109461966605 0.04749478079331942 0.20222634508348794
6 0.14796450939457204 0.7532467532467533 0.04018789144050104 0.04452690166975881
7 0.5701983298538622 0.48515769944341375 0.01826722338204593 0.06307977736549165
6 0.7387787056367432 0.9819109461966605 0.05793319415448852 0.03432282003710575
9 0.7800104384133612 0.9346011131725418 0.02139874739039666 0.041743970315398886
0 0.7870563674321504 0.7820037105751392 0.009394572025052192 0.022263450834879406
5 0.6208246346555324 0.04406307977736549 0.030793319415448852 0.02504638218923933
6 0.7103340292275574 0.5417439703153989 0.037578288100208766 0.029684601113172542
6 0.6672755741127349 0.2523191094619666 0.01722338204592902 0.03153988868274583
9 0.6589248434237995 0.12105751391465677 0.01722338204592902 0.015769944341372914
5 0.56758872651357 0.6178107606679035 0.01826722338204593 0.055658627087198514
6 0.27244258872651356 0.7648423005565863 0.04175365344467641 0.04359925788497217
0 0.34055323590814196 0.937847866419295 0.008872651356993737 0.04081632653061224