3 0.2695720250521921 0.936456400742115 0.05167014613778706 0.12523191094619665
5 0.4459812108559499 0.9461966604823747 0.03496868475991649 0.10575139146567718
1 0.1704070981210856 0.6461038961038961 0.012004175365344467 0.02504638218923933
9 0.1704070981210856 0.6539888682745826 0.015135699373695199 0.03710575139146568
1 0.3397703549060543 0.4049165120593692 0.008350730688935281 0.02504638218923933
9 0.33924843423799583 0.4095547309833024 0.008350730688935281 0.026901669758812616
9 0.27426931106471814 0.3205009276437848 0.010960334029227558 0.023191094619666047
9 0.33194154488517746 0.30241187384044527 0.013569937369519834 0.02040816326530612
2 0.3389874739039666 0.27968460111317256 0.013048016701461378 0.017625231910946195
2 0.33846555323590816 0.2764378478664193 0.013048016701461378 0.01855287569573284
7 0.3781315240083507 0.23515769944341372 0.013048016701461378 0.030612244897959183
9 0.3650835073068894 0.20454545454545456 0.007828810020876827 0.021335807050092765
9 0.36873695198329853 0.18552875695732837 0.013048016701461378 0.01855287569573284
1 0.3736951983298539 0.19202226345083487 0.0041753653444676405 0.0074211502782931356
9 0.37656576200417535 0.1590909090909091 0.012004175365344467 0.013914656771799629
9 0.4091858037578288 0.20593692022263452 0.006263048016701462 0.016697588126159554
1 0.4091858037578288 0.20037105751391465 0.006263048016701462 0.016697588126159554
6 0.4034446764091858 0.15166975881261596 0.010438413361169102 0.026901669758812616
1 0.40396659707724425 0.1549165120593692 0.006263048016701462 0.014842300556586271
6 0.37891440501043844 0.1442486085343228 0.018789144050104383 0.017625231910946195
7 0.38308977035490605 0.12894248608534323 0.010438413361169102 0.02411873840445269
0 0.3509916492693111 0.14192949907235622 0.006784968684759917 0.01855287569573284
0 0.354384133611691 0.1349721706864564 0.005219206680584551 0.01020408163265306
0 0.3598643006263048 0.11595547309833024 0.004697286012526096 0.012987012987012988
0 0.4057933194154488 0.10064935064935066 0.0036534446764091857 0.017625231910946195
0 0.4091858037578288 0.10296846011131726 0.0041753653444676405 0.01855287569573284
3 0.3637787056367432 0.09693877551020408 0.019832985386221295 0.01948051948051948
1 0.37552192066805845 0.10018552875695733 0.004697286012526096 0.014842300556586271
9 0.3752609603340292 0.10296846011131726 0.0041753653444676405 0.014842300556586271
7 0.38648225469728603 0.10760667903525047 0.013048016701461378 0.02040816326530612
6 0.380741127348643 0.10064935064935066 0.007828810020876827 0.023191094619666047
1 0.41414405010438415 0.11966604823747681 0.004697286012526096 0.016697588126159554
1 0.4136221294363257 0.10435992578849722 0.004697286012526096 0.013914656771799629
1 0.38517745302713985 0.08534322820037106 0.005219206680584551 0.014842300556586271
9 0.3846555323590814 0.08812615955473098 0.005219206680584551 0.012987012987012988
9 0.41388308977035493 0.10853432282003711 0.005219206680584551 0.012987012987012988
9 0.41414405010438415 0.12198515769944342 0.004697286012526096 0.013914656771799629
0 0.3786534446764092 0.0862708719851577 0.0036534446764091857 0.014842300556586271
0 0.3794363256784969 0.08302411873840446 0.0041753653444676405 0.015769944341372914
7 0.392223382045929 0.06679035250463822 0.008872651356993737 0.02040816326530612
2 0.40970772442588727 0.05194805194805195 0.007306889352818371 0.011131725417439703
9 0.3817849686847599 0.05333951762523191 0.004697286012526096 0.012059369202226345
9 0.3862212943632568 0.037569573283859 0.006263048016701462 0.01020408163265306
1 0.42667014613778703 0.044990723562152134 0.0036534446764091857 0.013914656771799629
1 0.4326722338204593 0.026901669758812616 0.0041753653444676405 0.011131725417439703
9 0.42719206680584554 0.048701298701298704 0.0036534446764091857 0.012059369202226345
9 0.4326722338204593 0.030148423005565864 0.0041753653444676405 0.01020408163265306
1 0.418580375782881 0.036641929499072357 0.0041753653444676405 0.01020408163265306
6 0.4164926931106472 0.023191094619666047 0.009394572025052192 0.012987012987012988
7 0.4365866388308977 0.016697588126159554 0.007828810020876827 0.016697588126159554
3 0.4514613778705637 0.025974025974025976 0.011482254697286013 0.02040816326530612
3 0.44650313152400833 0.16929499072356216 0.016179540709812108 0.026901669758812616
5 0.46320459290187893 0.050556586270871985 0.01826722338204593 0.05102040816326531
3 0.49739039665970775 0.08812615955473098 0.012526096033402923 0.02411873840445269
9 0.5206158663883089 0.006493506493506494 0.0036534446764091857 0.00927643784786642
1 0.5206158663883089 0.004174397031539889 0.0036534446764091857 0.008348794063079777
1 0.5211377870563675 0.1660482374768089 0.004697286012526096 0.016697588126159554
9 0.5208768267223383 0.1702226345083488 0.0041753653444676405 0.015769944341372914
0 0.5313152400835073 0.14656771799628943 0.003131524008350731 0.02040816326530612
0 0.5339248434237995 0.16326530612244897 0.0041753653444676405 0.02411873840445269
6 0.471294363256785 0.18228200371057515 0.021920668058455117 0.075139146567718
3 0.42458246346555323 0.24582560296846012 0.019311064718162838 0.03710575139146568
3 0.4214509394572025 0.33487940630797774 0.02035490605427975 0.05194805194805195
3 0.4418058455114823 0.4819109461966605 0.02244258872651357 0.04916512059369202
3 0.4157098121085595 0.7319109461966605 0.03288100208768267 0.09276437847866419
0 0.6338726513569938 0.922077922077922 0.009916492693110648 0.03896103896103896
0 0.622651356993737 0.7806122448979592 0.011482254697286013 0.03432282003710575
0 0.627348643006263 0.7096474953617811 0.010438413361169102 0.03710575139146568
6 0.6242171189979123 0.9346011131725418 0.03966597077244259 0.04730983302411874
0 0.9003131524008351 0.1767161410018553 0.005219206680584551 0.021335807050092765
0 0.8924843423799582 0.17578849721706866 0.005219206680584551 0.01948051948051948
0 0.8812630480167014 0.21846011131725418 0.0036534446764091857 0.021335807050092765
0 0.8663883089770354 0.2193877551020408 0.005219206680584551 0.015769944341372914
0 0.8710855949895616 0.21846011131725418 0.005219206680584551 0.01948051948051948
8 0.8301148225469729 0.19294990723562153 0.07150313152400835 0.05009276437847866
5 0.7406054279749478 0.18506493506493507 0.038622129436325675 0.0287569573283859
0 0.6508350730688935 0.19387755102040816 0.006263048016701462 0.022263450834879406
9 0.6706680584551148 0.14332096474953618 0.009394572025052192 0.021335807050092765
0 0.6495302713987474 0.07792207792207792 0.004697286012526096 0.014842300556586271
6 0.6328288100208769 0.07792207792207792 0.016179540709812108 0.02040816326530612
3 0.6411795407098121 0.18042671614100186 0.027661795407098122 0.023191094619666047
3 0.6338726513569938 0.16651205936920221 0.027661795407098122 0.02504638218923933
7 0.6328288100208769 0.1549165120593692 0.019311064718162838 0.022263450834879406
7 0.6294363256784968 0.14285714285714285 0.020876826722338204 0.025974025974025976
3 0.6223903966597077 0.12105751391465677 0.02661795407098121 0.023191094619666047
3 0.6197807933194155 0.11410018552875696 0.02348643006263048 0.02040816326530612
3 0.6174321503131524 0.10157699443413729 0.021920668058455117 0.023191094619666047
3 0.5858559498956158 0.08024118738404452 0.02035490605427975 0.023191094619666047
3 0.5887265135699373 0.1725417439703154 0.027139874739039668 0.02411873840445269
3 0.5793319415448852 0.16465677179962895 0.027139874739039668 0.023191094619666047
3 0.5743736951983298 0.14981447124304267 0.02661795407098121 0.0287569573283859
3 0.5717640918580376 0.1280148423005566 0.02348643006263048 0.02040816326530612
3 0.5683716075156576 0.12152133580705009 0.021920668058455117 0.022263450834879406
3 0.5691544885177453 0.1062152133580705 0.02348643006263048 0.023191094619666047
3 0.5618475991649269 0.06261595547309833 0.013048016701461378 0.015769944341372914
9 0.5407098121085595 0.050556586270871985 0.0041753653444676405 0.012059369202226345
1 0.5404488517745303 0.046846011131725415 0.0036534446764091857 0.012059369202226345
3 0.5555845511482255 0.02736549165120594 0.019311064718162838 0.015769944341372914
3 0.555062630480167 0.019944341372912802 0.01722338204592902 0.013914656771799629
3 0.6012526096033403 0.03525046382189239 0.021920668058455117 0.02040816326530612
3 0.596294363256785 0.026901669758812616 0.019311064718162838 0.014842300556586271