3 0.052142857142857144 0.7798223350253807 0.032857142857142856 0.02918781725888325
3 0.195 0.7227157360406091 0.02857142857142857 0.04949238578680203
3 0.22107142857142856 0.7258883248730964 0.027857142857142858 0.030456852791878174
3 0.2567857142857143 0.7151015228426396 0.029285714285714286 0.024111675126903553
3 0.32821428571428574 0.7055837563451777 0.027857142857142858 0.02284263959390863
3 0.38142857142857145 0.7112944162436549 0.02857142857142857 0.024111675126903553
5 0.4275 0.7525380710659898 0.04071428571428572 0.03299492385786802
3 0.4675 0.7557106598984772 0.02642857142857143 0.02918781725888325
3 0.6017857142857143 0.6846446700507615 0.015 0.04949238578680203
3 0.5785714285714286 0.31789340101522845 0.015714285714285715 0.05710659898477157
3 0.5689285714285715 0.16624365482233502 0.016428571428571428 0.0532994923857868
5 0.58 0.02982233502538071 0.018571428571428572 0.05964467005076142
5 0.7110714285714286 0.8591370558375635 0.06357142857142857 0.04060913705583756
3 0.7592857142857142 0.858502538071066 0.02857142857142857 0.021573604060913704
3 0.7957142857142857 0.8623096446700508 0.025714285714285714 0.01903553299492386
3 0.8110714285714286 0.8870558375634517 0.03214285714285714 0.02284263959390863
3 0.7603571428571428 0.9168781725888325 0.030714285714285715 0.0266497461928934
3 0.7889285714285714 0.9549492385786802 0.035 0.02918781725888325
3 0.8235714285714286 0.9549492385786802 0.03142857142857143 0.0266497461928934
3 0.8582142857142857 0.9498730964467005 0.030714285714285715 0.02918781725888325
3 0.8939285714285714 0.9454314720812182 0.027857142857142858 0.025380710659898477
3 0.8442857142857143 0.9187817258883249 0.027142857142857142 0.025380710659898477
3 0.9132142857142858 0.9086294416243654 0.030714285714285715 0.025380710659898477
3 0.9253571428571429 0.9397208121827412 0.03214285714285714 0.02918781725888325
4 0.9617857142857142 0.934010152284264 0.03357142857142857 0.027918781725888325
3 0.9889285714285714 0.9251269035532995 0.02214285714285714 0.027918781725888325
3 0.95 0.8534263959390863 0.022857142857142857 0.031725888324873094
3 0.9810714285714286 0.8362944162436549 0.03214285714285714 0.027918781725888325