3 0.7737473903966597 0.6136363636363636 0.04123173277661795 0.041743970315398886
3 0.8115866388308977 0.6006493506493507 0.03444676409185804 0.041743970315398886
3 0.7249478079331941 0.963821892393321 0.059498956158663886 0.06679035250463822
6 0.6894572025052192 0.9021335807050093 0.04801670146137787 0.06029684601113173
6 0.6944154488517745 0.8636363636363636 0.03288100208768267 0.03153988868274583
3 0.44337160751565763 0.8492578849721707 0.04540709812108559 0.05102040816326531
3 0.5007828810020877 0.8256029684601113 0.05271398747390397 0.04823747680890538
9 0.7111169102296451 0.5333951762523191 0.01722338204592902 0.016697588126159554
3 0.40396659707724425 0.5923005565862709 0.025052192066805846 0.0640074211502783
3 0.3859603340292276 0.4717068645640074 0.019311064718162838 0.04730983302411874
7 0.38413361169102295 0.424860853432282 0.011482254697286013 0.04081632653061224
7 0.3948329853862213 0.3112244897959184 0.02244258872651357 0.030612244897959183
4 0.41701461377870563 0.3051948051948052 0.027139874739039668 0.029684601113172542
3 0.2664405010438413 0.37894248608534326 0.0360125260960334 0.032467532467532464
7 0.2862734864300626 0.5449907235621522 0.024530271398747392 0.032467532467532464
3 0.3144572025052192 0.4907235621521336 0.02035490605427975 0.05009276437847866
3 0.2766179540709812 0.49211502782931354 0.04384133611691023 0.036178107606679034
3 0.28340292275574114 0.45964749536178107 0.04384133611691023 0.032467532467532464
3 0.2755741127348643 0.4397031539888683 0.04175365344467641 0.027829313543599257
3 0.2745302713987474 0.5867346938775511 0.04801670146137787 0.039888682745825604
3 0.28366388308977036 0.6168831168831169 0.04645093945720251 0.04452690166975881
3 0.2852296450939457 0.6897031539888683 0.04645093945720251 0.04359925788497217
3 0.278705636743215 0.7314471243042672 0.05741127348643006 0.045454545454545456
5 0.25835073068893527 0.8014842300556586 0.0709812108559499 0.09647495361781076
3 0.028183716075156576 0.17578849721706866 0.03444676409185804 0.023191094619666047
3 0.22338204592901878 0.14471243042671614 0.029227557411273485 0.022263450834879406
3 0.21189979123173278 0.05241187384044527 0.022964509394572025 0.01948051948051948
5 0.3248956158663883 0.027829313543599257 0.027661795407098122 0.055658627087198514
3 0.5931628392484343 0.08024118738404452 0.02348643006263048 0.01948051948051948
3 0.6179540709812108 0.07792207792207792 0.022964509394572025 0.01855287569573284
3 0.7847077244258872 0.04730983302411874 0.016179540709812108 0.014842300556586271
3 0.8032359081419624 0.045454545454545456 0.019832985386221295 0.016697588126159554
3 0.8228079331941545 0.041280148423005564 0.01826722338204593 0.015769944341372914
3 0.8426409185803758 0.03942486085343228 0.02139874739039666 0.017625231910946195
3 0.8682150313152401 0.03385899814471243 0.02139874739039666 0.015769944341372914