8 0.6044117647058823 0.9483660130718954 0.06323529411764706 0.10326797385620914
3 0.5191176470588236 0.954248366013072 0.039705882352941174 0.0915032679738562
3 0.6018382352941176 0.8660130718954249 0.03897058823529412 0.09542483660130718
3 0.44779411764705884 0.7849673202614379 0.03676470588235294 0.11895424836601307
3 0.36580882352941174 0.777124183006536 0.04338235294117647 0.11895424836601307
3 0.5404411764705882 0.7032679738562092 0.039705882352941174 0.09411764705882353
1 0.5823529411764706 0.611764705882353 0.010294117647058823 0.036601307189542485
9 0.5830882352941177 0.6202614379084967 0.013235294117647059 0.032679738562091505
3 0.5102941176470588 0.5555555555555556 0.025 0.06274509803921569
3 0.5426470588235294 0.5248366013071896 0.026470588235294117 0.058823529411764705
3 0.5161764705882353 0.4830065359477124 0.022058823529411766 0.050980392156862744
3 0.3360294117647059 0.4522875816993464 0.026470588235294117 0.06013071895424837
3 0.37683823529411764 0.4189542483660131 0.02426470588235294 0.048366013071895426
3 0.4632352941176471 0.4300653594771242 0.027941176470588237 0.06013071895424837
3 0.51875 0.39673202614379083 0.0375 0.058823529411764705
3 0.5599264705882353 0.4594771241830065 0.04632352941176471 0.058823529411764705
3 0.4764705882352941 0.2908496732026144 0.01911764705882353 0.050980392156862744
4 0.4514705882352941 0.24248366013071895 0.01764705882352941 0.0457516339869281
3 0.48125 0.23660130718954248 0.015441176470588236 0.044444444444444446
3 0.39191176470588235 0.169281045751634 0.01764705882352941 0.030065359477124184
1 0.44227941176470587 0.14313725490196078 0.006617647058823529 0.0196078431372549
9 0.44080882352941175 0.1522875816993464 0.006617647058823529 0.01699346405228758
3 0.4742647058823529 0.1111111111111111 0.010294117647058823 0.02875816993464052
4 0.5102941176470588 0.042483660130718956 0.011764705882352941 0.02483660130718954
3 0.48051470588235295 0.00522875816993464 0.008088235294117648 0.01045751633986928
3 0.5345588235294118 0.004575163398692811 0.010294117647058823 0.009150326797385621
3 0.5430147058823529 0.024183006535947713 0.009558823529411765 0.0196078431372549
0 0.5360294117647059 0.0457516339869281 0.004411764705882353 0.018300653594771243
3 0.5466911764705882 0.048366013071895426 0.0125 0.02091503267973856
3 0.5419117647058823 0.0803921568627451 0.014705882352941176 0.02483660130718954
3 0.5426470588235294 0.13856209150326798 0.01764705882352941 0.03137254901960784
3 0.5639705882352941 0.2496732026143791 0.022058823529411766 0.036601307189542485
3 0.5794117647058824 0.2901960784313726 0.020588235294117647 0.0392156862745098
3 0.64375 0.5019607843137255 0.06102941176470588 0.04967320261437908
3 0.7724264705882353 0.5130718954248366 0.06397058823529411 0.05359477124183006
3 0.63125 0.41568627450980394 0.04191176470588235 0.04183006535947712
3 0.6286764705882353 0.35228758169934643 0.047058823529411764 0.032679738562091505
3 0.6275735294117647 0.3281045751633987 0.04779411764705882 0.03137254901960784
3 0.6264705882352941 0.2647058823529412 0.041176470588235294 0.032679738562091505
3 0.6316176470588235 0.24640522875816995 0.033823529411764704 0.027450980392156862
3 0.6176470588235294 0.21633986928104576 0.03235294117647059 0.027450980392156862
3 0.6150735294117647 0.2 0.03897058823529412 0.02091503267973856
4 0.6132352941176471 0.18104575163398692 0.039705882352941174 0.02483660130718954
3 0.6066176470588235 0.16470588235294117 0.03235294117647059 0.018300653594771243
3 0.6029411764705882 0.15163398692810456 0.029411764705882353 0.023529411764705882
3 0.6022058823529411 0.13660130718954247 0.03529411764705882 0.027450980392156862
3 0.5959558823529412 0.11568627450980393 0.027205882352941177 0.027450980392156862
3 0.5875 0.08496732026143791 0.027941176470588237 0.018300653594771243
3 0.5845588235294118 0.07320261437908497 0.026470588235294117 0.018300653594771243
3 0.5764705882352941 0.05228758169934641 0.026470588235294117 0.01568627450980392
3 0.5735294117647058 0.04183006535947712 0.023529411764705882 0.01568627450980392
4 0.5742647058823529 0.03333333333333333 0.027941176470588237 0.0196078431372549
4 0.5790441176470589 0.024183006535947713 0.021323529411764706 0.0196078431372549
3 0.5735294117647058 0.01699346405228758 0.025 0.018300653594771243
3 0.5661764705882353 0.00849673202614379 0.022058823529411766 0.01437908496732026
4 0.61875 0.01568627450980392 0.022794117647058822 0.02091503267973856
0 0.6154411764705883 0.0392156862745098 0.0029411764705882353 0.02091503267973856
0 0.5988970588235294 0.049019607843137254 0.003676470588235294 0.01699346405228758
0 0.6036764705882353 0.04771241830065359 0.004411764705882353 0.0196078431372549
0 0.6066176470588235 0.03725490196078431 0.004411764705882353 0.01699346405228758
3 0.6669117647058823 0.1568627450980392 0.033823529411764704 0.02875816993464052
3 0.6338235294117647 0.05228758169934641 0.026470588235294117 0.018300653594771243
0 0.6400735294117647 0.1 0.005147058823529412 0.022222222222222223
1 0.6985294117647058 0.1784313725490196 0.004411764705882353 0.011764705882352941
3 0.9319852941176471 0.5169934640522876 0.05073529411764706 0.048366013071895426
0 0.8683823529411765 0.6111111111111112 0.0058823529411764705 0.0196078431372549
0 0.8742647058823529 0.6143790849673203 0.008823529411764706 0.0392156862745098
1 0.955514705882353 0.6091503267973856 0.0125 0.026143790849673203
9 0.9558823529411765 0.6215686274509804 0.01911764705882353 0.040522875816993466
1 0.9816176470588235 0.5581699346405229 0.007352941176470588 0.018300653594771243
3 0.8775735294117647 0.3784313725490196 0.03161764705882353 0.0457516339869281
3 0.8996323529411765 0.3738562091503268 0.03602941176470588 0.047058823529411764
3 0.9238970588235295 0.373202614379085 0.03455882352941177 0.043137254901960784
3 0.9511029411764705 0.3718954248366013 0.04044117647058824 0.05359477124183006
3 0.9735294117647059 0.3673202614379085 0.039705882352941174 0.047058823529411764
3 0.9897058823529412 0.36666666666666664 0.020588235294117647 0.050980392156862744