3 0.07071428571428572 0.8864213197969543 0.032857142857142856 0.04187817258883249
3 0.06928571428571428 0.8692893401015228 0.03571428571428571 0.03553299492385787
3 0.06107142857142857 0.8578680203045685 0.03357142857142857 0.04060913705583756
3 0.05178571428571429 0.8248730964467005 0.035 0.03807106598984772
4 0.12571428571428572 0.7804568527918782 0.03571428571428571 0.048223350253807105
3 0.11678571428571428 0.7690355329949239 0.030714285714285715 0.03807106598984772
3 0.11 0.758248730964467 0.03142857142857143 0.04187817258883249
3 0.10464285714285715 0.7455583756345178 0.03214285714285714 0.03934010152284264
3 0.09 0.7138324873096447 0.03 0.03426395939086294
3 0.05357142857142857 0.6795685279187818 0.02 0.031725888324873094
3 0.03428571428571429 0.6567258883248731 0.018571428571428572 0.02918781725888325
4 0.48678571428571427 0.9619289340101523 0.02214285714285714 0.06345177664974619
3 0.4692857142857143 0.8699238578680203 0.017142857142857144 0.03680203045685279
3 0.5039285714285714 0.7081218274111675 0.015 0.03299492385786802
3 0.5375 0.6719543147208121 0.013571428571428571 0.03680203045685279
4 0.5878571428571429 0.5475888324873096 0.01 0.03426395939086294
3 0.6032142857142857 0.43591370558375636 0.009285714285714286 0.024111675126903553
5 0.5135714285714286 0.46256345177664976 0.011428571428571429 0.03426395939086294
3 0.5253571428571429 0.4276649746192893 0.009285714285714286 0.017766497461928935
3 0.42428571428571427 0.6040609137055838 0.011428571428571429 0.025380710659898477
3 0.4421428571428571 0.5450507614213198 0.01 0.024111675126903553
5 0.42857142857142855 0.4270304568527919 0.012857142857142857 0.03934010152284264
8 0.4110714285714286 0.2880710659898477 0.015 0.050761421319796954
3 0.5142857142857142 0.3248730964467005 0.008571428571428572 0.012690355329949238
4 0.49964285714285717 0.30456852791878175 0.007857142857142858 0.017766497461928935
5 0.5078571428571429 0.29251269035532995 0.01 0.021573604060913704
5 0.4328571428571429 0.13451776649746192 0.01 0.017766497461928935
3 0.5735714285714286 0.3166243654822335 0.008571428571428572 0.013959390862944163
3 0.5846428571428571 0.3210659898477157 0.007857142857142858 0.015228426395939087
3 0.5625 0.27220812182741116 0.007857142857142858 0.013959390862944163
3 0.54 0.18274111675126903 0.007142857142857143 0.012690355329949238
5 0.6485714285714286 0.11611675126903553 0.017142857142857144 0.01649746192893401
5 0.7128571428571429 0.12436548223350254 0.02142857142857143 0.017766497461928935
5 0.7553571428571428 0.13959390862944163 0.020714285714285713 0.015228426395939087
5 0.7689285714285714 0.1446700507614213 0.017857142857142856 0.015228426395939087
5 0.7803571428571429 0.15038071065989847 0.019285714285714285 0.01903553299492386
3 0.5471428571428572 0.06662436548223351 0.007142857142857143 0.006345177664974619
3 0.5882142857142857 0.04949238578680203 0.0064285714285714285 0.007614213197969543
3 0.6325 0.03426395939086294 0.0064285714285714285 0.007614213197969543