5 0.16988517745302714 0.5264378478664193 0.04123173277661795 0.0640074211502783
5 0.20798538622129437 0.5282931354359925 0.038100208768267224 0.06215213358070501
6 0.3058455114822547 0.7179962894248608 0.061586638830897704 0.0686456400742115
0 0.42275574112734865 0.3228200371057514 0.006263048016701462 0.025974025974025976
7 0.4198851774530271 0.33163265306122447 0.02035490605427975 0.041743970315398886
3 0.44572025052192066 0.37059369202226344 0.022964509394572025 0.05287569573283859
3 0.477035490605428 0.37430426716141 0.021920668058455117 0.04359925788497217
6 0.6482254697286013 0.8089053803339518 0.07724425887265135 0.08905380333951762
6 0.6317849686847599 0.7504638218923934 0.06210855949895616 0.059369202226345084
7 0.7625260960334029 0.8353432282003711 0.07620041753653445 0.08812615955473098
3 0.8460334029227558 0.8024118738404453 0.0709812108559499 0.12987012987012986
3 0.8977035490605428 0.8070500927643784 0.07933194154488518 0.1261595547309833
9 0.7593945720250522 0.47912801484230055 0.024008350730688934 0.02504638218923933
9 0.7513048016701461 0.45964749536178107 0.02139874739039666 0.0287569573283859
0 0.6067327766179541 0.4202226345083488 0.009916492693110648 0.03896103896103896
3 0.6127348643006263 0.4294990723562152 0.032359081419624215 0.04638218923933209
3 0.5720250521920668 0.4582560296846011 0.027139874739039668 0.05194805194805195
3 0.5678496868475992 0.40213358070500926 0.019832985386221295 0.039888682745825604
9 0.7019832985386222 0.34461966604823746 0.014613778705636743 0.01948051948051948
0 0.6390918580375783 0.325139146567718 0.009916492693110648 0.0287569573283859
0 0.6278705636743215 0.3320964749536178 0.007306889352818371 0.025974025974025976
9 0.6223903966597077 0.3534322820037106 0.005741127348643006 0.02040816326530612
1 0.6166492693110647 0.3673469387755102 0.005741127348643006 0.02040816326530612
9 0.6150835073068893 0.36595547309833026 0.007828810020876827 0.023191094619666047
9 0.5996868475991649 0.37244897959183676 0.007306889352818371 0.026901669758812616
9 0.5709812108559499 0.36131725417439703 0.011482254697286013 0.023191094619666047
9 0.5921189979123174 0.35667903525046385 0.009916492693110648 0.023191094619666047
9 0.5882045929018789 0.3362708719851577 0.010438413361169102 0.02504638218923933
9 0.600991649269311 0.3390538033395176 0.009916492693110648 0.026901669758812616
1 0.6069937369519833 0.3334879406307978 0.006263048016701462 0.026901669758812616
1 0.6096033402922756 0.3293135435992579 0.006263048016701462 0.025974025974025976
9 0.613517745302714 0.3344155844155844 0.006784968684759917 0.023191094619666047
9 0.6069937369519833 0.33487940630797774 0.008350730688935281 0.022263450834879406
0 0.6456158663883089 0.2782931354359926 0.005219206680584551 0.02411873840445269
2 0.6497912317327766 0.2653061224489796 0.006263048016701462 0.01855287569573284
4 0.5981210855949896 0.30844155844155846 0.018789144050104383 0.045454545454545456
7 0.5151356993736952 0.3395176252319109 0.015657620041753653 0.04823747680890538
7 0.5341858037578288 0.35064935064935066 0.013048016701461378 0.03525046382189239
7 0.5328810020876826 0.37708719851576994 0.026096033402922755 0.05102040816326531
7 0.5078288100208769 0.44109461966604824 0.016701461377870562 0.05102040816326531
1 0.48068893528183715 0.3395176252319109 0.006263048016701462 0.025974025974025976
9 0.4814718162839248 0.3390538033395176 0.012004175365344467 0.02504638218923933
3 0.532098121085595 0.3209647495361781 0.02870563674321503 0.04638218923933209
0 0.5433194154488518 0.3172541743970315 0.006263048016701462 0.027829313543599257
0 0.5326200417536534 0.3051948051948052 0.006784968684759917 0.025974025974025976
0 0.5521920668058455 0.3144712430426716 0.006263048016701462 0.027829313543599257
0 0.5386221294363257 0.29684601113172543 0.0041753653444676405 0.02040816326530612
7 0.5474947807933194 0.3010204081632653 0.024008350730688934 0.032467532467532464
1 0.5521920668058455 0.36688311688311687 0.007306889352818371 0.023191094619666047
9 0.5529749478079332 0.36363636363636365 0.008872651356993737 0.025974025974025976
7 0.5219206680584552 0.5217996289424861 0.018789144050104383 0.05844155844155844
1 0.5441022964509394 0.5487012987012987 0.010960334029227558 0.032467532467532464
9 0.5448851774530271 0.5561224489795918 0.010438413361169102 0.036178107606679034
0 0.5655010438413361 0.6062152133580705 0.009916492693110648 0.04916512059369202
0 0.5647181628392485 0.614100185528757 0.008350730688935281 0.04823747680890538
1 0.5657620041753654 0.6048237476808905 0.006263048016701462 0.02411873840445269
1 0.552713987473904 0.6590909090909091 0.008350730688935281 0.030612244897959183
1 0.5477557411273486 0.674860853432282 0.006784968684759917 0.023191094619666047
1 0.5587160751565762 0.6711502782931354 0.010960334029227558 0.0287569573283859
1 0.5540187891440501 0.6892393320964749 0.008872651356993737 0.03153988868274583
0 0.5628914405010439 0.6716141001855288 0.010960334029227558 0.05194805194805195
9 0.46529227557411273 0.6442486085343229 0.015135699373695199 0.05287569573283859
0 0.5592379958246346 0.22959183673469388 0.005741127348643006 0.021335807050092765
0 0.5469728601252609 0.22866419294990722 0.005219206680584551 0.023191094619666047
6 0.5422755741127349 0.2277365491651206 0.024008350730688934 0.021335807050092765
6 0.5516701461377871 0.23283858998144713 0.012526096033402923 0.02411873840445269
6 0.5788100208768268 0.18738404452690166 0.010438413361169102 0.022263450834879406
0 0.5868997912317327 0.13636363636363635 0.004697286012526096 0.016697588126159554
0 0.5715031315240083 0.1414656771799629 0.003131524008350731 0.015769944341372914
9 0.5668058455114823 0.1437847866419295 0.005219206680584551 0.00927643784786642
9 0.5636743215031316 0.14192949907235622 0.006263048016701462 0.0074211502782931356
9 0.5414926931106472 0.1437847866419295 0.004697286012526096 0.011131725417439703
1 0.5417536534446764 0.14100185528756956 0.0041753653444676405 0.012987012987012988
1 0.5146137787056367 0.12430426716141002 0.003131524008350731 0.00927643784786642
6 0.5146137787056367 0.1284786641929499 0.006263048016701462 0.012059369202226345
3 0.4812108559498956 0.13543599257884972 0.012526096033402923 0.022263450834879406
3 0.49478079331941544 0.09461966604823747 0.012526096033402923 0.014842300556586271
3 0.45589770354906056 0.14749536178107606 0.01826722338204593 0.01855287569573284
3 0.4585073068893528 0.14471243042671614 0.024530271398747392 0.01855287569573284
3 0.4553757828810021 0.13358070500927643 0.009916492693110648 0.02040816326530612
9 0.4318893528183716 0.1906307977736549 0.008872651356993737 0.012059369202226345
9 0.4344989561586639 0.18692022263450836 0.009916492693110648 0.01020408163265306
4 0.3554279749478079 0.2894248608534323 0.019832985386221295 0.03896103896103896
0 0.3671711899791232 0.30612244897959184 0.006784968684759917 0.02411873840445269
3 0.38021920668058456 0.2829313543599258 0.01826722338204593 0.029684601113172542
1 0.3796972860125261 0.2634508348794063 0.006784968684759917 0.014842300556586271
1 0.38204592901878914 0.2625231910946197 0.005219206680584551 0.016697588126159554
9 0.3836116910229645 0.26669758812615957 0.012526096033402923 0.015769944341372914
9 0.4551148225469729 0.10482374768089053 0.006263048016701462 0.011131725417439703
3 0.5808977035490606 0.09972170686456401 0.018789144050104383 0.017625231910946195
3 0.5542797494780793 0.08719851576994433 0.009394572025052192 0.016697588126159554
4 0.5514091858037579 0.07931354359925788 0.009916492693110648 0.015769944341372914
7 0.5203549060542797 0.07792207792207792 0.006263048016701462 0.014842300556586271
3 0.4955636743215031 0.07189239332096475 0.012004175365344467 0.012059369202226345
3 0.49478079331941544 0.05705009276437848 0.008350730688935281 0.01020408163265306
6 0.5307933194154488 0.06447124304267161 0.005219206680584551 0.013914656771799629
1 0.5242693110647182 0.06029684601113173 0.0026096033402922755 0.0074211502782931356
6 0.5255741127348643 0.06215213358070501 0.006263048016701462 0.011131725417439703
0 0.524008350730689 0.04638218923933209 0.0020876826722338203 0.011131725417439703
3 0.5448851774530271 0.046846011131725415 0.006263048016701462 0.01020408163265306
0 0.5414926931106472 0.04359925788497217 0.0026096033402922755 0.00927643784786642
3 0.5375782881002088 0.02504638218923933 0.0041753653444676405 0.011131725417439703
1 0.5169624217118998 0.05194805194805195 0.0026096033402922755 0.00927643784786642
9 0.5167014613778705 0.05380333951762523 0.003131524008350731 0.00927643784786642
1 0.5133089770354906 0.032467532467532464 0.0015657620041753654 0.0074211502782931356
9 0.5133089770354906 0.034786641929499075 0.0026096033402922755 0.006493506493506494
7 0.5140918580375783 0.010667903525046383 0.003131524008350731 0.01020408163265306
6 0.5313152400835073 0.004174397031539889 0.010438413361169102 0.008348794063079777