4 0.4317857142857143 0.19860406091370558 0.12071428571428572 0.1434010152284264
4 0.7117857142857142 0.8445431472081218 0.12642857142857142 0.14593908629441624
4 0.7396428571428572 0.41053299492385786 0.07928571428571428 0.21446700507614214
4 0.6875 0.9276649746192893 0.135 0.14213197969543148
4 0.32857142857142857 0.8178934010152284 0.12285714285714286 0.15101522842639595
3 0.4546428571428571 0.11548223350253807 0.11785714285714285 0.1319796954314721
3 0.7728571428571429 0.20304568527918782 0.07142857142857142 0.20050761421319796
3 0.87 0.2982233502538071 0.08 0.2131979695431472
3 0.9275 0.3229695431472081 0.07357142857142857 0.22208121827411167
3 0.8264285714285714 0.4930203045685279 0.08142857142857143 0.2068527918781726
3 0.8814285714285715 0.5501269035532995 0.06857142857142857 0.1713197969543147
3 0.9367857142857143 0.5685279187817259 0.07642857142857143 0.19035532994923857
3 0.6264285714285714 0.34390862944162437 0.07285714285714286 0.19035532994923857
3 0.6810714285714285 0.3769035532994924 0.065 0.17766497461928935
3 0.8307142857142857 0.9168781725888325 0.11857142857142858 0.13324873096446702
3 0.49607142857142855 0.6865482233502538 0.12357142857142857 0.1446700507614213
3 0.4810714285714286 0.8026649746192893 0.12071428571428572 0.14593908629441624
3 0.45357142857142857 0.9029187817258884 0.12142857142857143 0.1281725888324873
3 0.4332142857142857 0.9657360406091371 0.115 0.06598984771573604
3 0.29464285714285715 0.9682741116751269 0.11642857142857142 0.06091370558375635
3 0.055357142857142855 0.9644670050761421 0.11071428571428571 0.06345177664974619
3 0.31464285714285717 0.916243654822335 0.11642857142857142 0.12436548223350254
3 0.3632142857142857 0.7157360406091371 0.115 0.1319796954314721
3 0.37535714285714283 0.6078680203045685 0.11785714285714285 0.13959390862944163
3 0.15071428571428572 0.4600253807106599 0.1 0.11802030456852793
3 0.13535714285714287 0.5818527918781726 0.12928571428571428 0.13578680203045684
3 0.11142857142857143 0.6884517766497462 0.13428571428571429 0.13578680203045684
3 0.09071428571428572 0.800761421319797 0.14857142857142858 0.13451776649746192
3 0.06535714285714286 0.8870558375634517 0.12928571428571428 0.09390862944162437
0 0.375 0.35786802030456855 0.018571428571428572 0.030456852791878174
3 0.9775 0.35786802030456855 0.045 0.21065989847715735