3 0.4682142857142857 0.8210659898477157 0.017857142857142856 0.05583756345177665
3 0.5435714285714286 0.8096446700507615 0.041428571428571426 0.03807106598984772
3 0.5582142857142857 0.942258883248731 0.020714285714285713 0.07487309644670051
3 0.5460714285714285 0.868020304568528 0.04357142857142857 0.04568527918781726
3 0.6375 0.876269035532995 0.04357142857142857 0.03426395939086294
3 0.6557142857142857 0.9543147208121827 0.04428571428571428 0.03299492385786802
3 0.6271428571428571 0.6802030456852792 0.037142857142857144 0.027918781725888325
3 0.5339285714285714 0.5044416243654822 0.030714285714285715 0.024111675126903553
3 0.6107142857142858 0.5831218274111675 0.032857142857142856 0.0266497461928934
3 0.5757142857142857 0.38451776649746194 0.011428571428571429 0.027918781725888325
3 0.5921428571428572 0.3864213197969543 0.011428571428571429 0.02918781725888325
3 0.5678571428571428 0.34517766497461927 0.022857142857142857 0.02030456852791878
3 0.51 0.39593908629441626 0.008571428571428572 0.027918781725888325
3 0.4975 0.3286802030456853 0.010714285714285714 0.02030456852791878
3 0.48035714285714287 0.31852791878172587 0.009285714285714286 0.02284263959390863
3 0.48928571428571427 0.24111675126903553 0.008571428571428572 0.02030456852791878
3 0.045 0.19796954314720813 0.018571428571428572 0.012690355329949238
3 0.05821428571428571 0.18908629441624367 0.013571428571428571 0.017766497461928935
3 0.06821428571428571 0.18210659898477158 0.013571428571428571 0.01649746192893401
3 0.075 0.1751269035532995 0.014285714285714285 0.015228426395939087
3 0.08178571428571428 0.17068527918781726 0.013571428571428571 0.013959390862944163
3 0.08928571428571429 0.15926395939086294 0.017142857142857144 0.01649746192893401
3 0.5078571428571429 0.006345177664974619 0.005714285714285714 0.01015228426395939
3 0.5253571428571429 0.010786802030456852 0.005 0.008883248730964468
3 0.5082142857142857 0.023477157360406092 0.005 0.008883248730964468
3 0.5060714285714286 0.041243654822335024 0.005 0.008883248730964468
3 0.5064285714285715 0.03362944162436548 0.005714285714285714 0.008883248730964468
3 0.4878571428571429 0.04631979695431472 0.005714285714285714 0.008883248730964468
3 0.4967857142857143 0.08819796954314721 0.007857142857142858 0.011421319796954314
3 0.4825 0.08819796954314721 0.0064285714285714285 0.011421319796954314
3 0.5114285714285715 0.08121827411167512 0.012857142857142857 0.012690355329949238
3 0.4592857142857143 0.12309644670050761 0.014285714285714285 0.01015228426395939
3 0.46785714285714286 0.06535532994923858 0.012857142857142857 0.011421319796954314
3 0.455 0.14720812182741116 0.014285714285714285 0.015228426395939087
3 0.4542857142857143 0.13578680203045684 0.014285714285714285 0.012690355329949238
3 0.44642857142857145 0.16687817258883247 0.015714285714285715 0.011421319796954314
3 0.4475 0.17639593908629442 0.015 0.012690355329949238
3 0.44357142857142856 0.20050761421319796 0.007142857142857143 0.017766497461928935
3 0.43392857142857144 0.27093908629441626 0.017857142857142856 0.01649746192893401
3 0.43535714285714283 0.26078680203045684 0.016428571428571428 0.01649746192893401
3 0.43785714285714283 0.2512690355329949 0.018571428571428572 0.017766497461928935
3 0.42607142857142855 0.3102791878172589 0.019285714285714285 0.01649746192893401
3 0.42857142857142855 0.34581218274111675 0.024285714285714285 0.01903553299492386
3 0.41964285714285715 0.35850253807106597 0.02214285714285714 0.021573604060913704
3 0.41035714285714286 0.38515228426395937 0.02642857142857143 0.021573604060913704
3 0.40464285714285714 0.42449238578680204 0.027857142857142858 0.01903553299492386
3 0.43607142857142855 0.3876903553299492 0.015 0.02918781725888325
4 0.49464285714285716 0.19543147208121828 0.007857142857142858 0.015228426395939087
3 0.5310714285714285 0.14276649746192893 0.016428571428571428 0.013959390862944163
3 0.5285714285714286 0.13388324873096447 0.015714285714285715 0.011421319796954314
3 0.5282142857142857 0.12690355329949238 0.013571428571428571 0.01015228426395939
3 0.5303571428571429 0.1218274111675127 0.013571428571428571 0.01015228426395939
3 0.5310714285714285 0.11548223350253807 0.013571428571428571 0.01015228426395939
3 0.5282142857142857 0.0901015228426396 0.013571428571428571 0.01015228426395939
3 0.5296428571428572 0.07360406091370558 0.013571428571428571 0.01015228426395939
3 0.5314285714285715 0.09961928934010152 0.014285714285714285 0.011421319796954314
3 0.5296428571428572 0.06472081218274112 0.013571428571428571 0.01015228426395939
3 0.5467857142857143 0.0983502538071066 0.0064285714285714285 0.011421319796954314
3 0.5542857142857143 0.09200507614213198 0.004285714285714286 0.008883248730964468
3 0.5867857142857142 0.0983502538071066 0.0064285714285714285 0.013959390862944163
3 0.5682142857142857 0.09137055837563451 0.015 0.012690355329949238
3 0.5932142857142857 0.07423857868020305 0.0064285714285714285 0.011421319796954314
3 0.5510714285714285 0.19796954314720813 0.012142857142857143 0.015228426395939087
3 0.5314285714285715 0.19416243654822335 0.017142857142857144 0.012690355329949238
3 0.5642857142857143 0.2626903553299492 0.02 0.015228426395939087
3 0.5471428571428572 0.3369289340101523 0.022857142857142857 0.01649746192893401
3 0.5639285714285714 0.29885786802030456 0.016428571428571428 0.013959390862944163
3 0.5853571428571429 0.29124365482233505 0.020714285714285713 0.013959390862944163
3 0.5853571428571429 0.28109137055837563 0.019285714285714285 0.01649746192893401
3 0.5871428571428572 0.3026649746192893 0.02142857142857143 0.01649746192893401
3 0.6053571428571428 0.3864213197969543 0.012142857142857143 0.02918781725888325
3 0.5660714285714286 0.07423857868020305 0.013571428571428571 0.008883248730964468
3 0.5667857142857143 0.07043147208121828 0.012142857142857143 0.008883248730964468
3 0.5660714285714286 0.06535532994923858 0.012142857142857143 0.008883248730964468
3 0.5603571428571429 0.060279187817258884 0.012142857142857143 0.008883248730964468
3 0.5628571428571428 0.10913705583756345 0.012857142857142857 0.007614213197969543
3 0.5642857142857143 0.11611675126903553 0.012857142857142857 0.008883248730964468
3 0.5646428571428571 0.1199238578680203 0.015 0.008883248730964468
3 0.565 0.125 0.014285714285714285 0.008883248730964468
3 0.5792857142857143 0.23857868020304568 0.02 0.017766497461928935
3 0.5785714285714286 0.2265228426395939 0.02 0.013959390862944163
3 0.5757142857142857 0.21446700507614214 0.018571428571428572 0.012690355329949238
3 0.575 0.21954314720812182 0.018571428571428572 0.015228426395939087
3 0.5735714285714286 0.2049492385786802 0.018571428571428572 0.013959390862944163
4 0.5707142857142857 0.19416243654822335 0.017142857142857144 0.012690355329949238
4 0.5739285714285715 0.2017766497461929 0.017857142857142856 0.015228426395939087
3 0.5675 0.18591370558375633 0.017857142857142856 0.011421319796954314
3 0.5703571428571429 0.17576142131979697 0.017857142857142856 0.013959390862944163
3 0.5696428571428571 0.17068527918781726 0.016428571428571428 0.011421319796954314
3 0.5653571428571429 0.15862944162436549 0.016428571428571428 0.012690355329949238
3 0.5721428571428572 0.15418781725888325 0.017142857142857144 0.011421319796954314
4 0.5682142857142857 0.1434010152284264 0.013571428571428571 0.01015228426395939
3 0.5678571428571428 0.1383248730964467 0.015714285714285715 0.007614213197969543
3 0.5671428571428572 0.13451776649746192 0.015714285714285715 0.012690355329949238
3 0.5721428571428572 0.25380710659898476 0.02 0.015228426395939087
4 0.5625 0.3083756345177665 0.015 0.017766497461928935
3 0.5289285714285714 0.20875634517766498 0.016428571428571428 0.013959390862944163
3 0.5310714285714285 0.18718274111675126 0.016428571428571428 0.013959390862944163
3 0.5310714285714285 0.22144670050761422 0.020714285714285713 0.013959390862944163
3 0.5332142857142858 0.2303299492385787 0.015 0.013959390862944163
3 0.5310714285714285 0.23857868020304568 0.020714285714285713 0.012690355329949238
3 0.5307142857142857 0.2468274111675127 0.02142857142857143 0.013959390862944163
3 0.5328571428571428 0.25380710659898476 0.02 0.015228426395939087
3 0.5317857142857143 0.2626903553299492 0.020714285714285713 0.015228426395939087
3 0.5328571428571428 0.2715736040609137 0.02 0.012690355329949238
3 0.5335714285714286 0.28109137055837563 0.022857142857142857 0.013959390862944163
5 0.5317857142857143 0.3020304568527919 0.03357142857142857 0.030456852791878174
5 0.5428571428571428 0.31789340101522845 0.032857142857142856 0.024111675126903553
3 0.55 0.3680203045685279 0.024285714285714285 0.02030456852791878
3 0.5539285714285714 0.38261421319796957 0.02642857142857143 0.01649746192893401
3 0.5503571428571429 0.4200507614213198 0.02642857142857143 0.015228426395939087
3 0.5510714285714285 0.42956852791878175 0.02642857142857143 0.01649746192893401
3 0.5510714285714285 0.4447969543147208 0.027857142857142858 0.021573604060913704
3 0.5342857142857143 0.4581218274111675 0.027142857142857142 0.02030456852791878
3 0.5325 0.4727157360406091 0.027857142857142858 0.021573604060913704
3 0.5357142857142857 0.4866751269035533 0.03 0.021573604060913704
4 0.5553571428571429 0.4022842639593909 0.023571428571428573 0.02284263959390863
3 0.5860714285714286 0.4733502538071066 0.030714285714285715 0.02030456852791878
3 0.5992857142857143 0.4612944162436548 0.03 0.021573604060913704
3 0.5946428571428571 0.4460659898477157 0.029285714285714286 0.01903553299492386
3 0.5939285714285715 0.4365482233502538 0.029285714285714286 0.017766497461928935
3 0.5978571428571429 0.4873096446700508 0.02857142857142857 0.02030456852791878
3 0.6003571428571428 0.5006345177664975 0.030714285714285715 0.024111675126903553
3 0.6032142857142857 0.5171319796954315 0.027857142857142858 0.0266497461928934
3 0.5992857142857143 0.5336294416243654 0.032857142857142856 0.024111675126903553
3 0.6017857142857143 0.5520304568527918 0.03357142857142857 0.025380710659898477
3 0.6042857142857143 0.5691624365482234 0.032857142857142856 0.024111675126903553
4 0.615 0.6142131979695431 0.04 0.030456852791878174
4 0.5782142857142857 0.6065989847715736 0.016428571428571428 0.03553299492385787
4 0.6164285714285714 0.6573604060913706 0.032857142857142856 0.03299492385786802
3 0.6210714285714286 0.6408629441624365 0.03357142857142857 0.025380710659898477
4 0.6178571428571429 0.7684010152284264 0.03571428571428571 0.03426395939086294
3 0.37142857142857144 0.5748730964467005 0.017142857142857144 0.04060913705583756
0 0.5189285714285714 0.5628172588832487 0.0035714285714285713 0.01903553299492386
0 0.5235714285714286 0.5609137055837563 0.004285714285714286 0.02030456852791878
0 0.7021428571428572 0.9416243654822335 0.007142857142857143 0.027918781725888325
0 0.7092857142857143 0.9118020304568528 0.008571428571428572 0.021573604060913704
0 0.6975 0.8426395939086294 0.007857142857142858 0.027918781725888325
0 0.68 0.8115482233502538 0.005714285714285714 0.024111675126903553
0 0.6667857142857143 0.7341370558375635 0.0064285714285714285 0.024111675126903553
0 0.6832142857142857 0.7373096446700508 0.0064285714285714285 0.02030456852791878
0 0.6753571428571429 0.7138324873096447 0.0064285714285714285 0.024111675126903553
0 0.7007142857142857 0.8280456852791879 0.007142857142857143 0.02918781725888325
0 0.6871428571428572 0.8527918781725888 0.004285714285714286 0.015228426395939087
0 0.6614285714285715 0.6453045685279187 0.004285714285714286 0.01903553299492386
0 0.6646428571428571 0.6434010152284264 0.0035714285714285713 0.015228426395939087
0 0.6457142857142857 0.48921319796954316 0.004285714285714286 0.01649746192893401
0 0.6410714285714286 0.49555837563451777 0.005 0.01903553299492386
0 0.6342857142857142 0.49555837563451777 0.004285714285714286 0.01903553299492386
0 0.6214285714285714 0.48223350253807107 0.004285714285714286 0.02030456852791878
0 0.6335714285714286 0.44352791878172587 0.004285714285714286 0.01649746192893401
0 0.6332142857142857 0.4073604060913706 0.0035714285714285713 0.017766497461928935
0 0.6207142857142857 0.3762690355329949 0.004285714285714286 0.01649746192893401
0 0.5267857142857143 0.37817258883248733 0.0035714285714285713 0.02030456852791878
0 0.5139285714285714 0.4866751269035533 0.005 0.021573604060913704
0 0.5357142857142857 0.366751269035533 0.004285714285714286 0.017766497461928935
0 0.6171428571428571 0.3381979695431472 0.002857142857142857 0.01649746192893401
0 0.6117857142857143 0.3401015228426396 0.0035714285714285713 0.017766497461928935
0 0.6103571428571428 0.2982233502538071 0.0035714285714285713 0.015228426395939087
0 0.6039285714285715 0.3096446700507614 0.005 0.015228426395939087
0 0.6021428571428571 0.2817258883248731 0.004285714285714286 0.015228426395939087
0 0.6085714285714285 0.2639593908629442 0.002857142857142857 0.015228426395939087
0 0.6021428571428571 0.25888324873096447 0.004285714285714286 0.017766497461928935
0 0.6025 0.22715736040609136 0.0035714285714285713 0.015228426395939087
0 0.5982142857142857 0.21383248730964466 0.002142857142857143 0.013959390862944163
0 0.5925 0.1434010152284264 0.002142857142857143 0.012690355329949238
0 0.5889285714285715 0.1434010152284264 0.002142857142857143 0.012690355329949238
0 0.5796428571428571 0.13451776649746192 0.0035714285714285713 0.012690355329949238
0 0.5175 0.1681472081218274 0.002142857142857143 0.011421319796954314
0 0.52 0.18781725888324874 0.002857142857142857 0.012690355329949238
0 0.5192857142857142 0.21383248730964466 0.002857142857142857 0.013959390862944163
0 0.5860714285714286 0.11802030456852793 0.0035714285714285713 0.012690355329949238
0 0.5967857142857143 0.1065989847715736 0.0035714285714285713 0.01015228426395939
0 0.5814285714285714 0.07868020304568528 0.002857142857142857 0.01015228426395939
0 0.5767857142857142 0.061548223350253804 0.002142857142857143 0.011421319796954314
0 0.5771428571428572 0.08375634517766498 0.002857142857142857 0.01015228426395939
0 0.5775 0.07868020304568528 0.002142857142857143 0.01015228426395939
0 0.5928571428571429 0.09708121827411167 0.002857142857142857 0.011421319796954314
0 0.5957142857142858 0.09771573604060914 0.002857142857142857 0.012690355329949238
0 0.5885714285714285 0.13388324873096447 0.002857142857142857 0.013959390862944163
9 0.5964285714285714 0.1732233502538071 0.002857142857142857 0.011421319796954314
9 0.5882142857142857 0.2645939086294416 0.0035714285714285713 0.013959390862944163
0 0.6064285714285714 0.33946700507614214 0.002857142857142857 0.01649746192893401
0 0.6039285714285715 0.3343908629441624 0.0035714285714285713 0.013959390862944163
6 0.5975 0.3362944162436548 0.016428571428571428 0.017766497461928935
0 0.6064285714285714 0.37119289340101524 0.004285714285714286 0.01903553299492386
0 0.6464285714285715 0.3864213197969543 0.004285714285714286 0.01649746192893401
0 0.6410714285714286 0.3883248730964467 0.0035714285714285713 0.017766497461928935
0 0.645 0.3813451776649746 0.004285714285714286 0.01649746192893401
0 0.5832142857142857 0.06472081218274112 0.002142857142857143 0.01015228426395939
0 0.5817857142857142 0.06408629441624365 0.002142857142857143 0.011421319796954314
5 0.5878571428571429 0.0450507614213198 0.012857142857142857 0.011421319796954314
3 0.5975 0.056472081218274114 0.005 0.008883248730964468
0 0.6382142857142857 0.35913705583756345 0.0035714285714285713 0.015228426395939087
0 0.6057142857142858 0.29949238578680204 0.004285714285714286 0.015228426395939087
9 0.5260714285714285 0.17385786802030456 0.005 0.01015228426395939
9 0.6757142857142857 0.6529187817258884 0.002857142857142857 0.021573604060913704
2 0.6507142857142857 0.7062182741116751 0.004285714285714286 0.024111675126903553
9 0.6428571428571429 0.7284263959390863 0.011428571428571429 0.017766497461928935
9 0.6621428571428571 0.809010152284264 0.014285714285714285 0.024111675126903553
9 0.6942857142857143 0.7823604060913706 0.007142857142857143 0.021573604060913704
9 0.7003571428571429 0.7969543147208121 0.007857142857142858 0.02284263959390863
9 0.6757142857142857 0.8921319796954315 0.018571428571428572 0.02284263959390863
9 0.6842857142857143 0.9206852791878173 0.01 0.03680203045685279
9 0.6982142857142857 0.9854060913705583 0.009285714285714286 0.0266497461928934
9 0.7232142857142857 0.9384517766497462 0.009285714285714286 0.0266497461928934
9 0.6764285714285714 0.8045685279187818 0.007142857142857143 0.030456852791878174
0 0.7146428571428571 0.8109137055837563 0.0064285714285714285 0.02284263959390863
0 0.7114285714285714 0.8013959390862944 0.004285714285714286 0.021573604060913704
0 0.5328571428571428 0.9612944162436549 0.007142857142857143 0.03426395939086294
0 0.54 0.9619289340101523 0.007142857142857143 0.03299492385786802
0 0.33714285714285713 0.916243654822335 0.01 0.025380710659898477
0 0.33107142857142857 0.9035532994923858 0.010714285714285714 0.03299492385786802