3 0.5823529411764706 0.16209150326797386 0.01764705882352941 0.02875816993464052
3 0.6209558823529412 0.17777777777777778 0.03161764705882353 0.023529411764705882
3 0.6823529411764706 0.1568627450980392 0.030882352941176472 0.018300653594771243
3 0.5996323529411764 0.21176470588235294 0.01838235294117647 0.023529411764705882
3 0.6558823529411765 0.2542483660130719 0.03823529411764706 0.03790849673202614
3 0.6713235294117647 0.22941176470588234 0.01764705882352941 0.030065359477124184
3 0.6863970588235294 0.3457516339869281 0.05220588235294118 0.032679738562091505
3 0.7279411764705882 0.3993464052287582 0.052941176470588235 0.0457516339869281
3 0.7783088235294118 0.4627450980392157 0.07279411764705883 0.05228758169934641
3 0.7261029411764706 0.6470588235294118 0.0875 0.07320261437908497
3 0.24595588235294116 0.24052287581699347 0.03455882352941177 0.02875816993464052
3 0.1786764705882353 0.42483660130718953 0.058823529411764705 0.04967320261437908
3 0.20955882352941177 0.38758169934640524 0.039705882352941174 0.03529411764705882
3 0.26875 0.35751633986928105 0.03161764705882353 0.0457516339869281
3 0.3261029411764706 0.23986928104575164 0.016911764705882352 0.03790849673202614
3 0.34191176470588236 0.5398692810457516 0.04852941176470588 0.07320261437908497
3 0.5301470588235294 0.8986928104575164 0.047058823529411764 0.1477124183006536
3 0.81875 0.7496732026143791 0.08014705882352942 0.08235294117647059
4 0.42205882352941176 0.5418300653594771 0.029411764705882353 0.09019607843137255
4 0.49669117647058825 0.7104575163398693 0.03308823529411765 0.09803921568627451
4 0.24595588235294116 0.8352941176470589 0.05955882352941176 0.1830065359477124
5 0.3386029411764706 0.1869281045751634 0.025735294117647058 0.06274509803921569
5 0.12169117647058823 0.5281045751633987 0.07867647058823529 0.09673202614379085
6 0.19816176470588234 0.48562091503267973 0.028676470588235293 0.05359477124183006
5 0.6253676470588235 0.2777777777777778 0.030147058823529412 0.06666666666666667
5 0.913235294117647 0.5738562091503268 0.11764705882352941 0.0784313725490196
6 0.5875 0.5281045751633987 0.027941176470588237 0.04967320261437908
9 0.34191176470588236 0.6823529411764706 0.03529411764705882 0.03398692810457516
9 0.5569852941176471 0.545751633986928 0.009558823529411765 0.032679738562091505
6 0.6544117647058824 0.7509803921568627 0.06323529411764706 0.043137254901960784
2 0.7419117647058824 0.7431372549019608 0.008823529411764706 0.043137254901960784
2 0.12941176470588237 0.7202614379084967 0.011764705882352941 0.04183006535947712
1 0.12904411764705884 0.7137254901960784 0.009558823529411765 0.04183006535947712
1 0.33933823529411766 0.6686274509803921 0.011029411764705883 0.040522875816993466
1 0.7397058823529412 0.7339869281045751 0.013235294117647059 0.043137254901960784
1 0.5558823529411765 0.5313725490196078 0.008823529411764706 0.032679738562091505
0 0.6231617647058824 0.742483660130719 0.015441176470588236 0.06274509803921569
0 0.6411764705882353 0.7522875816993464 0.011764705882352941 0.03529411764705882
0 0.7772058823529412 0.9313725490196079 0.013235294117647059 0.06405228758169934
0 0.7867647058823529 0.7915032679738562 0.008823529411764706 0.05620915032679739
0 0.5955882352941176 0.534640522875817 0.008823529411764706 0.044444444444444446
0 0.5797794117647059 0.5254901960784314 0.009558823529411765 0.0392156862745098
0 0.5610294117647059 0.4673202614379085 0.007352941176470588 0.040522875816993466
0 0.5319852941176471 0.6758169934640523 0.011029411764705883 0.04967320261437908
0 0.2867647058823529 0.5581699346405229 0.008823529411764706 0.044444444444444446
0 0.2698529411764706 0.5522875816993464 0.013235294117647059 0.043137254901960784
0 0.1988970588235294 0.45294117647058824 0.008088235294117648 0.02483660130718954
0 0.6680147058823529 0.19607843137254902 0.005147058823529412 0.02091503267973856
0 0.6738970588235295 0.1980392156862745 0.006617647058823529 0.0196078431372549
0 0.7676470588235295 0.37516339869281046 0.0058823529411764705 0.036601307189542485
1 0.5077205882352941 0.17647058823529413 0.005147058823529412 0.018300653594771243
9 0.14227941176470588 0.28169934640522876 0.011029411764705883 0.0196078431372549
9 0.20955882352941177 0.20326797385620915 0.013235294117647059 0.01699346405228758
9 0.9764705882352941 0.5320261437908497 0.01911764705882353 0.03398692810457516
9 0.7830882352941176 0.2934640522875817 0.011764705882352941 0.022222222222222223
9 0.16139705882352942 0.2437908496732026 0.015441176470588236 0.01437908496732026
0 0.2139705882352941 0.4176470588235294 0.010294117647058823 0.0457516339869281
6 0.7595588235294117 0.5549019607843138 0.060294117647058824 0.040522875816993466
5 0.6261029411764706 0.4934640522875817 0.04926470588235294 0.10326797385620914
0 0.6566176470588235 0.5254901960784314 0.010294117647058823 0.05228758169934641
3 0.6088235294117647 0.2437908496732026 0.01911764705882353 0.032679738562091505
3 0.5367647058823529 0.23202614379084968 0.020588235294117647 0.03790849673202614
3 0.46139705882352944 0.17777777777777778 0.013970588235294118 0.02875816993464052
3 0.46875 0.10588235294117647 0.011029411764705883 0.026143790849673203
3 0.42426470588235293 0.17516339869281045 0.016176470588235296 0.026143790849673203
3 0.4886029411764706 0.08888888888888889 0.009558823529411765 0.013071895424836602
3 0.46911764705882353 0.06470588235294118 0.008823529411764706 0.022222222222222223
3 0.5029411764705882 0.046405228758169936 0.007352941176470588 0.01437908496732026
3 0.5202205882352942 0.08496732026143791 0.0125 0.018300653594771243
3 0.4602941176470588 0.03202614379084967 0.007352941176470588 0.011764705882352941
5 0.48933823529411763 0.05032679738562092 0.0125 0.02483660130718954
3 0.5731617647058823 0.08366013071895424 0.021323529411764706 0.02091503267973856
3 0.631985294117647 0.12352941176470589 0.022794117647058822 0.01699346405228758
3 0.6161764705882353 0.11241830065359477 0.026470588235294117 0.018300653594771243
3 0.6022058823529411 0.032679738562091505 0.01911764705882353 0.01568627450980392
3 0.5970588235294118 0.02091503267973856 0.014705882352941176 0.013071895424836602
4 0.5919117647058824 0.04967320261437908 0.01764705882352941 0.01568627450980392
3 0.5606617647058824 0.058823529411764705 0.022794117647058822 0.01568627450980392
3 0.5547794117647059 0.07058823529411765 0.011029411764705883 0.01568627450980392
3 0.5558823529411765 0.07516339869281045 0.010294117647058823 0.006535947712418301
3 0.5955882352941176 0.07712418300653595 0.026470588235294117 0.018300653594771243
3 0.58125 0.045098039215686274 0.019852941176470587 0.01437908496732026
3 0.5783088235294118 0.03986928104575163 0.019852941176470587 0.01699346405228758
3 0.5463235294117647 0.0457516339869281 0.013235294117647059 0.01568627450980392
3 0.5411764705882353 0.03725490196078431 0.01764705882352941 0.022222222222222223
3 0.5378676470588235 0.00849673202614379 0.008088235294117648 0.01437908496732026
3 0.4919117647058823 0.0196078431372549 0.007352941176470588 0.013071895424836602
4 0.475 0.02679738562091503 0.011764705882352941 0.022222222222222223
3 0.47316176470588234 0.01241830065359477 0.008088235294117648 0.011764705882352941
3 0.5018382352941176 0.00849673202614379 0.008088235294117648 0.01699346405228758
3 0.4889705882352941 0.015032679738562092 0.004411764705882353 0.01437908496732026
3 0.39301470588235293 0.08300653594771241 0.008088235294117648 0.022222222222222223
0 0.3238970588235294 0.29411764705882354 0.005147058823529412 0.02875816993464052
0 0.3209558823529412 0.29477124183006537 0.006617647058823529 0.03529411764705882
0 0.22463235294117648 0.17908496732026144 0.008088235294117648 0.023529411764705882
0 0.3161764705882353 0.2869281045751634 0.0058823529411764705 0.027450980392156862
0 0.3113970588235294 0.2849673202614379 0.005147058823529412 0.03137254901960784
0 0.16323529411764706 0.22091503267973855 0.0058823529411764705 0.026143790849673203
9 0.5091911764705882 0.18562091503267975 0.009558823529411765 0.02091503267973856
1 0.4338235294117647 0.18235294117647058 0.0058823529411764705 0.01699346405228758
9 0.43272058823529413 0.18823529411764706 0.013970588235294118 0.01568627450980392
1 0.5654411764705882 0.44836601307189544 0.010294117647058823 0.036601307189542485
9 0.5639705882352941 0.4549019607843137 0.011764705882352941 0.02875816993464052
0 0.6658088235294117 0.13333333333333333 0.005147058823529412 0.018300653594771243
0 0.6591911764705882 0.13333333333333333 0.003676470588235294 0.02091503267973856
0 0.674264705882353 0.14052287581699346 0.004411764705882353 0.01699346405228758
0 0.6529411764705882 0.13660130718954247 0.0058823529411764705 0.030065359477124184