0 0.061936936936936936 0.016304347826086956 0.061936936936936936 0.20652173913043478 0.1891891891891892 0.20652173913043478 0.1891891891891892 0.016304347826086956
0 0.08896396396396396 0.24094202898550723 0.08896396396396396 0.3677536231884058 0.18018018018018017 0.3677536231884058 0.18018018018018017 0.24094202898550723
0 0.08108108108108109 0.4166666666666667 0.08108108108108109 0.5797101449275363 0.18355855855855857 0.5797101449275363 0.18355855855855857 0.4166666666666667
0 0.0686936936936937 0.5887681159420289 0.0686936936936937 0.7735507246376812 0.18693693693693694 0.7735507246376812 0.18693693693693694 0.5887681159420289
0 0.0731981981981982 0.7916666666666666 0.0731981981981982 0.9710144927536232 0.19031531531531531 0.9710144927536232 0.19031531531531531 0.7916666666666666
0 0.32319819819819817 0.13405797101449277 0.32319819819819817 0.30434782608695654 0.42792792792792794 0.30434782608695654 0.42792792792792794 0.13405797101449277
0 0.3153153153153153 0.34601449275362317 0.3153153153153153 0.5362318840579711 0.4346846846846847 0.5362318840579711 0.4346846846846847 0.34601449275362317
0 0.3186936936936937 0.5815217391304348 0.3186936936936937 0.7663043478260869 0.4391891891891892 0.7663043478260869 0.4391891891891892 0.5815217391304348
0 0.32094594594594594 0.7880434782608695 0.32094594594594594 0.9782608695652174 0.4391891891891892 0.9782608695652174 0.4391891891891892 0.7880434782608695
0 0.5337837837837838 0.3822463768115942 0.5337837837837838 0.5652173913043478 0.6509009009009009 0.5652173913043478 0.6509009009009009 0.3822463768115942
0 0.6328828828828829 0.10869565217391304 0.6328828828828829 0.286231884057971 0.7522522522522522 0.286231884057971 0.7522522522522522 0.10869565217391304
0 0.6351351351351351 0.6014492753623188 0.6351351351351351 0.7681159420289855 0.7522522522522522 0.7681159420289855 0.7522522522522522 0.6014492753623188
0 0.6385135135135135 0.7916666666666666 0.6385135135135135 0.9619565217391305 0.7488738738738738 0.9619565217391305 0.7488738738738738 0.7916666666666666