0 0.050980392156862744 0.8174603174603174 0.050980392156862744 0.9428571428571428 0.14901960784313725 0.9428571428571428 0.14901960784313725 0.8174603174603174
0 0.2284313725490196 0.6238095238095238 0.2284313725490196 0.7174603174603175 0.3058823529411765 0.7174603174603175 0.3058823529411765 0.6238095238095238
0 0.2529411764705882 0.7492063492063492 0.2529411764705882 0.8396825396825397 0.3264705882352941 0.8396825396825397 0.3264705882352941 0.7492063492063492
0 0.26666666666666666 0.8666666666666667 0.26666666666666666 0.9873015873015873 0.3607843137254902 0.9873015873015873 0.3607843137254902 0.8666666666666667
0 0.1715686274509804 0.173015873015873 0.1715686274509804 0.2968253968253968 0.2529411764705882 0.2968253968253968 0.2529411764705882 0.173015873015873
0 0.453921568627451 0.014285714285714285 0.453921568627451 0.14761904761904762 0.5323529411764706 0.14761904761904762 0.5323529411764706 0.014285714285714285
0 0.5107843137254902 0.19682539682539682 0.5107843137254902 0.3126984126984127 0.6058823529411764 0.3126984126984127 0.6058823529411764 0.19682539682539682
0 0.442156862745098 0.3634920634920635 0.442156862745098 0.4936507936507937 0.5245098039215687 0.4936507936507937 0.5245098039215687 0.3634920634920635
0 0.7578431372549019 0.5587301587301587 0.7578431372549019 0.6746031746031746 0.8392156862745098 0.6746031746031746 0.8392156862745098 0.5587301587301587
0 0.8735294117647059 0.44761904761904764 0.8735294117647059 0.5873015873015873 0.953921568627451 0.5873015873015873 0.953921568627451 0.44761904761904764
7 0.37941176470588234 0.6063492063492063 0.37941176470588234 0.680952380952381 0.4343137254901961 0.680952380952381 0.4343137254901961 0.6063492063492063
7 0.39509803921568626 0.6936507936507936 0.39509803921568626 0.7587301587301587 0.45 0.7587301587301587 0.45 0.6936507936507936
7 0.4147058823529412 0.7761904761904762 0.4147058823529412 0.8365079365079365 0.46568627450980393 0.8365079365079365 0.46568627450980393 0.7761904761904762
7 0.4568627450980392 0.5634920634920635 0.4568627450980392 0.6396825396825396 0.5196078431372549 0.6396825396825396 0.5196078431372549 0.5634920634920635
7 0.4803921568627451 0.6619047619047619 0.4803921568627451 0.7412698412698413 0.5441176470588235 0.7412698412698413 0.5441176470588235 0.6619047619047619
7 0.5127450980392156 0.5142857142857142 0.5127450980392156 0.5936507936507937 0.5764705882352941 0.5936507936507937 0.5764705882352941 0.5142857142857142
7 0.5372549019607843 0.6095238095238096 0.5372549019607843 0.6936507936507936 0.6019607843137255 0.6936507936507936 0.6019607843137255 0.6095238095238096
7 0.6029411764705882 0.46190476190476193 0.6029411764705882 0.526984126984127 0.6598039215686274 0.526984126984127 0.6598039215686274 0.46190476190476193
7 0.6215686274509804 0.5444444444444444 0.6215686274509804 0.6079365079365079 0.6794117647058824 0.6079365079365079 0.6794117647058824 0.5444444444444444
7 0.6411764705882353 0.6174603174603175 0.6411764705882353 0.6904761904761905 0.6970588235294117 0.6904761904761905 0.6970588235294117 0.6174603174603175