0 0.07964601769911504 0.06389776357827476 0.07964601769911504 0.16400425985090522 0.1415929203539823 0.16400425985090522 0.1415929203539823 0.06389776357827476
0 0.1504424778761062 0.0617678381256656 0.1504424778761062 0.1703940362087327 0.2308259587020649 0.1703940362087327 0.2308259587020649 0.0617678381256656
0 0.2411504424778761 0.04898828541001065 0.2411504424778761 0.16080937167199147 0.3185840707964602 0.16080937167199147 0.3185840707964602 0.04898828541001065
0 0.3274336283185841 0.07348242811501597 0.3274336283185841 0.1799787007454739 0.4004424778761062 0.1799787007454739 0.4004424778761062 0.07348242811501597
0 0.41002949852507375 0.09691160809371673 0.41002949852507375 0.19275825346112885 0.48008849557522126 0.19275825346112885 0.48008849557522126 0.09691160809371673
0 0.48525073746312686 0.07135250266240682 0.48525073746312686 0.18317358892438765 0.5641592920353983 0.18317358892438765 0.5641592920353983 0.07135250266240682
0 0.584070796460177 0.08626198083067092 0.584070796460177 0.18317358892438765 0.6504424778761062 0.18317358892438765 0.6504424778761062 0.08626198083067092
0 0.665929203539823 0.06070287539936102 0.665929203539823 0.19169329073482427 0.7610619469026548 0.19169329073482427 0.7610619469026548 0.06070287539936102
0 0.7632743362831859 0.07454739084132056 0.7632743362831859 0.1959531416400426 0.8407079646017699 0.1959531416400426 0.8407079646017699 0.07454739084132056
0 0.8451327433628318 0.08306709265175719 0.8451327433628318 0.19275825346112885 0.922566371681416 0.19275825346112885 0.922566371681416 0.08306709265175719
0 0.035398230088495575 0.2364217252396166 0.035398230088495575 0.34185303514376997 0.11799410029498525 0.34185303514376997 0.11799410029498525 0.2364217252396166
0 0.07817109144542773 0.5250266240681576 0.07817109144542773 0.6144834930777423 0.15265486725663716 0.6144834930777423 0.15265486725663716 0.5250266240681576
0 0.07595870206489676 0.6464323748668797 0.07595870206489676 0.7486687965921193 0.16224188790560473 0.7486687965921193 0.16224188790560473 0.6464323748668797
0 0.07817109144542773 0.7742279020234292 0.07817109144542773 0.8668796592119276 0.15117994100294985 0.8668796592119276 0.15117994100294985 0.7742279020234292
7 0.5752212389380531 0.5005324813631523 0.5752212389380531 0.5623003194888179 0.6157817109144543 0.5623003194888179 0.6157817109144543 0.5005324813631523
7 0.6010324483775811 0.5537806176783813 0.6010324483775811 0.6070287539936102 0.6415929203539823 0.6070287539936102 0.6415929203539823 0.5537806176783813
7 0.5383480825958702 0.5324813631522897 0.5383480825958702 0.5942492012779552 0.5825958702064897 0.5942492012779552 0.5825958702064897 0.5324813631522897
7 0.56047197640118 0.5857294994675186 0.56047197640118 0.6432374866879659 0.6010324483775811 0.6432374866879659 0.6010324483775811 0.5857294994675186
7 0.48672566371681414 0.5804046858359957 0.48672566371681414 0.6283280085197018 0.5206489675516224 0.6283280085197018 0.5206489675516224 0.5804046858359957
7 0.5088495575221239 0.630457933972311 0.5088495575221239 0.6794462193823216 0.5427728613569321 0.6794462193823216 0.5427728613569321 0.630457933972311
7 0.4557522123893805 0.6091586794462194 0.4557522123893805 0.6549520766773163 0.4896755162241888 0.6549520766773163 0.4896755162241888 0.6091586794462194
7 0.47935103244837757 0.6602768903088392 0.47935103244837757 0.7082002129925452 0.5103244837758112 0.7082002129925452 0.5103244837758112 0.6602768903088392
7 0.42625368731563423 0.6389776357827476 0.42625368731563423 0.6826411075612353 0.45722713864306785 0.6826411075612353 0.45722713864306785 0.6389776357827476
7 0.4469026548672566 0.6879659211927582 0.4469026548672566 0.7348242811501597 0.47935103244837757 0.7348242811501597 0.47935103244837757 0.6879659211927582
7 0.35988200589970504 0.516506922257721 0.35988200589970504 0.5537806176783813 0.3893805309734513 0.5537806176783813 0.3893805309734513 0.516506922257721
7 0.3466076696165192 0.4792332268370607 0.3466076696165192 0.516506922257721 0.3687315634218289 0.516506922257721 0.3687315634218289 0.4792332268370607