0 0.026360544217687076 0.26862745098039215 0.026360544217687076 0.4137254901960784 0.07482993197278912 0.4137254901960784 0.07482993197278912 0.26862745098039215
0 0.14285714285714285 0.2725490196078431 0.14285714285714285 0.4 0.18877551020408162 0.4 0.18877551020408162 0.2725490196078431
0 0.19387755102040816 0.2568627450980392 0.19387755102040816 0.41568627450980394 0.2627551020408163 0.41568627450980394 0.2627551020408163 0.2568627450980392
0 0.2763605442176871 0.27450980392156865 0.2763605442176871 0.3941176470588235 0.3273809523809524 0.3941176470588235 0.3273809523809524 0.27450980392156865
0 0.43962585034013607 0.22745098039215686 0.43962585034013607 0.36470588235294116 0.49744897959183676 0.36470588235294116 0.49744897959183676 0.22745098039215686
0 0.6462585034013606 0.2235294117647059 0.6462585034013606 0.3588235294117647 0.70578231292517 0.3588235294117647 0.70578231292517 0.2235294117647059
0 0.8698979591836735 0.19215686274509805 0.8698979591836735 0.3156862745098039 0.9175170068027211 0.3156862745098039 0.9175170068027211 0.19215686274509805
0 0.8571428571428571 0.023529411764705882 0.8571428571428571 0.12549019607843137 0.923469387755102 0.12549019607843137 0.923469387755102 0.023529411764705882
0 0.030612244897959183 0.592156862745098 0.030612244897959183 0.7411764705882353 0.08418367346938775 0.7411764705882353 0.08418367346938775 0.592156862745098
0 0.21598639455782312 0.5607843137254902 0.21598639455782312 0.7058823529411765 0.27465986394557823 0.7058823529411765 0.27465986394557823 0.5607843137254902
0 0.29336734693877553 0.5568627450980392 0.29336734693877553 0.696078431372549 0.34098639455782315 0.696078431372549 0.34098639455782315 0.5568627450980392
0 0.4608843537414966 0.5254901960784314 0.4608843537414966 0.6745098039215687 0.5187074829931972 0.6745098039215687 0.5187074829931972 0.5254901960784314
0 0.5382653061224489 0.5137254901960784 0.5382653061224489 0.6607843137254902 0.5969387755102041 0.6607843137254902 0.5969387755102041 0.5137254901960784
0 0.6224489795918368 0.6549019607843137 0.6224489795918368 0.7843137254901961 0.6777210884353742 0.7843137254901961 0.6777210884353742 0.6549019607843137
0 0.75 0.7235294117647059 0.75 0.8352941176470589 0.8171768707482994 0.8352941176470589 0.8171768707482994 0.7235294117647059
0 0.8401360544217688 0.49019607843137253 0.8401360544217688 0.6352941176470588 0.8971088435374149 0.6352941176470588 0.8971088435374149 0.49019607843137253
0 0.9090136054421769 0.4725490196078431 0.9090136054421769 0.6313725490196078 0.9668367346938775 0.6313725490196078 0.9668367346938775 0.4725490196078431