0 0.0891891891891892 0.28353658536585363 0.0891891891891892 0.4146341463414634 0.1918918918918919 0.4146341463414634 0.1918918918918919 0.28353658536585363
0 0.2756756756756757 0.29115853658536583 0.2756756756756757 0.39634146341463417 0.3621621621621622 0.39634146341463417 0.3621621621621622 0.29115853658536583
0 0.40135135135135136 0.2896341463414634 0.40135135135135136 0.3978658536585366 0.48783783783783785 0.3978658536585366 0.48783783783783785 0.2896341463414634
0 0.5054054054054054 0.3003048780487805 0.5054054054054054 0.38871951219512196 0.5851351351351352 0.38871951219512196 0.5851351351351352 0.3003048780487805
0 0.6054054054054054 0.30335365853658536 0.6054054054054054 0.3826219512195122 0.6824324324324325 0.3826219512195122 0.6824324324324325 0.30335365853658536
0 0.8391891891891892 0.29573170731707316 0.8391891891891892 0.3902439024390244 0.927027027027027 0.3902439024390244 0.927027027027027 0.29573170731707316
0 0.03648648648648649 0.635670731707317 0.03648648648648649 0.7637195121951219 0.14054054054054055 0.7637195121951219 0.14054054054054055 0.635670731707317
0 0.1918918918918919 0.6387195121951219 0.1918918918918919 0.7987804878048781 0.327027027027027 0.7987804878048781 0.327027027027027 0.6387195121951219
0 0.35405405405405405 0.6402439024390244 0.35405405405405405 0.7774390243902439 0.4608108108108108 0.7774390243902439 0.4608108108108108 0.6402439024390244
0 0.4918918918918919 0.6432926829268293 0.4918918918918919 0.7896341463414634 0.5986486486486486 0.7896341463414634 0.5986486486486486 0.6432926829268293
0 0.7932432432432432 0.6676829268292683 0.7932432432432432 0.7637195121951219 0.8662162162162163 0.7637195121951219 0.8662162162162163 0.6676829268292683