0 0.018150388936905792 0.44869565217391305 0.018150388936905792 0.5791304347826087 0.08383751080380294 0.5791304347826087 0.08383751080380294 0.44869565217391305
0 0.09420916162489196 0.37565217391304345 0.09420916162489196 0.5008695652173913 0.15557476231633535 0.5008695652173913 0.15557476231633535 0.37565217391304345
0 0.18063958513396716 0.45565217391304347 0.18063958513396716 0.6017391304347826 0.2428694900605013 0.6017391304347826 0.2428694900605013 0.45565217391304347
0 0.2566983578219533 0.3808695652173913 0.2566983578219533 0.5008695652173913 0.3180639585133967 0.5008695652173913 0.3180639585133967 0.3808695652173913
0 0.37683664649956783 0.44869565217391305 0.37683664649956783 0.6034782608695652 0.43820224719101125 0.6034782608695652 0.43820224719101125 0.44869565217391305
0 0.439066551426102 0.3982608695652174 0.439066551426102 0.5113043478260869 0.5030250648228176 0.5113043478260869 0.5030250648228176 0.3982608695652174
0 0.5298184961106309 0.4852173913043478 0.5298184961106309 0.6208695652173913 0.5972342264477096 0.6208695652173913 0.5972342264477096 0.4852173913043478
0 0.5894554883318929 0.40347826086956523 0.5894554883318929 0.5217391304347826 0.6542783059636992 0.5217391304347826 0.6542783059636992 0.40347826086956523
0 0.6879861711322386 0.49043478260869566 0.6879861711322386 0.6121739130434782 0.7554019014693172 0.6121739130434782 0.7554019014693172 0.49043478260869566
0 0.7441659464131374 0.40869565217391307 0.7441659464131374 0.5252173913043479 0.8072601555747623 0.5252173913043479 0.8072601555747623 0.40869565217391307
0 0.8426966292134831 0.4956521739130435 0.8426966292134831 0.6330434782608696 0.9127052722558341 0.6330434782608696 0.9127052722558341 0.4956521739130435
0 0.8971477960242005 0.4226086956521739 0.8971477960242005 0.5408695652173913 0.9567847882454624 0.5408695652173913 0.9567847882454624 0.4226086956521739