0 0.07414272474513438 0.06491499227202473 0.07414272474513438 0.19629057187017002 0.16404077849860982 0.19629057187017002 0.16404077849860982 0.06491499227202473
0 0.061167747914735865 0.3462132921174652 0.061167747914735865 0.47295208655332305 0.14735866543095458 0.47295208655332305 0.14735866543095458 0.3462132921174652
0 0.057460611677479144 0.482225656877898 0.057460611677479144 0.6089644513137558 0.14457831325301204 0.6089644513137558 0.14457831325301204 0.482225656877898
0 0.22706209453197404 0.04482225656877898 0.22706209453197404 0.1731066460587326 0.29101019462465244 0.1731066460587326 0.29101019462465244 0.04482225656877898
0 0.22613531047265986 0.18701700154559506 0.22613531047265986 0.321483771251932 0.303985171455051 0.321483771251932 0.303985171455051 0.18701700154559506
0 0.22242817423540315 0.33539412673879443 0.22242817423540315 0.4652241112828439 0.3123262279888786 0.4652241112828439 0.3123262279888786 0.33539412673879443
0 0.2242817423540315 0.482225656877898 0.2242817423540315 0.6120556414219475 0.2882298424467099 0.6120556414219475 0.2882298424467099 0.482225656877898
0 0.22706209453197404 0.633693972179289 0.22706209453197404 0.7604327666151468 0.31417979610750696 0.7604327666151468 0.31417979610750696 0.633693972179289
0 0.22335495829471733 0.7805255023183926 0.22335495829471733 0.9072642967542504 0.3113994439295644 0.9072642967542504 0.3113994439295644 0.7805255023183926
0 0.4448563484708063 0.6275115919629057 0.4448563484708063 0.7604327666151468 0.5227062094531975 0.7604327666151468 0.5227062094531975 0.6275115919629057
0 0.44300278035217794 0.7897990726429676 0.44300278035217794 0.9119010819165378 0.5208526413345691 0.9119010819165378 0.5208526413345691 0.7897990726429676
0 0.6617238183503243 0.02009273570324575 0.6617238183503243 0.15146831530139104 0.7228915662650602 0.15146831530139104 0.7228915662650602 0.02009273570324575
0 0.6607970342910102 0.16846986089644514 0.6607970342910102 0.2982998454404946 0.7349397590361446 0.2982998454404946 0.7349397590361446 0.16846986089644514
0 0.6580166821130676 0.4667697063369397 0.6580166821130676 0.5965996908809892 0.7340129749768304 0.5965996908809892 0.7340129749768304 0.4667697063369397
0 0.6589434661723819 0.6367851622874807 0.6589434661723819 0.768160741885626 0.7349397590361446 0.768160741885626 0.7349397590361446 0.6367851622874807
0 0.8702502316960148 0.1731066460587326 0.8702502316960148 0.29984544049459044 0.9481000926784059 0.29984544049459044 0.9481000926784059 0.1731066460587326
0 0.8693234476367007 0.31839258114374036 0.8693234476367007 0.44513137557959814 0.9499536607970342 0.44513137557959814 0.9499536607970342 0.31839258114374036
0 0.865616311399444 0.46367851622874806 0.865616311399444 0.5950540958268934 0.9481000926784059 0.5950540958268934 0.9481000926784059 0.46367851622874806
0 0.8637627432808156 0.7743431221020093 0.8637627432808156 0.9149922720247295 0.943466172381835 0.9149922720247295 0.943466172381835 0.7743431221020093