0 0.0712223291626564 0.09399075500770417 0.0712223291626564 0.2573189522342065 0.14629451395572665 0.2573189522342065 0.14629451395572665 0.09399075500770417
0 0.06737247353224254 0.38212634822804314 0.06737247353224254 0.5130970724191063 0.15014436958614052 0.5130970724191063 0.15014436958614052 0.38212634822804314
0 0.0712223291626564 0.6795069337442219 0.0712223291626564 0.827426810477658 0.1751684311838306 0.827426810477658 0.1751684311838306 0.6795069337442219
0 0.24639076034648702 0.08166409861325115 0.24639076034648702 0.22342064714946072 0.32435033686236764 0.22342064714946072 0.32435033686236764 0.08166409861325115
0 0.31953801732435033 0.2696456086286595 0.31953801732435033 0.4036979969183359 0.40712223291626565 0.4036979969183359 0.40712223291626565 0.2696456086286595
0 0.3089509143407122 0.4052388289676425 0.3089509143407122 0.5408320493066255 0.4128970163618864 0.5408320493066255 0.4128970163618864 0.4052388289676425
0 0.32435033686236764 0.5454545454545454 0.32435033686236764 0.6779661016949152 0.4061597690086622 0.6779661016949152 0.4061597690086622 0.5454545454545454
0 0.3368623676612127 0.8228043143297381 0.3368623676612127 0.9553158705701078 0.42059672762271416 0.9553158705701078 0.42059672762271416 0.8228043143297381
0 0.602502406159769 0.14637904468412943 0.602502406159769 0.26040061633281975 0.6823869104908566 0.26040061633281975 0.6823869104908566 0.14637904468412943
0 0.6005774783445621 0.26040061633281975 0.6005774783445621 0.3975346687211094 0.6794995187680462 0.3975346687211094 0.6794995187680462 0.26040061633281975
0 0.6111645813282002 0.5100154083204931 0.6111645813282002 0.6656394453004623 0.7151106833493744 0.6656394453004623 0.7151106833493744 0.5100154083204931
0 0.7449470644850819 0.04314329738058552 0.7449470644850819 0.18798151001540833 0.8190567853705486 0.18798151001540833 0.8190567853705486 0.04314329738058552
0 0.8152069297401348 0.35285053929121724 0.8152069297401348 0.4946070878274268 0.9201154956689124 0.4946070878274268 0.9201154956689124 0.35285053929121724
0 0.8257940327237728 0.6224961479198767 0.8257940327237728 0.7550077041602465 0.9297401347449471 0.7550077041602465 0.9297401347449471 0.6224961479198767