0 0.06865177832919768 0.11491108071135431 0.06865177832919768 0.19699042407660738 0.1315136476426799 0.19699042407660738 0.1315136476426799 0.11491108071135431
0 0.03143093465674111 0.2421340629274966 0.03143093465674111 0.36388508891928867 0.12572373862696443 0.36388508891928867 0.12572373862696443 0.2421340629274966
0 0.03391232423490488 0.3967168262653899 0.03391232423490488 0.5198358413132695 0.1315136476426799 0.5198358413132695 0.1315136476426799 0.3967168262653899
0 0.05459057071960298 0.5663474692202463 0.05459057071960298 0.6566347469220246 0.10669975186104218 0.6566347469220246 0.10669975186104218 0.5663474692202463
0 0.01902398676592225 0.66484268125855 0.01902398676592225 0.7428180574555403 0.08436724565756824 0.7428180574555403 0.08436724565756824 0.66484268125855
0 0.014061207609594707 0.7756497948016415 0.014061207609594707 0.8563611491108071 0.08436724565756824 0.8563611491108071 0.08436724565756824 0.7756497948016415
0 0.28453267162944584 0.04377564979480164 0.28453267162944584 0.12311901504787962 0.3465674110835401 0.12311901504787962 0.3465674110835401 0.04377564979480164
0 0.2679900744416873 0.1545827633378933 0.2679900744416873 0.23529411764705882 0.337468982630273 0.23529411764705882 0.337468982630273 0.1545827633378933
0 0.2770885028949545 0.2667578659370725 0.2770885028949545 0.3488372093023256 0.34987593052109184 0.3488372093023256 0.34987593052109184 0.2667578659370725
0 0.2597187758478081 0.46785225718194257 0.2597187758478081 0.5554035567715458 0.3242349048800662 0.5554035567715458 0.3242349048800662 0.46785225718194257
0 0.23986765922249792 0.5868673050615595 0.23986765922249792 0.6716826265389877 0.31679073614557485 0.6716826265389877 0.31679073614557485 0.5868673050615595
0 0.27791563275434245 0.6976744186046512 0.27791563275434245 0.7797537619699042 0.35153019023986765 0.7797537619699042 0.35153019023986765 0.6976744186046512
0 0.19272125723738626 0.771545827633379 0.19272125723738626 0.8850889192886456 0.23986765922249792 0.8850889192886456 0.23986765922249792 0.771545827633379
0 0.2878411910669975 0.7920656634746922 0.2878411910669975 0.9069767441860465 0.3523573200992556 0.9069767441860465 0.3523573200992556 0.7920656634746922
0 0.6153846153846154 0.12311901504787962 0.6153846153846154 0.19699042407660738 0.6774193548387096 0.19699042407660738 0.6774193548387096 0.12311901504787962
0 0.6095947063688999 0.22982216142270862 0.6095947063688999 0.3036935704514364 0.6674937965260546 0.3036935704514364 0.6674937965260546 0.22982216142270862
0 0.598014888337469 0.33515731874145005 0.598014888337469 0.4049247606019152 0.6617038875103392 0.4049247606019152 0.6617038875103392 0.33515731874145005
0 0.5632754342431762 0.426812585499316 0.5632754342431762 0.5239398084815321 0.6203473945409429 0.5239398084815321 0.6203473945409429 0.426812585499316
0 0.5781637717121588 0.5444596443228454 0.5781637717121588 0.627906976744186 0.6492969396195203 0.627906976744186 0.6492969396195203 0.5444596443228454
0 0.5732009925558312 0.7346101231190151 0.5732009925558312 0.8194254445964432 0.6368899917287014 0.8194254445964432 0.6368899917287014 0.7346101231190151
0 0.5748552522746071 0.853625170998632 0.5748552522746071 0.9466484268125855 0.6368899917287014 0.9466484268125855 0.6368899917287014 0.853625170998632
0 0.6451612903225806 0.86593707250342 0.6451612903225806 0.9398084815321477 0.7047146401985112 0.9398084815321477 0.7047146401985112 0.86593707250342
0 0.8180314309346567 0.016415868673050615 0.8180314309346567 0.10533515731874145 0.8883374689826302 0.10533515731874145 0.8883374689826302 0.016415868673050615
0 0.7890818858560794 0.1354309165526676 0.7890818858560794 0.213406292749658 0.8626964433416047 0.213406292749658 0.8626964433416047 0.1354309165526676
0 0.8279569892473119 0.22571819425444598 0.8279569892473119 0.3036935704514364 0.8974358974358975 0.3036935704514364 0.8974358974358975 0.22571819425444598
0 0.8337468982630273 0.33652530779753764 0.8337468982630273 0.4377564979480164 0.8974358974358975 0.4377564979480164 0.8974358974358975 0.33652530779753764
0 0.7857733664185277 0.4883720930232558 0.7857733664185277 0.5704514363885089 0.8751033912324235 0.5704514363885089 0.8751033912324235 0.4883720930232558
0 0.8337468982630273 0.5978112175102599 0.8337468982630273 0.6757865937072504 0.9106699751861043 0.6757865937072504 0.9106699751861043 0.5978112175102599
0 0.8461538461538461 0.7099863201094391 0.8461538461538461 0.7906976744186046 0.9048800661703887 0.7906976744186046 0.9048800661703887 0.7099863201094391
0 0.847808105872622 0.8481532147742818 0.847808105872622 0.9562243502051984 0.8999172870140613 0.9562243502051984 0.8999172870140613 0.8481532147742818
0 0.9272125723738627 0.307797537619699 0.9272125723738627 0.426812585499316 0.9818031430934657 0.426812585499316 0.9818031430934657 0.307797537619699