0 0.04752851711026616 0.107981220657277 0.04752851711026616 0.21283255086071987 0.12262357414448669 0.21283255086071987 0.12262357414448669 0.107981220657277
0 0.06178707224334601 0.38967136150234744 0.06178707224334601 0.5336463223787168 0.15114068441064638 0.5336463223787168 0.15114068441064638 0.38967136150234744
0 0.17395437262357413 0.4350547730829421 0.17395437262357413 0.5242566510172144 0.22053231939163498 0.5242566510172144 0.22053231939163498 0.4350547730829421
0 0.24714828897338403 0.40375586854460094 0.24714828897338403 0.5539906103286385 0.33269961977186313 0.5539906103286385 0.33269961977186313 0.40375586854460094
0 0.34695817490494296 0.39280125195618154 0.34695817490494296 0.4726134585289515 0.4096958174904943 0.4726134585289515 0.4096958174904943 0.39280125195618154
0 0.38688212927756654 0.23317683881064163 0.38688212927756654 0.3568075117370892 0.470532319391635 0.3568075117370892 0.470532319391635 0.23317683881064163
0 0.49714828897338403 0.10954616588419405 0.49714828897338403 0.27230046948356806 0.5807984790874525 0.27230046948356806 0.5807984790874525 0.10954616588419405
0 0.6026615969581749 0.14710485133020346 0.6026615969581749 0.2597809076682316 0.6539923954372624 0.2597809076682316 0.6539923954372624 0.14710485133020346
0 0.6730038022813688 0.1643192488262911 0.6730038022813688 0.25821596244131456 0.723384030418251 0.25821596244131456 0.723384030418251 0.1643192488262911
0 0.7538022813688213 0.14553990610328638 0.7538022813688213 0.3004694835680751 0.8231939163498099 0.3004694835680751 0.8231939163498099 0.14553990610328638
0 0.8422053231939164 0.16118935837245696 0.8422053231939164 0.2676056338028169 0.8916349809885932 0.2676056338028169 0.8916349809885932 0.16118935837245696
0 0.9125475285171103 0.16588419405320814 0.9125475285171103 0.28482003129890454 0.9629277566539924 0.28482003129890454 0.9629277566539924 0.16588419405320814
0 0.057034220532319393 0.7762128325508607 0.057034220532319393 0.9154929577464789 0.13307984790874525 0.9154929577464789 0.13307984790874525 0.7762128325508607
0 0.14258555133079848 0.7496087636932708 0.14258555133079848 0.8967136150234741 0.21863117870722434 0.8967136150234741 0.21863117870722434 0.7496087636932708
0 0.2414448669201521 0.7652582159624414 0.2414448669201521 0.8998435054773083 0.3155893536121673 0.8998435054773083 0.3155893536121673 0.7652582159624414
0 0.344106463878327 0.8810641627543035 0.344106463878327 0.9436619718309859 0.39638783269961975 0.9436619718309859 0.39638783269961975 0.8810641627543035
0 0.6606463878326996 0.49765258215962443 0.6606463878326996 0.5899843505477308 0.7119771863117871 0.5899843505477308 0.7119771863117871 0.49765258215962443
0 0.7243346007604563 0.5039123630672926 0.7243346007604563 0.5978090766823161 0.7709125475285171 0.5978090766823161 0.7709125475285171 0.5039123630672926
0 0.7889733840304183 0.5070422535211268 0.7889733840304183 0.5993740219092332 0.8307984790874525 0.5993740219092332 0.8307984790874525 0.5070422535211268
0 0.8460076045627376 0.514866979655712 0.8460076045627376 0.5978090766823161 0.8916349809885932 0.5978090766823161 0.8916349809885932 0.514866979655712
0 0.6577946768060836 0.8231611893583725 0.6577946768060836 0.8951486697965572 0.7015209125475285 0.8951486697965572 0.7015209125475285 0.8231611893583725
0 0.7756653992395437 0.8341158059467919 0.7756653992395437 0.9014084507042254 0.8250950570342205 0.9014084507042254 0.8250950570342205 0.8341158059467919