0 0.15562913907284767 0.4056029232643118 0.15562913907284767 0.47868453105968334 0.2306843267108168 0.47868453105968334 0.2306843267108168 0.4056029232643118
0 0.25165562913907286 0.42630937880633374 0.25165562913907286 0.4981729598051157 0.32781456953642385 0.4981729598051157 0.32781456953642385 0.42630937880633374
0 0.08498896247240618 0.561510353227771 0.08498896247240618 0.6431181485992692 0.16556291390728478 0.6431181485992692 0.16556291390728478 0.561510353227771
0 0.18543046357615894 0.5809987819732034 0.18543046357615894 0.6638246041412911 0.2671081677704194 0.6638246041412911 0.2671081677704194 0.5809987819732034
0 0.02207505518763797 0.6784409257003654 0.02207505518763797 0.7503045066991474 0.09933774834437085 0.7503045066991474 0.09933774834437085 0.6784409257003654
0 0.37858719646799116 0.6224116930572473 0.37858719646799116 0.7040194884287454 0.45916114790286977 0.7040194884287454 0.45916114790286977 0.6224116930572473
0 0.3984547461368653 0.7576126674786845 0.3984547461368653 0.8660170523751523 0.45695364238410596 0.8660170523751523 0.45695364238410596 0.7576126674786845
0 0.48013245033112584 0.7746650426309378 0.48013245033112584 0.879415347137637 0.5386313465783664 0.879415347137637 0.5386313465783664 0.7746650426309378
0 0.5827814569536424 0.7953714981729598 0.5827814569536424 0.8745432399512789 0.6324503311258278 0.8745432399512789 0.6324503311258278 0.7953714981729598
0 0.6589403973509934 0.5213154689403167 0.6589403973509934 0.5907429963459196 0.7086092715231788 0.5907429963459196 0.7086092715231788 0.5213154689403167
0 0.7306843267108167 0.5322777101096224 0.7306843267108167 0.5980511571254568 0.7737306843267108 0.5980511571254568 0.7737306843267108 0.5322777101096224
0 0.9094922737306843 0.6881851400730816 0.9094922737306843 0.7661388550548112 0.9933774834437086 0.7661388550548112 0.9933774834437086 0.6881851400730816