0 0.0408997955010225 0.10962566844919786 0.0408997955010225 0.17914438502673796 0.10429447852760736 0.17914438502673796 0.10429447852760736 0.10962566844919786
0 0.07566462167689161 0.17914438502673796 0.07566462167689161 0.25935828877005346 0.15030674846625766 0.25935828877005346 0.15030674846625766 0.17914438502673796
0 0.1738241308793456 0.3382352941176471 0.1738241308793456 0.4050802139037433 0.22597137014314927 0.4050802139037433 0.22597137014314927 0.3382352941176471
0 0.21574642126789367 0.4117647058823529 0.21574642126789367 0.4919786096256685 0.2822085889570552 0.4919786096256685 0.2822085889570552 0.4117647058823529
0 0.39059304703476483 0.303475935828877 0.39059304703476483 0.3502673796791444 0.42535787321063395 0.3502673796791444 0.42535787321063395 0.303475935828877
0 0.4396728016359918 0.3877005347593583 0.4396728016359918 0.4318181818181818 0.4785276073619632 0.4318181818181818 0.4785276073619632 0.3877005347593583
0 0.418200408997955 0.7219251336898396 0.418200408997955 0.7887700534759359 0.4591002044989775 0.7887700534759359 0.4591002044989775 0.7219251336898396
0 0.49693251533742333 0.6818181818181818 0.49693251533742333 0.7366310160427807 0.5378323108384458 0.7366310160427807 0.5378323108384458 0.6818181818181818
0 0.5674846625766872 0.5628342245989305 0.5674846625766872 0.6457219251336899 0.6165644171779141 0.6457219251336899 0.6165644171779141 0.5628342245989305
0 0.6462167689161554 0.8462566844919787 0.6462167689161554 0.9344919786096256 0.7024539877300614 0.9344919786096256 0.7024539877300614 0.8462566844919787
0 0.7065439672801636 0.7807486631016043 0.7065439672801636 0.8676470588235294 0.7617586912065439 0.8676470588235294 0.7617586912065439 0.7807486631016043