6 0.0720164609053498 0.1881720430107527 0.0720164609053498 0.23521505376344087 0.17181069958847736 0.23521505376344087 0.17181069958847736 0.1881720430107527
6 0.7047325102880658 0.6720430107526881 0.7047325102880658 0.831989247311828 0.7417695473251029 0.831989247311828 0.7417695473251029 0.6720430107526881
6 0.8703703703703703 0.5739247311827957 0.8703703703703703 0.7029569892473119 0.918724279835391 0.7029569892473119 0.918724279835391 0.5739247311827957
7 0.25617283950617287 0.5483870967741935 0.25617283950617287 0.5967741935483871 0.2932098765432099 0.5967741935483871 0.2932098765432099 0.5483870967741935
7 0.29218106995884774 0.5913978494623656 0.29218106995884774 0.6491935483870968 0.338477366255144 0.6491935483870968 0.338477366255144 0.5913978494623656
7 0.29012345679012347 0.5013440860215054 0.29012345679012347 0.5524193548387096 0.3271604938271605 0.5524193548387096 0.3271604938271605 0.5013440860215054
7 0.3281893004115226 0.5497311827956989 0.3281893004115226 0.6008064516129032 0.36728395061728397 0.6008064516129032 0.36728395061728397 0.5497311827956989
7 0.32407407407407407 0.45161290322580644 0.32407407407407407 0.5040322580645161 0.36213991769547327 0.5040322580645161 0.36213991769547327 0.45161290322580644
7 0.3631687242798354 0.5026881720430108 0.3631687242798354 0.5510752688172043 0.40329218106995884 0.5510752688172043 0.40329218106995884 0.5026881720430108
7 0.3559670781893004 0.40591397849462363 0.3559670781893004 0.4583333333333333 0.3940329218106996 0.4583333333333333 0.3940329218106996 0.40591397849462363
7 0.39609053497942387 0.45564516129032256 0.39609053497942387 0.5053763440860215 0.43415637860082307 0.5053763440860215 0.43415637860082307 0.45564516129032256
7 0.39711934156378603 0.34543010752688175 0.39711934156378603 0.3951612903225806 0.42901234567901236 0.3951612903225806 0.42901234567901236 0.34543010752688175
7 0.4269547325102881 0.3844086021505376 0.4269547325102881 0.4314516129032258 0.4619341563786008 0.4314516129032258 0.4619341563786008 0.3844086021505376
7 0.4660493827160494 0.34139784946236557 0.4660493827160494 0.385752688172043 0.5 0.385752688172043 0.5 0.34139784946236557
7 0.5051440329218106 0.14650537634408603 0.5051440329218106 0.18413978494623656 0.5329218106995884 0.18413978494623656 0.5329218106995884 0.14650537634408603
7 0.6008230452674898 0.15188172043010753 0.6008230452674898 0.20430107526881722 0.6358024691358025 0.20430107526881722 0.6358024691358025 0.15188172043010753
7 0.6255144032921811 0.12231182795698925 0.6255144032921811 0.16801075268817203 0.661522633744856 0.16801075268817203 0.661522633744856 0.12231182795698925
7 0.6584362139917695 0.1774193548387097 0.6584362139917695 0.22311827956989247 0.6923868312757202 0.22311827956989247 0.6923868312757202 0.1774193548387097