7 0.03109182935647144 0.10744810744810745 0.03109182935647144 0.18437118437118438 0.07809110629067245 0.18437118437118438 0.07809110629067245 0.10744810744810745
7 0.028922631959508314 0.221001221001221 0.028922631959508314 0.3052503052503053 0.07809110629067245 0.3052503052503053 0.07809110629067245 0.221001221001221
7 0.028199566160520606 0.3076923076923077 0.028199566160520606 0.3907203907203907 0.07953723788864786 0.3907203907203907 0.07953723788864786 0.3076923076923077
7 0.07519884309472162 0.10378510378510379 0.07519884309472162 0.1855921855921856 0.12581344902386118 0.1855921855921856 0.12581344902386118 0.10378510378510379
7 0.07230657989877079 0.22466422466422467 0.07230657989877079 0.31013431013431014 0.12436731742588576 0.31013431013431014 0.12436731742588576 0.22466422466422467
7 0.07592190889370933 0.3028083028083028 0.07592190889370933 0.3882783882783883 0.1265365148228489 0.3882783882783883 0.1265365148228489 0.3028083028083028
7 0.1193058568329718 0.10378510378510379 0.1193058568329718 0.1916971916971917 0.16992046276211134 0.1916971916971917 0.16992046276211134 0.10378510378510379
7 0.12292118582791034 0.2222222222222222 0.12292118582791034 0.3052503052503053 0.17064352856109907 0.3052503052503053 0.17064352856109907 0.2222222222222222
7 0.12002892263195951 0.30036630036630035 0.12002892263195951 0.38583638583638585 0.17208966015907448 0.38583638583638585 0.17208966015907448 0.30036630036630035
7 0.16558206796818511 0.10622710622710622 0.16558206796818511 0.19291819291819293 0.21908893709327548 0.19291819291819293 0.21908893709327548 0.10622710622710622
7 0.16630513376717282 0.22344322344322345 0.16630513376717282 0.304029304029304 0.21764280549530007 0.304029304029304 0.21764280549530007 0.22344322344322345
7 0.16702819956616052 0.3028083028083028 0.16702819956616052 0.3833943833943834 0.21836587129428778 0.3833943833943834 0.21836587129428778 0.3028083028083028
7 0.2559652928416486 0.10500610500610501 0.2559652928416486 0.18315018315018314 0.30585683297180044 0.18315018315018314 0.30585683297180044 0.10500610500610501
7 0.25668835864063627 0.18315018315018314 0.25668835864063627 0.2686202686202686 0.3065798987707881 0.2686202686202686 0.3065798987707881 0.18315018315018314
7 0.25379609544468545 0.2905982905982906 0.25379609544468545 0.36996336996337 0.30441070137382503 0.36996336996337 0.30441070137382503 0.2905982905982906
7 0.25668835864063627 0.36874236874236876 0.25668835864063627 0.45054945054945056 0.30585683297180044 0.45054945054945056 0.30585683297180044 0.36874236874236876
7 0.30441070137382503 0.10622710622710622 0.30441070137382503 0.18437118437118438 0.3557483731019523 0.18437118437118438 0.3557483731019523 0.10622710622710622
7 0.3036876355748373 0.1855921855921856 0.3036876355748373 0.2612942612942613 0.3557483731019523 0.2612942612942613 0.3557483731019523 0.1855921855921856
7 0.3036876355748373 0.29426129426129427 0.3036876355748373 0.3711843711843712 0.3571945046999277 0.3711843711843712 0.3571945046999277 0.29426129426129427
7 0.3036876355748373 0.3663003663003663 0.3036876355748373 0.4517704517704518 0.35285610990600147 0.4517704517704518 0.35285610990600147 0.3663003663003663
7 0.38033261026753434 0.10989010989010989 0.38033261026753434 0.1855921855921856 0.4316702819956616 0.1855921855921856 0.4316702819956616 0.10989010989010989
7 0.3825018076644975 0.18315018315018314 0.3825018076644975 0.2600732600732601 0.4345625451916124 0.2600732600732601 0.4345625451916124 0.18315018315018314
7 0.3825018076644975 0.3089133089133089 0.3825018076644975 0.38461538461538464 0.43383947939262474 0.38461538461538464 0.43383947939262474 0.3089133089133089
7 0.38177874186550975 0.3833943833943834 0.38177874186550975 0.46642246642246643 0.4345625451916124 0.46642246642246643 0.4345625451916124 0.3833943833943834
7 0.4302241503976862 0.10622710622710622 0.4302241503976862 0.18315018315018314 0.4786695589298626 0.18315018315018314 0.4786695589298626 0.10622710622710622
7 0.4302241503976862 0.1807081807081807 0.4302241503976862 0.26495726495726496 0.4786695589298626 0.26495726495726496 0.4786695589298626 0.1807081807081807
7 0.4302241503976862 0.3052503052503053 0.4302241503976862 0.3882783882783883 0.4786695589298626 0.3882783882783883 0.4786695589298626 0.3052503052503053
7 0.4302241503976862 0.38095238095238093 0.4302241503976862 0.463980463980464 0.4786695589298626 0.463980463980464 0.4786695589298626 0.38095238095238093
7 0.5140997830802603 0.10744810744810745 0.5140997830802603 0.18437118437118438 0.5661605206073753 0.18437118437118438 0.5661605206073753 0.10744810744810745
7 0.5140997830802603 0.18315018315018314 0.5140997830802603 0.27472527472527475 0.5661605206073753 0.27472527472527475 0.5661605206073753 0.18315018315018314
7 0.5140997830802603 0.336996336996337 0.5140997830802603 0.4188034188034188 0.5661605206073753 0.4188034188034188 0.5661605206073753 0.336996336996337
7 0.5140997830802603 0.41514041514041516 0.5140997830802603 0.49572649572649574 0.5661605206073753 0.49572649572649574 0.5661605206073753 0.41514041514041516
7 0.561822125813449 0.10744810744810745 0.561822125813449 0.18681318681318682 0.6117136659436009 0.18681318681318682 0.6117136659436009 0.10744810744810745
7 0.561822125813449 0.1855921855921856 0.561822125813449 0.2673992673992674 0.6117136659436009 0.2673992673992674 0.6117136659436009 0.1855921855921856
7 0.561822125813449 0.32967032967032966 0.561822125813449 0.4126984126984127 0.6117136659436009 0.4126984126984127 0.6117136659436009 0.32967032967032966
7 0.561822125813449 0.4078144078144078 0.561822125813449 0.5018315018315018 0.6117136659436009 0.5018315018315018 0.6117136659436009 0.4078144078144078
7 0.6080983369486623 0.10500610500610501 0.6080983369486623 0.18681318681318682 0.6550976138828634 0.18681318681318682 0.6550976138828634 0.10500610500610501
7 0.6073752711496746 0.18681318681318682 0.6073752711496746 0.2673992673992674 0.6529284164859002 0.2673992673992674 0.6529284164859002 0.18681318681318682
7 0.6507592190889371 0.10500610500610501 0.6507592190889371 0.18437118437118438 0.6963123644251626 0.18437118437118438 0.6963123644251626 0.10500610500610501
7 0.6507592190889371 0.18315018315018314 0.6507592190889371 0.2600732600732601 0.6963123644251626 0.2600732600732601 0.6963123644251626 0.18315018315018314
7 0.6507592190889371 0.2893772893772894 0.6507592190889371 0.36996336996337 0.6963123644251626 0.36996336996337 0.6963123644251626 0.2893772893772894
7 0.6507592190889371 0.3663003663003663 0.6507592190889371 0.4481074481074481 0.6963123644251626 0.4481074481074481 0.6963123644251626 0.3663003663003663
7 0.6507592190889371 0.4468864468864469 0.6507592190889371 0.5299145299145299 0.6963123644251626 0.5299145299145299 0.6963123644251626 0.4468864468864469
7 0.695589298626175 0.10500610500610501 0.695589298626175 0.1807081807081807 0.74765003615329 0.1807081807081807 0.74765003615329 0.10500610500610501
7 0.695589298626175 0.18315018315018314 0.695589298626175 0.2600732600732601 0.74765003615329 0.2600732600732601 0.74765003615329 0.18315018315018314
7 0.695589298626175 0.2893772893772894 0.695589298626175 0.36996336996337 0.74765003615329 0.36996336996337 0.74765003615329 0.2893772893772894
7 0.695589298626175 0.3663003663003663 0.695589298626175 0.4481074481074481 0.74765003615329 0.4481074481074481 0.74765003615329 0.3663003663003663
7 0.695589298626175 0.4468864468864469 0.695589298626175 0.5299145299145299 0.74765003615329 0.5299145299145299 0.74765003615329 0.4468864468864469
7 0.7751265365148229 0.10500610500610501 0.7751265365148229 0.1807081807081807 0.8264642082429501 0.1807081807081807 0.8264642082429501 0.10500610500610501
7 0.7751265365148229 0.2087912087912088 0.7751265365148229 0.28815628815628813 0.8264642082429501 0.28815628815628813 0.8264642082429501 0.2087912087912088
7 0.7751265365148229 0.398046398046398 0.7751265365148229 0.47863247863247865 0.8264642082429501 0.47863247863247865 0.8264642082429501 0.398046398046398
7 0.7751265365148229 0.46886446886446886 0.7751265365148229 0.5457875457875457 0.8264642082429501 0.5457875457875457 0.8264642082429501 0.46886446886446886
7 0.8228488792480115 0.10500610500610501 0.8228488792480115 0.1807081807081807 0.8727404193781634 0.1807081807081807 0.8727404193781634 0.10500610500610501
7 0.8228488792480115 0.2087912087912088 0.8228488792480115 0.28815628815628813 0.8727404193781634 0.28815628815628813 0.8727404193781634 0.2087912087912088
7 0.8228488792480115 0.398046398046398 0.8228488792480115 0.47863247863247865 0.8727404193781634 0.47863247863247865 0.8727404193781634 0.398046398046398
7 0.8228488792480115 0.46886446886446886 0.8228488792480115 0.5457875457875457 0.8727404193781634 0.5457875457875457 0.8727404193781634 0.46886446886446886
7 0.8698481561822126 0.10500610500610501 0.8698481561822126 0.1807081807081807 0.9197396963123644 0.1807081807081807 0.9197396963123644 0.10500610500610501
7 0.8698481561822126 0.2087912087912088 0.8698481561822126 0.28815628815628813 0.9197396963123644 0.28815628815628813 0.9197396963123644 0.2087912087912088
7 0.8698481561822126 0.398046398046398 0.8698481561822126 0.47863247863247865 0.9197396963123644 0.47863247863247865 0.9197396963123644 0.398046398046398
7 0.8698481561822126 0.46886446886446886 0.8698481561822126 0.5457875457875457 0.9197396963123644 0.5457875457875457 0.9197396963123644 0.46886446886446886
7 0.9154013015184381 0.10012210012210013 0.9154013015184381 0.1807081807081807 0.9681851048445409 0.1807081807081807 0.9681851048445409 0.10012210012210013
7 0.9154013015184381 0.2026862026862027 0.9154013015184381 0.29304029304029305 0.9660159074475777 0.29304029304029305 0.9660159074475777 0.2026862026862027
7 0.9168474331164136 0.398046398046398 0.9168474331164136 0.47374847374847373 0.9645697758496024 0.47374847374847373 0.9645697758496024 0.398046398046398