6 0.6183127572016461 0.5704874835309618 0.6183127572016461 0.7009222661396575 0.6522633744855967 0.7009222661396575 0.6522633744855967 0.5704874835309618
7 0.7283950617283951 0.5164690382081687 0.7283950617283951 0.5704874835309618 0.7695473251028807 0.5704874835309618 0.7695473251028807 0.5164690382081687
7 0.7788065843621399 0.5243741765480896 0.7788065843621399 0.5783926218708827 0.8240740740740741 0.5783926218708827 0.8240740740740741 0.5243741765480896
7 0.7098765432098766 0.6495388669301713 0.7098765432098766 0.6956521739130435 0.7438271604938271 0.6956521739130435 0.7438271604938271 0.6495388669301713
7 0.7469135802469136 0.6534914361001317 0.7469135802469136 0.7035573122529645 0.7818930041152263 0.7035573122529645 0.7818930041152263 0.6534914361001317
7 0.7839506172839507 0.6587615283267457 0.7839506172839507 0.7075098814229249 0.8199588477366255 0.7075098814229249 0.8199588477366255 0.6587615283267457
7 0.8323045267489712 0.6666666666666666 0.8323045267489712 0.7193675889328063 0.8703703703703703 0.7193675889328063 0.8703703703703703 0.6666666666666666
7 0.8713991769547325 0.6785243741765481 0.8713991769547325 0.7259552042160737 0.9084362139917695 0.7259552042160737 0.9084362139917695 0.6785243741765481
7 0.9362139917695473 0.686429512516469 0.9362139917695473 0.7378129117259552 0.9711934156378601 0.7378129117259552 0.9711934156378601 0.686429512516469
7 0.7047325102880658 0.69433465085639 0.7047325102880658 0.7457180500658761 0.7397119341563786 0.7457180500658761 0.7397119341563786 0.69433465085639
7 0.7438271604938271 0.7048748353096179 0.7438271604938271 0.7523056653491436 0.779835390946502 0.7523056653491436 0.779835390946502 0.7048748353096179
7 0.7829218106995884 0.7140974967061924 0.7829218106995884 0.758893280632411 0.8179012345679012 0.758893280632411 0.8179012345679012 0.7140974967061924
7 0.831275720164609 0.7220026350461133 0.831275720164609 0.7681159420289855 0.8683127572016461 0.7681159420289855 0.8683127572016461 0.7220026350461133
7 0.8693415637860082 0.7220026350461133 0.8693415637860082 0.7747035573122529 0.9053497942386831 0.7747035573122529 0.9053497942386831 0.7220026350461133
7 0.9310699588477366 0.7417654808959157 0.9310699588477366 0.7931488801054019 0.9691358024691358 0.7931488801054019 0.9691358024691358 0.7417654808959157
7 0.7016460905349794 0.7457180500658761 0.7016460905349794 0.7944664031620553 0.7376543209876543 0.7944664031620553 0.7376543209876543 0.7457180500658761
7 0.7376543209876543 0.7549407114624506 0.7376543209876543 0.8036890645586298 0.7767489711934157 0.8036890645586298 0.7767489711934157 0.7549407114624506
7 0.7777777777777778 0.7628458498023716 0.7777777777777778 0.8076416337285902 0.8137860082304527 0.8076416337285902 0.8137860082304527 0.7628458498023716
7 0.8302469135802469 0.766798418972332 0.8302469135802469 0.8181818181818182 0.8652263374485597 0.8181818181818182 0.8652263374485597 0.766798418972332
7 0.8672839506172839 0.7747035573122529 0.8672839506172839 0.8287220026350461 0.9022633744855967 0.8287220026350461 0.9022633744855967 0.7747035573122529
7 0.9382716049382716 0.8050065876152833 0.9382716049382716 0.8603425559947299 0.9783950617283951 0.8603425559947299 0.9783950617283951 0.8050065876152833
7 0.7067901234567902 0.8089591567852438 0.7067901234567902 0.8801054018445322 0.7551440329218106 0.8801054018445322 0.7551440329218106 0.8089591567852438
7 0.7602880658436214 0.8168642951251647 0.7602880658436214 0.8906455862977603 0.8096707818930041 0.8906455862977603 0.8096707818930041 0.8168642951251647
7 0.815843621399177 0.8326745718050066 0.815843621399177 0.8998682476943346 0.8662551440329218 0.8998682476943346 0.8662551440329218 0.8326745718050066
7 0.8683127572016461 0.8405797101449275 0.8683127572016461 0.9064558629776021 0.9156378600823045 0.9064558629776021 0.9156378600823045 0.8405797101449275
7 0.9362139917695473 0.8695652173913043 0.9362139917695473 0.9262187088274044 0.9753086419753086 0.9262187088274044 0.9753086419753086 0.8695652173913043
7 0.7026748971193416 0.8787878787878788 0.7026748971193416 0.9486166007905138 0.7479423868312757 0.9486166007905138 0.7479423868312757 0.8787878787878788
7 0.7530864197530864 0.8932806324110671 0.7530864197530864 0.9591567852437418 0.8034979423868313 0.9591567852437418 0.8034979423868313 0.8932806324110671
7 0.8127572016460906 0.9038208168642952 0.8127572016460906 0.9696969696969697 0.8631687242798354 0.9696969696969697 0.8631687242798354 0.9038208168642952
7 0.8652263374485597 0.9143610013175231 0.8652263374485597 0.9815546772068511 0.9156378600823045 0.9815546772068511 0.9156378600823045 0.9143610013175231
7 0.9320987654320988 0.9446640316205533 0.9320987654320988 0.997364953886693 0.9742798353909465 0.997364953886693 0.9742798353909465 0.9446640316205533