7 0.24643584521384929 0.2628398791540785 0.24643584521384929 0.35196374622356497 0.3065173116089613 0.35196374622356497 0.3065173116089613 0.2628398791540785
7 0.3065173116089613 0.27794561933534745 0.3065173116089613 0.37009063444108764 0.3655804480651731 0.37009063444108764 0.3655804480651731 0.27794561933534745
7 0.36863543788187375 0.2930513595166163 0.36863543788187375 0.3716012084592145 0.4185336048879837 0.3716012084592145 0.4185336048879837 0.2930513595166163
7 0.2576374745417515 0.35347432024169184 0.2576374745417515 0.43051359516616317 0.3085539714867617 0.43051359516616317 0.3085539714867617 0.35347432024169184
7 0.31160896130346233 0.3731117824773414 0.31160896130346233 0.4486404833836858 0.3625254582484725 0.4486404833836858 0.3625254582484725 0.3731117824773414
7 0.3645621181262729 0.3716012084592145 0.3645621181262729 0.4471299093655589 0.4154786150712831 0.4471299093655589 0.4154786150712831 0.3716012084592145
7 0.4439918533604888 0.4350453172205438 0.4439918533604888 0.5015105740181269 0.48778004073319753 0.5015105740181269 0.48778004073319753 0.4350453172205438
7 0.40020366598778007 0.46676737160120846 0.40020366598778007 0.5332326283987915 0.4419551934826884 0.5332326283987915 0.4419551934826884 0.46676737160120846
7 0.439918533604888 0.5015105740181269 0.439918533604888 0.56797583081571 0.48065173116089616 0.56797583081571 0.48065173116089616 0.5015105740181269
7 0.6975560081466395 0.43655589123867067 0.6975560081466395 0.5181268882175226 0.7505091649694501 0.5181268882175226 0.7505091649694501 0.43655589123867067
7 0.7535641547861507 0.43202416918429004 0.7535641547861507 0.5045317220543807 0.8065173116089613 0.5045317220543807 0.8065173116089613 0.43202416918429004
7 0.8095723014256619 0.42749244712990936 0.8095723014256619 0.5090634441087614 0.8655804480651731 0.5090634441087614 0.8655804480651731 0.42749244712990936
7 0.7668024439918534 0.5090634441087614 0.7668024439918534 0.581570996978852 0.8177189409368636 0.581570996978852 0.8177189409368636 0.5090634441087614
7 0.6975560081466395 0.5362537764350453 0.6975560081466395 0.6117824773413897 0.7494908350305499 0.6117824773413897 0.7494908350305499 0.5362537764350453