7 0.4039792387543253 0.13452914798206278 0.4039792387543253 0.1898355754857997 0.43685121107266434 0.1898355754857997 0.43685121107266434 0.13452914798206278
7 0.4541522491349481 0.13452914798206278 0.4541522491349481 0.1898355754857997 0.4870242214532872 0.1898355754857997 0.4870242214532872 0.13452914798206278
7 0.4913494809688581 0.13452914798206278 0.4913494809688581 0.1898355754857997 0.5250865051903114 0.1898355754857997 0.5250865051903114 0.13452914798206278
7 0.5415224913494809 0.13452914798206278 0.5415224913494809 0.1898355754857997 0.5743944636678201 0.1898355754857997 0.5743944636678201 0.13452914798206278
7 0.5908304498269896 0.13602391629297458 0.5908304498269896 0.1898355754857997 0.6237024221453287 0.1898355754857997 0.6237024221453287 0.13602391629297458
7 0.6288927335640139 0.13303437967115098 0.6288927335640139 0.1898355754857997 0.6634948096885813 0.1898355754857997 0.6634948096885813 0.13303437967115098
7 0.3313148788927336 0.19133034379671152 0.3313148788927336 0.24813153961136025 0.36591695501730104 0.24813153961136025 0.36591695501730104 0.19133034379671152
7 0.38321799307958476 0.19133034379671152 0.38321799307958476 0.24813153961136025 0.41782006920415227 0.24813153961136025 0.41782006920415227 0.19133034379671152
7 0.42387543252595156 0.19133034379671152 0.42387543252595156 0.24813153961136025 0.45588235294117646 0.24813153961136025 0.45588235294117646 0.19133034379671152
7 0.4731833910034602 0.19133034379671152 0.4731833910034602 0.24813153961136025 0.5051903114186851 0.24813153961136025 0.5051903114186851 0.19133034379671152
7 0.523356401384083 0.19431988041853512 0.523356401384083 0.24813153961136025 0.5553633217993079 0.24813153961136025 0.5553633217993079 0.19431988041853512
7 0.5596885813148789 0.19282511210762332 0.5596885813148789 0.24663677130044842 0.592560553633218 0.24663677130044842 0.592560553633218 0.19282511210762332
7 0.610726643598616 0.19431988041853512 0.610726643598616 0.24663677130044842 0.643598615916955 0.24663677130044842 0.643598615916955 0.19431988041853512
7 0.30190311418685123 0.23467862481315396 0.30190311418685123 0.2929745889387145 0.3373702422145329 0.2929745889387145 0.3373702422145329 0.23467862481315396
7 0.30190311418685123 0.3034379671150972 0.30190311418685123 0.3632286995515695 0.3373702422145329 0.3632286995515695 0.3373702422145329 0.3034379671150972
6 0.4420415224913495 0.6786248131539612 0.4420415224913495 0.7085201793721974 0.5406574394463668 0.7085201793721974 0.5406574394463668 0.6786248131539612
6 0.782871972318339 0.7144992526158446 0.782871972318339 0.8146487294469357 0.8434256055363322 0.8146487294469357 0.8434256055363322 0.7144992526158446