1 0.6854838709677419 0.06666666666666667 0.6854838709677419 0.19333333333333333 0.78125 0.19333333333333333 0.78125 0.06666666666666667
1 0.41330645161290325 0.028333333333333332 0.41330645161290325 0.135 0.5070564516129032 0.135 0.5070564516129032 0.028333333333333332
1 0.4637096774193548 0.13833333333333334 0.4637096774193548 0.26666666666666666 0.5534274193548387 0.26666666666666666 0.5534274193548387 0.13833333333333334
1 0.3850806451612903 0.7783333333333333 0.3850806451612903 0.9316666666666666 0.49193548387096775 0.9316666666666666 0.49193548387096775 0.7783333333333333
1 0.08971774193548387 0.685 0.08971774193548387 0.8466666666666667 0.20665322580645162 0.8466666666666667 0.20665322580645162 0.685
8 0.16330645161290322 0.37833333333333335 0.16330645161290322 0.4683333333333333 0.2247983870967742 0.4683333333333333 0.2247983870967742 0.37833333333333335
8 0.20161290322580644 0.395 0.20161290322580644 0.48333333333333334 0.2530241935483871 0.48333333333333334 0.2530241935483871 0.395
8 0.2318548387096774 0.4083333333333333 0.2318548387096774 0.49833333333333335 0.2872983870967742 0.49833333333333335 0.2872983870967742 0.4083333333333333
8 0.26310483870967744 0.4216666666666667 0.26310483870967744 0.5133333333333333 0.32056451612903225 0.5133333333333333 0.32056451612903225 0.4216666666666667
8 0.2852822580645161 0.2966666666666667 0.2852822580645161 0.3883333333333333 0.3397177419354839 0.3883333333333333 0.3397177419354839 0.2966666666666667
8 0.31955645161290325 0.315 0.31955645161290325 0.40166666666666667 0.3709677419354839 0.40166666666666667 0.3709677419354839 0.315