8 0.11347517730496454 0.7134387351778656 0.11347517730496454 0.8557312252964426 0.2115839243498818 0.8557312252964426 0.2115839243498818 0.7134387351778656
8 0.16312056737588654 0.6620553359683794 0.16312056737588654 0.8162055335968379 0.26122931442080377 0.8162055335968379 0.26122931442080377 0.6620553359683794
8 0.2186761229314421 0.6007905138339921 0.2186761229314421 0.7529644268774703 0.3191489361702128 0.7529644268774703 0.3191489361702128 0.6007905138339921
8 0.33569739952718675 0.4743083003952569 0.33569739952718675 0.6126482213438735 0.4302600472813239 0.6126482213438735 0.4302600472813239 0.4743083003952569
8 0.37943262411347517 0.43478260869565216 0.37943262411347517 0.5632411067193676 0.4739952718676123 0.5632411067193676 0.4739952718676123 0.43478260869565216
8 0.4219858156028369 0.38537549407114624 0.4219858156028369 0.5138339920948617 0.5200945626477541 0.5138339920948617 0.5200945626477541 0.38537549407114624
8 0.5307328605200946 0.2964426877470356 0.5307328605200946 0.41699604743083 0.6229314420803782 0.41699604743083 0.6229314420803782 0.2964426877470356
8 0.5721040189125296 0.2549407114624506 0.5721040189125296 0.3814229249011858 0.6666666666666666 0.3814229249011858 0.6666666666666666 0.2549407114624506
8 0.6146572104018913 0.20553359683794467 0.6146572104018913 0.3438735177865613 0.7080378250591016 0.3438735177865613 0.7080378250591016 0.20553359683794467
8 0.6536643026004728 0.17786561264822134 0.6536643026004728 0.29446640316205536 0.7446808510638298 0.29446640316205536 0.7446808510638298 0.17786561264822134
8 0.710401891252955 0.1225296442687747 0.710401891252955 0.22924901185770752 0.7990543735224587 0.22924901185770752 0.7990543735224587 0.1225296442687747
8 0.7505910165484634 0.08102766798418973 0.7505910165484634 0.18774703557312253 0.8404255319148937 0.18774703557312253 0.8404255319148937 0.08102766798418973