8 0.22784810126582278 0.16206896551724137 0.22784810126582278 0.2793103448275862 0.2848101265822785 0.2793103448275862 0.2848101265822785 0.16206896551724137
8 0.27531645569620256 0.15 0.27531645569620256 0.2620689655172414 0.33438818565400846 0.2620689655172414 0.33438818565400846 0.15
8 0.3227848101265823 0.12931034482758622 0.3227848101265823 0.24482758620689654 0.38396624472573837 0.24482758620689654 0.38396624472573837 0.12931034482758622
8 0.4029535864978903 0.18448275862068966 0.4029535864978903 0.30344827586206896 0.46624472573839665 0.30344827586206896 0.46624472573839665 0.18448275862068966
8 0.45358649789029537 0.16724137931034483 0.45358649789029537 0.2827586206896552 0.5126582278481012 0.2827586206896552 0.5126582278481012 0.16724137931034483
8 0.5348101265822784 0.22413793103448276 0.5348101265822784 0.34655172413793106 0.6002109704641351 0.34655172413793106 0.6002109704641351 0.22413793103448276
8 0.580168776371308 0.20862068965517241 0.580168776371308 0.3275862068965517 0.6476793248945147 0.3275862068965517 0.6476793248945147 0.20862068965517241
8 0.18459915611814345 0.3758620689655172 0.18459915611814345 0.5051724137931034 0.24578059071729957 0.5051724137931034 0.24578059071729957 0.3758620689655172
8 0.23628691983122363 0.3568965517241379 0.23628691983122363 0.4827586206896552 0.29641350210970463 0.4827586206896552 0.29641350210970463 0.3568965517241379
8 0.2879746835443038 0.3396551724137931 0.2879746835443038 0.46551724137931033 0.3470464135021097 0.46551724137931033 0.3470464135021097 0.3396551724137931
8 0.37236286919831224 0.4 0.37236286919831224 0.5327586206896552 0.43354430379746833 0.5327586206896552 0.43354430379746833 0.4
8 0.4219409282700422 0.38448275862068965 0.4219409282700422 0.5120689655172413 0.48628691983122363 0.5120689655172413 0.48628691983122363 0.38448275862068965
8 0.5084388185654009 0.44482758620689655 0.5084388185654009 0.5775862068965517 0.5780590717299579 0.5775862068965517 0.5780590717299579 0.44482758620689655
8 0.5590717299578059 0.4241379310344828 0.5590717299578059 0.5586206896551724 0.6286919831223629 0.5586206896551724 0.6286919831223629 0.4241379310344828
8 0.6075949367088608 0.40344827586206894 0.6075949367088608 0.5362068965517242 0.680379746835443 0.5362068965517242 0.680379746835443 0.40344827586206894
8 0.5580168776371308 0.6862068965517242 0.5580168776371308 0.8379310344827586 0.630801687763713 0.8379310344827586 0.630801687763713 0.6862068965517242
8 0.6118143459915611 0.6637931034482759 0.6118143459915611 0.8137931034482758 0.6835443037974683 0.8137931034482758 0.6835443037974683 0.6637931034482759
8 0.6635021097046413 0.6413793103448275 0.6635021097046413 0.7913793103448276 0.7373417721518988 0.7913793103448276 0.7373417721518988 0.6413793103448275