9 0.8557964184731386 0.6661931818181818 0.8557964184731386 0.7201704545454546 0.9066918001885014 0.7201704545454546 0.9066918001885014 0.6661931818181818
9 0.3770028275212064 0.8409090909090909 0.3770028275212064 0.9090909090909091 0.40810556079170596 0.9090909090909091 0.40810556079170596 0.8409090909090909
9 0.42412818096135724 0.7130681818181818 0.42412818096135724 0.78125 0.4533459000942507 0.78125 0.4533459000942507 0.7130681818181818
9 0.5268614514608859 0.4275568181818182 0.5268614514608859 0.48295454545454547 0.5805843543826579 0.48295454545454547 0.5805843543826579 0.4275568181818182
9 0.6201696512723845 0.3849431818181818 0.6201696512723845 0.46448863636363635 0.648444863336475 0.46448863636363635 0.648444863336475 0.3849431818181818
9 0.411875589066918 0.2372159090909091 0.411875589066918 0.31107954545454547 0.4458058435438266 0.31107954545454547 0.4458058435438266 0.2372159090909091
9 0.2639019792648445 0.18892045454545456 0.2639019792648445 0.24431818181818182 0.3072573044297832 0.24431818181818182 0.3072573044297832 0.18892045454545456
9 0.6578699340245052 0.03977272727272727 0.6578699340245052 0.09517045454545454 0.6899151743638078 0.09517045454545454 0.6899151743638078 0.03977272727272727
9 0.6795475966069745 0.05113636363636364 0.6795475966069745 0.10511363636363637 0.7115928369462771 0.10511363636363637 0.7115928369462771 0.05113636363636364
9 0.7172478793590952 0.06960227272727272 0.7172478793590952 0.13636363636363635 0.7483506126295947 0.13636363636363635 0.7483506126295947 0.06960227272727272
9 0.764373232799246 0.10227272727272728 0.764373232799246 0.18323863636363635 0.7983034872761545 0.18323863636363635 0.7983034872761545 0.10227272727272728
9 0.8671065032987747 0.1846590909090909 0.8671065032987747 0.2556818181818182 0.8972667295004713 0.2556818181818182 0.8972667295004713 0.1846590909090909
9 0.8916116870876531 0.19176136363636365 0.8916116870876531 0.2713068181818182 0.9245994344957588 0.2713068181818182 0.9245994344957588 0.19176136363636365
9 0.9180018850141376 0.22017045454545456 0.9180018850141376 0.2940340909090909 0.946277097078228 0.2940340909090909 0.946277097078228 0.22017045454545456
9 0.94062205466541 0.24573863636363635 0.94062205466541 0.31107954545454547 0.9707822808671065 0.31107954545454547 0.9707822808671065 0.24573863636363635
9 0.10179076343072573 0.011363636363636364 0.10179076343072573 0.08096590909090909 0.1460885956644675 0.08096590909090909 0.1460885956644675 0.011363636363636364
9 0.13100848256361922 0.29829545454545453 0.13100848256361922 0.36363636363636365 0.17153628652214892 0.36363636363636365 0.17153628652214892 0.29829545454545453
9 0.47973609802073514 0.38636363636363635 0.47973609802073514 0.4375 0.5174363807728558 0.4375 0.5174363807728558 0.38636363636363635
9 0.6682375117813384 0.7173295454545454 0.6682375117813384 0.7911931818181818 0.702167766258247 0.7911931818181818 0.702167766258247 0.7173295454545454
9 0.6908576814326107 0.7400568181818182 0.6908576814326107 0.8210227272727273 0.7285579641847314 0.8210227272727273 0.7285579641847314 0.7400568181818182
9 0.8030160226201697 0.6178977272727273 0.8030160226201697 0.6676136363636364 0.8454288407163054 0.6676136363636364 0.8454288407163054 0.6178977272727273
9 0.7379830348727615 0.07102272727272728 0.7379830348727615 0.15482954545454544 0.7775683317624882 0.15482954545454544 0.7775683317624882 0.07102272727272728
9 0.44769085768143263 0.6335227272727273 0.44769085768143263 0.7144886363636364 0.4891611687087653 0.7144886363636364 0.4891611687087653 0.6335227272727273