9 0.04819277108433735 0.15275813295615276 0.04819277108433735 0.19094766619519093 0.09731232622798888 0.19094766619519093 0.09731232622798888 0.15275813295615276
9 0.3809082483781279 0.5162659123055162 0.3809082483781279 0.6039603960396039 0.40593141797961074 0.6039603960396039 0.40593141797961074 0.5162659123055162
9 0.24374420759962928 0.8302687411598303 0.24374420759962928 0.8656294200848657 0.29935125115848005 0.8656294200848657 0.29935125115848005 0.8302687411598303
9 0.31974050046339203 0.8246110325318247 0.31974050046339203 0.85997171145686 0.3670064874884152 0.85997171145686 0.3670064874884152 0.8246110325318247
9 0.5727525486561631 0.8217821782178217 0.5727525486561631 0.8585572842998586 0.6163113994439295 0.8585572842998586 0.6163113994439295 0.8217821782178217
9 0.6283595922150139 0.8189533239038189 0.6283595922150139 0.8571428571428571 0.680259499536608 0.8571428571428571 0.680259499536608 0.8189533239038189
9 0.6774791473586654 0.7043847241867044 0.6774791473586654 0.7383309759547383 0.7210379981464319 0.7383309759547383 0.7210379981464319 0.7043847241867044
9 0.8239110287303059 0.6888260254596889 0.8239110287303059 0.7241867043847242 0.8702502316960148 0.7241867043847242 0.8702502316960148 0.6888260254596889
9 0.8767377201112141 0.685997171145686 0.8767377201112141 0.7185289957567186 0.9258572752548656 0.7185289957567186 0.9258572752548656 0.685997171145686
9 0.6163113994439295 0.7128712871287128 0.6163113994439295 0.7454031117397454 0.6654309545875811 0.7454031117397454 0.6654309545875811 0.7128712871287128
9 0.17794253938832252 0.8330975954738331 0.17794253938832252 0.867043847241867 0.2289156626506024 0.867043847241867 0.2289156626506024 0.8330975954738331