9 0.45880149812734083 0.8660968660968661 0.45880149812734083 0.9202279202279202 0.4897003745318352 0.9202279202279202 0.4897003745318352 0.8660968660968661
9 0.4691011235955056 0.8233618233618234 0.4691011235955056 0.8903133903133903 0.5074906367041199 0.8903133903133903 0.5074906367041199 0.8233618233618234
9 0.49250936329588013 0.7635327635327636 0.49250936329588013 0.8376068376068376 0.5402621722846442 0.8376068376068376 0.5402621722846442 0.7635327635327636
9 0.5149812734082397 0.7435897435897436 0.5149812734082397 0.8048433048433048 0.5533707865168539 0.8048433048433048 0.5533707865168539 0.7435897435897436
9 0.7593632958801498 0.443019943019943 0.7593632958801498 0.5142450142450142 0.798689138576779 0.5142450142450142 0.798689138576779 0.443019943019943
9 0.5318352059925093 0.47293447293447294 0.5318352059925093 0.5341880341880342 0.5692883895131086 0.5341880341880342 0.5692883895131086 0.47293447293447294
9 0.45224719101123595 0.3504273504273504 0.45224719101123595 0.4074074074074074 0.49812734082397003 0.4074074074074074 0.49812734082397003 0.3504273504273504
9 0.47191011235955055 0.3162393162393162 0.47191011235955055 0.3717948717948718 0.5140449438202247 0.3717948717948718 0.5140449438202247 0.3162393162393162
9 0.6825842696629213 0.25071225071225073 0.6825842696629213 0.30484330484330485 0.7237827715355806 0.30484330484330485 0.7237827715355806 0.25071225071225073
9 0.7331460674157303 0.19658119658119658 0.7331460674157303 0.245014245014245 0.7734082397003745 0.245014245014245 0.7734082397003745 0.19658119658119658
9 0.7808988764044944 0.1282051282051282 0.7808988764044944 0.1908831908831909 0.8323970037453183 0.1908831908831909 0.8323970037453183 0.1282051282051282
9 0.31179775280898875 0.6324786324786325 0.31179775280898875 0.6894586894586895 0.351123595505618 0.6894586894586895 0.351123595505618 0.6324786324786325
9 0.43726591760299627 0.396011396011396 0.43726591760299627 0.443019943019943 0.4747191011235955 0.443019943019943 0.4747191011235955 0.396011396011396