6 0.07130872483221476 0.12411347517730496 0.07130872483221476 0.19326241134751773 0.11661073825503356 0.19326241134751773 0.11661073825503356 0.12411347517730496
6 0.18288590604026847 0.040780141843971635 0.18288590604026847 0.0975177304964539 0.2197986577181208 0.0975177304964539 0.2197986577181208 0.040780141843971635
6 0.09060402684563758 0.5443262411347518 0.09060402684563758 0.6028368794326241 0.125 0.6028368794326241 0.125 0.5443262411347518
6 0.3238255033557047 0.16843971631205673 0.3238255033557047 0.22340425531914893 0.3573825503355705 0.22340425531914893 0.3573825503355705 0.16843971631205673
6 0.2558724832214765 0.324468085106383 0.2558724832214765 0.4024822695035461 0.3087248322147651 0.4024822695035461 0.3087248322147651 0.324468085106383
6 0.313758389261745 0.5230496453900709 0.313758389261745 0.5886524822695035 0.3674496644295302 0.5886524822695035 0.3674496644295302 0.5230496453900709
6 0.5637583892617449 0.14361702127659576 0.5637583892617449 0.19680851063829788 0.6057046979865772 0.19680851063829788 0.6057046979865772 0.14361702127659576
6 0.4639261744966443 0.5336879432624113 0.4639261744966443 0.5886524822695035 0.5083892617449665 0.5886524822695035 0.5083892617449665 0.5336879432624113
6 0.5998322147651006 0.6737588652482269 0.5998322147651006 0.7358156028368794 0.6610738255033557 0.7358156028368794 0.6610738255033557 0.6737588652482269
6 0.6703020134228188 0.0851063829787234 0.6703020134228188 0.13120567375886524 0.714765100671141 0.13120567375886524 0.714765100671141 0.0851063829787234
6 0.7667785234899329 0.2375886524822695 0.7667785234899329 0.28900709219858156 0.8213087248322147 0.28900709219858156 0.8213087248322147 0.2375886524822695
6 0.9068791946308725 0.15602836879432624 0.9068791946308725 0.20390070921985815 0.9815436241610739 0.20390070921985815 0.9815436241610739 0.15602836879432624
6 0.37583892617449666 0.9166666666666666 0.37583892617449666 0.9875886524822695 0.436241610738255 0.9875886524822695 0.436241610738255 0.9166666666666666