6 0.0496215306980656 0.8085867620751341 0.0496215306980656 0.924865831842576 0.08494533221194281 0.924865831842576 0.08494533221194281 0.8085867620751341
6 0.21698906644238855 0.4364937388193202 0.21698906644238855 0.5134168157423972 0.2380151387720774 0.5134168157423972 0.2380151387720774 0.4364937388193202
6 0.2447434819175778 0.7066189624329159 0.2447434819175778 0.7960644007155635 0.2682926829268293 0.7960644007155635 0.2682926829268293 0.7066189624329159
6 0.4381833473507149 0.27906976744186046 0.4381833473507149 0.37209302325581395 0.46509671993271656 0.37209302325581395 0.46509671993271656 0.27906976744186046
6 0.4112699747687132 0.7262969588550984 0.4112699747687132 0.8228980322003577 0.4339781328847771 0.8228980322003577 0.4339781328847771 0.7262969588550984
6 0.5458368376787216 0.11985688729874776 0.5458368376787216 0.18783542039355994 0.5962994112699748 0.18783542039355994 0.5962994112699748 0.11985688729874776
6 0.5660218671152228 0.3291592128801431 0.5660218671152228 0.39713774597495527 0.5971404541631623 0.39713774597495527 0.5971404541631623 0.3291592128801431
6 0.767031118587048 0.22182468694096602 0.767031118587048 0.27906976744186046 0.8250630782169891 0.27906976744186046 0.8250630782169891 0.22182468694096602
6 0.8923465096719932 0.22719141323792486 0.8923465096719932 0.2737030411449016 0.9444911690496215 0.2737030411449016 0.9444911690496215 0.22719141323792486
6 0.6593776282590412 0.4937388193202147 0.6593776282590412 0.6135957066189625 0.7022708158116064 0.6135957066189625 0.7022708158116064 0.4937388193202147
6 0.8637510513036165 0.4937388193202147 0.8637510513036165 0.5813953488372093 0.9419680403700589 0.5813953488372093 0.9419680403700589 0.4937388193202147
6 0.8772077375946173 0.7960644007155635 0.8772077375946173 0.8694096601073346 0.9234650967199327 0.8694096601073346 0.9234650967199327 0.7960644007155635