5 0.11012433392539965 0.475177304964539 0.11012433392539965 0.6613475177304965 0.24067495559502664 0.6613475177304965 0.24067495559502664 0.475177304964539
5 0.0630550621669627 0.6081560283687943 0.0630550621669627 0.7890070921985816 0.20071047957371227 0.7890070921985816 0.20071047957371227 0.6081560283687943
5 0.41563055062166965 0.10106382978723404 0.41563055062166965 0.2375886524822695 0.49023090586145646 0.2375886524822695 0.49023090586145646 0.10106382978723404
5 0.5239786856127886 0.09219858156028368 0.5239786856127886 0.24822695035460993 0.5825932504440497 0.24822695035460993 0.5825932504440497 0.09219858156028368
5 0.6172291296625222 0.08156028368794327 0.6172291296625222 0.2429078014184397 0.6758436944937833 0.2429078014184397 0.6758436944937833 0.08156028368794327
5 0.6909413854351687 0.06382978723404255 0.6909413854351687 0.225177304964539 0.7575488454706927 0.225177304964539 0.7575488454706927 0.06382978723404255
5 0.7646536412078153 0.0549645390070922 0.7646536412078153 0.2074468085106383 0.827708703374778 0.2074468085106383 0.827708703374778 0.0549645390070922
5 0.8250444049733571 0.026595744680851064 0.8250444049733571 0.1950354609929078 0.8730017761989343 0.1950354609929078 0.8730017761989343 0.026595744680851064
5 0.7380106571936057 0.475177304964539 0.7380106571936057 0.6808510638297872 0.7957371225577264 0.6808510638297872 0.7957371225577264 0.475177304964539
5 0.8321492007104796 0.42907801418439717 0.8321492007104796 0.5177304964539007 0.9271758436944938 0.5177304964539007 0.9271758436944938 0.42907801418439717
5 0.8161634103019538 0.574468085106383 0.8161634103019538 0.6631205673758865 0.9502664298401421 0.6631205673758865 0.9502664298401421 0.574468085106383