5 0.0639763779527559 0.43980738362760835 0.0639763779527559 0.6051364365971108 0.18996062992125984 0.6051364365971108 0.18996062992125984 0.43980738362760835
5 0.16141732283464566 0.3611556982343499 0.16141732283464566 0.5264847512038523 0.26673228346456695 0.5264847512038523 0.26673228346456695 0.3611556982343499
5 0.24606299212598426 0.27768860353130015 0.24606299212598426 0.4446227929373997 0.3425196850393701 0.4446227929373997 0.3425196850393701 0.27768860353130015
5 0.32381889763779526 0.2247191011235955 0.32381889763779526 0.3563402889245586 0.40846456692913385 0.3563402889245586 0.40846456692913385 0.2247191011235955
5 0.421259842519685 0.0449438202247191 0.421259842519685 0.2664526484751204 0.5 0.2664526484751204 0.5 0.0449438202247191
5 0.5049212598425197 0.05457463884430177 0.5049212598425197 0.27608346709470305 0.5698818897637795 0.27608346709470305 0.5698818897637795 0.05457463884430177
5 0.5679133858267716 0.06260032102728733 0.5679133858267716 0.27287319422150885 0.6299212598425197 0.27287319422150885 0.6299212598425197 0.06260032102728733
5 0.6299212598425197 0.06902086677367576 0.6299212598425197 0.2712680577849117 0.6830708661417323 0.2712680577849117 0.6830708661417323 0.06902086677367576
5 0.6850393700787402 0.06420545746388442 0.6850393700787402 0.27287319422150885 0.7303149606299213 0.27287319422150885 0.7303149606299213 0.06420545746388442
5 0.7362204724409449 0.07062600321027288 0.7362204724409449 0.2825040128410915 0.7746062992125984 0.2825040128410915 0.7746062992125984 0.07062600321027288
5 0.780511811023622 0.06581059390048154 0.780511811023622 0.2857142857142857 0.8198818897637795 0.2857142857142857 0.8198818897637795 0.06581059390048154
5 0.8218503937007874 0.06420545746388442 0.8218503937007874 0.29052969502407705 0.8641732283464567 0.29052969502407705 0.8641732283464567 0.06420545746388442
5 0.6614173228346457 0.3130016051364366 0.6614173228346457 0.3723916532905297 0.8228346456692913 0.3723916532905297 0.8228346456692913 0.3130016051364366
5 0.6633858267716536 0.3723916532905297 0.6633858267716536 0.45585874799357945 0.922244094488189 0.45585874799357945 0.922244094488189 0.3723916532905297
5 0.6614173228346457 0.45585874799357945 0.6614173228346457 0.5425361155698234 0.9192913385826772 0.5425361155698234 0.9192913385826772 0.45585874799357945
5 0.6643700787401575 0.5521669341894061 0.6643700787401575 0.6356340288924559 0.9301181102362205 0.6356340288924559 0.9301181102362205 0.5521669341894061
5 0.656496062992126 0.6500802568218299 0.656496062992126 0.7544141252006421 0.9360236220472441 0.7544141252006421 0.9360236220472441 0.6500802568218299
5 0.6525590551181102 0.7688603531300161 0.6525590551181102 0.869983948635634 0.9468503937007874 0.869983948635634 0.9468503937007874 0.7688603531300161