5 0.12535612535612536 0.08781362007168458 0.12535612535612536 0.13261648745519714 0.22317188983855651 0.13261648745519714 0.22317188983855651 0.08781362007168458
5 0.1291547958214625 0.15591397849462366 0.1291547958214625 0.21863799283154123 0.22507122507122507 0.21863799283154123 0.22507122507122507 0.15591397849462366
5 0.12630579297245964 0.25448028673835127 0.12630579297245964 0.32616487455197135 0.2222222222222222 0.32616487455197135 0.2222222222222222 0.25448028673835127
5 0.11965811965811966 0.3817204301075269 0.11965811965811966 0.45878136200716846 0.2222222222222222 0.45878136200716846 0.2222222222222222 0.3817204301075269
5 0.10541310541310542 0.5232974910394266 0.10541310541310542 0.6182795698924731 0.21462488129154797 0.6182795698924731 0.21462488129154797 0.5232974910394266
5 0.09306742640075974 0.6899641577060932 0.09306742640075974 0.8315412186379928 0.1899335232668566 0.8315412186379928 0.1899335232668566 0.6899641577060932
5 0.3466286799620133 0.044802867383512544 0.3466286799620133 0.15770609318996415 0.4017094017094017 0.15770609318996415 0.4017094017094017 0.044802867383512544
5 0.4188034188034188 0.03763440860215054 0.4188034188034188 0.18100358422939067 0.4691358024691358 0.18100358422939067 0.4691358024691358 0.03763440860215054
5 0.37037037037037035 0.21505376344086022 0.37037037037037035 0.2885304659498208 0.4700854700854701 0.2885304659498208 0.4700854700854701 0.21505376344086022
5 0.7872744539411206 0.5412186379928315 0.7872744539411206 0.6146953405017921 0.855650522317189 0.6146953405017921 0.855650522317189 0.5412186379928315
5 0.7815764482431149 0.6541218637992832 0.7815764482431149 0.7311827956989247 0.8746438746438746 0.7311827956989247 0.8746438746438746 0.6541218637992832
5 0.7939221272554606 0.7759856630824373 0.7939221272554606 0.8799283154121864 0.9002849002849003 0.8799283154121864 0.9002849002849003 0.7759856630824373