5 0.01520572450805009 0.289048473967684 0.01520572450805009 0.526032315978456 0.09749552772808587 0.526032315978456 0.09749552772808587 0.289048473967684
5 0.11627906976744186 0.3087971274685817 0.11627906976744186 0.5673249551166966 0.19588550983899822 0.5673249551166966 0.19588550983899822 0.3087971274685817
5 0.22271914132379247 0.26750448833034113 0.22271914132379247 0.5637342908438061 0.27191413237924866 0.5637342908438061 0.27191413237924866 0.26750448833034113
5 0.29427549194991054 0.2513464991023339 0.29427549194991054 0.5619389587073609 0.3363148479427549 0.5619389587073609 0.3363148479427549 0.2513464991023339
5 0.3631484794275492 0.26032315978456017 0.3631484794275492 0.5565529622980251 0.40608228980322003 0.5565529622980251 0.40608228980322003 0.26032315978456017
5 0.4257602862254025 0.25314183123877915 0.4257602862254025 0.49012567324955114 0.47584973166368516 0.49012567324955114 0.47584973166368516 0.25314183123877915
5 0.4937388193202147 0.2495511669658887 0.4937388193202147 0.533213644524237 0.5518783542039356 0.533213644524237 0.5518783542039356 0.2495511669658887
5 0.5626118067978533 0.23877917414721722 0.5626118067978533 0.5134649910233393 0.6270125223613596 0.5134649910233393 0.6270125223613596 0.23877917414721722
5 0.6457960644007156 0.30341113105924594 0.6457960644007156 0.5493716337522442 0.7280858676207513 0.5493716337522442 0.7280858676207513 0.30341113105924594
5 0.7066189624329159 0.3859964093357271 0.7066189624329159 0.6104129263913824 0.8202146690518783 0.6104129263913824 0.8202146690518783 0.3859964093357271
5 0.7674418604651163 0.5224416517055656 0.7674418604651163 0.6606822262118492 0.8881932021466905 0.6606822262118492 0.8881932021466905 0.5224416517055656
5 0.7969588550983899 0.6929982046678635 0.7969588550983899 0.7827648114901257 0.9150268336314848 0.7827648114901257 0.9150268336314848 0.6929982046678635
5 0.8166368515205724 0.8420107719928187 0.8166368515205724 0.9192100538599641 0.9132379248658319 0.9192100538599641 0.9132379248658319 0.8420107719928187