3 0.32975 0.5143333333333333 0.0925 0.10466666666666667
2 0.30325 0.417 0.0345 0.027333333333333334
2 0.30025 0.403 0.0295 0.027333333333333334
0 0.406 0.8483333333333334 0.022 0.03133333333333333
0 0.1885 0.8166666666666667 0.022 0.04533333333333334
0 0.19925 0.697 0.0175 0.03666666666666667
0 0.212 0.7033333333333334 0.018 0.029333333333333333
2 0.227 0.9286666666666666 0.05 0.032
3 0.718 0.9406666666666667 0.075 0.11866666666666667
6 0.6365 0.7976666666666666 0.049 0.13266666666666665
3 0.68225 0.7103333333333334 0.0625 0.146
3 0.96775 0.9253333333333333 0.0645 0.09866666666666667
3 0.945 0.8013333333333333 0.11 0.08133333333333333
3 0.936 0.6966666666666667 0.128 0.06933333333333333
3 0.6405 0.49966666666666665 0.052 0.11133333333333334
3 0.61525 0.38333333333333336 0.0495 0.08266666666666667
2 0.55175 0.39066666666666666 0.0095 0.037333333333333336
1 0.55275 0.383 0.0115 0.024666666666666667
3 0.59975 0.25 0.0305 0.05333333333333334
3 0.34825 0.2623333333333333 0.0725 0.04733333333333333
1 0.2975 0.24633333333333332 0.014 0.024666666666666667
5 0.6315 0.132 0.04 0.07466666666666667
3 0.5745 0.14466666666666667 0.028 0.042666666666666665
3 0.5655 0.09566666666666666 0.025 0.034
2 0.584 0.06966666666666667 0.017 0.016666666666666666
1 0.58225 0.06266666666666666 0.0075 0.018666666666666668
2 0.4465 0.10266666666666667 0.016 0.02
1 0.4455 0.09566666666666666 0.008 0.026
2 0.428 0.105 0.014 0.019333333333333334
1 0.4275 0.09766666666666667 0.009 0.028666666666666667
3 0.36825 0.15133333333333332 0.0645 0.036
3 0.37025 0.12666666666666668 0.0615 0.03333333333333333
4 0.3765 0.10733333333333334 0.053 0.034666666666666665
3 0.38825 0.07533333333333334 0.0565 0.037333333333333336
4 0.38575 0.058333333333333334 0.0435 0.028666666666666667
0 0.368 0.08633333333333333 0.007 0.026
1 0.36875 0.083 0.0045 0.012666666666666666
3 0.37825 0.033666666666666664 0.0455 0.026
3 0.3925 0.024666666666666667 0.044 0.028
3 0.4045 0.014 0.046 0.02666666666666667
2 0.56275 0.01 0.0055 0.017333333333333333
1 0.564 0.007333333333333333 0.009 0.014666666666666666