9 0.7155 0.8316666666666667 0.048 0.059333333333333335
0 0.64625 0.838 0.0145 0.072
0 0.667 0.841 0.019 0.08333333333333333
3 0.66025 0.749 0.0575 0.09
1 0.40925 0.9313333333333333 0.0325 0.06666666666666667
6 0.39325 0.953 0.0705 0.094
1 0.57275 0.7783333333333333 0.0215 0.04466666666666667
3 0.47675 0.689 0.0545 0.066
0 0.339 0.747 0.028 0.07
5 0.312 0.7413333333333333 0.102 0.12133333333333333
0 0.54625 0.632 0.0165 0.03333333333333333
0 0.52925 0.6363333333333333 0.0085 0.038
5 0.58425 0.6426666666666667 0.0985 0.058666666666666666
3 0.54475 0.6073333333333333 0.0355 0.044
0 0.43925 0.564 0.0065 0.029333333333333333
5 0.45325 0.5726666666666667 0.0345 0.04666666666666667
4 0.60125 0.567 0.0605 0.04066666666666666
5 0.59275 0.4826666666666667 0.0295 0.050666666666666665
5 0.617 0.4713333333333333 0.036 0.029333333333333333
5 0.559 0.5203333333333333 0.016 0.03133333333333333
0 0.5425 0.5366666666666666 0.005 0.02266666666666667
0 0.53475 0.5363333333333333 0.0055 0.023333333333333334
0 0.536 0.526 0.005 0.02266666666666667
0 0.52475 0.5443333333333333 0.0065 0.022
0 0.497 0.531 0.009 0.022
2 0.4955 0.5333333333333333 0.006 0.017333333333333333
2 0.5135 0.5353333333333333 0.006 0.018666666666666668
1 0.5135 0.5306666666666666 0.006 0.02266666666666667
9 0.51875 0.521 0.0065 0.016666666666666666
1 0.519 0.517 0.006 0.019333333333333334
9 0.5065 0.5246666666666666 0.007 0.017333333333333333
1 0.507 0.5206666666666667 0.006 0.02
4 0.481 0.5263333333333333 0.019 0.028666666666666667
5 0.469 0.5113333333333333 0.049 0.037333333333333336
3 0.50525 0.49633333333333335 0.0175 0.022
3 0.50675 0.4846666666666667 0.0295 0.014666666666666666
0 0.5405 0.454 0.003 0.009333333333333334
3 0.5215 0.472 0.012 0.013333333333333334
3 0.527 0.468 0.01 0.012
3 0.52775 0.4633333333333333 0.0095 0.010666666666666666
0 0.53325 0.46166666666666667 0.0025 0.011333333333333334
3 0.531 0.459 0.01 0.011333333333333334