1 0.30825 0.9103333333333333 0.0285 0.04733333333333333
3 0.406 0.6883333333333334 0.061 0.12466666666666666
0 0.59975 0.863 0.0145 0.042
0 0.57175 0.865 0.0185 0.042
5 0.5925 0.9333333333333333 0.073 0.13333333333333333
0 0.56775 0.7433333333333333 0.0175 0.044
0 0.563 0.699 0.013 0.043333333333333335
1 0.5865 0.69 0.032 0.037333333333333336
9 0.5695 0.6706666666666666 0.019 0.03866666666666667
9 0.53275 0.6753333333333333 0.0225 0.042666666666666665
1 0.5325 0.675 0.015 0.043333333333333335
3 0.48725 0.5916666666666667 0.0405 0.08866666666666667
0 0.42975 0.6063333333333333 0.0115 0.03666666666666667
0 0.4285 0.5933333333333334 0.01 0.032
0 0.43675 0.5826666666666667 0.0095 0.04
0 0.565 0.5756666666666667 0.011 0.038
9 0.53425 0.5723333333333334 0.0135 0.035333333333333335
1 0.5345 0.5733333333333334 0.011 0.025333333333333333
1 0.53425 0.5633333333333334 0.0115 0.028
0 0.599 0.5226666666666666 0.008 0.029333333333333333
7 0.58325 0.523 0.0285 0.06866666666666667
4 0.641 0.49166666666666664 0.036 0.08066666666666666
0 0.55175 0.5206666666666667 0.0115 0.04133333333333333
0 0.54175 0.5203333333333333 0.0095 0.038
0 0.48775 0.464 0.0095 0.028
2 0.503 0.48 0.01 0.029333333333333333
1 0.503 0.4706666666666667 0.01 0.029333333333333333
0 0.46975 0.44966666666666666 0.0095 0.03
0 0.56125 0.41133333333333333 0.0095 0.030666666666666665
2 0.5075 0.421 0.009 0.022
1 0.50725 0.414 0.0095 0.028
1 0.52725 0.38266666666666665 0.0095 0.02
1 0.51075 0.377 0.0075 0.022
1 0.509 0.35433333333333333 0.008 0.019333333333333334
1 0.5595 0.38366666666666666 0.01 0.024666666666666667
9 0.5105 0.38366666666666666 0.008 0.020666666666666667
9 0.527 0.38766666666666666 0.009 0.019333333333333334
9 0.5595 0.38533333333333336 0.017 0.021333333333333333
3 0.47525 0.39966666666666667 0.0235 0.04066666666666666
0 0.49 0.39566666666666667 0.008 0.027333333333333334
0 0.49025 0.38566666666666666 0.0065 0.028666666666666667
0 0.493 0.38166666666666665 0.006 0.027333333333333334
3 0.48675 0.367 0.0215 0.03266666666666666
3 0.52975 0.36 0.0225 0.030666666666666665
3 0.58425 0.37633333333333335 0.0395 0.03
0 0.562 0.36866666666666664 0.007 0.028
0 0.68625 0.40066666666666667 0.0095 0.028
0 0.674 0.4046666666666667 0.012 0.028
0 0.661 0.4 0.008 0.02666666666666667
3 0.65625 0.394 0.0575 0.03333333333333333
4 0.693 0.37233333333333335 0.054 0.03933333333333333
3 0.755 0.3953333333333333 0.056 0.03333333333333333
3 0.764 0.433 0.065 0.03133333333333333
5 0.68975 0.454 0.0935 0.092
9 0.23725 0.41333333333333333 0.0205 0.018666666666666668
1 0.26925 0.42333333333333334 0.0095 0.021333333333333333
0 0.54975 0.35233333333333333 0.0065 0.024666666666666667
1 0.58425 0.349 0.0175 0.012666666666666666
1 0.58175 0.3446666666666667 0.0105 0.012
3 0.49125 0.33566666666666667 0.0205 0.028666666666666667
0 0.54125 0.33266666666666667 0.0055 0.021333333333333333
0 0.549 0.33466666666666667 0.006 0.021333333333333333
4 0.685 0.333 0.042 0.034
9 0.67825 0.29633333333333334 0.0155 0.012666666666666666
3 0.6655 0.2896666666666667 0.039 0.022
9 0.65775 0.268 0.0115 0.010666666666666666
2 0.69975 0.2936666666666667 0.0145 0.011333333333333334
9 0.7095 0.29533333333333334 0.008 0.012
7 0.90625 0.2816666666666667 0.0245 0.023333333333333334
6 0.933 0.28833333333333333 0.021 0.014
5 0.861 0.284 0.038 0.025333333333333333
0 0.54175 0.313 0.0045 0.020666666666666667
0 0.54925 0.317 0.0065 0.022
3 0.49775 0.306 0.0175 0.02666666666666667
0 0.54825 0.30133333333333334 0.0055 0.018666666666666668
0 0.55225 0.30966666666666665 0.0055 0.019333333333333334
0 0.546 0.285 0.004 0.018
4 0.645 0.25733333333333336 0.025 0.02266666666666667
0 0.63275 0.25033333333333335 0.0045 0.015333333333333332
9 0.667 0.26766666666666666 0.005 0.014
3 0.65 0.25233333333333335 0.032 0.016666666666666666
3 0.646 0.24533333333333332 0.033 0.013333333333333334
3 0.69425 0.24533333333333332 0.0255 0.013333333333333334
0 0.6895 0.23966666666666667 0.005 0.011333333333333334
0 0.63475 0.23366666666666666 0.0035 0.012666666666666666
3 0.60625 0.22633333333333333 0.0135 0.016666666666666666
5 0.5655 0.306 0.022 0.03333333333333333
0 0.55275 0.2813333333333333 0.0065 0.018666666666666668
9 0.5505 0.26466666666666666 0.004 0.012
0 0.553 0.26066666666666666 0.004 0.014666666666666666
9 0.52275 0.25966666666666666 0.0105 0.012666666666666666
9 0.53725 0.25066666666666665 0.0065 0.013333333333333334
1 0.5235 0.25666666666666665 0.005 0.016
0 0.52875 0.25433333333333336 0.0045 0.018
0 0.52425 0.25233333333333335 0.0045 0.015333333333333332
4 0.521 0.24833333333333332 0.014 0.016666666666666666