3 0.7299060542797495 0.5241187384044527 0.02139874739039666 0.025974025974025976
3 0.8016701461377871 0.5111317254174397 0.028183716075156576 0.04267161410018553
5 0.7977557411273486 0.42161410018552875 0.07150313152400835 0.06029684601113173
3 0.7173799582463466 0.37662337662337664 0.0360125260960334 0.04081632653061224
3 0.9078810020876826 0.3469387755102041 0.038100208768267224 0.025974025974025976
3 0.8645615866388309 0.3297773654916512 0.03496868475991649 0.030612244897959183
3 0.8089770354906054 0.33302411873840443 0.037578288100208766 0.029684601113172542
3 0.7700939457202505 0.312152133580705 0.0360125260960334 0.030612244897959183
3 0.7108559498956158 0.29359925788497215 0.031315240083507306 0.032467532467532464
3 0.7330375782881002 0.2912801484230056 0.029749478079331943 0.029684601113172542
3 0.7815762004175365 0.2810760667903525 0.0360125260960334 0.03525046382189239
3 0.7374739039665971 0.25788497217068646 0.027139874739039668 0.03153988868274583
9 0.7265135699373695 0.23515769944341372 0.011482254697286013 0.015769944341372914
3 0.3781315240083507 0.5769944341372912 0.031837160751565764 0.05194805194805195
3 0.151356993736952 0.3427643784786642 0.024008350730688934 0.036178107606679034
9 0.13126304801670147 0.3358070500927644 0.010960334029227558 0.01855287569573284
4 0.4723382045929019 0.22170686456400743 0.022964509394572025 0.03153988868274583
3 0.5352296450939458 0.1794990723562152 0.0255741127348643 0.023191094619666047
3 0.46764091858037576 0.1437847866419295 0.020876826722338204 0.02040816326530612