1 0.37977941176470587 0.9431372549019608 0.011029411764705883 0.03529411764705882
1 0.3830882352941177 0.9379084967320261 0.011764705882352941 0.032679738562091505
1 0.39742647058823527 0.9405228758169935 0.01838235294117647 0.03529411764705882
1 0.5253676470588236 0.5588235294117647 0.005147058823529412 0.0196078431372549
1 0.5198529411764706 0.5575163398692811 0.007352941176470588 0.0196078431372549
1 0.5470588235294118 0.46797385620915033 0.0058823529411764705 0.02091503267973856
1 0.34852941176470587 0.45098039215686275 0.0058823529411764705 0.013071895424836602
1 0.3547794117647059 0.4522875816993464 0.005147058823529412 0.013071895424836602
1 0.4610294117647059 0.43333333333333335 0.004411764705882353 0.01437908496732026
1 0.4650735294117647 0.43137254901960786 0.005147058823529412 0.013071895424836602
1 0.49558823529411766 0.3941176470588235 0.0058823529411764705 0.01437908496732026
1 0.5029411764705882 0.39869281045751637 0.004411764705882353 0.01045751633986928
1 0.5981617647058823 0.4366013071895425 0.003676470588235294 0.01045751633986928
1 0.6025735294117647 0.43594771241830066 0.005147058823529412 0.009150326797385621
1 0.6261029411764706 0.4241830065359477 0.005147058823529412 0.01437908496732026
0 0.5996323529411764 0.39019607843137255 0.005147058823529412 0.02483660130718954
0 0.6397058823529411 0.3542483660130719 0.004411764705882353 0.02091503267973856
0 0.6356617647058823 0.34901960784313724 0.005147058823529412 0.02091503267973856
0 0.6257352941176471 0.3477124183006536 0.004411764705882353 0.018300653594771243
0 0.6224264705882353 0.3464052287581699 0.003676470588235294 0.02091503267973856
0 0.638235294117647 0.3333333333333333 0.0029411764705882353 0.01568627450980392
0 0.6466911764705883 0.3437908496732026 0.003676470588235294 0.013071895424836602
0 0.6555147058823529 0.3209150326797386 0.003676470588235294 0.01437908496732026
0 0.6305147058823529 0.31633986928104574 0.003676470588235294 0.018300653594771243
0 0.6316176470588235 0.3058823529411765 0.004411764705882353 0.01568627450980392
0 0.6231617647058824 0.30392156862745096 0.003676470588235294 0.0196078431372549
0 0.6102941176470589 0.31437908496732025 0.0029411764705882353 0.01699346405228758
0 0.6047794117647058 0.31176470588235294 0.003676470588235294 0.01699346405228758
0 0.6040441176470588 0.30130718954248364 0.003676470588235294 0.01437908496732026
0 0.6018382352941176 0.3006535947712418 0.0022058823529411764 0.01568627450980392
0 0.5922794117647059 0.3254901960784314 0.003676470588235294 0.018300653594771243
0 0.5915441176470588 0.30522875816993467 0.003676470588235294 0.01699346405228758
0 0.5830882352941177 0.30915032679738563 0.0029411764705882353 0.0196078431372549
0 0.5908088235294118 0.28888888888888886 0.003676470588235294 0.013071895424836602
0 0.5691176470588235 0.3026143790849673 0.004411764705882353 0.01699346405228758
0 0.5566176470588236 0.3006535947712418 0.004411764705882353 0.01568627450980392
0 0.5176470588235295 0.32287581699346407 0.0029411764705882353 0.018300653594771243
0 0.5066176470588235 0.35555555555555557 0.0029411764705882353 0.026143790849673203
0 0.5183823529411765 0.3464052287581699 0.004411764705882353 0.023529411764705882
0 0.5257352941176471 0.3516339869281046 0.004411764705882353 0.023529411764705882
0 0.5301470588235294 0.34967320261437906 0.004411764705882353 0.02483660130718954
0 0.5334558823529412 0.3457516339869281 0.003676470588235294 0.022222222222222223
0 0.5845588235294118 0.3405228758169935 0.004411764705882353 0.0196078431372549
0 0.5735294117647058 0.3431372549019608 0.004411764705882353 0.0196078431372549
0 0.5724264705882353 0.34444444444444444 0.005147058823529412 0.022222222222222223
0 0.5680147058823529 0.3457516339869281 0.003676470588235294 0.0196078431372549
0 0.5632352941176471 0.3503267973856209 0.0029411764705882353 0.013071895424836602
0 0.5238970588235294 0.2954248366013072 0.003676470588235294 0.01568627450980392
0 0.5106617647058823 0.2973856209150327 0.003676470588235294 0.01699346405228758
0 0.5338235294117647 0.31633986928104574 0.004411764705882353 0.018300653594771243
0 0.5408088235294117 0.3156862745098039 0.003676470588235294 0.01437908496732026
0 0.5452205882352941 0.3150326797385621 0.005147058823529412 0.01568627450980392
0 0.3224264705882353 0.369281045751634 0.006617647058823529 0.027450980392156862
0 0.31213235294117647 0.36993464052287583 0.003676470588235294 0.026143790849673203
0 0.30514705882352944 0.369281045751634 0.004411764705882353 0.032679738562091505
0 0.2400735294117647 0.37058823529411766 0.005147058823529412 0.02483660130718954
0 0.2051470588235294 0.37450980392156863 0.0029411764705882353 0.0196078431372549
0 0.2025735294117647 0.37058823529411766 0.005147058823529412 0.02483660130718954
0 0.16911764705882354 0.3411764705882353 0.004411764705882353 0.01568627450980392
0 0.1761029411764706 0.34183006535947713 0.005147058823529412 0.02483660130718954
0 0.2625 0.34901960784313724 0.004411764705882353 0.02091503267973856
0 0.2735294117647059 0.3477124183006536 0.004411764705882353 0.018300653594771243
0 0.2702205882352941 0.35228758169934643 0.003676470588235294 0.011764705882352941
0 0.24080882352941177 0.30196078431372547 0.003676470588235294 0.01568627450980392
0 0.24375 0.296078431372549 0.003676470588235294 0.01437908496732026
0 0.23676470588235293 0.30130718954248364 0.004411764705882353 0.01699346405228758
0 0.20294117647058824 0.27320261437908494 0.0029411764705882353 0.01045751633986928
0 0.20073529411764707 0.27450980392156865 0.0029411764705882353 0.013071895424836602
3 0.9952205882352941 0.32745098039215687 0.009558823529411765 0.011764705882352941
0 0.9735294117647059 0.3359477124183007 0.004411764705882353 0.02091503267973856
0 0.9676470588235294 0.33464052287581697 0.004411764705882353 0.02091503267973856
0 0.955514705882353 0.36405228758169933 0.005147058823529412 0.0196078431372549
1 0.9419117647058823 0.35555555555555557 0.0058823529411764705 0.02091503267973856
3 0.9735294117647059 0.3281045751633987 0.022058823529411766 0.01568627450980392
3 0.9485294117647058 0.31633986928104574 0.011764705882352941 0.01568627450980392
3 0.9220588235294118 0.2803921568627451 0.01764705882352941 0.01437908496732026
3 0.9286764705882353 0.3156862745098039 0.010294117647058823 0.01437908496732026
3 0.9011029411764706 0.31437908496732025 0.011029411764705883 0.01437908496732026
3 0.9393382352941176 0.3254901960784314 0.022794117647058822 0.018300653594771243
3 0.9154411764705882 0.32287581699346407 0.022058823529411766 0.01568627450980392
3 0.8845588235294117 0.3196078431372549 0.01911764705882353 0.01699346405228758
3 0.8650735294117647 0.3183006535947712 0.01838235294117647 0.01699346405228758
3 0.8492647058823529 0.3176470588235294 0.014705882352941176 0.01568627450980392
3 0.8433823529411765 0.30980392156862746 0.014705882352941176 0.01568627450980392
4 0.8290441176470589 0.3111111111111111 0.01838235294117647 0.023529411764705882
3 0.8117647058823529 0.3150326797385621 0.016176470588235296 0.01568627450980392
4 0.8102941176470588 0.3045751633986928 0.013235294117647059 0.01568627450980392
3 0.7970588235294118 0.3084967320261438 0.011764705882352941 0.013071895424836602
3 0.7764705882352941 0.3065359477124183 0.01911764705882353 0.01699346405228758
3 0.7573529411764706 0.3045751633986928 0.01764705882352941 0.01045751633986928
3 0.7360294117647059 0.3032679738562091 0.013235294117647059 0.013071895424836602
3 0.7231617647058823 0.3 0.015441176470588236 0.01437908496732026
3 0.70625 0.2973856209150327 0.0125 0.011764705882352941
3 0.6941176470588235 0.29673202614379085 0.010294117647058823 0.013071895424836602
3 0.6738970588235295 0.296078431372549 0.0125 0.01437908496732026
3 0.6569852941176471 0.3032679738562091 0.011029411764705883 0.013071895424836602
3 0.6419117647058824 0.30196078431372547 0.010294117647058823 0.01568627450980392
4 0.6297794117647059 0.29869281045751633 0.0125 0.0196078431372549
3 0.6161764705882353 0.30196078431372547 0.008823529411764706 0.013071895424836602
3 0.6136029411764706 0.29411764705882354 0.013970588235294118 0.013071895424836602
3 0.6025735294117647 0.29215686274509806 0.015441176470588236 0.01437908496732026
3 0.7757352941176471 0.2777777777777778 0.010294117647058823 0.011764705882352941
3 0.7926470588235294 0.27058823529411763 0.014705882352941176 0.013071895424836602
3 0.8088235294117647 0.269281045751634 0.0058823529411764705 0.013071895424836602
3 0.7584558823529411 0.26601307189542484 0.015441176470588236 0.011764705882352941
3 0.6507352941176471 0.27058823529411763 0.013235294117647059 0.013071895424836602
4 0.6286764705882353 0.27320261437908494 0.020588235294117647 0.013071895424836602
3 0.6022058823529411 0.2718954248366013 0.016176470588235296 0.01045751633986928
3 0.5768382352941176 0.29673202614379085 0.009558823529411765 0.01568627450980392
3 0.5625 0.29673202614379085 0.010294117647058823 0.01568627450980392
3 0.586764705882353 0.2901960784313726 0.011764705882352941 0.018300653594771243
4 0.5705882352941176 0.28954248366013075 0.016176470588235296 0.011764705882352941
3 0.5540441176470589 0.2856209150326797 0.013970588235294118 0.01437908496732026
4 0.5466911764705882 0.2934640522875817 0.011029411764705883 0.01699346405228758
3 0.5345588235294118 0.29411764705882354 0.007352941176470588 0.013071895424836602
3 0.5415441176470588 0.2849673202614379 0.015441176470588236 0.013071895424836602
3 0.5316176470588235 0.2849673202614379 0.010294117647058823 0.01045751633986928
3 0.5158088235294118 0.29150326797385623 0.009558823529411765 0.013071895424836602
3 0.5084558823529411 0.28627450980392155 0.006617647058823529 0.01045751633986928
3 0.5125 0.2803921568627451 0.013235294117647059 0.009150326797385621
3 0.5676470588235294 0.27124183006535946 0.01911764705882353 0.011764705882352941
3 0.5279411764705882 0.26862745098039215 0.016176470588235296 0.011764705882352941
3 0.5018382352941176 0.26666666666666666 0.015441176470588236 0.01045751633986928
3 0.46948529411764706 0.2647058823529412 0.0125 0.011764705882352941
3 0.49779411764705883 0.2823529411764706 0.011764705882352941 0.01045751633986928
3 0.49669117647058825 0.2901960784313726 0.008088235294117648 0.013071895424836602
3 0.4849264705882353 0.2908496732026144 0.008088235294117648 0.01699346405228758
3 0.4863970588235294 0.2803921568627451 0.006617647058823529 0.011764705882352941
3 0.47941176470588237 0.2803921568627451 0.010294117647058823 0.011764705882352941
3 0.4768382352941177 0.28431372549019607 0.011029411764705883 0.011764705882352941
3 0.47316176470588234 0.28823529411764703 0.009558823529411765 0.01437908496732026
3 0.46397058823529413 0.2934640522875817 0.010294117647058823 0.01437908496732026
3 0.4540441176470588 0.29411764705882354 0.0125 0.01568627450980392
3 0.4588235294117647 0.28888888888888886 0.008823529411764706 0.013071895424836602
4 0.4647058823529412 0.28366013071895424 0.007352941176470588 0.01568627450980392
3 0.4672794117647059 0.2784313725490196 0.008088235294117648 0.013071895424836602
3 0.44080882352941175 0.29215686274509806 0.013970588235294118 0.01437908496732026
3 0.4279411764705882 0.29150326797385623 0.013235294117647059 0.01568627450980392
3 0.4139705882352941 0.2928104575163399 0.010294117647058823 0.013071895424836602
3 0.4514705882352941 0.28431372549019607 0.008823529411764706 0.01437908496732026
3 0.44191176470588234 0.28431372549019607 0.011764705882352941 0.01437908496732026
3 0.42830882352941174 0.2823529411764706 0.0125 0.013071895424836602
3 0.4172794117647059 0.2803921568627451 0.0125 0.011764705882352941
3 0.4455882352941177 0.2777777777777778 0.014705882352941176 0.01437908496732026
3 0.4319852941176471 0.2758169934640523 0.0125 0.018300653594771243
3 0.4183823529411765 0.27450980392156865 0.013235294117647059 0.01045751633986928
3 0.4036764705882353 0.2751633986928105 0.011764705882352941 0.009150326797385621
3 0.39080882352941176 0.27647058823529413 0.0125 0.011764705882352941
3 0.38125 0.2777777777777778 0.016911764705882352 0.01437908496732026
3 0.37573529411764706 0.2849673202614379 0.007352941176470588 0.01568627450980392
3 0.35441176470588237 0.2797385620915033 0.01911764705882353 0.01045751633986928
3 0.3672794117647059 0.28104575163398693 0.015441176470588236 0.013071895424836602
3 0.3738970588235294 0.25947712418300656 0.013970588235294118 0.011764705882352941
3 0.4522058823529412 0.2503267973856209 0.007352941176470588 0.011764705882352941
3 0.41654411764705884 0.25098039215686274 0.009558823529411765 0.01045751633986928
3 0.4716911764705882 0.2477124183006536 0.011029411764705883 0.009150326797385621
3 0.47757352941176473 0.24444444444444444 0.0125 0.01045751633986928
3 0.4834558823529412 0.24509803921568626 0.011029411764705883 0.006535947712418301
3 0.49301470588235297 0.24248366013071895 0.011029411764705883 0.009150326797385621
3 0.5 0.23986928104575164 0.010294117647058823 0.009150326797385621
3 0.5051470588235294 0.2411764705882353 0.010294117647058823 0.009150326797385621
3 0.5066176470588235 0.24052287581699347 0.014705882352941176 0.01045751633986928
3 0.5106617647058823 0.24052287581699347 0.011029411764705883 0.00784313725490196