3 0.5386029411764706 0.8392156862745098 0.01838235294117647 0.07058823529411765
3 0.5058823529411764 0.8333333333333334 0.016176470588235296 0.06666666666666667
3 0.5764705882352941 0.7215686274509804 0.016176470588235296 0.07058823529411765
0 0.6625 0.7647058823529411 0.008823529411764706 0.01045751633986928
0 0.6452205882352942 0.7699346405228759 0.005147058823529412 0.01045751633986928
0 0.6393382352941176 0.773202614379085 0.005147058823529412 0.009150326797385621
3 0.6169117647058824 0.9209150326797385 0.03823529411764706 0.032679738562091505
0 0.6139705882352942 0.9555555555555556 0.004411764705882353 0.013071895424836602
0 0.6172794117647059 0.9535947712418301 0.003676470588235294 0.011764705882352941
9 0.4275735294117647 0.9751633986928104 0.0125 0.018300653594771243
9 0.43272058823529413 0.9581699346405229 0.013970588235294118 0.013071895424836602
9 0.4183823529411765 0.9581699346405229 0.011764705882352941 0.01045751633986928
9 0.41911764705882354 0.9424836601307189 0.011764705882352941 0.013071895424836602
9 0.49264705882352944 0.8464052287581699 0.0058823529411764705 0.030065359477124184
1 0.49301470588235297 0.8470588235294118 0.006617647058823529 0.013071895424836602
9 0.49411764705882355 0.74640522875817 0.0058823529411764705 0.023529411764705882
9 0.5602941176470588 0.761437908496732 0.007352941176470588 0.027450980392156862
1 0.5602941176470588 0.7620915032679738 0.007352941176470588 0.013071895424836602
1 0.49411764705882355 0.74640522875817 0.0058823529411764705 0.013071895424836602
0 0.48970588235294116 0.7993464052287582 0.0058823529411764705 0.011764705882352941
3 0.5058823529411764 0.6718954248366014 0.01764705882352941 0.06797385620915032
3 0.4764705882352941 0.6718954248366014 0.01764705882352941 0.06797385620915032
3 0.4323529411764706 0.6287581699346405 0.03676470588235294 0.0392156862745098
9 0.4077205882352941 0.6209150326797386 0.009558823529411765 0.018300653594771243
3 0.4334558823529412 0.5679738562091503 0.03897058823529412 0.048366013071895426
0 0.4117647058823529 0.5673202614379085 0.0058823529411764705 0.013071895424836602
0 0.4051470588235294 0.5830065359477125 0.0058823529411764705 0.01568627450980392
0 0.39926470588235297 0.5241830065359477 0.0058823529411764705 0.00784313725490196
0 0.4036764705882353 0.5091503267973856 0.0058823529411764705 0.011764705882352941
0 0.4077205882352941 0.4973856209150327 0.005147058823529412 0.009150326797385621
3 0.42426470588235293 0.5130718954248366 0.033823529411764704 0.040522875816993466
9 0.4227941176470588 0.4823529411764706 0.011764705882352941 0.01045751633986928
9 0.425 0.4699346405228758 0.011764705882352941 0.009150326797385621
9 0.4238970588235294 0.4562091503267974 0.013970588235294118 0.01045751633986928
9 0.42683823529411763 0.44640522875816996 0.0125 0.011764705882352941
9 0.475 0.47320261437908495 0.0058823529411764705 0.02091503267973856
9 0.5507352941176471 0.5026143790849673 0.0058823529411764705 0.02483660130718954
9 0.5426470588235294 0.40588235294117647 0.0058823529411764705 0.0196078431372549
1 0.475 0.4718954248366013 0.007352941176470588 0.013071895424836602
1 0.5511029411764706 0.5032679738562091 0.006617647058823529 0.01568627450980392
1 0.5426470588235294 0.4071895424836601 0.0058823529411764705 0.01437908496732026
0 0.45551470588235293 0.4300653594771242 0.006617647058823529 0.01568627450980392
0 0.45 0.43333333333333335 0.004411764705882353 0.01437908496732026
0 0.45183823529411765 0.4 0.003676470588235294 0.00784313725490196
3 0.49264705882352944 0.4013071895424837 0.01764705882352941 0.06013071895424837
3 0.5257352941176471 0.5660130718954248 0.01764705882352941 0.06797385620915032
9 0.4319852941176471 0.3660130718954248 0.0125 0.01045751633986928
9 0.47352941176470587 0.2934640522875817 0.0058823529411764705 0.022222222222222223
1 0.47352941176470587 0.29215686274509806 0.0058823529411764705 0.011764705882352941
1 0.5294117647058824 0.27712418300653596 0.007352941176470588 0.013071895424836602
9 0.5294117647058824 0.27320261437908494 0.0058823529411764705 0.02091503267973856
3 0.5474264705882353 0.27058823529411763 0.016911764705882352 0.06274509803921569
0 0.4404411764705882 0.2542483660130719 0.0058823529411764705 0.011764705882352941
0 0.3536764705882353 0.24836601307189543 0.0058823529411764705 0.013071895424836602
0 0.3477941176470588 0.2372549019607843 0.007352941176470588 0.01437908496732026
0 0.3801470588235294 0.2411764705882353 0.0058823529411764705 0.01437908496732026
0 0.3805147058823529 0.23006535947712417 0.005147058823529412 0.01045751633986928
0 0.3003676470588235 0.20980392156862746 0.008088235294117648 0.011764705882352941
3 0.3047794117647059 0.27908496732026145 0.03602941176470588 0.03529411764705882
3 0.23786764705882352 0.32745098039215687 0.02426470588235294 0.048366013071895426
3 0.2 0.3202614379084967 0.03529411764705882 0.054901960784313725
3 0.1713235294117647 0.32941176470588235 0.03235294117647059 0.054901960784313725
3 0.10073529411764706 0.34901960784313724 0.01911764705882353 0.06274509803921569
0 0.18161764705882352 0.27647058823529413 0.008823529411764706 0.011764705882352941
0 0.18088235294117647 0.269281045751634 0.007352941176470588 0.01045751633986928
3 0.10698529411764705 0.30130718954248364 0.008088235294117648 0.01437908496732026
9 0.16397058823529412 0.20784313725490197 0.011764705882352941 0.018300653594771243
3 0.1338235294117647 0.20522875816993463 0.033823529411764704 0.04183006535947712
9 0.11691176470588235 0.19019607843137254 0.014705882352941176 0.01437908496732026
3 0.13419117647058823 0.16993464052287582 0.030147058823529412 0.02875816993464052
9 0.13676470588235295 0.1392156862745098 0.014705882352941176 0.011764705882352941
6 0.08676470588235294 0.19934640522875818 0.020588235294117647 0.0196078431372549
9 0.07316176470588236 0.2084967320261438 0.009558823529411765 0.022222222222222223
9 0.2275735294117647 0.13790849673202615 0.006617647058823529 0.022222222222222223
2 0.2036764705882353 0.12091503267973856 0.013235294117647059 0.011764705882352941
3 0.22463235294117648 0.1954248366013072 0.03161764705882353 0.032679738562091505
3 0.2926470588235294 0.18104575163398692 0.039705882352941174 0.030065359477124184
6 0.36875 0.2718954248366013 0.009558823529411765 0.036601307189542485
0 0.4591911764705882 0.14575163398692811 0.006617647058823529 0.01699346405228758
1 0.40588235294117647 0.16339869281045752 0.0058823529411764705 0.00784313725490196
0 0.3996323529411765 0.17320261437908496 0.005147058823529412 0.009150326797385621
1 0.3985294117647059 0.1627450980392157 0.0058823529411764705 0.009150326797385621
4 0.05955882352941176 0.34444444444444444 0.023529411764705882 0.05359477124183006
3 0.030882352941176472 0.34248366013071896 0.023529411764705882 0.06274509803921569
3 0.009926470588235294 0.35294117647058826 0.019852941176470587 0.06274509803921569
3 0.029411764705882353 0.2196078431372549 0.03823529411764706 0.036601307189542485
9 0.04264705882352941 0.20326797385620915 0.01764705882352941 0.01699346405228758
9 0.0375 0.17124183006535948 0.007352941176470588 0.02091503267973856
9 0.017279411764705883 0.16993464052287582 0.0125 0.018300653594771243
3 0.4764705882352941 0.044444444444444446 0.016176470588235296 0.05751633986928104
3 0.50625 0.0457516339869281 0.016911764705882352 0.06013071895424837
9 0.5257352941176471 0.013725490196078431 0.0058823529411764705 0.02483660130718954
1 0.5257352941176471 0.01568627450980392 0.0058823529411764705 0.018300653594771243
3 0.6360294117647058 0.10915032679738562 0.030882352941176472 0.05620915032679739
9 0.5970588235294118 0.14901960784313725 0.013235294117647059 0.01045751633986928
1 0.5977941176470588 0.14901960784313725 0.007352941176470588 0.01568627450980392
0 0.6110294117647059 0.1542483660130719 0.0058823529411764705 0.013071895424836602
0 0.5823529411764706 0.12026143790849673 0.0058823529411764705 0.013071895424836602
0 0.5849264705882353 0.12418300653594772 0.005147058823529412 0.01045751633986928
0 0.5952205882352941 0.0718954248366013 0.003676470588235294 0.01568627450980392
0 0.5904411764705882 0.0803921568627451 0.004411764705882353 0.011764705882352941
0 0.5878676470588236 0.07647058823529412 0.003676470588235294 0.011764705882352941
0 0.6003676470588235 0.043137254901960784 0.005147058823529412 0.01568627450980392
0 0.6 0.08954248366013072 0.004411764705882353 0.009150326797385621
3 0.7 0.09411764705882353 0.027941176470588237 0.06274509803921569
3 0.7279411764705882 0.08366013071895424 0.029411764705882353 0.06013071895424837
3 0.7584558823529411 0.0784313725490196 0.03161764705882353 0.05751633986928104
4 0.7713235294117647 0.10718954248366012 0.03823529411764706 0.054901960784313725
0 0.7977941176470589 0.09084967320261438 0.0058823529411764705 0.01437908496732026
0 0.7922794117647058 0.08823529411764706 0.006617647058823529 0.01437908496732026
9 0.78125 0.06013071895424837 0.009558823529411765 0.02091503267973856
9 0.7886029411764706 0.05620915032679739 0.008088235294117648 0.02091503267973856
9 0.7757352941176471 0.07712418300653595 0.007352941176470588 0.02091503267973856
3 0.8077205882352941 0.08300653594771241 0.015441176470588236 0.050980392156862744
9 0.8253676470588235 0.0803921568627451 0.008088235294117648 0.02483660130718954
9 0.8522058823529411 0.08235294117647059 0.007352941176470588 0.023529411764705882
9 0.8518382352941176 0.05620915032679739 0.006617647058823529 0.02091503267973856
9 0.8720588235294118 0.07973856209150326 0.011764705882352941 0.013071895424836602
9 0.8683823529411765 0.06339869281045751 0.0058823529411764705 0.022222222222222223
9 0.8775735294117647 0.054901960784313725 0.011029411764705883 0.02091503267973856
9 0.8922794117647059 0.07973856209150326 0.006617647058823529 0.02091503267973856
9 0.8926470588235295 0.050980392156862744 0.007352941176470588 0.023529411764705882
4 0.9102941176470588 0.06209150326797386 0.025 0.05359477124183006
3 0.9297794117647059 0.0673202614379085 0.022794117647058822 0.058823529411764705
3 0.9893382352941177 0.047058823529411764 0.021323529411764706 0.036601307189542485
9 0.8128676470588235 0.12745098039215685 0.0125 0.022222222222222223