3 0.13700417536534445 0.11549165120593692 0.07045929018789145 0.07328385899814471
3 0.08872651356993737 0.2277365491651206 0.06367432150313153 0.07884972170686456
3 0.04749478079331942 0.2699443413729128 0.06263048016701461 0.1038961038961039
3 0.026356993736951984 0.35482374768089053 0.05271398747390397 0.09554730983302412
3 0.4582463465553236 0.21428571428571427 0.038622129436325675 0.09647495361781076
4 0.47494780793319413 0.12384044526901669 0.032359081419624215 0.09369202226345083
3 0.5785490605427975 0.15955473098330242 0.044363256784968684 0.08905380333951762
3 0.5678496868475992 0.3209647495361781 0.029227557411273485 0.1038961038961039
5 0.514874739039666 0.5946196660482375 0.0975991649269311 0.07792207792207792
9 0.5759394572025052 0.4067717996289425 0.01826722338204593 0.05102040816326531
7 0.6137787056367432 0.5088126159554731 0.03653444676409186 0.05473098330241188
9 0.5923799582463466 0.5848794063079777 0.027139874739039668 0.04916512059369202
9 0.5652400835073069 0.46289424860853434 0.022964509394572025 0.04638218923933209
9 0.566544885177453 0.42439703153988867 0.02244258872651357 0.04730983302411874
9 0.5970772442588727 0.47263450834879406 0.026096033402922755 0.030612244897959183
9 0.6161273486430062 0.45640074211502785 0.02661795407098121 0.025974025974025976
9 0.6143006263048016 0.436456400742115 0.024008350730688934 0.023191094619666047
9 0.6116910229645094 0.413265306122449 0.028183716075156576 0.02504638218923933
6 0.6187369519832986 0.3845083487940631 0.038100208768267224 0.036178107606679034
9 0.5751565762004175 0.7064007421150278 0.03444676409185804 0.045454545454545456
4 0.5070459290187892 0.7105751391465677 0.07776617954070981 0.09090909090909091
6 0.3155010438413361 0.8520408163265306 0.03392484342379958 0.05473098330241188
9 0.7244258872651357 0.6859925788497218 0.031315240083507306 0.026901669758812616
2 0.7325156576200418 0.6113172541743971 0.029749478079331943 0.027829313543599257
9 0.7301670146137788 0.5871985157699443 0.028183716075156576 0.03153988868274583
2 0.730427974947808 0.47912801484230055 0.02661795407098121 0.02504638218923933
2 0.7484342379958246 0.01437847866419295 0.008350730688935281 0.0287569573283859