3 0.5856617647058824 0.6281045751633987 0.04044117647058824 0.08758169934640522
3 0.5198529411764706 0.634640522875817 0.03529411764705882 0.08758169934640522
3 0.5161764705882353 0.538562091503268 0.03235294117647059 0.07581699346405228
3 0.5658088235294118 0.4725490196078431 0.03161764705882353 0.06143790849673202
3 0.5113970588235294 0.3718954248366013 0.030147058823529412 0.048366013071895426
4 0.17022058823529412 0.7797385620915033 0.11691176470588235 0.13202614379084968
0 0.6783088235294118 0.5450980392156862 0.0125 0.05228758169934641
0 0.6856617647058824 0.526797385620915 0.009558823529411765 0.054901960784313725
0 0.12022058823529412 0.7947712418300653 0.015441176470588236 0.06797385620915032
0 0.10477941176470588 0.7986928104575164 0.013970588235294118 0.05751633986928104
0 0.09117647058823529 0.842483660130719 0.013235294117647059 0.058823529411764705
3 0.20330882352941176 0.6777777777777778 0.1036764705882353 0.08758169934640522
3 0.2452205882352941 0.6071895424836601 0.10808823529411765 0.08496732026143791
3 0.23713235294117646 0.5052287581699346 0.1036764705882353 0.050980392156862744
3 0.1514705882352941 0.5124183006535947 0.060294117647058824 0.12026143790849673
3 0.26801470588235293 0.34444444444444444 0.06838235294117648 0.048366013071895426
3 0.5143382352941176 0.43790849673202614 0.025735294117647058 0.047058823529411764
1 0.5165441176470589 0.4666666666666667 0.008088235294117648 0.03398692810457516
1 0.6279411764705882 0.5882352941176471 0.010294117647058823 0.047058823529411764
9 0.5169117647058824 0.4823529411764706 0.007352941176470588 0.02875816993464052
2 0.6283088235294118 0.6071895424836601 0.011029411764705883 0.03790849673202614
3 0.5573529411764706 0.4215686274509804 0.026470588235294117 0.0457516339869281
3 0.5540441176470589 0.37516339869281046 0.027205882352941177 0.04183006535947712
3 0.44669117647058826 0.32222222222222224 0.030147058823529412 0.048366013071895426
3 0.40404411764705883 0.29869281045751633 0.04338235294117647 0.032679738562091505
3 0.4279411764705882 0.2875816993464052 0.04264705882352941 0.02875816993464052
3 0.4496323529411765 0.269281045751634 0.04485294117647059 0.03398692810457516
4 0.3911764705882353 0.2581699346405229 0.03676470588235294 0.03529411764705882
3 0.4768382352941177 0.23594771241830065 0.013970588235294118 0.027450980392156862
3 0.4768382352941177 0.22418300653594772 0.013970588235294118 0.027450980392156862
3 0.4801470588235294 0.20588235294117646 0.014705882352941176 0.027450980392156862
3 0.4823529411764706 0.19215686274509805 0.013235294117647059 0.023529411764705882
3 0.4823529411764706 0.18169934640522875 0.011764705882352941 0.026143790849673203
3 0.48308823529411765 0.17124183006535948 0.013235294117647059 0.023529411764705882
3 0.513235294117647 0.17908496732026144 0.013235294117647059 0.023529411764705882
3 0.45808823529411763 0.19673202614379084 0.011764705882352941 0.0196078431372549
3 0.4536764705882353 0.22091503267973855 0.013235294117647059 0.023529411764705882
6 0.5275735294117647 0.2980392156862745 0.025735294117647058 0.03137254901960784
1 0.44632352941176473 0.19019607843137254 0.004411764705882353 0.011764705882352941
2 0.44632352941176473 0.19934640522875818 0.004411764705882353 0.01437908496732026
3 0.4386029411764706 0.1477124183006536 0.030147058823529412 0.01568627450980392
0 0.6628676470588235 0.2647058823529412 0.006617647058823529 0.027450980392156862
9 0.6602941176470588 0.269281045751634 0.016176470588235296 0.01568627450980392
0 0.6290441176470588 0.24836601307189543 0.003676470588235294 0.026143790849673203
0 0.6327205882352941 0.25098039215686274 0.003676470588235294 0.02091503267973856
0 0.5977941176470588 0.37777777777777777 0.011764705882352941 0.044444444444444446
3 0.5838235294117647 0.22679738562091503 0.029411764705882353 0.027450980392156862
3 0.5702205882352941 0.2065359477124183 0.028676470588235293 0.02091503267973856
3 0.5613970588235294 0.18169934640522875 0.028676470588235293 0.018300653594771243
3 0.48713235294117646 0.11568627450980393 0.008088235294117648 0.01437908496732026
3 0.4650735294117647 0.12091503267973856 0.008088235294117648 0.01437908496732026
3 0.47095588235294117 0.11503267973856209 0.016911764705882352 0.01568627450980392
1 0.5143382352941176 0.12418300653594772 0.005147058823529412 0.01045751633986928
1 0.5209558823529412 0.11699346405228758 0.005147058823529412 0.011764705882352941
9 0.5143382352941176 0.1300653594771242 0.005147058823529412 0.009150326797385621
9 0.5202205882352942 0.12418300653594772 0.003676470588235294 0.00784313725490196
4 0.2139705882352941 0.24901960784313726 0.04264705882352941 0.032679738562091505
3 0.9334558823529412 0.26666666666666666 0.03161764705882353 0.02875816993464052
3 0.9779411764705882 0.27320261437908494 0.03529411764705882 0.023529411764705882
0 0.7768382352941177 0.2718954248366013 0.006617647058823529 0.026143790849673203
0 0.7746323529411765 0.2699346405228758 0.006617647058823529 0.027450980392156862
0 0.7871323529411764 0.25163398692810457 0.006617647058823529 0.027450980392156862
1 0.881985294117647 0.2784313725490196 0.008088235294117648 0.02091503267973856
9 0.8823529411764706 0.2869281045751634 0.01764705882352941 0.011764705882352941
0 0.8599264705882353 0.2581699346405229 0.008088235294117648 0.027450980392156862
3 0.8408088235294118 0.25163398692810457 0.009558823529411765 0.022222222222222223
3 0.8481617647058823 0.2503267973856209 0.009558823529411765 0.022222222222222223
3 0.8922794117647059 0.265359477124183 0.009558823529411765 0.01568627450980392
3 0.8794117647058823 0.26601307189542484 0.008823529411764706 0.01699346405228758
2 0.8334558823529412 0.2529411764705882 0.008088235294117648 0.0196078431372549
3 0.8143382352941176 0.2673202614379085 0.005147058823529412 0.022222222222222223
0 0.94375 0.2411764705882353 0.006617647058823529 0.02483660130718954
0 0.9823529411764705 0.2477124183006536 0.0058823529411764705 0.0196078431372549
0 0.9716911764705882 0.24509803921568626 0.005147058823529412 0.0196078431372549
9 0.9680147058823529 0.25163398692810457 0.008088235294117648 0.01437908496732026
9 0.2911764705882353 0.23202614379084968 0.03676470588235294 0.032679738562091505
1 0.643014705882353 0.8712418300653595 0.013970588235294118 0.048366013071895426
9 0.6415441176470589 0.8477124183006536 0.013970588235294118 0.048366013071895426
9 0.6404411764705882 0.8686274509803922 0.020588235294117647 0.06405228758169934
1 0.5452205882352941 0.9228758169934641 0.019852941176470587 0.05751633986928104
9 0.544485294117647 0.9405228758169935 0.021323529411764706 0.0718954248366013