3 0.9521428571428572 0.6408629441624365 0.04428571428571428 0.09898477157360407
3 0.8114285714285714 0.8521573604060914 0.07142857142857142 0.10279187817258884
3 0.6707142857142857 0.8851522842639594 0.06285714285714286 0.10025380710659898
3 0.5010714285714286 0.9041878172588832 0.06642857142857143 0.11294416243654823
3 0.7103571428571429 0.6027918781725888 0.05071428571428571 0.07360406091370558
3 0.6267857142857143 0.47715736040609136 0.04357142857142857 0.05583756345177665
4 0.3653571428571429 0.39911167512690354 0.062142857142857146 0.0901015228426396
4 0.3625 0.3032994923857868 0.05928571428571429 0.07868020304568528
4 0.6107142857142858 0.07741116751269035 0.047142857142857146 0.06091370558375635
4 0.6607142857142857 0.0266497461928934 0.04428571428571428 0.0532994923857868
4 0.345 0.15926395939086294 0.045714285714285714 0.06472081218274112
3 0.2646428571428571 0.2303299492385787 0.039285714285714285 0.05710659898477157
4 0.21464285714285714 0.47081218274111675 0.052142857142857144 0.08629441624365482
4 0.19392857142857142 0.5266497461928934 0.04928571428571429 0.08629441624365482
4 0.17392857142857143 0.583756345177665 0.052142857142857144 0.09137055837563451
4 0.15714285714285714 0.6751269035532995 0.05857142857142857 0.1065989847715736
3 0.15107142857142858 0.9060913705583756 0.05357142857142857 0.116751269035533
8 0.03785714285714286 0.7480964467005076 0.07571428571428572 0.1916243654822335
8 0.04964285714285714 0.4156091370558376 0.07642857142857143 0.1814720812182741
4 0.02035714285714286 0.4936548223350254 0.03357142857142857 0.09390862944162437
8 0.12642857142857142 0.21129441624365483 0.12142857142857143 0.14593908629441624
8 0.24535714285714286 0.11738578680203046 0.10785714285714286 0.13071065989847716
4 0.3246428571428571 0.07106598984771574 0.03785714285714286 0.0583756345177665
5 0.38107142857142856 0.028553299492385786 0.05928571428571429 0.05710659898477157
9 0.4982142857142857 0.1383248730964467 0.013571428571428571 0.017766497461928935
9 0.4689285714285714 0.141497461928934 0.013571428571428571 0.021573604060913704
9 0.49178571428571427 0.11802030456852793 0.016428571428571428 0.02030456852791878
0 0.055714285714285716 0.22271573604060912 0.012857142857142857 0.0266497461928934
0 0.5228571428571429 0.06662436548223351 0.007142857142857143 0.024111675126903553
0 0.5171428571428571 0.06598984771573604 0.005714285714285714 0.02030456852791878
0 0.5125 0.06979695431472081 0.005 0.02030456852791878
0 0.5085714285714286 0.07614213197969544 0.005714285714285714 0.02284263959390863
9 0.5192857142857142 0.08819796954314721 0.017142857142857144 0.024111675126903553
3 0.7157142857142857 0.9815989847715736 0.07571428571428572 0.03426395939086294
8 0.08285714285714285 0.9238578680203046 0.08142857142857143 0.14974619289340102
0 0.1367857142857143 0.524746192893401 0.010714285714285714 0.024111675126903553
0 0.13071428571428573 0.5368020304568528 0.012857142857142857 0.027918781725888325
0 0.09785714285714285 0.3934010152284264 0.012857142857142857 0.030456852791878174
0 0.08964285714285715 0.4035532994923858 0.015 0.027918781725888325
0 0.10285714285714286 0.4663705583756345 0.015714285714285715 0.03426395939086294
0 0.18857142857142858 0.16751269035532995 0.008571428571428572 0.025380710659898477
0 0.3067857142857143 0.02728426395939086 0.005 0.024111675126903553
0 0.31035714285714283 0.031091370558375634 0.0064285714285714285 0.024111675126903553
0 0.32071428571428573 0.02728426395939086 0.008571428571428572 0.02918781725888325
0 0.31857142857142856 0.02601522842639594 0.01 0.02918781725888325
0 0.3167857142857143 0.021573604060913704 0.007857142857142858 0.030456852791878174