5 0.48475 0.037 0.0055 0.011333333333333334
5 0.49575 0.028333333333333332 0.0055 0.008666666666666666
3 0.42075 0.23166666666666666 0.0165 0.022
3 0.42475 0.21966666666666668 0.0145 0.016666666666666666
3 0.4525 0.212 0.014 0.021333333333333333
3 0.46625 0.18033333333333335 0.0125 0.012666666666666666
3 0.46675 0.188 0.0105 0.013333333333333334
3 0.477 0.19833333333333333 0.031 0.018
3 0.47775 0.201 0.0305 0.015333333333333332
3 0.47875 0.20733333333333334 0.0275 0.014666666666666666
3 0.47525 0.21466666666666667 0.0285 0.014666666666666666
3 0.47575 0.22366666666666668 0.0325 0.018
3 0.478 0.232 0.032 0.018666666666666668
3 0.476 0.237 0.028 0.014
3 0.47575 0.24466666666666667 0.0285 0.014666666666666666
3 0.46675 0.258 0.0275 0.017333333333333333
0 0.41425 0.19533333333333333 0.0055 0.017333333333333333
0 0.4195 0.19 0.005 0.014666666666666666
3 0.41525 0.539 0.0505 0.04066666666666666
3 0.4145 0.567 0.063 0.038
3 0.4025 0.599 0.07 0.043333333333333335
4 0.42025 0.6263333333333333 0.0705 0.05
3 0.41625 0.6696666666666666 0.0795 0.046
3 0.39 0.8123333333333334 0.095 0.078
3 0.393 0.7196666666666667 0.084 0.054
3 0.38725 0.761 0.0935 0.062
0 0.62825 0.8213333333333334 0.0155 0.03866666666666667
4 0.642 0.5746666666666667 0.06 0.04666666666666667
0 0.92475 0.106 0.0055 0.010666666666666666
0 0.93075 0.10633333333333334 0.0055 0.011333333333333334
0 0.96775 0.11633333333333333 0.0065 0.014