4 0.14035714285714285 0.11104060913705584 0.016428571428571428 0.01649746192893401
3 0.1392857142857143 0.12309644670050761 0.018571428571428572 0.02030456852791878
3 0.1717857142857143 0.0799492385786802 0.02214285714285714 0.02030456852791878
4 0.1692857142857143 0.10406091370558376 0.02142857142857143 0.02030456852791878
3 0.22464285714285714 0.0850253807106599 0.016428571428571428 0.017766497461928935
3 0.22321428571428573 0.0717005076142132 0.016428571428571428 0.013959390862944163
3 0.22428571428571428 0.061548223350253804 0.014285714285714285 0.01649746192893401
4 0.21928571428571428 0.125 0.02142857142857143 0.01903553299492386
3 0.2382142857142857 0.23921319796954316 0.019285714285714285 0.01649746192893401
3 0.17607142857142857 0.30583756345177665 0.019285714285714285 0.027918781725888325
0 0.2075 0.5977157360406091 0.0035714285714285713 0.01015228426395939
0 0.2067857142857143 0.5951776649746193 0.005 0.012690355329949238
0 0.2125 0.5945431472081218 0.005 0.011421319796954314
0 0.20857142857142857 0.5901015228426396 0.004285714285714286 0.012690355329949238
4 0.185 0.8534263959390863 0.027142857142857142 0.0266497461928934
8 0.12571428571428572 0.9746192893401016 0.03571428571428571 0.048223350253807105
8 0.24107142857142858 0.7696700507614214 0.05928571428571429 0.05456852791878172
0 0.16642857142857143 0.7633248730964467 0.004285714285714286 0.011421319796954314
4 0.25535714285714284 0.8286802030456852 0.029285714285714286 0.03553299492385787
4 0.3410714285714286 0.7684010152284264 0.027857142857142858 0.03680203045685279
3 0.39357142857142857 0.7804568527918782 0.027142857142857142 0.03299492385786802
8 0.36142857142857143 0.7131979695431472 0.06428571428571428 0.07614213197969544
4 0.43642857142857144 0.6903553299492385 0.022857142857142857 0.03299492385786802
0 0.29428571428571426 0.34073604060913704 0.004285714285714286 0.011421319796954314
8 0.3057142857142857 0.30456852791878175 0.025714285714285714 0.07868020304568528
8 0.25142857142857145 0.17385786802030456 0.04 0.03553299492385787
4 0.35035714285714287 0.053934010152284266 0.009285714285714286 0.01903553299492386
3 0.355 0.031725888324873094 0.008571428571428572 0.02030456852791878
3 0.35714285714285715 0.011421319796954314 0.007142857142857143 0.017766497461928935
8 0.37214285714285716 0.044416243654822336 0.01 0.050761421319796954
3 0.37392857142857144 0.01903553299492386 0.005 0.015228426395939087
3 0.38321428571428573 0.03489847715736041 0.0064285714285714285 0.01903553299492386
3 0.3982142857142857 0.007614213197969543 0.0064285714285714285 0.015228426395939087
3 0.3975 0.038705583756345176 0.0064285714285714285 0.021573604060913704
3 0.38357142857142856 0.09137055837563451 0.007142857142857143 0.02030456852791878
4 0.37214285714285716 0.08248730964467005 0.005714285714285714 0.015228426395939087
3 0.37107142857142855 0.10406091370558376 0.007857142857142858 0.02030456852791878
8 0.3725 0.13578680203045684 0.013571428571428571 0.07106598984771574
8 0.38642857142857145 0.14403553299492386 0.01 0.03934010152284264
3 0.37535714285714283 0.1967005076142132 0.009285714285714286 0.025380710659898477
3 0.3925 0.2151015228426396 0.009285714285714286 0.0266497461928934
3 0.38 0.23730964467005075 0.01 0.025380710659898477
3 0.38535714285714284 0.2887055837563452 0.010714285714285714 0.0266497461928934
3 0.3889285714285714 0.3210659898477157 0.009285714285714286 0.027918781725888325
3 0.39535714285714285 0.3565989847715736 0.010714285714285714 0.027918781725888325
3 0.4132142857142857 0.37182741116751267 0.012142857142857143 0.027918781725888325
3 0.40714285714285714 0.4130710659898477 0.011428571428571429 0.031725888324873094
0 0.38357142857142856 0.39720812182741116 0.004285714285714286 0.012690355329949238
0 0.38285714285714284 0.399746192893401 0.002857142857142857 0.007614213197969543
3 0.41464285714285715 0.4600253807106599 0.013571428571428571 0.031725888324873094
4 0.42607142857142855 0.5107868020304569 0.013571428571428571 0.03680203045685279
3 0.44142857142857145 0.5761421319796954 0.014285714285714285 0.03553299492385787
8 0.43142857142857144 0.4486040609137056 0.017142857142857144 0.05203045685279188
3 0.4625 0.6700507614213198 0.016428571428571428 0.04314720812182741
4 0.4767857142857143 0.7385786802030457 0.017857142857142856 0.04568527918781726
3 0.49785714285714283 0.8312182741116751 0.02 0.050761421319796954
3 0.61 0.6605329949238579 0.025714285714285714 0.021573604060913704
3 0.5246428571428572 0.5038071065989848 0.009285714285714286 0.04060913705583756
3 0.4707142857142857 0.23857868020304568 0.011428571428571429 0.027918781725888325
4 0.5032142857142857 0.32741116751269034 0.013571428571428571 0.03299492385786802
4 0.5128571428571429 0.39911167512690354 0.014285714285714285 0.03934010152284264
0 0.5228571428571429 0.34517766497461927 0.002857142857142857 0.01015228426395939
0 0.5253571428571429 0.35088832487309646 0.002142857142857143 0.011421319796954314
0 0.5271428571428571 0.35406091370558374 0.002857142857142857 0.01015228426395939
3 0.9860714285714286 0.6408629441624365 0.027857142857142858 0.025380710659898477
4 0.8489285714285715 0.6656091370558376 0.027857142857142858 0.0266497461928934
4 0.9775 0.9041878172588832 0.03214285714285714 0.0266497461928934
8 0.9767857142857143 0.7880710659898477 0.04642857142857143 0.048223350253807105
0 0.9053571428571429 0.7588832487309645 0.0064285714285714285 0.01015228426395939
8 0.8389285714285715 0.7804568527918782 0.07642857142857143 0.048223350253807105
0 0.8453571428571428 0.7620558375634517 0.0064285714285714285 0.013959390862944163
0 0.9160714285714285 0.756979695431472 0.005 0.008883248730964468
0 0.9 0.756979695431472 0.004285714285714286 0.013959390862944163
0 0.9732142857142857 0.7671319796954315 0.0035714285714285713 0.013959390862944163
8 0.28464285714285714 0.508248730964467 0.02214285714285714 0.06725888324873096
8 0.3167857142857143 0.6288071065989848 0.039285714285714285 0.046954314720812185
8 0.32142857142857145 0.6040609137055838 0.055714285714285716 0.06091370558375635
8 0.32607142857142857 0.5786802030456852 0.056428571428571425 0.06091370558375635
8 0.32392857142857145 0.549492385786802 0.055 0.06091370558375635
8 0.3417857142857143 0.5393401015228426 0.03357142857142857 0.04060913705583756
8 0.33535714285714285 0.5095177664974619 0.05785714285714286 0.06472081218274112
8 0.3364285714285714 0.4879441624365482 0.05857142857142857 0.06472081218274112
8 0.3357142857142857 0.46256345177664976 0.055714285714285716 0.06472081218274112
8 0.3357142857142857 0.4352791878172589 0.054285714285714284 0.05583756345177665
8 0.3464285714285714 0.4206852791878173 0.041428571428571426 0.05203045685279188
8 0.3475 0.39784263959390864 0.05357142857142857 0.05456852791878172
8 0.3067857142857143 0.4022842639593909 0.017857142857142856 0.05583756345177665