3 0.08455882352941177 0.64640522875817 0.10588235294117647 0.07973856209150326
3 0.11911764705882352 0.5928104575163399 0.09558823529411764 0.07712418300653595
3 0.14411764705882352 0.550326797385621 0.08823529411764706 0.07058823529411765
3 0.1661764705882353 0.5045751633986928 0.08529411764705883 0.07058823529411765
3 0.18786764705882353 0.4666666666666667 0.0713235294117647 0.06535947712418301
3 0.11176470588235295 0.42287581699346405 0.045588235294117645 0.05359477124183006
3 0.2849264705882353 0.2934640522875817 0.06102941176470588 0.05359477124183006
3 0.30772058823529413 0.2758169934640523 0.05367647058823529 0.04967320261437908
3 0.3073529411764706 0.22483660130718955 0.04411764705882353 0.0392156862745098
4 0.2959558823529412 0.2372549019607843 0.05367647058823529 0.0457516339869281
4 0.2485294117647059 0.33464052287581697 0.0661764705882353 0.05751633986928104
4 0.20330882352941176 0.4287581699346405 0.08455882352941177 0.06535947712418301
4 0.05919117647058823 0.7091503267973857 0.11102941176470588 0.09542483660130718
5 0.3316176470588235 0.15098039215686274 0.030882352941176472 0.06928104575163399
4 0.3801470588235294 0.09542483660130718 0.03823529411764706 0.03137254901960784
5 0.4091911764705882 0.07581699346405228 0.025735294117647058 0.04183006535947712
5 0.3845588235294118 0.06928104575163399 0.022058823529411766 0.02875816993464052
3 0.37573529411764706 0.025490196078431372 0.01764705882352941 0.027450980392156862
5 0.3735294117647059 0.043137254901960784 0.03823529411764706 0.0392156862745098
5 0.39338235294117646 0.02679738562091503 0.01764705882352941 0.030065359477124184
5 0.4099264705882353 0.02287581699346405 0.013970588235294118 0.040522875816993466
5 0.425 0.01895424836601307 0.029411764705882353 0.027450980392156862
5 0.4275735294117647 0.030065359477124184 0.015441176470588236 0.02875816993464052
5 0.4724264705882353 0.1130718954248366 0.04191176470588235 0.040522875816993466
3 0.31029411764705883 0.8084967320261438 0.10588235294117647 0.09281045751633987
4 0.2963235294117647 0.888235294117647 0.11176470588235295 0.10065359477124183
4 0.2731617647058823 0.9601307189542484 0.13308823529411765 0.07973856209150326
3 0.3275735294117647 0.7215686274509804 0.10514705882352941 0.08366013071895424
3 0.3408088235294118 0.6535947712418301 0.10220588235294117 0.07581699346405228
3 0.34816176470588234 0.5980392156862745 0.09338235294117647 0.0718954248366013
3 0.36470588235294116 0.5522875816993464 0.0838235294117647 0.06666666666666667
4 0.3672794117647059 0.5032679738562091 0.08602941176470588 0.06797385620915032
0 0.3900735294117647 0.4699346405228758 0.009558823529411765 0.040522875816993466
0 0.44669117647058826 0.45098039215686275 0.011029411764705883 0.04183006535947712
4 0.3911764705882353 0.44901960784313727 0.07647058823529412 0.06405228758169934
3 0.4 0.4176470588235294 0.07647058823529412 0.058823529411764705
4 0.40294117647058825 0.38496732026143793 0.07058823529411765 0.050980392156862744
4 0.40808823529411764 0.3562091503267974 0.060294117647058824 0.043137254901960784
4 0.41213235294117645 0.33725490196078434 0.0625 0.047058823529411764
4 0.42169117647058824 0.3104575163398693 0.06102941176470588 0.048366013071895426
4 0.4253676470588235 0.28366013071895424 0.05220588235294118 0.036601307189542485
4 0.42573529411764705 0.26601307189542484 0.052941176470588235 0.032679738562091505
4 0.4319852941176471 0.25359477124183005 0.05367647058823529 0.0392156862745098
4 0.4334558823529412 0.23790849673202613 0.05220588235294118 0.036601307189542485
4 0.4404411764705882 0.22026143790849673 0.047058823529411764 0.027450980392156862
4 0.44448529411764703 0.20915032679738563 0.04926470588235294 0.03137254901960784
4 0.44926470588235295 0.19215686274509805 0.041176470588235294 0.02875816993464052
5 0.45808823529411763 0.1803921568627451 0.051470588235294115 0.0392156862745098
3 0.5518382352941177 0.030065359477124184 0.0125 0.02091503267973856
5 0.5404411764705882 0.10718954248366012 0.045588235294117645 0.04967320261437908
5 0.5294117647058824 0.16339869281045752 0.04264705882352941 0.036601307189542485
5 0.5371323529411764 0.17647058823529413 0.04632352941176471 0.04183006535947712
5 0.5261029411764706 0.18169934640522875 0.04485294117647059 0.06013071895424837
5 0.5341911764705882 0.21437908496732025 0.03602941176470588 0.047058823529411764
3 0.5121323529411764 0.43790849673202614 0.06985294117647059 0.044444444444444446
5 0.5058823529411764 0.4888888888888889 0.11029411764705882 0.12287581699346405
3 0.5415441176470588 0.09215686274509804 0.05220588235294118 0.06666666666666667
5 0.5481617647058824 0.054901960784313725 0.03602941176470588 0.03398692810457516