9 0.5973958333333333 0.8898148148148148 0.051041666666666666 0.09074074074074075
1 0.5979166666666667 0.8666666666666667 0.027083333333333334 0.08148148148148149
9 0.49114583333333334 0.8777777777777778 0.021875 0.08518518518518518
1 0.4901041666666667 0.8546296296296296 0.019791666666666666 0.08333333333333333
1 0.6869791666666667 0.8231481481481482 0.017708333333333333 0.10185185185185185
9 0.890625 0.8277777777777777 0.052083333333333336 0.06296296296296296
0 0.9515625 0.8490740740740741 0.03854166666666667 0.09074074074074075
0 0.9765625 0.8453703703703703 0.017708333333333333 0.09444444444444444
0 0.9328125 0.8324074074074074 0.019791666666666666 0.09074074074074075
2 0.9791666666666666 0.8694444444444445 0.0375 0.06481481481481481
9 0.8036458333333333 0.6685185185185185 0.017708333333333333 0.05925925925925926
7 0.609375 0.6787037037037037 0.03958333333333333 0.10185185185185185
6 0.6739583333333333 0.6796296296296296 0.07708333333333334 0.07407407407407407
3 0.7369791666666666 0.5666666666666667 0.07395833333333333 0.06666666666666667
0 0.7177083333333333 0.5416666666666666 0.010416666666666666 0.04259259259259259
3 0.7671875 0.5074074074074074 0.08020833333333334 0.05925925925925926
9 0.8395833333333333 0.6787037037037037 0.01875 0.046296296296296294
1 0.7192708333333333 0.7601851851851852 0.021875 0.053703703703703705
3 0.8453125 0.975 0.15104166666666666 0.05
9 0.1078125 0.8277777777777777 0.06770833333333333 0.08888888888888889
9 0.18645833333333334 0.7388888888888889 0.04583333333333333 0.044444444444444446
9 0.3546875 0.7111111111111111 0.03854166666666667 0.044444444444444446
9 0.38177083333333334 0.7351851851851852 0.015625 0.05555555555555555
1 0.3854166666666667 0.7148148148148148 0.022916666666666665 0.07777777777777778
0 0.39427083333333335 0.6953703703703704 0.013541666666666667 0.053703703703703705
0 0.35989583333333336 0.6583333333333333 0.013541666666666667 0.07222222222222222
0 0.32708333333333334 0.6583333333333333 0.0125 0.06111111111111111
9 0.3932291666666667 0.6314814814814815 0.03854166666666667 0.04814814814814815
0 0.3932291666666667 0.6287037037037037 0.013541666666666667 0.06481481481481481
9 0.26927083333333335 0.6092592592592593 0.030208333333333334 0.040740740740740744
2 0.24895833333333334 0.6111111111111112 0.03333333333333333 0.037037037037037035
0 0.6911458333333333 0.525 0.011458333333333333 0.05740740740740741
0 0.6645833333333333 0.5212962962962963 0.0125 0.053703703703703705
6 0.6286458333333333 0.5583333333333333 0.023958333333333335 0.03888888888888889
0 0.6026041666666667 0.5231481481481481 0.011458333333333333 0.046296296296296294
0 0.6125 0.5203703703703704 0.008333333333333333 0.04814814814814815
9 0.578125 0.5064814814814815 0.014583333333333334 0.03148148148148148
9 0.559375 0.525 0.01875 0.04259259259259259
1 0.5625 0.5203703703703704 0.014583333333333334 0.04814814814814815
0 0.528125 0.5037037037037037 0.0125 0.05185185185185185
0 0.5463541666666667 0.4444444444444444 0.007291666666666667 0.040740740740740744
6 0.45677083333333335 0.5212962962962963 0.017708333333333333 0.05
1 0.45729166666666665 0.5101851851851852 0.0125 0.03518518518518519
9 0.46927083333333336 0.48518518518518516 0.009375 0.037037037037037035
9 0.4953125 0.45092592592592595 0.011458333333333333 0.03518518518518519
1 0.46979166666666666 0.47314814814814815 0.008333333333333333 0.03518518518518519
1 0.4953125 0.44351851851851853 0.011458333333333333 0.04259259259259259
6 0.5208333333333334 0.4009259259259259 0.014583333333333334 0.03148148148148148
6 0.5411458333333333 0.39814814814814814 0.015625 0.03333333333333333
5 0.38645833333333335 0.4935185185185185 0.027083333333333334 0.07592592592592592
7 0.35885416666666664 0.46574074074074073 0.040625 0.05740740740740741
3 0.421875 0.4398148148148148 0.025 0.053703703703703705
0 0.46458333333333335 0.412962962962963 0.00625 0.040740740740740744
0 0.4713541666666667 0.40185185185185185 0.007291666666666667 0.040740740740740744
6 0.4432291666666667 0.3712962962962963 0.03229166666666667 0.027777777777777776
7 0.4828125 0.3490740740740741 0.015625 0.03888888888888889
0 0.5583333333333333 0.38333333333333336 0.00625 0.02962962962962963
9 0.5223958333333333 0.3814814814814815 0.007291666666666667 0.025925925925925925
0 0.528125 0.38055555555555554 0.008333333333333333 0.027777777777777776
2 0.5354166666666667 0.37407407407407406 0.016666666666666666 0.018518518518518517
1 0.5348958333333333 0.36666666666666664 0.009375 0.02962962962962963
1 0.45625 0.3537037037037037 0.008333333333333333 0.022222222222222223
9 0.4588541666666667 0.35462962962962963 0.009375 0.024074074074074074
9 0.5052083333333334 0.31203703703703706 0.00625 0.016666666666666666
9 0.49114583333333334 0.31203703703703706 0.005208333333333333 0.016666666666666666
1 0.490625 0.3074074074074074 0.004166666666666667 0.018518518518518517
1 0.5052083333333334 0.30648148148148147 0.00625 0.016666666666666666
5 0.446875 0.29814814814814816 0.035416666666666666 0.037037037037037035
6 0.4890625 0.26944444444444443 0.007291666666666667 0.016666666666666666
6 0.47604166666666664 0.2675925925925926 0.008333333333333333 0.020370370370370372
6 0.45729166666666665 0.2759259259259259 0.014583333333333334 0.018518518518518517
9 0.496875 0.2740740740740741 0.004166666666666667 0.014814814814814815
1 0.496875 0.26944444444444443 0.004166666666666667 0.012962962962962963
0 0.94375 0.712037037037037 0.014583333333333334 0.06851851851851852
9 0.0640625 0.9046296296296297 0.017708333333333333 0.05740740740740741
2 0.043229166666666666 0.8981481481481481 0.026041666666666668 0.040740740740740744