3 0.0075 0.229 0.015 0.012666666666666666
3 0.01275 0.225 0.0175 0.011333333333333334
3 0.021 0.21033333333333334 0.023 0.012666666666666666
3 0.02875 0.20566666666666666 0.0195 0.011333333333333334
3 0.03525 0.20166666666666666 0.0155 0.011333333333333334
3 0.04425 0.198 0.0155 0.010666666666666666
0 0.03125 0.23866666666666667 0.0045 0.012
3 0.1445 0.24966666666666668 0.015 0.012666666666666666
3 0.13 0.24933333333333332 0.015 0.013333333333333334
3 0.1165 0.25 0.014 0.012
3 0.1005 0.24933333333333332 0.019 0.017333333333333333
3 0.0855 0.25 0.015 0.013333333333333334
3 0.073 0.24966666666666668 0.015 0.015333333333333332
3 0.18975 0.291 0.0175 0.022
3 0.173 0.2946666666666667 0.016 0.018666666666666668
3 0.1555 0.296 0.016 0.017333333333333333
3 0.13975 0.2966666666666667 0.0145 0.016
3 0.1235 0.2956666666666667 0.015 0.018
3 0.088 0.298 0.019 0.017333333333333333
3 0.066 0.30133333333333334 0.018 0.013333333333333334
3 0.25975 0.247 0.0115 0.019333333333333334
4 0.107 0.2956666666666667 0.017 0.020666666666666667
3 0.7385 0.10766666666666666 0.012 0.007333333333333333
3 0.75 0.17666666666666667 0.016 0.009333333333333334
3 0.7745 0.177 0.019 0.008666666666666666
3 0.735 0.24433333333333335 0.02 0.01
3 0.74375 0.25533333333333336 0.0225 0.010666666666666666
3 0.063 0.6126666666666667 0.053 0.030666666666666665
3 0.13375 0.6076666666666667 0.0545 0.028666666666666667
3 0.1235 0.6526666666666666 0.055 0.032
3 0.205 0.6033333333333334 0.049 0.029333333333333333
3 0.1975 0.627 0.034 0.027333333333333334
3 0.27175 0.599 0.0385 0.024666666666666667
3 0.25675 0.621 0.0465 0.022
8 0.265 0.6403333333333333 0.119 0.056666666666666664
3 0.84825 0.35333333333333333 0.0185 0.02
3 0.865 0.38666666666666666 0.023 0.018666666666666668
3 0.88 0.4026666666666667 0.022 0.028
3 0.90975 0.398 0.0285 0.02666666666666667
3 0.9395 0.443 0.022 0.03133333333333333
3 0.97025 0.405 0.0225 0.023333333333333334
3 0.9605 0.44366666666666665 0.025 0.03266666666666666
3 0.99325 0.4026666666666667 0.0125 0.024
3 0.99425 0.446 0.0115 0.025333333333333333
3 0.9795 0.44433333333333336 0.022 0.034
3 0.86375 0.43466666666666665 0.0335 0.025333333333333333
3 0.992 0.4846666666666667 0.016 0.02266666666666667
3 0.954 0.49133333333333334 0.04 0.02266666666666667
3 0.96525 0.508 0.0425 0.02266666666666667
4 0.97475 0.5216666666666666 0.0395 0.026
3 0.966 0.5456666666666666 0.047 0.027333333333333334
3 0.903 0.49066666666666664 0.041 0.02
3 0.9085 0.5073333333333333 0.044 0.025333333333333333
3 0.92375 0.529 0.0415 0.023333333333333334
3 0.909 0.5466666666666666 0.048 0.025333333333333333
3 0.85025 0.49333333333333335 0.0445 0.02266666666666667
3 0.85725 0.5103333333333333 0.0415 0.024666666666666667
3 0.87375 0.527 0.0435 0.023333333333333334
3 0.8585 0.5483333333333333 0.045 0.023333333333333334
3 0.77975 0.495 0.0365 0.022
3 0.79675 0.511 0.0405 0.026
3 0.81675 0.529 0.0395 0.023333333333333334
3 0.80875 0.55 0.0455 0.024
3 0.72975 0.49766666666666665 0.0395 0.020666666666666667
3 0.7365 0.5156666666666667 0.041 0.022
3 0.76175 0.5316666666666666 0.0435 0.023333333333333334
3 0.7415 0.552 0.045 0.025333333333333333
8 0.63775 0.49166666666666664 0.1045 0.04466666666666667
3 0.62825 0.518 0.0415 0.024
3 0.678 0.516 0.041 0.02266666666666667
5 0.64525 0.531 0.0485 0.028666666666666667
3 0.629 0.555 0.042 0.024666666666666667
3 0.67975 0.554 0.0435 0.025333333333333333
0 0.9015 0.444 0.008 0.014666666666666666
1 0.871 0.454 0.008 0.013333333333333334
2 0.87075 0.45766666666666667 0.0075 0.014
1 0.85475 0.45 0.0065 0.014666666666666666
1 0.858 0.454 0.006 0.013333333333333334
6 0.854 0.45366666666666666 0.013 0.008666666666666666
6 0.8555 0.4573333333333333 0.013 0.010666666666666666
1 0.6835 0.4493333333333333 0.006 0.010666666666666666
2 0.692 0.453 0.004 0.014
2 0.6965 0.45166666666666666 0.003 0.012666666666666666
2 0.702 0.45066666666666666 0.003 0.016
0 0.63725 0.4593333333333333 0.0035 0.016
2 0.64175 0.45466666666666666 0.0065 0.012
1 0.61975 0.46166666666666667 0.0065 0.012666666666666666
2 0.6185 0.465 0.013 0.011333333333333334
1 0.51475 0.46366666666666667 0.0045 0.015333333333333332
6 0.516 0.467 0.015 0.011333333333333334
1 0.54625 0.486 0.0065 0.013333333333333334
2 0.54575 0.49 0.0155 0.009333333333333334
2 0.54425 0.47 0.0135 0.012
2 0.59925 0.4553333333333333 0.0045 0.013333333333333334
2 0.603 0.4563333333333333 0.005 0.015333333333333332
2 0.57675 0.457 0.0045 0.014
2 0.53225 0.4603333333333333 0.0085 0.014
1 0.57825 0.4806666666666667 0.0085 0.018666666666666668
9 0.57625 0.485 0.0155 0.012666666666666666
1 0.60625 0.4703333333333333 0.0045 0.007333333333333333
3 0.45875 0.456 0.0145 0.021333333333333333
0 0.39225 0.479 0.0055 0.020666666666666667
0 0.36225 0.4703333333333333 0.0055 0.016666666666666666
2 0.3005 0.4663333333333333 0.003 0.012666666666666666
2 0.296 0.4673333333333333 0.003 0.013333333333333334
2 0.346 0.4643333333333333 0.004 0.015333333333333332
2 0.35425 0.46366666666666667 0.0045 0.015333333333333332
2 0.3585 0.46366666666666667 0.004 0.012666666666666666
2 0.3645 0.46366666666666667 0.004 0.014
1 0.143 0.494 0.006 0.016
6 0.142 0.49633333333333335 0.014 0.012666666666666666
6 0.1575 0.47633333333333333 0.013 0.007333333333333333
6 0.174 0.4646666666666667 0.014 0.008
6 0.16775 0.4706666666666667 0.0045 0.010666666666666666
1 0.15525 0.4713333333333333 0.0045 0.013333333333333334
2 0.10775 0.4836666666666667 0.0035 0.014
2 0.10275 0.4866666666666667 0.0045 0.013333333333333334
2 0.0975 0.486 0.005 0.013333333333333334
2 0.089 0.4856666666666667 0.005 0.014
2 0.08325 0.487 0.0045 0.014
2 0.078 0.48733333333333334 0.005 0.013333333333333334
2 0.07275 0.487 0.0045 0.012666666666666666
2 0.069 0.48733333333333334 0.005 0.013333333333333334
2 0.06075 0.4886666666666667 0.0035 0.010666666666666666
2 0.055 0.48833333333333334 0.003 0.011333333333333334
2 0.04525 0.48966666666666664 0.0095 0.011333333333333334
1 0.06375 0.5026666666666667 0.0065 0.013333333333333334
2 0.064 0.506 0.015 0.009333333333333334
1 0.06525 0.49366666666666664 0.0075 0.012666666666666666
2 0.0585 0.5006666666666667 0.016 0.009333333333333334
2 0.01325 0.49033333333333334 0.0055 0.012666666666666666
2 0.01 0.49 0.004 0.013333333333333334
2 0.00225 0.49033333333333334 0.0035 0.015333333333333332
2 0.034 0.49033333333333334 0.004 0.011333333333333334
2 0.02975 0.49033333333333334 0.0035 0.012666666666666666
2 0.02475 0.49033333333333334 0.0035 0.012666666666666666
2 0.01975 0.48966666666666664 0.0045 0.012666666666666666
2 0.1025 0.4726666666666667 0.005 0.012
2 0.098 0.4726666666666667 0.003 0.012
2 0.09375 0.4726666666666667 0.0035 0.012
2 0.08925 0.47333333333333333 0.0045 0.013333333333333334
2 0.083 0.473 0.006 0.014
2 0.06175 0.475 0.0055 0.015333333333333332
2 0.0555 0.4756666666666667 0.006 0.016666666666666666
0 0.9175 0.3863333333333333 0.004 0.015333333333333332
3 0.757 0.19166666666666668 0.012 0.012666666666666666
3 0.7755 0.18933333333333333 0.015 0.014666666666666666
1 0.43075 0.5883333333333334 0.0055 0.015333333333333332
2 0.431 0.593 0.007 0.018
1 0.44825 0.6193333333333333 0.0065 0.016
9 0.44775 0.625 0.0075 0.019333333333333334
3 0.54825 0.6623333333333333 0.0385 0.043333333333333335
1 0.631 0.6736666666666666 0.006 0.016666666666666666
9 0.63175 0.6773333333333333 0.0165 0.012
1 0.69025 0.6676666666666666 0.0095 0.019333333333333334
1 0.77975 0.663 0.0095 0.016666666666666666
1 0.809 0.6653333333333333 0.008 0.016
1 0.829 0.6553333333333333 0.011 0.017333333333333333
9 0.6895 0.673 0.019 0.014
9 0.77825 0.6663333333333333 0.0185 0.012666666666666666
9 0.8075 0.6696666666666666 0.017 0.011333333333333334
9 0.82775 0.66 0.0185 0.012
1 0.95125 0.6486666666666666 0.0075 0.014666666666666666
1 0.97575 0.6713333333333333 0.0105 0.016
9 0.95075 0.652 0.0195 0.012
9 0.97 0.6756666666666666 0.026 0.015333333333333332
1 0.228 0.6866666666666666 0.01 0.017333333333333333
9 0.23075 0.6906666666666667 0.0215 0.013333333333333334
1 0.2505 0.7 0.008 0.017333333333333333
9 0.25275 0.706 0.0195 0.010666666666666666
1 0.31275 0.6776666666666666 0.0095 0.016666666666666666
9 0.31475 0.6826666666666666 0.0175 0.010666666666666666
2 0.3005 0.7326666666666667 0.005 0.02
2 0.30525 0.7306666666666667 0.0055 0.021333333333333333
0 0.38375 0.752 0.0075 0.02266666666666667
1 0.41925 0.7446666666666667 0.0075 0.025333333333333333
1 0.41325 0.725 0.0095 0.019333333333333334
1 0.4115 0.7083333333333334 0.01 0.014
9 0.4125 0.713 0.017 0.018
2 0.4135 0.7293333333333333 0.012 0.017333333333333333
2 0.419 0.7483333333333333 0.008 0.024666666666666667
1 0.5075 0.7896666666666666 0.006 0.020666666666666667
2 0.50725 0.7946666666666666 0.0055 0.025333333333333333
0 0.56825 0.844 0.0085 0.02666666666666667
3 0.51075 0.8746666666666667 0.0285 0.07733333333333334
1 0.40425 0.886 0.0085 0.018666666666666668
2 0.40375 0.8963333333333333 0.0055 0.027333333333333334
0 0.3655 0.9733333333333334 0.007 0.02666666666666667
0 0.37725 0.9733333333333334 0.0095 0.029333333333333333
1 0.40925 0.996 0.0095 0.008
0 0.58975 0.9386666666666666 0.0105 0.02666666666666667
0 0.274 0.7733333333333333 0.012 0.02266666666666667
2 0.5755 0.7106666666666667 0.007 0.02266666666666667
2 0.5815 0.7106666666666667 0.006 0.024
2 0.599 0.7096666666666667 0.007 0.024666666666666667
2 0.591 0.7106666666666667 0.007 0.02266666666666667
2 0.587 0.7086666666666667 0.007 0.02266666666666667