4 0.202 0.9826666666666667 0.134 0.034666666666666665
4 0.2335 0.9306666666666666 0.112 0.084
1 0.22725 0.8516666666666667 0.0085 0.022
0 0.22875 0.859 0.0135 0.04733333333333333
9 0.28 0.8753333333333333 0.02 0.04
4 0.28225 0.8166666666666667 0.1025 0.068
4 0.28875 0.7756666666666666 0.0775 0.05266666666666667
3 0.293 0.7113333333333334 0.072 0.042666666666666665
9 0.2345 0.6866666666666666 0.011 0.04533333333333334
9 0.2225 0.6936666666666667 0.011 0.043333333333333335
3 0.32 0.6866666666666666 0.067 0.03866666666666667
3 0.341 0.6623333333333333 0.07 0.035333333333333335
2 0.33825 0.6313333333333333 0.0175 0.018666666666666668
9 0.3215 0.6126666666666667 0.016 0.018666666666666668
5 0.3965 0.5423333333333333 0.022 0.03
3 0.3785 0.5066666666666667 0.037 0.018666666666666668
3 0.38225 0.49333333333333335 0.0335 0.016
4 0.384 0.48533333333333334 0.031 0.017333333333333333
4 0.38225 0.479 0.0325 0.016666666666666666
3 0.38175 0.47533333333333333 0.0265 0.014666666666666666
3 0.38825 0.4706666666666667 0.0265 0.014666666666666666
3 0.4075 0.422 0.009 0.010666666666666666
3 0.41925 0.426 0.0095 0.010666666666666666
4 0.45225 0.39066666666666666 0.0125 0.012
4 0.45275 0.38 0.0105 0.006666666666666667
3 0.472 0.382 0.011 0.005333333333333333
1 0.56825 0.6433333333333333 0.0125 0.02
9 0.5645 0.6483333333333333 0.007 0.023333333333333334
0 0.5765 0.6246666666666667 0.006 0.025333333333333333
0 0.58225 0.6246666666666667 0.0075 0.029333333333333333
4 0.6005 0.63 0.027 0.048
3 0.5415 0.584 0.023 0.029333333333333333
3 0.53375 0.5573333333333333 0.0195 0.024
1 0.50125 0.5353333333333333 0.0055 0.014666666666666666
9 0.50125 0.5396666666666666 0.0055 0.014
3 0.52625 0.5343333333333333 0.0185 0.022
4 0.5235 0.5133333333333333 0.016 0.02
3 0.512 0.462 0.011 0.013333333333333334
3 0.508 0.43933333333333335 0.01 0.012
3 0.5015 0.41233333333333333 0.008 0.008666666666666666
3 0.4985 0.399 0.007 0.007333333333333333
0 0.50825 0.4026666666666667 0.0015 0.008
3 0.49725 0.38566666666666666 0.0125 0.006
1 0.483 0.389 0.002 0.004666666666666667
9 0.483 0.391 0.006 0.004666666666666667
3 0.49575 0.366 0.0035 0.005333333333333333
3 0.4965 0.36766666666666664 0.004 0.004666666666666667
3 0.4965 0.37033333333333335 0.005 0.006
3 0.4775 0.3636666666666667 0.004 0.004666666666666667
3 0.4845 0.36433333333333334 0.004 0.004666666666666667
3 0.4865 0.357 0.004 0.0033333333333333335
3 0.493 0.3556666666666667 0.003 0.0033333333333333335
3 0.47925 0.345 0.0025 0.0033333333333333335
5 0.48025 0.3383333333333333 0.0025 0.0033333333333333335
5 0.47275 0.34833333333333333 0.0045 0.008666666666666666
4 0.46975 0.3636666666666667 0.0055 0.007333333333333333
5 0.47075 0.359 0.0045 0.007333333333333333
1 0.34425 0.9756666666666667 0.0145 0.048666666666666664
2 0.344 0.986 0.013 0.028
2 0.365 0.9873333333333333 0.013 0.025333333333333333
1 0.36525 0.9766666666666667 0.0155 0.04666666666666667
3 0.631 0.978 0.057 0.044
3 0.59725 0.8543333333333333 0.0475 0.082
5 0.75175 0.9553333333333334 0.1065 0.08933333333333333
1 0.76725 0.6866666666666666 0.0095 0.02666666666666667
2 0.767 0.693 0.008 0.024666666666666667
1 0.72325 0.634 0.0075 0.02
9 0.72275 0.6413333333333333 0.0095 0.024
3 0.893 0.6856666666666666 0.073 0.034
4 0.64075 0.49666666666666665 0.0165 0.02
4 0.59575 0.5056666666666667 0.0325 0.018
5 0.618 0.525 0.032 0.038
3 0.57325 0.3626666666666667 0.0075 0.005333333333333333
3 0.519 0.3636666666666667 0.009 0.004666666666666667
3 0.524 0.3606666666666667 0.009 0.004
4 0.53675 0.358 0.0085 0.005333333333333333
3 0.559 0.359 0.009 0.0033333333333333335
3 0.557 0.3576666666666667 0.008 0.004666666666666667
4 0.554 0.355 0.008 0.004666666666666667
3 0.54925 0.354 0.0075 0.004
3 0.53775 0.351 0.0025 0.0033333333333333335
4 0.53425 0.35633333333333334 0.0065 0.004666666666666667
3 0.54875 0.3526666666666667 0.0065 0.004
3 0.5475 0.35133333333333333 0.006 0.004
3 0.546 0.35 0.008 0.004
3 0.54225 0.3476666666666667 0.0055 0.0033333333333333335
3 0.54125 0.3466666666666667 0.0065 0.0026666666666666666
3 0.539 0.3463333333333333 0.006 0.0033333333333333335
3 0.538 0.3446666666666667 0.006 0.0026666666666666666
3 0.53225 0.3423333333333333 0.0065 0.0033333333333333335
3 0.50675 0.338 0.0055 0.0026666666666666666
0 0.361 0.43166666666666664 0.004 0.011333333333333334
3 0.53 0.35233333333333333 0.007 0.0033333333333333335
3 0.52825 0.3516666666666667 0.0065 0.0033333333333333335
3 0.5275 0.35033333333333333 0.007 0.004666666666666667
4 0.52175 0.3443333333333333 0.0075 0.004666666666666667
5 0.41275 0.3903333333333333 0.0085 0.011333333333333334
0 0.5135 0.4026666666666667 0.002 0.009333333333333334