3 0.70475 0.899 0.1055 0.202
0 0.506 0.9816666666666667 0.018 0.03666666666666667
1 0.5415 0.9396666666666667 0.023 0.03266666666666666
0 0.42375 0.9496666666666667 0.0165 0.024666666666666667
0 0.4275 0.9656666666666667 0.012 0.015333333333333332
0 0.53325 0.869 0.0155 0.023333333333333334
1 0.5205 0.8736666666666667 0.01 0.024666666666666667
9 0.52325 0.8753333333333333 0.0155 0.04
0 0.50025 0.7006666666666667 0.0145 0.017333333333333333
1 0.503 0.7276666666666667 0.008 0.011333333333333334
1 0.536 0.6646666666666666 0.018 0.030666666666666665
0 0.48 0.6803333333333333 0.012 0.024666666666666667
0 0.46875 0.6446666666666667 0.0135 0.032
0 0.5825 0.57 0.01 0.025333333333333333
1 0.58675 0.5913333333333334 0.0085 0.018666666666666668
0 0.5915 0.547 0.013 0.027333333333333334
0 0.60525 0.5436666666666666 0.0175 0.038
5 0.612 0.457 0.079 0.10866666666666666
4 0.5525 0.377 0.047 0.094
0 0.4635 0.42766666666666664 0.012 0.038
0 0.452 0.43266666666666664 0.012 0.03866666666666667
0 0.3995 0.3333333333333333 0.012 0.034666666666666665
5 0.4415 0.647 0.077 0.19133333333333333
5 0.422 0.4686666666666667 0.057 0.136
9 0.3835 0.33066666666666666 0.02 0.037333333333333336
4 0.33 0.202 0.078 0.072
1 0.50025 0.202 0.0145 0.028
5 0.48125 0.16033333333333333 0.0425 0.07933333333333334
5 0.33325 0.07066666666666667 0.0675 0.048
3 0.37175 0.13066666666666665 0.0335 0.06666666666666667
0 0.38125 0.089 0.0105 0.03
0 0.3545 0.075 0.009 0.034
1 0.341 0.084 0.01 0.02266666666666667
4 0.295 0.021 0.029 0.042
0 0.44 0.04 0.006 0.030666666666666665
0 0.4405 0.03266666666666666 0.007 0.032