4 0.2849264705882353 0.9470588235294117 0.0713235294117647 0.10588235294117647
3 0.6628676470588235 0.9477124183006536 0.06691176470588235 0.10457516339869281
3 0.8327205882352942 0.961437908496732 0.13308823529411765 0.07712418300653595
0 0.6654411764705882 0.6888888888888889 0.01911764705882353 0.06797385620915032
6 0.23419117647058824 0.7679738562091504 0.08897058823529412 0.07712418300653595
3 0.22463235294117648 0.6562091503267974 0.1036764705882353 0.07581699346405228
3 0.25220588235294117 0.6065359477124183 0.09264705882352942 0.0784313725490196
3 0.21176470588235294 0.46078431372549017 0.07941176470588235 0.05620915032679739
3 0.1988970588235294 0.40522875816993464 0.06985294117647059 0.04967320261437908
6 0.3952205882352941 0.4718954248366013 0.021323529411764706 0.04967320261437908
4 0.5985294117647059 0.3032679738562091 0.025 0.05228758169934641
6 0.7628676470588235 0.6183006535947713 0.027205882352941177 0.06797385620915032
2 0.7610294117647058 0.5967320261437908 0.03529411764705882 0.032679738562091505
6 0.7220588235294118 0.5013071895424837 0.04852941176470588 0.03790849673202614
3 0.6845588235294118 0.45359477124183006 0.07205882352941176 0.054901960784313725
0 0.618014705882353 0.40261437908496733 0.009558823529411765 0.0392156862745098
0 0.5963235294117647 0.37712418300653594 0.007352941176470588 0.03529411764705882
6 0.6790441176470589 0.41830065359477125 0.04338235294117647 0.026143790849673203
3 0.5797794117647059 0.24313725490196078 0.030147058823529412 0.03398692810457516
5 0.5672794117647059 0.17124183006535948 0.019852941176470587 0.0392156862745098
3 0.6191176470588236 0.23790849673202613 0.041176470588235294 0.026143790849673203
0 0.6514705882352941 0.2673202614379085 0.004411764705882353 0.02483660130718954
0 0.6360294117647058 0.27124183006535946 0.0058823529411764705 0.030065359477124184
0 0.555514705882353 0.12418300653594772 0.005147058823529412 0.018300653594771243
0 0.5511029411764706 0.12352941176470589 0.003676470588235294 0.0196078431372549
0 0.5481617647058824 0.13986928104575164 0.005147058823529412 0.02091503267973856
5 0.48933823529411763 0.1607843137254902 0.01838235294117647 0.04183006535947712
3 0.48566176470588235 0.28888888888888886 0.021323529411764706 0.04183006535947712
0 0.4404411764705882 0.26666666666666666 0.0058823529411764705 0.03137254901960784
3 0.4338235294117647 0.23790849673202613 0.022058823529411766 0.04183006535947712
3 0.46654411764705883 0.07908496732026143 0.009558823529411765 0.01437908496732026
3 0.46911764705882353 0.06470588235294118 0.008823529411764706 0.01437908496732026
3 0.38235294117647056 0.16143790849673204 0.03235294117647059 0.022222222222222223
3 0.3474264705882353 0.15816993464052287 0.03308823529411765 0.023529411764705882
3 0.3375 0.35490196078431374 0.06323529411764706 0.040522875816993466
9 0.3003676470588235 0.2496732026143791 0.01838235294117647 0.02091503267973856
9 0.2801470588235294 0.26405228758169935 0.023529411764705882 0.026143790849673203