0 0.39338235294117646 0.9758169934640523 0.008823529411764706 0.040522875816993466
0 0.40183823529411766 0.9758169934640523 0.008088235294117648 0.03790849673202614
0 0.4088235294117647 0.9758169934640523 0.008823529411764706 0.03529411764705882
3 0.3786764705882353 0.8581699346405228 0.023529411764705882 0.05359477124183006
3 0.38382352941176473 0.8274509803921568 0.01911764705882353 0.036601307189542485
3 0.3871323529411765 0.7915032679738562 0.016911764705882352 0.032679738562091505
3 0.3911764705882353 0.7660130718954249 0.01764705882352941 0.03137254901960784
3 0.39705882352941174 0.7405228758169935 0.016176470588235296 0.027450980392156862
3 0.39558823529411763 0.7202614379084967 0.016176470588235296 0.02875816993464052
3 0.3966911764705882 0.7019607843137254 0.013970588235294118 0.026143790849673203
3 0.40294117647058825 0.6777777777777778 0.014705882352941176 0.027450980392156862
3 0.4025735294117647 0.657516339869281 0.013970588235294118 0.02091503267973856
3 0.4011029411764706 0.6431372549019608 0.011029411764705883 0.02091503267973856
3 0.32794117647058824 0.6790849673202615 0.03235294117647059 0.022222222222222223
4 0.33198529411764705 0.6607843137254902 0.027205882352941177 0.02483660130718954
8 0.48455882352941176 0.7915032679738562 0.025 0.06928104575163399
3 0.5110294117647058 0.7686274509803922 0.01911764705882353 0.04183006535947712
3 0.6110294117647059 0.9045751633986928 0.029411764705882353 0.044444444444444446
3 0.6808823529411765 0.9660130718954248 0.026470588235294117 0.054901960784313725
3 0.775 0.9477124183006536 0.04264705882352941 0.04967320261437908
3 0.6621323529411764 0.9287581699346406 0.03161764705882353 0.048366013071895426
3 0.8066176470588236 0.9830065359477124 0.047058823529411764 0.03398692810457516
4 0.75 0.9084967320261438 0.025 0.0392156862745098
3 0.6448529411764706 0.8803921568627451 0.03235294117647059 0.050980392156862744
3 0.6272058823529412 0.8450980392156863 0.025 0.03790849673202614
3 0.6139705882352942 0.8143790849673203 0.025 0.0392156862745098
4 0.6036764705882353 0.7777777777777778 0.025 0.04183006535947712
3 0.5900735294117647 0.7588235294117647 0.02426470588235294 0.030065359477124184
5 0.7014705882352941 0.8215686274509804 0.030882352941176472 0.043137254901960784
3 0.6841911764705882 0.7967320261437908 0.027205882352941177 0.032679738562091505
4 0.6669117647058823 0.7647058823529411 0.01911764705882353 0.03398692810457516
9 0.675 0.8366013071895425 0.007352941176470588 0.023529411764705882
1 0.674264705882353 0.8313725490196079 0.0058823529411764705 0.023529411764705882
3 0.569485294117647 0.7202614379084967 0.015441176470588236 0.023529411764705882
3 0.5632352941176471 0.7013071895424836 0.01764705882352941 0.02483660130718954
4 0.6080882352941176 0.6758169934640523 0.016176470588235296 0.026143790849673203
3 0.59375 0.6516339869281046 0.015441176470588236 0.022222222222222223
0 0.5933823529411765 0.6745098039215687 0.0058823529411764705 0.02091503267973856
3 0.5540441176470589 0.6705882352941176 0.015441176470588236 0.023529411764705882
3 0.5474264705882353 0.657516339869281 0.013970588235294118 0.02091503267973856
3 0.5397058823529411 0.6437908496732027 0.013235294117647059 0.02483660130718954
3 0.5352941176470588 0.630718954248366 0.013235294117647059 0.0196078431372549
3 0.5305147058823529 0.6215686274509804 0.011029411764705883 0.01699346405228758
3 0.5238970588235294 0.6098039215686275 0.011029411764705883 0.0196078431372549
3 0.5216911764705883 0.6026143790849673 0.009558823529411765 0.01568627450980392
3 0.5183823529411765 0.5928104575163399 0.010294117647058823 0.0196078431372549
3 0.5830882352941177 0.6372549019607843 0.013235294117647059 0.01699346405228758
3 0.5738970588235294 0.6222222222222222 0.011029411764705883 0.01568627450980392
3 0.5698529411764706 0.6150326797385621 0.013235294117647059 0.0196078431372549
3 0.5613970588235294 0.6006535947712418 0.0125 0.01699346405228758
3 0.5683823529411764 0.5888888888888889 0.016176470588235296 0.01437908496732026
3 0.47573529411764703 0.6163398692810458 0.011764705882352941 0.022222222222222223
9 0.5073529411764706 0.6045751633986928 0.004411764705882353 0.011764705882352941
1 0.506985294117647 0.6013071895424836 0.003676470588235294 0.013071895424836602
0 0.5047794117647059 0.5856209150326798 0.003676470588235294 0.013071895424836602
0 0.5077205882352941 0.5856209150326798 0.003676470588235294 0.013071895424836602
3 0.009191176470588236 0.7169934640522876 0.01838235294117647 0.02483660130718954
3 0.058823529411764705 0.6725490196078432 0.03823529411764706 0.022222222222222223
3 0.06654411764705882 0.6660130718954248 0.03602941176470588 0.0196078431372549
3 0.008088235294117648 0.6620915032679738 0.016176470588235296 0.022222222222222223
3 0.009191176470588236 0.6529411764705882 0.01838235294117647 0.0196078431372549
3 0.08088235294117647 0.6509803921568628 0.030882352941176472 0.02091503267973856
4 0.06948529411764706 0.6235294117647059 0.02426470588235294 0.023529411764705882
4 0.02463235294117647 0.6202614379084967 0.019852941176470587 0.022222222222222223
4 0.0838235294117647 0.6058823529411764 0.01911764705882353 0.0196078431372549
4 0.08455882352941177 0.6163398692810458 0.016176470588235296 0.022222222222222223
3 0.40661764705882353 0.5856209150326798 0.010294117647058823 0.01568627450980392
3 0.4088235294117647 0.5686274509803921 0.008823529411764706 0.01568627450980392
3 0.4099264705882353 0.5555555555555556 0.008088235294117648 0.01568627450980392
3 0.4147058823529412 0.538562091503268 0.010294117647058823 0.013071895424836602
4 0.41654411764705884 0.5261437908496732 0.006617647058823529 0.01437908496732026
3 0.4400735294117647 0.5392156862745098 0.006617647058823529 0.011764705882352941
3 0.43970588235294117 0.5326797385620915 0.0058823529411764705 0.011764705882352941
3 0.5077205882352941 0.5686274509803921 0.008088235294117648 0.01045751633986928
3 0.5040441176470588 0.5588235294117647 0.008088235294117648 0.011764705882352941
4 0.5018382352941176 0.5516339869281046 0.008088235294117648 0.013071895424836602
3 0.4963235294117647 0.5431372549019607 0.007352941176470588 0.009150326797385621
3 0.4661764705882353 0.5065359477124183 0.0058823529411764705 0.009150326797385621
3 0.4430147058823529 0.49869281045751634 0.006617647058823529 0.009150326797385621
3 0.4213235294117647 0.4980392156862745 0.010294117647058823 0.00784313725490196
4 0.45294117647058824 0.4980392156862745 0.0058823529411764705 0.01045751633986928
3 0.4470588235294118 0.4954248366013072 0.0058823529411764705 0.01045751633986928
3 0.44080882352941175 0.49019607843137253 0.005147058823529412 0.00784313725490196
3 0.46838235294117647 0.4869281045751634 0.004411764705882353 0.006535947712418301
3 0.4658088235294118 0.48169934640522877 0.005147058823529412 0.009150326797385621
3 0.45330882352941176 0.4718954248366013 0.008088235294117648 0.00784313725490196
3 0.4404411764705882 0.469281045751634 0.004411764705882353 0.00784313725490196
3 0.44227941176470587 0.45294117647058824 0.003676470588235294 0.006535947712418301
2 0.4452205882352941 0.5542483660130719 0.003676470588235294 0.01045751633986928
3 0.45294117647058824 0.5058823529411764 0.0058823529411764705 0.01045751633986928
1 0.4455882352941177 0.550326797385621 0.0029411764705882353 0.01045751633986928
9 0.4496323529411765 0.5274509803921569 0.005147058823529412 0.006535947712418301
1 0.44926470588235295 0.5248366013071896 0.0029411764705882353 0.006535947712418301
9 0.44448529411764703 0.5228758169934641 0.0022058823529411764 0.00784313725490196
1 0.44448529411764703 0.5209150326797386 0.003676470588235294 0.009150326797385621