0 0.1325 0.7373096446700508 0.019285714285714285 0.05583756345177665
0 0.44892857142857145 0.868020304568528 0.015 0.050761421319796954
0 0.43714285714285717 0.8515228426395939 0.014285714285714285 0.04568527918781726
3 0.4421428571428571 0.39276649746192893 0.07 0.06979695431472081
4 0.3292857142857143 0.3343908629441624 0.07714285714285714 0.09517766497461928
3 0.22214285714285714 0.2868020304568528 0.07428571428571429 0.06852791878172589
0 0.040357142857142855 0.5272842639593909 0.020714285714285713 0.046954314720812185
0 0.6025 0.21890862944162437 0.013571428571428571 0.03934010152284264
0 0.6160714285714286 0.22525380710659898 0.012142857142857143 0.04187817258883249
0 0.675 0.19923857868020303 0.01 0.04060913705583756
0 0.8007142857142857 0.25444162436548223 0.012857142857142857 0.04187817258883249
3 0.8521428571428571 0.21065989847715735 0.02857142857142857 0.07614213197969544
0 0.9771428571428571 0.32614213197969544 0.02142857142857143 0.03807106598984772