0 0.49926470588235294 0.9575163398692811 0.014705882352941176 0.05359477124183006
0 0.5290441176470588 0.9052287581699346 0.027205882352941177 0.05359477124183006
0 0.5213235294117647 0.8379084967320262 0.010294117647058823 0.02875816993464052
0 0.5305147058823529 0.8241830065359477 0.0125 0.0457516339869281
0 0.5764705882352941 0.9209150326797385 0.01764705882352941 0.06143790849673202
3 0.65625 0.9326797385620915 0.09338235294117647 0.134640522875817
1 0.6400735294117647 0.9483660130718954 0.021323529411764706 0.040522875816993466
3 0.7191176470588235 0.8437908496732026 0.09411764705882353 0.1477124183006536
0 0.7213235294117647 0.5705882352941176 0.013235294117647059 0.048366013071895426
4 0.5790441176470589 0.5065359477124183 0.07279411764705883 0.10326797385620914
0 0.8099264705882353 0.9313725490196079 0.021323529411764706 0.050980392156862744
0 0.8632352941176471 0.907843137254902 0.030882352941176472 0.0457516339869281
9 0.9272058823529412 0.7522875816993464 0.026470588235294117 0.05620915032679739
9 0.8036764705882353 0.7457516339869281 0.03529411764705882 0.058823529411764705
0 0.9488970588235294 0.6032679738562091 0.016911764705882352 0.040522875816993466
9 0.8022058823529412 0.45294117647058824 0.022058823529411766 0.048366013071895426
1 0.8040441176470589 0.44313725490196076 0.015441176470588236 0.03398692810457516
9 0.9371323529411765 0.4993464052287582 0.013970588235294118 0.044444444444444446
0 0.9411764705882353 0.4915032679738562 0.013235294117647059 0.054901960784313725
9 0.8753676470588235 0.36470588235294116 0.021323529411764706 0.04183006535947712
1 0.8772058823529412 0.35947712418300654 0.013235294117647059 0.03137254901960784
3 0.4077205882352941 0.5784313725490197 0.0375 0.12156862745098039
3 0.47794117647058826 0.48169934640522877 0.06911764705882353 0.10588235294117647
3 0.5536764705882353 0.40522875816993464 0.07647058823529412 0.10457516339869281
4 0.6227941176470588 0.31437908496732025 0.057352941176470586 0.09803921568627451
3 0.7003676470588235 0.2281045751633987 0.05955882352941176 0.08235294117647059
3 0.6746323529411765 0.1588235294117647 0.05514705882352941 0.07450980392156863
3 0.7455882352941177 0.08888888888888889 0.051470588235294115 0.07058823529411765
3 0.8029411764705883 0.03071895424836601 0.05 0.06143790849673202
9 0.6352941176470588 0.14836601307189543 0.01911764705882353 0.043137254901960784
9 0.6738970588235295 0.06274509803921569 0.016911764705882352 0.036601307189542485
1 0.6371323529411764 0.13856209150326798 0.009558823529411765 0.0392156862745098
1 0.6761029411764706 0.05163398692810457 0.008088235294117648 0.03790849673202614
0 0.6169117647058824 0.08431372549019608 0.011764705882352941 0.03790849673202614
0 0.6253676470588235 0.0784313725490196 0.008088235294117648 0.036601307189542485
0 0.5452205882352941 0.1450980392156863 0.0125 0.044444444444444446
4 0.5948529411764706 0.07254901960784314 0.052941176470588235 0.07973856209150326
0 0.5768382352941176 0.056862745098039215 0.006617647058823529 0.03790849673202614
4 0.5488970588235295 0.19019607843137254 0.06985294117647059 0.11372549019607843
4 0.5455882352941176 0.29150326797385623 0.05588235294117647 0.09411764705882353
3 0.5198529411764706 0.12941176470588237 0.058823529411764705 0.07581699346405228
4 0.4647058823529412 0.265359477124183 0.07647058823529412 0.11764705882352941
4 0.3911764705882353 0.35294117647058826 0.0661764705882353 0.10718954248366012
5 0.4610294117647059 0.369281045751634 0.10147058823529412 0.17647058823529413
9 0.3966911764705882 0.4980392156862745 0.03602941176470588 0.05228758169934641
1 0.39889705882352944 0.4915032679738562 0.01838235294117647 0.044444444444444446
4 0.5268382352941177 0.03725490196078431 0.05808823529411765 0.06405228758169934
3 0.45 0.11176470588235295 0.061764705882352944 0.06143790849673202
3 0.40698529411764706 0.12745098039215685 0.05220588235294118 0.08235294117647059
0 0.4389705882352941 0.22549019607843138 0.010294117647058823 0.043137254901960784
6 0.4375 0.19607843137254902 0.039705882352941174 0.05751633986928104
0 0.43125 0.2568627450980392 0.008088235294117648 0.032679738562091505
6 0.4128676470588235 0.23202614379084968 0.04485294117647059 0.06405228758169934
1 0.40551470588235294 0.2169934640522876 0.013970588235294118 0.0392156862745098
6 0.3849264705882353 0.2568627450980392 0.04044117647058824 0.06405228758169934
6 0.3602941176470588 0.2849673202614379 0.03823529411764706 0.06274509803921569
6 0.3327205882352941 0.3084967320261438 0.03897058823529412 0.06535947712418301
1 0.32426470588235295 0.3254901960784314 0.013235294117647059 0.0392156862745098
0 0.29558823529411765 0.3738562091503268 0.016176470588235296 0.04967320261437908
6 0.2713235294117647 0.36405228758169933 0.03823529411764706 0.06666666666666667
9 0.34963235294117645 0.13398692810457516 0.015441176470588236 0.03529411764705882
9 0.2974264705882353 0.2235294117647059 0.021323529411764706 0.044444444444444446
9 0.2702205882352941 0.21633986928104576 0.019852941176470587 0.040522875816993466
9 0.2797794117647059 0.1869281045751634 0.027205882352941177 0.03137254901960784
0 0.24338235294117647 0.22091503267973855 0.010294117647058823 0.04183006535947712
0 0.25698529411764703 0.20522875816993463 0.011029411764705883 0.04183006535947712
0 0.2952205882352941 0.19477124183006536 0.0125 0.036601307189542485
0 0.26580882352941176 0.2 0.009558823529411765 0.0392156862745098
2 0.31727941176470587 0.23594771241830065 0.028676470588235293 0.027450980392156862
2 0.29154411764705884 0.2627450980392157 0.02426470588235294 0.04183006535947712
9 0.25698529411764703 0.2758169934640523 0.013970588235294118 0.044444444444444446
1 0.2580882352941177 0.27712418300653596 0.010294117647058823 0.02875816993464052
9 0.21875 0.3032679738562091 0.03602941176470588 0.044444444444444446
0 0.23566176470588235 0.16862745098039217 0.0125 0.036601307189542485
0 0.22426470588235295 0.16339869281045752 0.014705882352941176 0.0392156862745098
1 0.21801470588235294 0.17254901960784313 0.013970588235294118 0.036601307189542485
1 0.11544117647058824 0.23202614379084968 0.013235294117647059 0.030065359477124184
0 0.24669117647058825 0.41568627450980394 0.013970588235294118 0.04183006535947712
0 0.225 0.4366013071895425 0.013235294117647059 0.044444444444444446
0 0.2551470588235294 0.40522875816993464 0.014705882352941176 0.04183006535947712
0 0.2474264705882353 0.3784313725490196 0.0125 0.0457516339869281
0 0.2584558823529412 0.3784313725490196 0.0125 0.040522875816993466
6 0.23308823529411765 0.39673202614379083 0.039705882352941174 0.06666666666666667
6 0.24705882352941178 0.4627450980392157 0.052941176470588235 0.07581699346405228
0 0.20183823529411765 0.40784313725490196 0.01838235294117647 0.044444444444444446
6 0.18419117647058825 0.42287581699346405 0.04338235294117647 0.08758169934640522
9 0.1661764705882353 0.5137254901960784 0.026470588235294117 0.054901960784313725
9 0.09080882352941176 0.3581699346405229 0.0375 0.0392156862745098
9 0.06139705882352941 0.296078431372549 0.030147058823529412 0.040522875816993466
9 0.04338235294117647 0.2869281045751634 0.033823529411764704 0.03529411764705882
1 0.07757352941176471 0.47581699346405226 0.016911764705882352 0.04183006535947712
0 0.06286764705882353 0.5339869281045752 0.022794117647058822 0.048366013071895426
6 0.03235294117647059 0.5542483660130719 0.03235294117647059 0.08627450980392157
6 0.07904411764705882 0.4320261437908497 0.04338235294117647 0.06666666666666667
5 0.033823529411764704 0.4176470588235294 0.06764705882352941 0.13986928104575164