3 0.35464285714285715 0.4885786802030457 0.03785714285714286 0.0583756345177665
3 0.30107142857142855 0.35786802030456855 0.023571428571428573 0.0532994923857868
3 0.7246428571428571 0.35152284263959394 0.03785714285714286 0.04060913705583756
3 0.4035714285714286 0.4098984771573604 0.037142857142857144 0.050761421319796954
3 0.36892857142857144 0.5406091370558376 0.052142857142857144 0.04568527918781726
3 0.09821428571428571 0.22715736040609136 0.015 0.03553299492385787
3 0.6532142857142857 0.5057106598984772 0.045 0.04949238578680203
3 0.6078571428571429 0.5418781725888325 0.047142857142857146 0.0532994923857868
3 0.59 0.5647208121827412 0.045714285714285714 0.06345177664974619
3 0.6832142857142857 0.4619289340101523 0.045 0.03553299492385787
3 0.6689285714285714 0.4860406091370558 0.045 0.04060913705583756
3 0.7046428571428571 0.45114213197969544 0.045 0.044416243654822336
3 0.2953571428571429 0.1935279187817259 0.020714285714285713 0.031725888324873094
3 0.7442857142857143 0.4263959390862944 0.03 0.04060913705583756
4 0.31785714285714284 0.4486040609137056 0.024285714285714285 0.05964467005076142
4 0.05357142857142857 0.5653553299492385 0.024285714285714285 0.07233502538071065
4 0.06928571428571428 0.3864213197969543 0.02 0.04949238578680203
4 0.2935714285714286 0.16243654822335024 0.02142857142857143 0.030456852791878174
4 0.3807142857142857 0.565989847715736 0.05142857142857143 0.06345177664974619
4 0.4032142857142857 0.5786802030456852 0.05071428571428571 0.0583756345177665
4 0.6296428571428572 0.5215736040609137 0.05071428571428571 0.050761421319796954
8 0.08 0.07931472081218274 0.055714285714285716 0.05203045685279188
8 0.014642857142857143 0.10152284263959391 0.029285714285714286 0.06345177664974619
0 0.16107142857142856 0.28045685279187815 0.0064285714285714285 0.02030456852791878
0 0.16357142857142856 0.40482233502538073 0.007142857142857143 0.02284263959390863
0 0.16464285714285715 0.5348984771573604 0.0064285714285714285 0.0266497461928934
0 0.15821428571428572 0.5488578680203046 0.007857142857142858 0.024111675126903553
0 0.16357142857142856 0.3426395939086294 0.005714285714285714 0.02284263959390863
0 0.14607142857142857 0.2753807106598985 0.0064285714285714285 0.02284263959390863
3 0.26071428571428573 0.01649746192893401 0.027142857142857142 0.02030456852791878
0 0.15928571428571428 0.233502538071066 0.004285714285714286 0.017766497461928935
0 0.15071428571428572 0.22398477157360405 0.005714285714285714 0.013959390862944163
9 0.30392857142857144 0.2563451776649746 0.009285714285714286 0.03553299492385787
9 0.33035714285714285 0.3026649746192893 0.023571428571428573 0.021573604060913704
9 0.3410714285714286 0.31281725888324874 0.02214285714285714 0.013959390862944163
9 0.34464285714285714 0.32043147208121825 0.02214285714285714 0.013959390862944163
9 0.3485714285714286 0.3280456852791878 0.02 0.01903553299492386
9 0.35714285714285715 0.33883248730964466 0.02 0.017766497461928935
9 0.3625 0.3477157360406091 0.025 0.015228426395939087
9 0.3682142857142857 0.3546954314720812 0.020714285714285713 0.01903553299492386
9 0.3767857142857143 0.3565989847715736 0.023571428571428573 0.02030456852791878
9 0.38535714285714284 0.3635786802030457 0.025 0.01903553299492386
9 0.39464285714285713 0.3686548223350254 0.020714285714285713 0.013959390862944163
9 0.3989285714285714 0.37753807106598986 0.025 0.01903553299492386
9 0.31285714285714283 0.29378172588832485 0.011428571428571429 0.03426395939086294
3 0.3028571428571429 0.501269035532995 0.055714285714285716 0.03299492385786802
9 0.4117857142857143 0.4302030456852792 0.019285714285714285 0.025380710659898477
9 0.4235714285714286 0.44543147208121825 0.02142857142857143 0.027918781725888325
9 0.3414285714285714 0.6510152284263959 0.027142857142857142 0.02284263959390863
9 0.3360714285714286 0.6326142131979695 0.027857142857142858 0.024111675126903553
0 0.4710714285714286 0.4860406091370558 0.007857142857142858 0.03299492385786802
0 0.030714285714285715 0.06916243654822335 0.007142857142857143 0.021573604060913704
0 0.2275 0.9118020304568528 0.010714285714285714 0.03426395939086294
9 0.5014285714285714 0.47715736040609136 0.015714285714285715 0.02030456852791878
9 0.5239285714285714 0.46573604060913704 0.017857142857142856 0.030456852791878174
9 0.5342857142857143 0.45748730964467005 0.02 0.0266497461928934
9 0.5435714285714286 0.4498730964467005 0.018571428571428572 0.0266497461928934
9 0.5535714285714286 0.440989847715736 0.018571428571428572 0.0266497461928934
9 0.5642857142857143 0.43083756345177665 0.018571428571428572 0.02918781725888325
9 0.6221428571428571 0.3756345177664975 0.018571428571428572 0.030456852791878174
9 0.5689285714285715 0.42449238578680204 0.019285714285714285 0.021573604060913704
9 0.5814285714285714 0.41116751269035534 0.02142857142857143 0.027918781725888325
9 0.6110714285714286 0.3864213197969543 0.02214285714285714 0.024111675126903553
0 0.6789285714285714 0.3343908629441624 0.0064285714285714285 0.024111675126903553
0 0.9846428571428572 0.49238578680203043 0.007857142857142858 0.03299492385786802
0 0.9821428571428571 0.8540609137055838 0.012857142857142857 0.04060913705583756
0 0.9860714285714286 0.9067258883248731 0.013571428571428571 0.02918781725888325
0 0.7789285714285714 0.7258883248730964 0.009285714285714286 0.02284263959390863
0 0.7367857142857143 0.8661167512690355 0.015 0.03680203045685279
0 0.7046428571428571 0.8362944162436549 0.009285714285714286 0.03553299492385787
0 0.7328571428571429 0.7937817258883249 0.015714285714285715 0.03426395939086294
0 0.8353571428571429 0.7645939086294417 0.010714285714285714 0.02918781725888325
0 0.8582142857142857 0.7684010152284264 0.007857142857142858 0.021573604060913704
0 0.7628571428571429 0.6884517766497462 0.008571428571428572 0.024111675126903553
2 0.7603571428571428 0.699238578680203 0.009285714285714286 0.017766497461928935
0 0.8935714285714286 0.5564720812182741 0.007142857142857143 0.02918781725888325
0 0.9078571428571428 0.559010152284264 0.007142857142857143 0.0266497461928934
0 0.8935714285714286 0.5228426395939086 0.011428571428571429 0.025380710659898477
0 0.9021428571428571 0.5272842639593909 0.008571428571428572 0.02918781725888325
0 0.9153571428571429 0.5368020304568528 0.007857142857142858 0.02284263959390863
0 0.9210714285714285 0.5425126903553299 0.009285714285714286 0.024111675126903553
0 0.9214285714285714 0.5285532994923858 0.007142857142857143 0.024111675126903553
0 0.9953571428571428 0.9029187817258884 0.009285714285714286 0.03680203045685279