3 0.9606617647058824 0.20392156862745098 0.011029411764705883 0.01568627450980392
3 0.9871323529411765 0.1522875816993464 0.009558823529411765 0.01437908496732026
3 0.9816176470588235 0.14248366013071895 0.008823529411764706 0.01045751633986928
3 0.9794117647058823 0.14836601307189543 0.008823529411764706 0.011764705882352941
3 0.9911764705882353 0.1450980392156863 0.008823529411764706 0.013071895424836602
3 0.993014705882353 0.13202614379084968 0.008088235294117648 0.01568627450980392
3 0.9860294117647059 0.23921568627450981 0.016176470588235296 0.018300653594771243
3 0.9878676470588236 0.2568627450980392 0.0125 0.022222222222222223
3 0.9779411764705882 0.27450980392156865 0.011764705882352941 0.018300653594771243
3 0.9529411764705882 0.33137254901960783 0.014705882352941176 0.0196078431372549
3 0.8801470588235294 0.24640522875816995 0.013235294117647059 0.01437908496732026
3 0.8919117647058824 0.2496732026143791 0.011764705882352941 0.01568627450980392
3 0.9051470588235294 0.2529411764705882 0.013235294117647059 0.01699346405228758
3 0.9158088235294117 0.269281045751634 0.02426470588235294 0.02091503267973856
3 0.9176470588235294 0.2607843137254902 0.011764705882352941 0.022222222222222223
3 0.9294117647058824 0.2633986928104575 0.011764705882352941 0.0196078431372549
3 0.9452205882352941 0.2803921568627451 0.021323529411764706 0.01699346405228758
3 0.8610294117647059 0.265359477124183 0.016176470588235296 0.02091503267973856
3 0.8724264705882353 0.2679738562091503 0.0125 0.02091503267973856
3 0.8654411764705883 0.2830065359477124 0.014705882352941176 0.022222222222222223
3 0.8797794117647059 0.2875816993464052 0.013970588235294118 0.02091503267973856
3 0.8871323529411764 0.2738562091503268 0.013970588235294118 0.0196078431372549
3 0.9011029411764706 0.2803921568627451 0.013970588235294118 0.01699346405228758
3 0.8926470588235295 0.2901960784313726 0.014705882352941176 0.023529411764705882
3 0.9058823529411765 0.2973856209150327 0.013235294117647059 0.0196078431372549
4 0.9139705882352941 0.28431372549019607 0.014705882352941176 0.02483660130718954
3 0.9183823529411764 0.3006535947712418 0.013235294117647059 0.018300653594771243
3 0.9275735294117647 0.28954248366013075 0.013970588235294118 0.01699346405228758
3 0.8996323529411765 0.32745098039215687 0.013970588235294118 0.022222222222222223
3 0.8900735294117647 0.3431372549019608 0.015441176470588236 0.022222222222222223
3 0.8841911764705882 0.3215686274509804 0.013970588235294118 0.018300653594771243
3 0.8768382352941176 0.3352941176470588 0.015441176470588236 0.022222222222222223
3 0.8661764705882353 0.3137254901960784 0.01764705882352941 0.018300653594771243
3 0.8632352941176471 0.330718954248366 0.014705882352941176 0.018300653594771243
4 0.8518382352941176 0.3058823529411765 0.016911764705882352 0.023529411764705882
3 0.8485294117647059 0.3241830065359477 0.016176470588235296 0.023529411764705882
3 0.8360294117647059 0.3176470588235294 0.014705882352941176 0.026143790849673203
3 0.8319852941176471 0.3006535947712418 0.015441176470588236 0.02091503267973856
3 0.8227941176470588 0.3130718954248366 0.016176470588235296 0.0196078431372549
3 0.8242647058823529 0.330718954248366 0.016176470588235296 0.023529411764705882
0 0.7970588235294118 0.30392156862745096 0.004411764705882353 0.01699346405228758
0 0.8007352941176471 0.2980392156862745 0.004411764705882353 0.018300653594771243
3 0.7977941176470589 0.3405228758169935 0.016176470588235296 0.02483660130718954
3 0.7860294117647059 0.3542483660130719 0.01764705882352941 0.026143790849673203
3 0.799264705882353 0.3633986928104575 0.01764705882352941 0.023529411764705882
3 0.8132352941176471 0.37058823529411766 0.01764705882352941 0.027450980392156862
3 0.8264705882352941 0.35490196078431374 0.016176470588235296 0.022222222222222223
3 0.8400735294117647 0.36013071895424836 0.015441176470588236 0.01699346405228758
3 0.8290441176470589 0.3764705882352941 0.01838235294117647 0.02875816993464052
3 0.8555147058823529 0.3686274509803922 0.016911764705882352 0.02091503267973856
3 0.8709558823529412 0.3758169934640523 0.016911764705882352 0.022222222222222223
3 0.8867647058823529 0.37973856209150325 0.014705882352941176 0.0196078431372549
3 0.8459558823529412 0.3843137254901961 0.01838235294117647 0.026143790849673203
3 0.8595588235294118 0.39019607843137255 0.01764705882352941 0.027450980392156862
3 0.8908088235294118 0.4261437908496732 0.028676470588235293 0.02875816993464052
0 0.8908088235294118 0.4411764705882353 0.006617647058823529 0.0196078431372549
3 0.9150735294117647 0.4673202614379085 0.016911764705882352 0.030065359477124184
0 0.7268382352941176 0.3261437908496732 0.003676470588235294 0.01699346405228758
0 0.7224264705882353 0.3261437908496732 0.003676470588235294 0.01437908496732026
0 0.7301470588235294 0.35490196078431374 0.004411764705882353 0.01699346405228758
0 0.7360294117647059 0.35751633986928105 0.0029411764705882353 0.01699346405228758
0 0.7088235294117647 0.34901960784313724 0.004411764705882353 0.018300653594771243
0 0.7573529411764706 0.3888888888888889 0.01911764705882353 0.02483660130718954
0 0.7720588235294118 0.396078431372549 0.01911764705882353 0.026143790849673203
0 0.7404411764705883 0.40261437908496733 0.016176470588235296 0.026143790849673203
0 0.7533088235294118 0.4111111111111111 0.021323529411764706 0.032679738562091505
0 0.775 0.4235294117647059 0.016176470588235296 0.026143790849673203
0 0.7878676470588235 0.40261437908496733 0.01838235294117647 0.02875816993464052
0 0.8025735294117647 0.41241830065359475 0.019852941176470587 0.027450980392156862
0 0.7922794117647058 0.43071895424836604 0.021323529411764706 0.032679738562091505
0 0.8069852941176471 0.43529411764705883 0.019852941176470587 0.03137254901960784
0 0.819485294117647 0.41633986928104577 0.01838235294117647 0.02483660130718954
0 0.8375 0.42745098039215684 0.01764705882352941 0.026143790849673203
0 0.8529411764705882 0.43333333333333335 0.01764705882352941 0.02483660130718954
0 0.8386029411764706 0.45359477124183006 0.019852941176470587 0.03398692810457516
0 0.8216911764705882 0.4470588235294118 0.021323529411764706 0.03137254901960784
0 0.6797794117647059 0.3712418300653595 0.003676470588235294 0.018300653594771243
1 0.700735294117647 0.365359477124183 0.0058823529411764705 0.011764705882352941
0 0.7205882352941176 0.3941176470588235 0.004411764705882353 0.0196078431372549
0 0.7143382352941177 0.3869281045751634 0.003676470588235294 0.01568627450980392
0 0.7176470588235294 0.3862745098039216 0.0029411764705882353 0.01699346405228758
3 0.8691176470588236 0.5490196078431373 0.022058823529411766 0.044444444444444446
0 0.6573529411764706 0.4875816993464052 0.004411764705882353 0.02091503267973856
3 0.6915441176470588 0.46601307189542485 0.021323529411764706 0.027450980392156862
3 0.7113970588235294 0.44248366013071894 0.025735294117647058 0.030065359477124184
3 0.7242647058823529 0.4542483660130719 0.022058823529411766 0.027450980392156862
3 0.7073529411764706 0.47516339869281043 0.022058823529411766 0.032679738562091505
3 0.7235294117647059 0.48562091503267973 0.020588235294117647 0.03529411764705882
3 0.7411764705882353 0.46339869281045754 0.022058823529411766 0.030065359477124184
3 0.75625 0.4699346405228758 0.019852941176470587 0.027450980392156862
3 0.7724264705882353 0.4797385620915033 0.022794117647058822 0.02875816993464052
3 0.7444852941176471 0.49673202614379086 0.01838235294117647 0.02875816993464052
3 0.7610294117647058 0.5052287581699346 0.023529411764705882 0.03790849673202614
3 0.7900735294117647 0.4928104575163399 0.022794117647058822 0.02875816993464052
3 0.7772058823529412 0.5163398692810458 0.01911764705882353 0.02875816993464052
3 0.7926470588235294 0.5248366013071896 0.023529411764705882 0.03790849673202614
3 0.8095588235294118 0.5026143790849673 0.020588235294117647 0.030065359477124184
3 0.8246323529411764 0.515032679738562 0.016911764705882352 0.03137254901960784
3 0.7716911764705883 0.592156862745098 0.027205882352941177 0.0392156862745098
4 0.7522058823529412 0.5771241830065359 0.025 0.043137254901960784
3 0.7327205882352941 0.5666666666666667 0.027205882352941177 0.03529411764705882
3 0.711764705882353 0.5516339869281046 0.026470588235294117 0.03398692810457516
3 0.69375 0.5431372549019607 0.019852941176470587 0.03529411764705882
3 0.6790441176470589 0.5326797385620915 0.022794117647058822 0.030065359477124184
3 0.6621323529411764 0.5228758169934641 0.027205882352941177 0.036601307189542485
3 0.7698529411764706 0.6392156862745098 0.025 0.036601307189542485
3 0.7525735294117647 0.6254901960784314 0.022794117647058822 0.03529411764705882
3 0.7294117647058823 0.6137254901960785 0.025 0.0457516339869281
3 0.7128676470588236 0.5980392156862745 0.025735294117647058 0.03790849673202614
3 0.6933823529411764 0.5856209150326798 0.029411764705882353 0.044444444444444446
3 0.6757352941176471 0.5725490196078431 0.026470588235294117 0.03398692810457516
3 0.6558823529411765 0.5594771241830065 0.020588235294117647 0.03137254901960784
3 0.6371323529411764 0.5535947712418301 0.028676470588235293 0.032679738562091505
0 0.5981617647058823 0.4411764705882353 0.003676470588235294 0.022222222222222223
0 0.5904411764705882 0.45098039215686275 0.004411764705882353 0.02091503267973856
9 0.5768382352941176 0.45359477124183006 0.009558823529411765 0.01568627450980392
9 0.5834558823529412 0.4444444444444444 0.008088235294117648 0.013071895424836602
9 0.5948529411764706 0.4366013071895425 0.008823529411764706 0.013071895424836602
0 0.5963235294117647 0.4300653594771242 0.004411764705882353 0.018300653594771243
0 0.5977941176470588 0.6124183006535948 0.0058823529411764705 0.02483660130718954
0 0.5533088235294118 0.5993464052287582 0.016911764705882352 0.03790849673202614
3 0.6356617647058823 0.6150326797385621 0.04044117647058824 0.03790849673202614
0 0.6095588235294118 0.657516339869281 0.007352941176470588 0.026143790849673203
0 0.6036764705882353 0.6516339869281046 0.0058823529411764705 0.02483660130718954
3 0.6757352941176471 0.6764705882352942 0.029411764705882353 0.048366013071895426
3 0.6525735294117647 0.7202614379084967 0.03161764705882353 0.04967320261437908
3 0.6974264705882353 0.6934640522875817 0.027205882352941177 0.0457516339869281
3 0.7183823529411765 0.707843137254902 0.023529411764705882 0.043137254901960784
3 0.7371323529411765 0.7313725490196078 0.02426470588235294 0.048366013071895426
3 0.7183823529411765 0.7679738562091504 0.03235294117647059 0.05620915032679739
3 0.694485294117647 0.75359477124183 0.027205882352941177 0.043137254901960784
3 0.675 0.7405228758169935 0.026470588235294117 0.043137254901960784
4 0.49816176470588236 0.7431372549019608 0.0375 0.050980392156862744
3 0.6705882352941176 0.8888888888888888 0.03823529411764706 0.05751633986928104
3 0.6213235294117647 0.8450980392156863 0.03823529411764706 0.06143790849673202
3 0.6455882352941177 0.8686274509803922 0.03676470588235294 0.058823529411764705
3 0.5672794117647059 0.8725490196078431 0.03897058823529412 0.06666666666666667
3 0.5863970588235294 0.9058823529411765 0.04191176470588235 0.07058823529411765
3 0.6106617647058824 0.9274509803921569 0.0375 0.06928104575163399
3 0.6360294117647058 0.9516339869281045 0.041176470588235294 0.08104575163398693
0 0.4441176470588235 0.6516339869281046 0.0058823529411764705 0.022222222222222223
0 0.43125 0.6562091503267974 0.005147058823529412 0.02091503267973856
0 0.42426470588235293 0.6509803921568628 0.0058823529411764705 0.023529411764705882
3 0.39448529411764705 0.8679738562091504 0.04191176470588235 0.04967320261437908
3 0.26323529411764707 0.8790849673202614 0.05 0.06405228758169934
3 0.1900735294117647 0.8450980392156863 0.03455882352941177 0.06405228758169934
3 0.2400735294117647 0.6601307189542484 0.030147058823529412 0.04183006535947712
3 0.25919117647058826 0.6411764705882353 0.030147058823529412 0.03529411764705882
3 0.2775735294117647 0.6281045751633987 0.03455882352941177 0.03529411764705882
3 0.2952205882352941 0.611764705882353 0.03602941176470588 0.0392156862745098
3 0.3463235294117647 0.5163398692810458 0.03235294117647059 0.03137254901960784
3 0.3466911764705882 0.5379084967320261 0.03308823529411765 0.032679738562091505
2 0.3639705882352941 0.44901960784313727 0.007352941176470588 0.01699346405228758
2 0.3709558823529412 0.4516339869281046 0.006617647058823529 0.01699346405228758
2 0.3654411764705882 0.4542483660130719 0.007352941176470588 0.011764705882352941
2 0.37316176470588236 0.45751633986928103 0.008088235294117648 0.013071895424836602
2 0.3775735294117647 0.45816993464052286 0.006617647058823529 0.0196078431372549
2 0.38235294117647056 0.46013071895424834 0.004411764705882353 0.018300653594771243
0 0.27941176470588236 0.4326797385620915 0.004411764705882353 0.02091503267973856
1 0.2841911764705882 0.4418300653594771 0.005147058823529412 0.01568627450980392
1 0.29044117647058826 0.4516339869281046 0.004411764705882353 0.0196078431372549
0 0.3327205882352941 0.43529411764705883 0.005147058823529412 0.023529411764705882
9 0.3422794117647059 0.434640522875817 0.011029411764705883 0.01699346405228758
0 0.31029411764705883 0.5065359477124183 0.0029411764705882353 0.0196078431372549
3 0.3176470588235294 0.49019607843137253 0.029411764705882353 0.0392156862745098
3 0.2922794117647059 0.47124183006535947 0.025735294117647058 0.027450980392156862
3 0.2783088235294118 0.48104575163398694 0.025735294117647058 0.02875816993464052
3 0.2952205882352941 0.5098039215686274 0.027205882352941177 0.02875816993464052
3 0.26433823529411765 0.4934640522875817 0.022794117647058822 0.027450980392156862
3 0.2786764705882353 0.5209150326797386 0.023529411764705882 0.030065359477124184
3 0.2474264705882353 0.5026143790849673 0.025735294117647058 0.030065359477124184
3 0.2536764705882353 0.5359477124183006 0.029411764705882353 0.04183006535947712
3 0.22941176470588234 0.5169934640522876 0.025 0.030065359477124184
3 0.21323529411764705 0.5274509803921569 0.025 0.030065359477124184
3 0.19595588235294117 0.5398692810457516 0.03161764705882353 0.03398692810457516
3 0.175 0.5549019607843138 0.027941176470588237 0.03529411764705882
4 0.1849264705882353 0.5901960784313726 0.028676470588235293 0.048366013071895426
3 0.20147058823529412 0.5771241830065359 0.03235294117647059 0.040522875816993466
3 0.2213235294117647 0.5633986928104575 0.030882352941176472 0.04183006535947712
3 0.23713235294117646 0.5522875816993464 0.03161764705882353 0.03529411764705882
0 0.08639705882352941 0.4973856209150327 0.005147058823529412 0.0196078431372549
3 0.015073529411764706 0.41241830065359475 0.019852941176470587 0.027450980392156862
2 0.20220588235294118 0.3287581699346405 0.007352941176470588 0.01437908496732026
0 0.17977941176470588 0.33725490196078434 0.005147058823529412 0.018300653594771243
0 0.23602941176470588 0.39281045751633986 0.004411764705882353 0.0196078431372549
3 0.24301470588235294 0.4300653594771242 0.022794117647058822 0.023529411764705882
3 0.22205882352941175 0.41045751633986927 0.023529411764705882 0.026143790849673203
3 0.23051470588235295 0.4392156862745098 0.019852941176470587 0.026143790849673203
3 0.20698529411764705 0.41830065359477125 0.019852941176470587 0.026143790849673203
3 0.2139705882352941 0.44509803921568625 0.022058823529411766 0.030065359477124184
3 0.19191176470588237 0.43071895424836604 0.025 0.030065359477124184
0 0.1775735294117647 0.42745098039215684 0.0022058823529411764 0.018300653594771243
0 0.1974264705882353 0.4542483660130719 0.027205882352941177 0.03529411764705882
0 0.175 0.4372549019607843 0.022058823529411766 0.02483660130718954
0 0.18161764705882352 0.4647058823529412 0.026470588235294117 0.03529411764705882
0 0.15845588235294117 0.44313725490196076 0.022794117647058822 0.03137254901960784
4 0.1661764705882353 0.4745098039215686 0.026470588235294117 0.0392156862745098
3 0.14448529411764705 0.46078431372549017 0.02426470588235294 0.027450980392156862
3 0.14926470588235294 0.4895424836601307 0.027941176470588237 0.032679738562091505
3 0.1264705882352941 0.4673202614379085 0.025 0.03529411764705882
3 0.18125 0.3758169934640523 0.022794117647058822 0.027450980392156862
4 0.16213235294117648 0.3568627450980392 0.021323529411764706 0.02875816993464052
3 0.1661764705882353 0.3843137254901961 0.023529411764705882 0.026143790849673203
3 0.1514705882352941 0.3888888888888889 0.023529411764705882 0.030065359477124184
3 0.13051470588235295 0.37712418300653594 0.022794117647058822 0.022222222222222223
3 0.13566176470588234 0.39869281045751637 0.025735294117647058 0.03137254901960784
3 0.1125 0.3843137254901961 0.022058823529411766 0.026143790849673203
3 0.12095588235294118 0.40980392156862744 0.025735294117647058 0.030065359477124184
3 0.10588235294117647 0.41830065359477125 0.023529411764705882 0.03398692810457516
3 0.08860294117647059 0.4294117647058823 0.02426470588235294 0.030065359477124184
3 0.14301470588235293 0.34705882352941175 0.021323529411764706 0.022222222222222223
3 0.09852941176470588 0.3934640522875817 0.022058823529411766 0.023529411764705882
3 0.08639705882352941 0.40326797385620916 0.021323529411764706 0.02483660130718954
3 0.06838235294117648 0.3588235294117647 0.022058823529411766 0.027450980392156862
3 0.08713235294117647 0.3516339869281046 0.019852941176470587 0.026143790849673203
3 0.10294117647058823 0.34705882352941175 0.020588235294117647 0.02483660130718954
3 0.11580882352941177 0.3411764705882353 0.021323529411764706 0.023529411764705882
3 0.12941176470588237 0.3333333333333333 0.01764705882352941 0.023529411764705882
3 0.11176470588235295 0.3176470588235294 0.01911764705882353 0.023529411764705882
3 0.09632352941176471 0.3254901960784314 0.020588235294117647 0.02091503267973856
3 0.08198529411764706 0.3300653594771242 0.019852941176470587 0.0196078431372549
3 0.06544117647058824 0.3359477124183007 0.01911764705882353 0.02091503267973856
3 0.04926470588235294 0.34248366013071896 0.01911764705882353 0.023529411764705882
3 0.07904411764705882 0.2934640522875817 0.01838235294117647 0.0196078431372549
3 0.06580882352941177 0.29869281045751633 0.01838235294117647 0.0196078431372549
3 0.052573529411764706 0.3032679738562091 0.019852941176470587 0.023529411764705882
3 0.03823529411764706 0.30980392156862746 0.01764705882352941 0.02091503267973856
0 0.04191176470588235 0.26862745098039215 0.004411764705882353 0.01437908496732026
1 0.03529411764705882 0.269281045751634 0.004411764705882353 0.01568627450980392
2 0.03529411764705882 0.2718954248366013 0.0058823529411764705 0.01045751633986928
3 0.07463235294117647 0.238562091503268 0.02426470588235294 0.0196078431372549
3 0.11139705882352942 0.21764705882352942 0.013970588235294118 0.01437908496732026
3 0.12352941176470589 0.21241830065359477 0.013235294117647059 0.01437908496732026
3 0.09963235294117648 0.2222222222222222 0.0125 0.013071895424836602
3 0.08786764705882352 0.22483660130718955 0.013970588235294118 0.02091503267973856
3 0.07573529411764705 0.2281045751633987 0.014705882352941176 0.01699346405228758
3 0.052573529411764706 0.2372549019607843 0.016911764705882352 0.0196078431372549
3 0.05183823529411765 0.23594771241830065 0.016911764705882352 0.0196078431372549
3 0.03897058823529412 0.24313725490196078 0.014705882352941176 0.01568627450980392
3 0.025735294117647058 0.24705882352941178 0.016176470588235296 0.02091503267973856
3 0.009926470588235294 0.25098039215686274 0.013970588235294118 0.01568627450980392
5 0.03566176470588235 0.21241830065359477 0.0125 0.0196078431372549
0 0.05625 0.2222222222222222 0.0022058823529411764 0.013071895424836602