3 0.6617857142857143 0.6510152284263959 0.07928571428571428 0.14974619289340102
3 0.7964285714285714 0.6605329949238579 0.06428571428571428 0.10786802030456853
8 0.475 0.18464467005076143 0.05714285714285714 0.13071065989847716
3 0.37214285714285716 0.2303299492385787 0.04 0.07233502538071065
3 0.41964285714285715 0.16751269035532995 0.03785714285714286 0.06852791878172589
3 0.31607142857142856 0.21573604060913706 0.039285714285714285 0.07614213197969544
3 0.24107142857142858 0.35152284263959394 0.04642857142857143 0.06598984771573604
3 0.3625 0.01713197969543147 0.03357142857142857 0.024111675126903553
3 0.37857142857142856 0.9771573604060914 0.045714285714285714 0.04314720812182741
8 0.5085714285714286 0.022208121827411168 0.03571428571428571 0.04187817258883249
5 0.2975 0.375 0.10214285714285715 0.07741116751269035
3 0.2953571428571429 0.309010152284264 0.045 0.04187817258883249