3 0.277 0.9016666666666666 0.025 0.051333333333333335
3 0.28775 0.85 0.0235 0.048
4 0.313 0.749 0.024 0.04733333333333333
3 0.3245 0.7073333333333334 0.021 0.03333333333333333
8 0.3985 0.691 0.032 0.08866666666666667
3 0.349 0.6433333333333333 0.015 0.030666666666666665
3 0.50575 0.829 0.0175 0.04066666666666666
3 0.59525 0.9413333333333334 0.0245 0.05733333333333333
3 0.58225 0.8226666666666667 0.0175 0.042666666666666665
3 0.5805 0.7806666666666666 0.017 0.037333333333333336
3 0.57775 0.737 0.0175 0.034
3 0.57325 0.698 0.0175 0.03333333333333333
4 0.56725 0.6556666666666666 0.0145 0.03
3 0.5625 0.6273333333333333 0.017 0.02666666666666667
3 0.5555 0.5946666666666667 0.014 0.025333333333333333
3 0.17825 0.4076666666666667 0.0135 0.015333333333333332
3 0.553 0.568 0.013 0.021333333333333333
3 0.54875 0.5433333333333333 0.0125 0.021333333333333333
3 0.36425 0.5593333333333333 0.0115 0.021333333333333333
3 0.369 0.5326666666666666 0.01 0.021333333333333333
3 0.3735 0.5103333333333333 0.012 0.020666666666666667
3 0.42425 0.49833333333333335 0.0105 0.019333333333333334
3 0.44125 0.47933333333333333 0.0105 0.018666666666666668
3 0.42575 0.45266666666666666 0.0095 0.016
3 0.44325 0.42966666666666664 0.0105 0.015333333333333332
3 0.433 0.41733333333333333 0.01 0.013333333333333334
1 0.5585 0.7656666666666667 0.006 0.012666666666666666
1 0.54 0.692 0.005 0.010666666666666666
1 0.56075 0.6826666666666666 0.0045 0.012
1 0.538 0.6233333333333333 0.005 0.012
1 0.545 0.6233333333333333 0.004 0.010666666666666666
1 0.53375 0.5536666666666666 0.0035 0.01
1 0.389 0.5306666666666666 0.005 0.008
1 0.404 0.453 0.003 0.007333333333333333
1 0.412 0.445 0.004 0.006
1 0.4005 0.44533333333333336 0.003 0.008
1 0.4015 0.431 0.002 0.006
1 0.4085 0.424 0.004 0.009333333333333334
1 0.4065 0.393 0.003 0.007333333333333333
1 0.4135 0.3453333333333333 0.002 0.005333333333333333
1 0.512 0.43833333333333335 0.003 0.008666666666666666
2 0.55875 0.7716666666666666 0.0045 0.011333333333333334
2 0.561 0.6883333333333334 0.004 0.007333333333333333
9 0.54 0.6976666666666667 0.005 0.007333333333333333
9 0.5385 0.629 0.004 0.008666666666666666
2 0.54525 0.6303333333333333 0.0035 0.006
2 0.53425 0.5596666666666666 0.0025 0.004666666666666667
2 0.51225 0.44266666666666665 0.0015 0.005333333333333333
8 0.53675 0.4686666666666667 0.0215 0.04533333333333334
8 0.5435 0.5093333333333333 0.018 0.042666666666666665
3 0.51925 0.395 0.0085 0.012666666666666666
3 0.51825 0.38433333333333336 0.0085 0.01
3 0.51525 0.367 0.0085 0.011333333333333334
3 0.51425 0.359 0.0065 0.01
4 0.5135 0.34933333333333333 0.007 0.010666666666666666
3 0.5125 0.3403333333333333 0.007 0.008666666666666666
4 0.44925 0.3873333333333333 0.0085 0.017333333333333333
4 0.42475 0.38466666666666666 0.0085 0.017333333333333333
3 0.44075 0.36633333333333334 0.0085 0.012666666666666666
3 0.429 0.356 0.009 0.014666666666666666
3 0.414 0.371 0.009 0.014
2 0.40675 0.39766666666666667 0.0025 0.004666666666666667
2 0.41425 0.348 0.0025 0.0026666666666666666
2 0.4015 0.43433333333333335 0.002 0.004666666666666667
2 0.40025 0.45066666666666666 0.0025 0.006666666666666667
2 0.404 0.45766666666666667 0.004 0.007333333333333333
9 0.4115 0.44766666666666666 0.004 0.007333333333333333
9 0.38925 0.5353333333333333 0.0045 0.008
0 0.37325 0.55 0.0035 0.013333333333333334
2 0.3455 0.5906666666666667 0.009 0.009333333333333334
9 0.3465 0.5843333333333334 0.01 0.007333333333333333
3 0.37575 0.49266666666666664 0.0125 0.016
3 0.3785 0.4786666666666667 0.011 0.016
3 0.38275 0.462 0.0115 0.017333333333333333
3 0.386 0.44666666666666666 0.01 0.014666666666666666
3 0.38925 0.432 0.0105 0.014666666666666666
0 0.3895 0.43866666666666665 0.004 0.004
3 0.39125 0.41933333333333334 0.0085 0.012
3 0.39375 0.4076666666666667 0.0095 0.014
3 0.3965 0.3903333333333333 0.009 0.012666666666666666
3 0.39875 0.37866666666666665 0.0085 0.012
3 0.389 0.37566666666666665 0.008 0.012666666666666666
3 0.3915 0.36466666666666664 0.008 0.010666666666666666
3 0.37775 0.36833333333333335 0.0085 0.012666666666666666
3 0.40425 0.3486666666666667 0.0075 0.010666666666666666
3 0.3815 0.3463333333333333 0.008 0.011333333333333334
3 0.37275 0.3446666666666667 0.0075 0.010666666666666666
3 0.38075 0.33666666666666667 0.0085 0.009333333333333334
3 0.36825 0.368 0.0075 0.012
0 0.49275 0.31433333333333335 0.0035 0.007333333333333333
0 0.46475 0.313 0.0035 0.008666666666666666
3 0.48125 0.22366666666666668 0.0045 0.006
3 0.47425 0.23266666666666666 0.0055 0.006666666666666667
3 0.47425 0.22666666666666666 0.0055 0.006666666666666667
3 0.474 0.22066666666666668 0.004 0.004
3 0.46675 0.232 0.0055 0.006666666666666667
3 0.378 0.31333333333333335 0.016 0.006666666666666667
3 0.37825 0.30866666666666664 0.0155 0.006666666666666667
3 0.37975 0.29533333333333334 0.0145 0.008
3 0.38 0.2916666666666667 0.015 0.007333333333333333
3 0.38125 0.289 0.0155 0.007333333333333333
3 0.385 0.28633333333333333 0.014 0.007333333333333333
3 0.389 0.277 0.015 0.006
3 0.39025 0.271 0.0125 0.006
3 0.39275 0.2663333333333333 0.0135 0.006
3 0.3935 0.26366666666666666 0.012 0.006
3 0.396 0.25633333333333336 0.013 0.006
3 0.4165 0.2846666666666667 0.006 0.009333333333333334
3 0.43525 0.29333333333333333 0.0065 0.009333333333333334
3 0.44625 0.29033333333333333 0.0065 0.01
3 0.44175 0.2796666666666667 0.0065 0.008666666666666666
3 0.455 0.275 0.006 0.008666666666666666
3 0.4675 0.2623333333333333 0.005 0.007333333333333333
3 0.45575 0.249 0.0055 0.008666666666666666
3 0.44475 0.245 0.0055 0.007333333333333333
3 0.42025 0.2663333333333333 0.0055 0.008666666666666666
3 0.42425 0.24666666666666667 0.0065 0.008
3 0.4245 0.23933333333333334 0.006 0.006666666666666667
3 0.42675 0.23066666666666666 0.0045 0.006666666666666667
3 0.42925 0.22633333333333333 0.0035 0.006
3 0.4345 0.225 0.005 0.006
8 0.44125 0.22766666666666666 0.0065 0.016666666666666666
3 0.186 0.39766666666666667 0.013 0.014
3 0.191 0.3863333333333333 0.01 0.011333333333333334
3 0.2065 0.396 0.009 0.013333333333333334
3 0.4665 0.296 0.004 0.008
3 0.91225 0.6423333333333333 0.0355 0.020666666666666667
2 0.752 0.527 0.008 0.014
2 0.75925 0.5283333333333333 0.0065 0.014
2 0.76825 0.5286666666666666 0.0045 0.013333333333333334
3 0.9835 0.721 0.033 0.028666666666666667
0 0.27625 0.707 0.0055 0.016666666666666666
2 0.25575 0.821 0.0135 0.012666666666666666