3 0.44485294117647056 0.17254901960784313 0.008823529411764706 0.013071895424836602
3 0.4400735294117647 0.18562091503267975 0.015441176470588236 0.018300653594771243
0 0.4602941176470588 0.19738562091503267 0.004411764705882353 0.01568627450980392
3 0.4849264705882353 0.1954248366013072 0.011029411764705883 0.01437908496732026
3 0.5102941176470588 0.19215686274509805 0.010294117647058823 0.01568627450980392
0 0.4985294117647059 0.18496732026143792 0.004411764705882353 0.011764705882352941
0 0.5 0.1980392156862745 0.004411764705882353 0.0196078431372549
1 0.5014705882352941 0.3065359477124183 0.0058823529411764705 0.01437908496732026
9 0.5003676470588235 0.3156862745098039 0.008088235294117648 0.022222222222222223
1 0.5007352941176471 0.3130718954248366 0.004411764705882353 0.01437908496732026
3 0.5172794117647059 0.23006535947712417 0.013970588235294118 0.018300653594771243
3 0.5257352941176471 0.2718954248366013 0.014705882352941176 0.026143790849673203
0 0.5330882352941176 0.2633986928104575 0.0058823529411764705 0.022222222222222223
3 0.5283088235294118 0.30915032679738563 0.01838235294117647 0.030065359477124184
3 0.5345588235294118 0.34444444444444444 0.023529411764705882 0.03529411764705882
3 0.5709558823529411 0.48104575163398694 0.03308823529411765 0.054901960784313725
3 0.5488970588235295 0.19869281045751633 0.015441176470588236 0.01568627450980392
3 0.5558823529411765 0.21633986928104576 0.014705882352941176 0.0196078431372549
3 0.5724264705882353 0.21241830065359477 0.015441176470588236 0.01437908496732026
0 0.5591911764705882 0.238562091503268 0.005147058823529412 0.0196078431372549
3 0.5746323529411764 0.23594771241830065 0.022794117647058822 0.01437908496732026
6 0.5680147058823529 0.24640522875816995 0.009558823529411765 0.011764705882352941
5 0.5735294117647058 0.25163398692810457 0.011764705882352941 0.01699346405228758
3 0.5808823529411765 0.2633986928104575 0.014705882352941176 0.0196078431372549
3 0.5992647058823529 0.27908496732026145 0.03676470588235294 0.022222222222222223
4 0.6040441176470588 0.31176470588235294 0.01838235294117647 0.03529411764705882
3 0.6165441176470589 0.3392156862745098 0.022794117647058822 0.032679738562091505
4 0.6330882352941176 0.35228758169934643 0.020588235294117647 0.03529411764705882
4 0.643014705882353 0.3915032679738562 0.027205882352941177 0.043137254901960784
4 0.6738970588235295 0.4372549019607843 0.03161764705882353 0.06143790849673202
3 0.6871323529411765 0.49673202614379086 0.04191176470588235 0.054901960784313725
1 0.5720588235294117 0.2875816993464052 0.004411764705882353 0.013071895424836602
1 0.5709558823529411 0.28366013071895424 0.005147058823529412 0.01568627450980392
9 0.5705882352941176 0.29215686274509806 0.0058823529411764705 0.01699346405228758
1 0.6121323529411765 0.39673202614379083 0.006617647058823529 0.01699346405228758
9 0.6121323529411765 0.4071895424836601 0.005147058823529412 0.0196078431372549
1 0.6341911764705882 0.44248366013071894 0.009558823529411765 0.02483660130718954
1 0.6360294117647058 0.4516339869281046 0.0058823529411764705 0.01699346405228758
9 0.6338235294117647 0.4549019607843137 0.010294117647058823 0.02875816993464052
9 0.7121323529411765 0.5215686274509804 0.025735294117647058 0.02091503267973856
3 0.7220588235294118 0.5542483660130719 0.045588235294117645 0.06013071895424837
1 0.6966911764705882 0.5856209150326798 0.011029411764705883 0.036601307189542485
2 0.6948529411764706 0.6065359477124183 0.013235294117647059 0.044444444444444446
3 0.4294117647058823 0.20980392156862746 0.008823529411764706 0.0196078431372549
3 0.42169117647058824 0.234640522875817 0.0125 0.0196078431372549
7 0.4452205882352941 0.22156862745098038 0.009558823529411765 0.02483660130718954
0 0.43566176470588236 0.21045751633986928 0.003676470588235294 0.018300653594771243
1 0.42316176470588235 0.2568627450980392 0.005147058823529412 0.0196078431372549
9 0.4227941176470588 0.2627450980392157 0.011764705882352941 0.013071895424836602
3 0.48125 0.3405228758169935 0.021323529411764706 0.03790849673202614
1 0.4496323529411765 0.25882352941176473 0.005147058823529412 0.013071895424836602
1 0.45036764705882354 0.2568627450980392 0.005147058823529412 0.01437908496732026
9 0.45 0.2673202614379085 0.0058823529411764705 0.01699346405228758
1 0.7073529411764706 0.3581699346405229 0.008823529411764706 0.026143790849673203
1 0.7279411764705882 0.39019607843137255 0.007352941176470588 0.027450980392156862
1 0.7779411764705882 0.4522875816993464 0.011764705882352941 0.03137254901960784
0 0.78125 0.4588235294117647 0.006617647058823529 0.03398692810457516
3 0.763235294117647 0.6352941176470588 0.058823529411764705 0.07320261437908497
6 0.8040441176470589 0.7143790849673203 0.05955882352941176 0.08758169934640522
6 0.861764705882353 0.7052287581699347 0.06323529411764706 0.06928104575163399
6 0.9180147058823529 0.7581699346405228 0.04191176470588235 0.07058823529411765
3 0.8639705882352942 0.8183006535947712 0.0838235294117647 0.13071895424836602
0 0.8084558823529412 0.8183006535947712 0.013970588235294118 0.07581699346405228
0 0.7900735294117647 0.8084967320261438 0.01838235294117647 0.07712418300653595
1 0.5716911764705882 0.6790849673202615 0.013970588235294118 0.03790849673202614
6 0.575 0.7065359477124183 0.027941176470588237 0.0718954248366013
3 0.34816176470588234 0.9006535947712418 0.07573529411764705 0.1934640522875817
3 0.39080882352941176 0.20326797385620915 0.0125 0.0196078431372549
3 0.38676470588235295 0.21045751633986928 0.013235294117647059 0.01568627450980392
3 0.37941176470588234 0.22679738562091503 0.013235294117647059 0.01699346405228758
3 0.3672794117647059 0.2372549019607843 0.015441176470588236 0.0196078431372549
3 0.36433823529411763 0.21176470588235294 0.02426470588235294 0.01568627450980392
7 0.3636029411764706 0.2627450980392157 0.011029411764705883 0.023529411764705882
3 0.3238970588235294 0.2627450980392157 0.028676470588235293 0.02091503267973856
6 0.34411764705882353 0.2503267973856209 0.01764705882352941 0.011764705882352941
0 0.3426470588235294 0.2437908496732026 0.0029411764705882353 0.011764705882352941
3 0.021323529411764706 0.41633986928104577 0.04264705882352941 0.0457516339869281
3 0.10477941176470588 0.5235294117647059 0.07867647058823529 0.06666666666666667
3 0.18345588235294116 0.42549019607843136 0.06544117647058824 0.048366013071895426
3 0.25588235294117645 0.39869281045751637 0.033823529411764704 0.047058823529411764
3 0.3113970588235294 0.3209150326797386 0.02426470588235294 0.032679738562091505
3 0.3095588235294118 0.30718954248366015 0.04411764705882353 0.02875816993464052
3 0.3264705882352941 0.29477124183006537 0.01764705882352941 0.027450980392156862
8 0.04632352941176471 0.692156862745098 0.09264705882352942 0.23137254901960785
1 0.11470588235294117 0.7261437908496732 0.014705882352941176 0.05620915032679739
7 0.10992647058823529 0.7562091503267974 0.0375 0.07450980392156863