3 0.5597599164926931 0.7699443413729128 0.050626304801670144 0.055658627087198514
3 0.5712421711899791 0.6924860853432282 0.042275574112734866 0.05473098330241188
4 0.6492693110647182 0.46382189239332094 0.03653444676409186 0.03896103896103896
3 0.6375260960334029 0.3529684601113173 0.03392484342379958 0.030612244897959183
3 0.6132567849686847 0.3269944341372913 0.013569937369519834 0.030612244897959183
3 0.6294363256784968 0.2592764378478664 0.027139874739039668 0.023191094619666047
3 0.6466597077244259 0.18738404452690166 0.013569937369519834 0.022263450834879406
3 0.5769832985386222 0.1725417439703154 0.015135699373695199 0.01855287569573284
3 0.6124739039665971 0.14332096474953618 0.01722338204592902 0.01948051948051948
3 0.6119519832985386 0.13404452690166976 0.02035490605427975 0.013914656771799629
3 0.6098643006263048 0.11781076066790352 0.019311064718162838 0.016697588126159554
3 0.6103862212943633 0.10528756957328386 0.019311064718162838 0.013914656771799629
3 0.6088204592901879 0.09554730983302412 0.019311064718162838 0.014842300556586271
3 0.6036012526096033 0.05890538033395176 0.019311064718162838 0.015769944341372914
3 0.600991649269311 0.034786641929499075 0.019311064718162838 0.013914656771799629
0 0.574634655532359 0.04777365491651206 0.003131524008350731 0.012059369202226345
4 0.5910751565762005 0.011595547309833023 0.016179540709812108 0.01948051948051948
0 0.985125260960334 0.4137291280148423 0.007828810020876827 0.022263450834879406
3 0.9543319415448852 0.42578849721706863 0.008872651356993737 0.014842300556586271
1 0.9558977035490606 0.41836734693877553 0.004697286012526096 0.014842300556586271
3 0.9913883089770354 0.3112244897959184 0.016179540709812108 0.021335807050092765
3 0.8342901878914405 0.28014842300556586 0.0255741127348643 0.02040816326530612
4 0.7220772442588727 0.008812615955473098 0.010960334029227558 0.015769944341372914
4 0.7340814196242171 0.01020408163265306 0.007828810020876827 0.02040816326530612
0 0.37082463465553234 0.45686456400742115 0.004697286012526096 0.021335807050092765
3 0.3786534446764092 0.49443413729128016 0.02870563674321503 0.029684601113172542
5 0.3345511482254697 0.28014842300556586 0.03966597077244259 0.03710575139146568
3 0.34264091858037576 0.26437847866419295 0.02870563674321503 0.01855287569573284
5 0.3473382045929019 0.24721706864564008 0.029749478079331943 0.0287569573283859
3 0.35255741127348644 0.23840445269016697 0.02348643006263048 0.016697588126159554
5 0.3569937369519833 0.22217068645640073 0.028183716075156576 0.0287569573283859
3 0.3606471816283925 0.21196660482374768 0.024008350730688934 0.017625231910946195
3 0.36143006263048016 0.20315398886827457 0.0255741127348643 0.01855287569573284
3 0.36586638830897705 0.19202226345083487 0.025052192066805846 0.01855287569573284
3 0.39848643006263046 0.11966604823747681 0.02139874739039666 0.02040816326530612
3 0.31080375782881003 0.18831168831168832 0.02661795407098121 0.02040816326530612
3 0.28470772442588727 0.24257884972170687 0.024530271398747392 0.02504638218923933
3 0.2690501043841336 0.2787569573283859 0.029749478079331943 0.021335807050092765
6 0.24947807933194155 0.3112244897959184 0.027139874739039668 0.0287569573283859
3 0.29305845511482254 0.41929499072356213 0.029749478079331943 0.027829313543599257
5 0.8851774530271399 0.7268089053803339 0.04592901878914405 0.07884972170686456
3 0.7424321503131524 0.9772727272727273 0.037056367432150315 0.04359925788497217