3 0.7151041666666667 0.3912037037037037 0.040625 0.030555555555555555
5 0.978125 0.4888888888888889 0.03958333333333333 0.07592592592592592
8 0.7651041666666667 0.2828703703703704 0.06666666666666667 0.04351851851851852
0 0.7296875 0.3768518518518518 0.004166666666666667 0.024074074074074074
0 0.7096354166666666 0.3763888888888889 0.0036458333333333334 0.028703703703703703
0 0.70546875 0.37962962962962965 0.005729166666666666 0.025925925925925925
6 0.6880208333333333 0.39166666666666666 0.026041666666666668 0.022222222222222223
5 0.6763020833333333 0.36898148148148147 0.05572916666666667 0.04351851851851852
5 0.6729166666666667 0.35648148148148145 0.06145833333333333 0.04814814814814815
3 0.5234375 0.24074074074074073 0.009375 0.011111111111111112
3 0.4875 0.24305555555555555 0.009375 0.010185185185185186
3 0.4973958333333333 0.24212962962962964 0.010416666666666666 0.010185185185185186
5 0.5127604166666667 0.24814814814814815 0.016145833333333335 0.025925925925925925
3 0.5302083333333333 0.30324074074074076 0.028125 0.017592592592592594
3 0.5106770833333333 0.2967592592592593 0.0296875 0.017592592592592594
3 0.4125 0.3439814814814815 0.014583333333333334 0.023148148148148147
3 0.46067708333333335 0.4300925925925926 0.018229166666666668 0.030555555555555555
0 0.5565104166666667 0.3787037037037037 0.005729166666666666 0.027777777777777776
0 0.5466145833333333 0.36574074074074076 0.0036458333333333334 0.02962962962962963
0 0.5333333333333333 0.36342592592592593 0.004166666666666667 0.026851851851851852
0 0.5018229166666667 0.34953703703703703 0.0046875 0.025
5 0.4583333333333333 0.3333333333333333 0.03229166666666667 0.07037037037037037
3 0.47760416666666666 0.24259259259259258 0.009375 0.012962962962962963
9 0.33515625 0.3597222222222222 0.013020833333333334 0.013888888888888888
0 0.32916666666666666 0.34629629629629627 0.005208333333333333 0.018518518518518517
9 0.32317708333333334 0.3787037037037037 0.005729166666666666 0.018518518518518517
9 0.3190104166666667 0.41805555555555557 0.0046875 0.021296296296296296
3 0.32317708333333334 0.4666666666666667 0.024479166666666666 0.040740740740740744
0 0.2955729166666667 0.4912037037037037 0.008854166666666666 0.03796296296296296
0 0.28125 0.4912037037037037 0.00625 0.03425925925925926
0 0.2869791666666667 0.5115740740740741 0.007291666666666667 0.041666666666666664
3 0.32317708333333334 0.5074074074074074 0.028645833333333332 0.03888888888888889
5 0.31953125 0.5555555555555556 0.0421875 0.07592592592592592
5 0.29270833333333335 0.6226851851851852 0.04479166666666667 0.14907407407407408
5 0.26484375 0.7435185185185185 0.07552083333333333 0.20555555555555555
3 0.052083333333333336 0.47453703703703703 0.03229166666666667 0.04722222222222222
5 0.07916666666666666 0.4726851851851852 0.042708333333333334 0.06759259259259259
5 0.0265625 0.5736111111111111 0.053125 0.09166666666666666