7 0.8889705882352941 0.85359477124183 0.07941176470588235 0.14901960784313725
1 0.8764705882352941 0.8660130718954249 0.03676470588235294 0.07973856209150326
9 0.8132352941176471 0.8477124183006536 0.05 0.08496732026143791
1 0.8213235294117647 0.8359477124183007 0.033823529411764704 0.07450980392156863
3 0.31985294117647056 0.7738562091503268 0.13970588235294118 0.17777777777777778
3 0.17169117647058824 0.6568627450980392 0.08897058823529412 0.19477124183006536
3 0.059926470588235296 0.9366013071895425 0.11985294117647059 0.12679738562091503
1 0.8558823529411764 0.22287581699346407 0.014705882352941176 0.027450980392156862
0 0.9272058823529412 0.14248366013071895 0.010294117647058823 0.047058823529411764
1 0.9147058823529411 0.14640522875816994 0.008823529411764706 0.01045751633986928
0 0.7808823529411765 0.1326797385620915 0.007352941176470588 0.03529411764705882
0 0.7830882352941176 0.13790849673202615 0.007352941176470588 0.03790849673202614
9 0.5158088235294118 0.21045751633986928 0.028676470588235293 0.03398692810457516
0 0.5018382352941176 0.21176470588235294 0.009558823529411765 0.054901960784313725
0 0.5238970588235294 0.2326797385620915 0.0125 0.05228758169934641
0 0.4863970588235294 0.23986928104575164 0.009558823529411765 0.05359477124183006
0 0.4625 0.24836601307189543 0.014705882352941176 0.047058823529411764
2 0.4625 0.2758169934640523 0.014705882352941176 0.026143790849673203
1 0.46286764705882355 0.27124183006535946 0.009558823529411765 0.01699346405228758
0 0.45294117647058824 0.2934640522875817 0.010294117647058823 0.06666666666666667
1 0.44227941176470587 0.2496732026143791 0.015441176470588236 0.03398692810457516
1 0.4183823529411765 0.2607843137254902 0.011764705882352941 0.043137254901960784
1 0.35955882352941176 0.27450980392156865 0.011764705882352941 0.036601307189542485
1 0.37058823529411766 0.27058823529411763 0.016176470588235296 0.036601307189542485
1 0.3834558823529412 0.2699346405228758 0.013970588235294118 0.040522875816993466
0 0.3011029411764706 0.26666666666666666 0.015441176470588236 0.05751633986928104
0 0.28823529411764703 0.2725490196078431 0.013235294117647059 0.06143790849673202
0 0.23051470588235295 0.30522875816993467 0.0125 0.06666666666666667
0 0.011029411764705883 0.3954248366013072 0.022058823529411766 0.0457516339869281
0 0.027941176470588237 0.3895424836601307 0.016176470588235296 0.044444444444444446
0 0.10845588235294118 0.37450980392156863 0.02426470588235294 0.06405228758169934
0 0.06948529411764706 0.41568627450980394 0.02426470588235294 0.06797385620915032
0 0.09338235294117647 0.4300653594771242 0.025 0.07058823529411765
0 0.19375 0.3464052287581699 0.013970588235294118 0.06535947712418301
0 0.1827205882352941 0.39281045751633986 0.016911764705882352 0.07450980392156863
0 0.19522058823529412 0.40326797385620916 0.011029411764705883 0.05359477124183006
0 0.20772058823529413 0.3862745098039216 0.021323529411764706 0.06143790849673202
0 0.26544117647058824 0.37516339869281046 0.01911764705882353 0.07581699346405228
0 0.27941176470588236 0.42549019607843136 0.014705882352941176 0.0718954248366013
0 0.2849264705882353 0.35751633986928105 0.013970588235294118 0.06666666666666667
0 0.25625 0.47908496732026146 0.011029411764705883 0.07712418300653595
0 0.2584558823529412 0.492156862745098 0.011029411764705883 0.06666666666666667
0 0.24816176470588236 0.4588235294117647 0.009558823529411765 0.07058823529411765
1 0.2452205882352941 0.4549019607843137 0.0125 0.047058823529411764
0 0.23713235294117646 0.434640522875817 0.011029411764705883 0.06928104575163399
0 0.23308823529411765 0.4169934640522876 0.010294117647058823 0.06797385620915032
0 0.23602941176470588 0.4 0.014705882352941176 0.06274509803921569
0 0.33897058823529413 0.35490196078431374 0.014705882352941176 0.058823529411764705
0 0.33088235294117646 0.3941176470588235 0.008823529411764706 0.030065359477124184
0 0.35110294117647056 0.4130718954248366 0.016911764705882352 0.06274509803921569
0 0.41213235294117645 0.3156862745098039 0.013970588235294118 0.06143790849673202
0 0.42867647058823527 0.37450980392156863 0.016176470588235296 0.06143790849673202
0 0.37169117647058825 0.3431372549019608 0.013970588235294118 0.06143790849673202
0 0.38382352941176473 0.3915032679738562 0.01764705882352941 0.0718954248366013
0 0.4036764705882353 0.43071895424836604 0.016176470588235296 0.06405228758169934
0 0.4389705882352941 0.4666666666666667 0.016176470588235296 0.07058823529411765
0 0.4415441176470588 0.41241830065359475 0.01838235294117647 0.06928104575163399
0 0.46838235294117647 0.45294117647058824 0.013235294117647059 0.06928104575163399
0 0.45551470588235293 0.35947712418300654 0.013970588235294118 0.06535947712418301
0 0.4900735294117647 0.3954248366013072 0.013970588235294118 0.058823529411764705
0 0.5216911764705883 0.4947712418300654 0.016911764705882352 0.07712418300653595
0 0.5169117647058824 0.42287581699346405 0.016176470588235296 0.06928104575163399
0 0.4963235294117647 0.3431372549019608 0.013235294117647059 0.06666666666666667
0 0.4919117647058823 0.2797385620915033 0.010294117647058823 0.036601307189542485
0 0.5073529411764706 0.2901960784313726 0.008823529411764706 0.05228758169934641
0 0.5088235294117647 0.2581699346405229 0.007352941176470588 0.030065359477124184
0 0.5198529411764706 0.2869281045751634 0.007352941176470588 0.03790849673202614
0 0.5448529411764705 0.27712418300653596 0.011764705882352941 0.05751633986928104
0 0.5875 0.2568627450980392 0.013235294117647059 0.06928104575163399
0 0.5786764705882353 0.31241830065359477 0.01764705882352941 0.06274509803921569
0 0.5371323529411764 0.3261437908496732 0.0125 0.058823529411764705
0 0.5275735294117647 0.37712418300653594 0.0125 0.06928104575163399
0 0.5595588235294118 0.40326797385620916 0.016176470588235296 0.06928104575163399
0 0.5595588235294118 0.35947712418300654 0.016176470588235296 0.06535947712418301
0 0.6014705882352941 0.4516339869281046 0.01911764705882353 0.06928104575163399
0 0.6022058823529411 0.3810457516339869 0.016176470588235296 0.06666666666666667
0 0.6147058823529412 0.34901960784313724 0.014705882352941176 0.06274509803921569
0 0.6308823529411764 0.37450980392156863 0.013235294117647059 0.06666666666666667
0 0.6275735294117647 0.28431372549019607 0.013970588235294118 0.058823529411764705
0 0.6724264705882353 0.31699346405228757 0.0125 0.058823529411764705
0 0.7272058823529411 0.4137254901960784 0.010294117647058823 0.06666666666666667
0 0.7238970588235294 0.396078431372549 0.011029411764705883 0.06274509803921569
0 0.9904411764705883 0.07124183006535947 0.008823529411764706 0.030065359477124184
0 0.9959558823529412 0.07516339869281045 0.006617647058823529 0.030065359477124184
0 0.9948529411764706 0.05555555555555555 0.008823529411764706 0.027450980392156862