3 0.2025 0.4720812182741117 0.020714285714285713 0.02030456852791878
8 0.25607142857142856 0.3965736040609137 0.062142857142857146 0.046954314720812185
3 0.365 0.39149746192893403 0.025714285714285714 0.021573604060913704
3 0.4639285714285714 0.440989847715736 0.023571428571428573 0.03680203045685279
8 0.48678571428571427 0.3413705583756345 0.056428571428571425 0.050761421319796954
4 0.4925 0.5019035532994924 0.015 0.04187817258883249
3 0.505 0.616751269035533 0.01 0.04314720812182741
3 0.46785714285714286 0.6288071065989848 0.014285714285714285 0.046954314720812185
3 0.4742857142857143 0.6916243654822335 0.014285714285714285 0.048223350253807105
3 0.48178571428571426 0.7506345177664975 0.015 0.046954314720812185
3 0.48964285714285716 0.8128172588832487 0.016428571428571428 0.05203045685279188
8 0.48428571428571426 0.6510152284263959 0.018571428571428572 0.06091370558375635
8 0.49107142857142855 0.7106598984771574 0.02214285714285714 0.06598984771573604
3 0.5214285714285715 0.8280456852791879 0.017142857142857144 0.05710659898477157
5 0.5346428571428572 0.7677664974619289 0.027857142857142858 0.1116751269035533
5 0.5528571428571428 0.9238578680203046 0.018571428571428572 0.07614213197969544
3 0.023571428571428573 0.1967005076142132 0.01 0.030456852791878174
3 0.04178571428571429 0.18908629441624367 0.012142857142857143 0.03299492385786802
3 0.06321428571428571 0.15355329949238578 0.017857142857142856 0.02030456852791878
3 0.02 0.14022842639593908 0.011428571428571429 0.03426395939086294
3 0.030357142857142857 0.13705583756345177 0.010714285714285714 0.03553299492385787
3 0.03142857142857143 0.10913705583756345 0.011428571428571429 0.027918781725888325
3 0.02035714285714286 0.11230964467005077 0.009285714285714286 0.0266497461928934
3 0.06321428571428571 0.12880710659898478 0.019285714285714285 0.021573604060913704
3 0.06392857142857143 0.11230964467005077 0.020714285714285713 0.024111675126903553
3 0.06392857142857143 0.10279187817258884 0.019285714285714285 0.02284263959390863
3 0.06535714285714286 0.08819796954314721 0.019285714285714285 0.01903553299492386
3 0.06464285714285714 0.07931472081218274 0.019285714285714285 0.01649746192893401
3 0.06357142857142857 0.06979695431472081 0.02 0.02030456852791878