3 0.0575 0.5666243654822335 0.029285714285714286 0.031725888324873094
3 0.0725 0.6434010152284264 0.03357142857142857 0.03299492385786802
3 0.19214285714285714 0.7633248730964467 0.03428571428571429 0.04187817258883249
3 0.29892857142857143 0.6046954314720813 0.03785714285714286 0.04187817258883249
3 0.18357142857142858 0.5171319796954315 0.02857142857142857 0.03426395939086294
3 0.28285714285714286 0.508248730964467 0.02857142857142857 0.03426395939086294
3 0.18464285714285714 0.42956852791878175 0.02214285714285714 0.03426395939086294
3 0.4035714285714286 0.6256345177664975 0.04428571428571428 0.03807106598984772
3 0.5282142857142857 0.7315989847715736 0.05071428571428571 0.05456852791878172
3 0.6264285714285714 0.6821065989847716 0.04285714285714286 0.04187817258883249
3 0.7089285714285715 0.7690355329949239 0.052142857142857144 0.0532994923857868
3 0.7821428571428571 0.7100253807106599 0.055714285714285716 0.05964467005076142
3 0.8989285714285714 0.9060913705583756 0.06785714285714285 0.06091370558375635
3 0.915 0.8032994923857868 0.05714285714285714 0.0583756345177665
3 0.14 0.4302030456852792 0.025714285714285714 0.03299492385786802
3 0.09285714285714286 0.41053299492385786 0.02142857142857143 0.03426395939086294
3 0.05071428571428571 0.29885786802030456 0.015714285714285715 0.01903553299492386
3 0.09642857142857143 0.2550761421319797 0.011428571428571429 0.02284263959390863
3 0.04928571428571429 0.16878172588832488 0.008571428571428572 0.015228426395939087
3 0.06428571428571428 0.1567258883248731 0.008571428571428572 0.013959390862944163
3 0.08285714285714285 0.14720812182741116 0.008571428571428572 0.012690355329949238
3 0.09535714285714286 0.1434010152284264 0.007857142857142858 0.015228426395939087
3 0.0625 0.13324873096446702 0.007857142857142858 0.012690355329949238
3 0.18714285714285714 0.3426395939086294 0.011428571428571429 0.02030456852791878
3 0.2864285714285714 0.39276649746192893 0.014285714285714285 0.021573604060913704
3 0.060714285714285714 0.10532994923857868 0.008571428571428572 0.012690355329949238
3 0.04928571428571429 0.13007614213197968 0.008571428571428572 0.013959390862944163
3 0.04964285714285714 0.07741116751269035 0.0064285714285714285 0.012690355329949238
3 0.07857142857142857 0.0450507614213198 0.005714285714285714 0.008883248730964468
3 0.08678571428571429 0.05964467005076142 0.005 0.012690355329949238
3 0.08857142857142856 0.03616751269035533 0.005714285714285714 0.011421319796954314
3 0.815 0.6065989847715736 0.037142857142857144 0.03807106598984772
3 0.8071428571428572 0.5736040609137056 0.03428571428571429 0.027918781725888325
3 0.7664285714285715 0.5691624365482234 0.037142857142857144 0.02918781725888325
3 0.7346428571428572 0.4156091370558376 0.02214285714285714 0.0266497461928934
3 0.7446428571428572 0.41053299492385786 0.019285714285714285 0.0266497461928934
3 0.7328571428571429 0.35723350253807107 0.02142857142857143 0.0266497461928934
3 0.7128571428571429 0.48921319796954316 0.014285714285714285 0.0266497461928934
3 0.7271428571428571 0.4949238578680203 0.015714285714285715 0.030456852791878174
3 0.7428571428571429 0.49682741116751267 0.014285714285714285 0.02918781725888325
3 0.7571428571428571 0.5019035532994924 0.015714285714285715 0.031725888324873094
3 0.7721428571428571 0.5095177664974619 0.012857142857142857 0.0266497461928934
3 0.7853571428571429 0.5114213197969543 0.016428571428571428 0.03553299492385787
3 0.8003571428571429 0.5139593908629442 0.015 0.030456852791878174
3 0.8139285714285714 0.5209390862944162 0.012142857142857143 0.0266497461928934
3 0.7728571428571429 0.4447969543147208 0.02 0.024111675126903553
3 0.7821428571428571 0.4384517766497462 0.02142857142857143 0.0266497461928934
3 0.7892857142857143 0.43083756345177665 0.024285714285714285 0.0266497461928934
3 0.7932142857142858 0.4593908629441624 0.02214285714285714 0.030456852791878174
3 0.8039285714285714 0.45685279187817257 0.017857142857142856 0.025380710659898477
3 0.8435714285714285 0.48921319796954316 0.022857142857142857 0.031725888324873094
3 0.8282142857142857 0.5222081218274112 0.012142857142857143 0.024111675126903553
3 0.8428571428571429 0.524746192893401 0.011428571428571429 0.02918781725888325
3 0.8525 0.4815989847715736 0.027857142857142858 0.024111675126903553
3 0.7775 0.5932741116751269 0.029285714285714286 0.02918781725888325
3 0.755 0.35088832487309646 0.02 0.024111675126903553
3 0.5042857142857143 0.4016497461928934 0.015714285714285715 0.021573604060913704
3 0.5321428571428571 0.3934010152284264 0.018571428571428572 0.02030456852791878
3 0.5557142857142857 0.38578680203045684 0.011428571428571429 0.02284263959390863
3 0.5517857142857143 0.34073604060913704 0.015 0.021573604060913704
3 0.5625 0.3369289340101523 0.016428571428571428 0.024111675126903553
3 0.5732142857142857 0.3343908629441624 0.012142857142857143 0.01903553299492386
3 0.5342857142857143 0.3629441624365482 0.017142857142857144 0.02030456852791878
3 0.545 0.35850253807106597 0.015714285714285715 0.024111675126903553
3 0.5321428571428571 0.3426395939086294 0.012857142857142857 0.017766497461928935
3 0.5242857142857142 0.3489847715736041 0.011428571428571429 0.017766497461928935
3 0.5139285714285714 0.35215736040609136 0.012142857142857143 0.01649746192893401
3 0.5042857142857143 0.35406091370558374 0.011428571428571429 0.02030456852791878
3 0.4957142857142857 0.37182741116751267 0.012857142857142857 0.027918781725888325
3 0.4832142857142857 0.37055837563451777 0.012142857142857143 0.030456852791878174
3 0.435 0.33121827411167515 0.012857142857142857 0.02030456852791878
3 0.44857142857142857 0.3286802030456853 0.015714285714285715 0.025380710659898477
3 0.485 0.3166243654822335 0.012857142857142857 0.01903553299492386
3 0.49464285714285716 0.3153553299492386 0.010714285714285714 0.013959390862944163
3 0.5042857142857143 0.3115482233502538 0.012857142857142857 0.021573604060913704
3 0.5135714285714286 0.3102791878172589 0.008571428571428572 0.01649746192893401
3 0.39464285714285713 0.27411167512690354 0.010714285714285714 0.017766497461928935
3 0.3757142857142857 0.36928934010152287 0.012857142857142857 0.02030456852791878
3 0.39035714285714285 0.33185279187817257 0.015 0.013959390862944163
3 0.36214285714285716 0.31916243654822335 0.02142857142857143 0.021573604060913704
3 0.3575 0.3147208121827411 0.017857142857142856 0.017766497461928935
3 0.3557142857142857 0.30774111675126903 0.02142857142857143 0.01903553299492386
3 0.36607142857142855 0.2893401015228426 0.019285714285714285 0.015228426395939087
3 0.28714285714285714 0.3147208121827411 0.015714285714285715 0.02030456852791878
3 0.3007142857142857 0.3153553299492386 0.014285714285714285 0.011421319796954314
3 0.4317857142857143 0.26586294416243655 0.012142857142857143 0.01903553299492386
3 0.46 0.30076142131979694 0.011428571428571429 0.02030456852791878
3 0.3410714285714286 0.3743654822335025 0.010714285714285714 0.017766497461928935
3 0.3657142857142857 0.33375634517766495 0.02142857142857143 0.02030456852791878
3 0.3821428571428571 0.3153553299492386 0.02 0.013959390862944163
3 0.3821428571428571 0.31091370558375636 0.02 0.017766497461928935
3 0.3078571428571429 0.3883248730964467 0.015714285714285715 0.025380710659898477
3 0.33071428571428574 0.3553299492385787 0.024285714285714285 0.02030456852791878
3 0.28 0.33248730964467005 0.01 0.02030456852791878
3 0.2892857142857143 0.32741116751269034 0.012857142857142857 0.025380710659898477
3 0.30178571428571427 0.32614213197969544 0.010714285714285714 0.017766497461928935
3 0.31142857142857144 0.3223350253807107 0.012857142857142857 0.02284263959390863
3 0.32107142857142856 0.31725888324873097 0.013571428571428571 0.02284263959390863
3 0.3317857142857143 0.3153553299492386 0.015 0.024111675126903553
3 0.4025 0.28109137055837563 0.012142857142857143 0.021573604060913704
3 0.41285714285714287 0.2696700507614213 0.011428571428571429 0.01649746192893401
3 0.4667857142857143 0.23730964467005075 0.016428571428571428 0.02030456852791878
3 0.6392857142857142 0.3356598984771574 0.018571428571428572 0.0266497461928934
3 0.4142857142857143 0.29885786802030456 0.011428571428571429 0.021573604060913704
3 0.5317857142857143 0.30774111675126903 0.013571428571428571 0.01903553299492386
3 0.5217857142857143 0.32043147208121825 0.015 0.021573604060913704
3 0.5078571428571429 0.3280456852791878 0.01 0.021573604060913704
3 0.395 0.33883248730964466 0.02142857142857143 0.017766497461928935
3 0.5042857142857143 0.2880710659898477 0.012857142857142857 0.017766497461928935
3 0.44642857142857145 0.18718274111675126 0.01 0.01649746192893401
3 0.45 0.1700507614213198 0.008571428571428572 0.012690355329949238
3 0.4375 0.1649746192893401 0.009285714285714286 0.012690355329949238
5 0.32607142857142857 0.39720812182741116 0.023571428571428573 0.0532994923857868
5 0.3514285714285714 0.38578680203045684 0.02142857142857143 0.048223350253807105
5 0.36607142857142855 0.38261421319796957 0.019285714285714285 0.046954314720812185
5 0.4075 0.37182741116751267 0.025 0.04060913705583756
5 0.33214285714285713 0.4498730964467005 0.022857142857142857 0.05203045685279188
5 0.3457142857142857 0.45241116751269034 0.018571428571428572 0.04187817258883249
5 0.3625 0.4467005076142132 0.019285714285714285 0.04314720812182741
5 0.3767857142857143 0.440989847715736 0.020714285714285713 0.04949238578680203
5 0.3896428571428571 0.43591370558375636 0.02214285714285714 0.05964467005076142
5 0.4035714285714286 0.4302030456852792 0.022857142857142857 0.0583756345177665
5 0.4328571428571429 0.4168781725888325 0.024285714285714285 0.044416243654822336
4 0.4232142857142857 0.309010152284264 0.015 0.024111675126903553
4 0.38785714285714284 0.32423857868020306 0.02 0.024111675126903553
4 0.43214285714285716 0.30710659898477155 0.014285714285714285 0.027918781725888325
4 0.4425 0.3026649746192893 0.012142857142857143 0.02918781725888325
4 0.45285714285714285 0.3001269035532995 0.014285714285714285 0.024111675126903553
4 0.46964285714285714 0.2969543147208122 0.013571428571428571 0.025380710659898477
4 0.5125 0.2836294416243655 0.015 0.024111675126903553
4 0.38285714285714284 0.2506345177664975 0.014285714285714285 0.02918781725888325
4 0.4639285714285714 0.2645939086294416 0.010714285714285714 0.021573604060913704
4 0.4675 0.18401015228426396 0.010714285714285714 0.017766497461928935
4 0.47214285714285714 0.2633248730964467 0.012857142857142857 0.024111675126903553
4 0.47964285714285715 0.2614213197969543 0.012142857142857143 0.025380710659898477
4 0.4882142857142857 0.258248730964467 0.012142857142857143 0.0266497461928934
4 0.49785714285714283 0.25444162436548223 0.012857142857142857 0.024111675126903553
5 0.4764285714285714 0.19733502538071065 0.015714285714285715 0.0266497461928934
5 0.48928571428571427 0.19923857868020303 0.02 0.027918781725888325
5 0.3367857142857143 0.27982233502538073 0.035 0.02918781725888325
5 0.33321428571428574 0.274746192893401 0.03214285714285714 0.03426395939086294
5 0.3292857142857143 0.26903553299492383 0.025714285714285714 0.030456852791878174
5 0.3271428571428571 0.26903553299492383 0.03142857142857143 0.03553299492385787
5 0.32357142857142857 0.25380710659898476 0.03571428571428571 0.030456852791878174
5 0.32107142857142856 0.2468274111675127 0.035 0.02918781725888325
5 0.32357142857142857 0.23857868020304568 0.041428571428571426 0.030456852791878174
8 0.39357142857142857 0.2315989847715736 0.022857142857142857 0.03934010152284264
8 0.40464285714285714 0.2265228426395939 0.02214285714285714 0.044416243654822336
8 0.43714285714285717 0.22144670050761422 0.027142857142857142 0.04187817258883249
8 0.5007142857142857 0.5812182741116751 0.09857142857142857 0.1116751269035533
8 0.44857142857142857 0.21763959390862944 0.024285714285714285 0.04187817258883249
5 0.5235714285714286 0.6738578680203046 0.07428571428571429 0.06852791878172589
3 0.8721428571428571 0.6973350253807107 0.02142857142857143 0.05203045685279188
3 0.12357142857142857 0.1916243654822335 0.008571428571428572 0.02030456852791878
8 0.11678571428571428 0.14974619289340102 0.012142857142857143 0.03299492385786802
8 0.13964285714285715 0.14276649746192893 0.010714285714285714 0.021573604060913704
8 0.1475 0.12373096446700507 0.007857142857142858 0.01649746192893401
8 0.1475 0.13324873096446702 0.009285714285714286 0.02030456852791878
8 0.15178571428571427 0.15101522842639595 0.010714285714285714 0.025380710659898477
8 0.15357142857142858 0.16116751269035534 0.01 0.027918781725888325
8 0.16535714285714287 0.16116751269035534 0.010714285714285714 0.027918781725888325
8 0.16285714285714287 0.15101522842639595 0.01 0.025380710659898477
8 0.16 0.14022842639593908 0.008571428571428572 0.021573604060913704
8 0.14214285714285715 0.15736040609137056 0.012857142857142857 0.030456852791878174
8 0.15428571428571428 0.17766497461928935 0.01 0.030456852791878174
8 0.16642857142857143 0.17956852791878172 0.012857142857142857 0.031725888324873094
5 0.215 0.41941624365482233 0.037142857142857144 0.06218274111675127
5 0.10107142857142858 0.18210659898477158 0.015 0.031725888324873094
4 0.10035714285714285 0.2182741116751269 0.010714285714285714 0.025380710659898477
4 0.925 0.8661167512690355 0.06857142857142857 0.06472081218274112
3 0.5946428571428571 0.3026649746192893 0.019285714285714285 0.011421319796954314
4 0.6075 0.3197969543147208 0.019285714285714285 0.025380710659898477
0 0.45571428571428574 0.38388324873096447 0.005714285714285714 0.01903553299492386
3 0.2557142857142857 0.33946700507614214 0.012857142857142857 0.021573604060913704
3 0.2671428571428571 0.33375634517766495 0.014285714285714285 0.02284263959390863
3 0.2689285714285714 0.3756345177664975 0.025 0.015228426395939087
3 0.26107142857142857 0.39847715736040606 0.015 0.025380710659898477
4 0.25821428571428573 0.3248730964467005 0.016428571428571428 0.017766497461928935
8 0.08785714285714286 0.08629441624365482 0.012857142857142857 0.030456852791878174
3 0.5167857142857143 0.3686548223350254 0.015 0.021573604060913704
8 0.5335714285714286 0.44352791878172587 0.06428571428571428 0.044416243654822336
3 0.8178571428571428 0.4530456852791878 0.022857142857142857 0.03299492385786802
3 0.6067857142857143 0.5996192893401016 0.035 0.031725888324873094
3 0.6507142857142857 0.6110406091370558 0.032857142857142856 0.031725888324873094
3 0.6728571428571428 0.6313451776649747 0.032857142857142856 0.02918781725888325