3 0.7755 0.5266666666666666 0.049 0.08133333333333333
3 0.804 0.262 0.029 0.034666666666666665
3 0.78425 0.16366666666666665 0.0195 0.023333333333333334
3 0.79975 0.13 0.0145 0.017333333333333333
3 0.799 0.11266666666666666 0.015 0.013333333333333334
3 0.73325 0.13233333333333333 0.0395 0.016666666666666666
0 0.59625 0.14266666666666666 0.0055 0.021333333333333333
0 0.62425 0.21366666666666667 0.0245 0.03266666666666666
0 0.53 0.3273333333333333 0.039 0.048
0 0.56575 0.18833333333333332 0.0305 0.028666666666666667
4 0.585 0.168 0.023 0.032
3 0.60975 0.14966666666666667 0.0205 0.023333333333333334
3 0.5155 0.23666666666666666 0.034 0.034666666666666665
2 0.52675 0.20166666666666666 0.0165 0.019333333333333334
2 0.4905 0.22966666666666666 0.016 0.020666666666666667
9 0.50575 0.215 0.0215 0.018
9 0.39525 0.25266666666666665 0.0255 0.017333333333333333
9 0.4715 0.19833333333333333 0.015 0.018
9 0.482 0.19066666666666668 0.014 0.018666666666666668
9 0.468 0.24033333333333334 0.017 0.018
0 0.45925 0.24266666666666667 0.0075 0.02266666666666667
0 0.46275 0.237 0.0065 0.026
9 0.341 0.2936666666666667 0.022 0.019333333333333334
0 0.83225 0.19266666666666668 0.0065 0.024
3 0.6475 0.086 0.013 0.013333333333333334
3 0.6755 0.084 0.012 0.014666666666666666
3 0.65925 0.08233333333333333 0.0115 0.018
3 0.6895 0.07166666666666667 0.013 0.015333333333333332
3 0.90875 0.36633333333333334 0.0685 0.03933333333333333
3 0.89875 0.334 0.0665 0.034666666666666665
9 0.937 0.438 0.036 0.030666666666666665
9 0.93725 0.4226666666666667 0.0405 0.030666666666666665
2 0.9905 0.42233333333333334 0.012 0.035333333333333335
3 0.8745 0.252 0.051 0.02666666666666667
3 0.87125 0.222 0.0495 0.032
4 0.854 0.131 0.017 0.023333333333333334
3 0.8535 0.118 0.012 0.016
3 0.84275 0.105 0.0175 0.012666666666666666
4 0.84175 0.09866666666666667 0.0265 0.017333333333333333
3 0.84525 0.08333333333333333 0.0135 0.013333333333333334
3 0.78925 0.047 0.0085 0.01
3 0.79875 0.036333333333333336 0.0075 0.007333333333333333
4 0.804 0.027666666666666666 0.007 0.008666666666666666
3 0.81075 0.02666666666666667 0.0115 0.008
3 0.747 0.05633333333333333 0.008 0.01
3 0.7575 0.04466666666666667 0.007 0.009333333333333334
3 0.74175 0.048666666666666664 0.0085 0.008
3 0.82675 0.063 0.0095 0.012666666666666666
3 0.842 0.07366666666666667 0.012 0.008666666666666666
3 0.8405 0.06766666666666667 0.009 0.007333333333333333
3 0.83775 0.062 0.0085 0.010666666666666666
3 0.83675 0.05733333333333333 0.0075 0.009333333333333334
3 0.834 0.052 0.009 0.008
3 0.83325 0.048 0.0095 0.008
3 0.83875 0.041666666666666664 0.0205 0.01
3 0.83075 0.03766666666666667 0.0075 0.007333333333333333
3 0.83075 0.03266666666666666 0.0085 0.009333333333333334
3 0.83075 0.036 0.0075 0.008
3 0.79725 0.01 0.0045 0.006666666666666667
3 0.8055 0.004666666666666667 0.005 0.008
1 0.82075 0.113 0.0045 0.011333333333333334
9 0.82025 0.117 0.0035 0.008666666666666666
1 0.823 0.13433333333333333 0.006 0.015333333333333332
9 0.82325 0.13833333333333334 0.0075 0.014
3 0.38225 0.36433333333333334 0.0565 0.04733333333333333
3 0.4225 0.6523333333333333 0.099 0.146
3 0.08075 0.537 0.1035 0.06866666666666667
3 0.271 0.4656666666666667 0.078 0.07266666666666667
3 0.283 0.4053333333333333 0.075 0.06
0 0.2145 0.3506666666666667 0.017 0.03866666666666667
2 0.1975 0.4003333333333333 0.021 0.023333333333333334
3 0.0415 0.7203333333333334 0.082 0.15533333333333332
3 0.6985 0.06566666666666666 0.009 0.016666666666666666
3 0.58075 0.10033333333333333 0.0275 0.015333333333333332
0 0.587 0.10166666666666667 0.004 0.014
0 0.61575 0.09566666666666666 0.0045 0.014
0 0.60575 0.09466666666666666 0.0045 0.014666666666666666
0 0.60175 0.09866666666666667 0.0055 0.016
9 0.65625 0.06833333333333333 0.0115 0.008666666666666666
9 0.6395 0.07933333333333334 0.008 0.008
0 0.6175 0.08333333333333333 0.003 0.013333333333333334
0 0.61225 0.08466666666666667 0.0035 0.013333333333333334
9 0.963 0.326 0.01 0.029333333333333333
9 0.9425 0.30033333333333334 0.008 0.026
9 0.9515 0.29833333333333334 0.006 0.026
2 0.9415 0.2723333333333333 0.008 0.020666666666666667
9 0.8875 0.169 0.014 0.011333333333333334
9 0.881 0.163 0.014 0.011333333333333334
9 0.8885 0.16 0.013 0.012
9 0.87775 0.146 0.0065 0.014666666666666666
9 0.87525 0.13966666666666666 0.0095 0.012666666666666666
1 0.82025 0.074 0.0035 0.008
9 0.8205 0.07633333333333334 0.005 0.01
3 0.7045 0.05566666666666667 0.007 0.012666666666666666
3 0.7075 0.053 0.007 0.012666666666666666
3 0.712 0.05 0.006 0.010666666666666666
3 0.7185 0.03866666666666667 0.013 0.008
3 0.72875 0.034 0.0075 0.008
8 0.75575 0.015333333333333332 0.0105 0.016
3 0.76425 0.029333333333333333 0.0055 0.008
3 0.73675 0.029333333333333333 0.0085 0.009333333333333334
0 0.73475 0.030666666666666665 0.0015 0.009333333333333334
0 0.73625 0.030666666666666665 0.0025 0.009333333333333334
1 0.72525 0.053 0.0025 0.008666666666666666
3 0.7745 0.020666666666666667 0.007 0.008
3 0.77225 0.014 0.0065 0.006666666666666667
3 0.76375 0.012666666666666666 0.0055 0.006666666666666667
3 0.78125 0.0033333333333333335 0.0075 0.006666666666666667
0 0.75175 0.005666666666666667 0.0025 0.007333333333333333
0 0.7535 0.005666666666666667 0.003 0.007333333333333333
9 0.30925 0.324 0.0115 0.025333333333333333
2 0.51925 0.212 0.0145 0.012
0 0.3895 0.24433333333333335 0.005 0.022
3 0.98025 0.7163333333333334 0.0395 0.126