0 0.6528571428571428 0.8864213197969543 0.011428571428571429 0.013959390862944163
0 0.6728571428571428 0.8559644670050761 0.008571428571428572 0.021573604060913704
0 0.62 0.8654822335025381 0.011428571428571429 0.017766497461928935
0 0.6878571428571428 0.891497461928934 0.01 0.01649746192893401
3 0.5753571428571429 0.8483502538071066 0.03785714285714286 0.044416243654822336
3 0.5628571428571428 0.8039340101522843 0.032857142857142856 0.03934010152284264
3 0.5103571428571428 0.8375634517766497 0.03785714285714286 0.048223350253807105
5 0.5128571428571429 0.8902284263959391 0.04285714285714286 0.04949238578680203
4 0.4517857142857143 0.9289340101522843 0.04357142857142857 0.050761421319796954
5 0.42892857142857144 0.8851522842639594 0.095 0.0901015228426396
3 0.39357142857142857 0.9600253807106599 0.04285714285714286 0.046954314720812185
3 0.32607142857142857 0.949238578680203 0.045 0.050761421319796954
3 0.2725 0.983502538071066 0.045 0.030456852791878174
8 0.7485714285714286 0.2785532994923858 0.047142857142857146 0.09263959390862944