4 0.4160714285714286 0.7766497461928934 0.055 0.10913705583756345
4 0.48 0.6211928934010152 0.037142857142857144 0.07741116751269035
4 0.465 0.5 0.017142857142857144 0.04314720812182741
4 0.49 0.5710659898477157 0.024285714285714285 0.0532994923857868
3 0.475 0.5488578680203046 0.04285714285714286 0.04187817258883249
5 0.45107142857142857 0.46446700507614214 0.020714285714285713 0.048223350253807105
5 0.4432142857142857 0.4447969543147208 0.02642857142857143 0.04187817258883249
0 0.09785714285714285 0.6345177664974619 0.012857142857142857 0.04314720812182741
0 0.11928571428571429 0.6021573604060914 0.011428571428571429 0.04187817258883249
0 0.2317857142857143 0.4543147208121827 0.0035714285714285713 0.015228426395939087
0 0.22714285714285715 0.45241116751269034 0.005714285714285714 0.024111675126903553
0 0.23285714285714285 0.4346446700507614 0.005714285714285714 0.021573604060913704
0 0.24464285714285713 0.43147208121827413 0.005 0.02030456852791878
0 0.2789285714285714 0.37055837563451777 0.0035714285714285713 0.012690355329949238
0 0.22107142857142856 0.45241116751269034 0.005 0.01649746192893401
0 0.21428571428571427 0.4536802030456853 0.005714285714285714 0.024111675126903553
0 0.21714285714285714 0.4498730964467005 0.004285714285714286 0.021573604060913704
0 0.29035714285714287 0.3489847715736041 0.0035714285714285713 0.01015228426395939
0 0.2892857142857143 0.3483502538071066 0.002857142857142857 0.011421319796954314
3 0.3314285714285714 0.3464467005076142 0.008571428571428572 0.01015228426395939
0 0.3367857142857143 0.3464467005076142 0.002142857142857143 0.012690355329949238
0 0.2825 0.3489847715736041 0.002142857142857143 0.007614213197969543
0 0.26821428571428574 0.35279187817258884 0.002142857142857143 0.007614213197969543
0 0.135 0.5095177664974619 0.005714285714285714 0.024111675126903553