8 0.29448529411764707 0.903921568627451 0.04044117647058824 0.05620915032679739
0 0.3150735294117647 0.9006535947712418 0.005147058823529412 0.02091503267973856
0 0.3297794117647059 0.9294117647058824 0.003676470588235294 0.018300653594771243
0 0.3327205882352941 0.9509803921568627 0.003676470588235294 0.01699346405228758
0 0.46286764705882355 0.9620915032679739 0.003676470588235294 0.018300653594771243
3 0.3996323529411765 0.9660130718954248 0.022794117647058822 0.023529411764705882
4 0.3941176470588235 0.9862745098039216 0.029411764705882353 0.027450980392156862
3 0.33455882352941174 0.9928104575163399 0.026470588235294117 0.01437908496732026
3 0.3088235294117647 0.9908496732026144 0.023529411764705882 0.018300653594771243
4 0.022794117647058822 0.9915032679738562 0.025 0.01699346405228758
3 0.0625 0.9202614379084967 0.023529411764705882 0.023529411764705882
3 0.04485294117647059 0.9222222222222223 0.023529411764705882 0.027450980392156862
4 0.075 0.8888888888888888 0.014705882352941176 0.023529411764705882
4 0.08823529411764706 0.8764705882352941 0.010294117647058823 0.02483660130718954
3 0.1025735294117647 0.8601307189542484 0.019852941176470587 0.023529411764705882
4 0.12279411764705882 0.838562091503268 0.01764705882352941 0.027450980392156862
3 0.3426470588235294 0.7647058823529411 0.013235294117647059 0.01568627450980392
3 0.4319852941176471 0.7450980392156863 0.011029411764705883 0.01568627450980392
3 0.41801470588235295 0.6738562091503268 0.011029411764705883 0.01437908496732026
3 0.4073529411764706 0.6699346405228758 0.008823529411764706 0.011764705882352941
3 0.38235294117647056 0.6522875816993464 0.010294117647058823 0.01568627450980392
3 0.43713235294117647 0.6130718954248366 0.009558823529411765 0.01045751633986928
3 0.4988970588235294 0.6124183006535948 0.006617647058823529 0.011764705882352941
4 0.47058823529411764 0.5934640522875817 0.007352941176470588 0.013071895424836602
3 0.5029411764705882 0.5849673202614379 0.0058823529411764705 0.011764705882352941
4 0.5036764705882353 0.5725490196078431 0.0058823529411764705 0.01045751633986928
9 0.3650735294117647 0.9241830065359478 0.005147058823529412 0.01045751633986928
1 0.3650735294117647 0.9215686274509803 0.003676470588235294 0.013071895424836602
5 0.8566176470588235 0.5130718954248366 0.020588235294117647 0.0196078431372549
5 0.7915441176470588 0.4823529411764706 0.027205882352941177 0.023529411764705882
5 0.6569852941176471 0.5300653594771242 0.016911764705882352 0.0196078431372549
4 0.5518382352941177 0.5444444444444444 0.009558823529411765 0.01699346405228758
3 0.5051470588235294 0.5339869281045752 0.0058823529411764705 0.006535947712418301
3 0.48308823529411765 0.5287581699346405 0.0058823529411764705 0.009150326797385621
8 0.5360294117647059 0.4594771241830065 0.008823529411764706 0.01437908496732026
5 0.42316176470588235 0.4928104575163399 0.03602941176470588 0.023529411764705882
3 0.4007352941176471 0.4875816993464052 0.008823529411764706 0.00522875816993464
3 0.5691176470588235 0.4875816993464052 0.0058823529411764705 0.00784313725490196
3 0.5261029411764706 0.42810457516339867 0.006617647058823529 0.009150326797385621
5 0.5533088235294118 0.4111111111111111 0.009558823529411765 0.01437908496732026
3 0.5977941176470588 0.42287581699346405 0.004411764705882353 0.006535947712418301
7 0.5566176470588236 0.43529411764705883 0.004411764705882353 0.00784313725490196