9 0.3525 0.6026666666666667 0.026 0.02266666666666667
2 0.37375 0.589 0.0195 0.027333333333333334
9 0.41425 0.5723333333333334 0.0215 0.03266666666666666
2 0.422 0.5653333333333334 0.016 0.024
2 0.4305 0.5606666666666666 0.017 0.021333333333333333
2 0.45775 0.5456666666666666 0.0175 0.022
2 0.47175 0.5366666666666666 0.0185 0.02666666666666667
3 0.95725 0.641 0.0855 0.06066666666666667
3 0.85 0.591 0.083 0.05533333333333333
3 0.78475 0.649 0.0865 0.06066666666666667
3 0.7505 0.5483333333333333 0.071 0.046
0 0.68625 0.5753333333333334 0.0055 0.03333333333333333
0 0.715 0.5633333333333334 0.006 0.03333333333333333
0 0.70725 0.588 0.0055 0.030666666666666665
0 0.71125 0.571 0.0045 0.034
0 0.709 0.5796666666666667 0.007 0.03266666666666666
4 0.70175 0.5996666666666667 0.0655 0.06866666666666667
3 0.627 0.569 0.066 0.04466666666666667
9 0.6305 0.52 0.02 0.02266666666666667
1 0.63025 0.5143333333333333 0.0115 0.020666666666666667
3 0.684 0.436 0.042 0.028
3 0.7015 0.427 0.04 0.024666666666666667
0 0.711 0.3863333333333333 0.003 0.016666666666666666
3 0.70975 0.484 0.0395 0.032
3 0.7455 0.434 0.03 0.028
3 0.78175 0.43966666666666665 0.0325 0.026
3 0.8075 0.464 0.057 0.029333333333333333
9 0.8845 0.466 0.008 0.02266666666666667
9 0.89975 0.471 0.0115 0.023333333333333334
9 0.7655 0.39166666666666666 0.01 0.014
3 0.79575 0.38766666666666666 0.0385 0.024666666666666667
3 0.81725 0.381 0.0405 0.022
3 0.8285 0.37566666666666665 0.033 0.022
3 0.841 0.373 0.028 0.022
3 0.85375 0.37066666666666664 0.0305 0.018666666666666668
3 0.86775 0.36966666666666664 0.0345 0.019333333333333334
0 0.87675 0.31633333333333336 0.0045 0.012666666666666666
3 0.92325 0.35733333333333334 0.0355 0.017333333333333333
5 0.86225 0.3903333333333333 0.0445 0.04066666666666666
6 0.875 0.4096666666666667 0.017 0.016666666666666666
6 0.88375 0.418 0.0145 0.02
3 0.56275 0.4726666666666667 0.0445 0.029333333333333333
3 0.5165 0.512 0.049 0.034666666666666665
3 0.5195 0.455 0.041 0.027333333333333334
3 0.47325 0.43566666666666665 0.0355 0.026
3 0.44025 0.422 0.0325 0.02266666666666667
3 0.41125 0.4563333333333333 0.0395 0.028666666666666667
9 0.3955 0.4053333333333333 0.008 0.013333333333333334
3 0.37875 0.43833333333333335 0.0355 0.026
4 0.35025 0.42133333333333334 0.0235 0.03333333333333333
3 0.318 0.4096666666666667 0.032 0.022
0 0.3395 0.387 0.005 0.015333333333333332
0 0.31575 0.37566666666666665 0.0055 0.015333333333333332
0 0.36225 0.39666666666666667 0.0065 0.017333333333333333
3 0.3765 0.3973333333333333 0.027 0.018666666666666668
3 0.357 0.388 0.026 0.018666666666666668
3 0.36225 0.36466666666666664 0.0295 0.016
5 0.32175 0.3636666666666667 0.0255 0.022
5 0.35075 0.329 0.0325 0.023333333333333334
3 0.3865 0.3333333333333333 0.017 0.012
3 0.40025 0.3323333333333333 0.0185 0.012666666666666666
3 0.4135 0.31566666666666665 0.016 0.012666666666666666
3 0.44775 0.3243333333333333 0.0155 0.014
0 0.39825 0.3016666666666667 0.0025 0.01
0 0.404 0.2816666666666667 0.002 0.008666666666666666
4 0.396 0.27566666666666667 0.011 0.01
4 0.412 0.267 0.017 0.01
3 0.43 0.26866666666666666 0.014 0.008
3 0.44475 0.2773333333333333 0.0105 0.006666666666666667
4 0.44325 0.271 0.0055 0.008666666666666666
3 0.39475 0.2826666666666667 0.0125 0.008
3 0.39275 0.268 0.0085 0.008
3 0.66675 0.2856666666666667 0.0135 0.008666666666666666
3 0.67525 0.2853333333333333 0.0145 0.006666666666666667
3 0.66825 0.2936666666666667 0.0155 0.008666666666666666
3 0.678 0.293 0.015 0.008666666666666666
3 0.682 0.291 0.015 0.008666666666666666
0 0.7215 0.3436666666666667 0.004 0.014
0 0.69825 0.3433333333333333 0.0035 0.014666666666666666
0 0.70525 0.3446666666666667 0.0035 0.013333333333333334
3 0.95675 0.6403333333333333 0.0855 0.06066666666666667