4 0.19572025052192066 0.29916512059369205 0.055323590814196244 0.12337662337662338
3 0.25704592901878914 0.25556586270871984 0.050626304801670144 0.09369202226345083
0 0.3504697286012526 0.2810760667903525 0.01722338204592902 0.05194805194805195
3 0.3572546972860125 0.8385899814471243 0.07359081419624217 0.23562152133580705
3 0.583768267223382 0.5371057513914657 0.061064718162839246 0.17996289424860853
4 0.7507828810020877 0.4744897959183674 0.05271398747390397 0.14749536178107606
7 0.6294363256784968 0.4294990723562152 0.06680584551148225 0.0686456400742115
6 0.6406576200417536 0.08302411873840446 0.02661795407098121 0.0862708719851577
1 0.5067849686847599 0.11595547309833024 0.012526096033402923 0.04638218923933209
2 0.5073068893528184 0.12569573283858998 0.008350730688935281 0.045454545454545456
0 0.7724425887265136 0.30612244897959184 0.015657620041753653 0.03525046382189239
0 0.8640396659707724 0.5885899814471243 0.016179540709812108 0.030612244897959183
0 0.8736951983298539 0.5691094619666048 0.020876826722338204 0.045454545454545456
9 0.9230167014613778 0.5551948051948052 0.04018789144050104 0.045454545454545456
0 0.8102818371607515 0.6261595547309833 0.019311064718162838 0.04452690166975881
0 0.7776617954070981 0.62847866419295 0.020876826722338204 0.04916512059369202
9 0.7562630480167014 0.647495361781076 0.029227557411273485 0.09647495361781076
9 0.725991649269311 0.62291280148423 0.025052192066805846 0.06029684601113173
9 0.7883611691022965 0.738404452690167 0.02661795407098121 0.07792207792207792
9 0.7364300626304802 0.7606679035250464 0.032359081419624215 0.06307977736549165
9 0.6751043841336117 0.7203153988868275 0.030793319415448852 0.075139146567718
9 0.6471816283924844 0.7166048237476809 0.025052192066805846 0.06957328385899815
2 0.8640396659707724 0.24907235621521337 0.02139874739039666 0.04730983302411874
9 0.9504175365344467 0.37708719851576994 0.020876826722338204 0.0640074211502783
9 0.9749478079331941 0.7333024118738405 0.021920668058455117 0.07328385899814471
9 0.8029749478079332 0.9081632653061225 0.01722338204592902 0.07606679035250463
9 0.7539144050104384 0.8719851576994434 0.042275574112734866 0.07792207792207792
1 0.7539144050104384 0.8668831168831169 0.02661795407098121 0.05473098330241188
9 0.6711899791231732 0.8269944341372912 0.018789144050104383 0.08441558441558442
6 0.5952505219206681 0.7286641929499073 0.05897703549060543 0.13079777365491652
6 0.6082985386221295 0.8696660482374768 0.05375782881002088 0.15306122448979592
6 0.5858559498956158 0.9336734693877551 0.06941544885177453 0.13079777365491652