3 0.18345588235294116 0.7418300653594772 0.14044117647058824 0.11372549019607843
3 0.14558823529411766 0.8568627450980392 0.16029411764705884 0.134640522875817
9 0.05110294117647059 0.6222222222222222 0.04485294117647059 0.054901960784313725
9 0.13933823529411765 0.4797385620915033 0.03161764705882353 0.047058823529411764
3 0.3029411764705882 0.3895424836601307 0.08529411764705883 0.06535947712418301
4 0.24485294117647058 0.2150326797385621 0.057352941176470586 0.07712418300653595
4 0.19044117647058822 0.20588235294117646 0.058823529411764705 0.06666666666666667
2 0.21764705882352942 0.05163398692810457 0.016176470588235296 0.02483660130718954
3 0.3397058823529412 0.046405228758169936 0.051470588235294115 0.03529411764705882
3 0.34558823529411764 0.03071895424836601 0.03676470588235294 0.030065359477124184
3 0.34963235294117645 0.02091503267973856 0.04779411764705882 0.036601307189542485
1 0.40661764705882353 0.0457516339869281 0.008823529411764706 0.02091503267973856
0 0.47794117647058826 0.14444444444444443 0.0058823529411764705 0.043137254901960784
1 0.4702205882352941 0.13790849673202615 0.008088235294117648 0.022222222222222223
3 0.4547794117647059 0.10784313725490197 0.027205882352941177 0.050980392156862744
3 0.4661764705882353 0.14052287581699346 0.051470588235294115 0.05359477124183006
3 0.5169117647058824 0.0718954248366013 0.023529411764705882 0.047058823529411764
3 0.5731617647058823 0.12026143790849673 0.025735294117647058 0.04967320261437908
1 0.5544117647058824 0.04771241830065359 0.007352941176470588 0.027450980392156862
1 0.5709558823529411 0.056862745098039215 0.008088235294117648 0.027450980392156862
9 0.5540441176470589 0.05555555555555555 0.008088235294117648 0.027450980392156862
9 0.5709558823529411 0.06535947712418301 0.009558823529411765 0.02875816993464052
9 0.7514705882352941 0.018300653594771243 0.011764705882352941 0.023529411764705882
8 0.8205882352941176 0.054901960784313725 0.09558823529411764 0.07320261437908497
3 0.6573529411764706 0.07581699346405228 0.045588235294117645 0.03398692810457516
3 0.5007352941176471 0.22549019607843138 0.033823529411764704 0.0718954248366013
3 0.5540441176470589 0.27450980392156865 0.03161764705882353 0.06274509803921569
0 0.606985294117647 0.15294117647058825 0.006617647058823529 0.0392156862745098
0 0.6143382352941177 0.15490196078431373 0.006617647058823529 0.040522875816993466
1 0.5830882352941177 0.21045751633986928 0.0058823529411764705 0.02091503267973856
1 0.5838235294117647 0.20065359477124184 0.008823529411764706 0.030065359477124184
9 0.5834558823529412 0.2111111111111111 0.009558823529411765 0.03790849673202614
5 0.6654411764705882 0.15816993464052287 0.07941176470588235 0.05228758169934641
5 0.6705882352941176 0.1934640522875817 0.07794117647058824 0.06535947712418301
5 0.6919117647058823 0.2581699346405229 0.08235294117647059 0.07450980392156863
9 0.6764705882352942 0.23202614379084968 0.013235294117647059 0.027450980392156862
3 0.5533088235294118 0.39738562091503266 0.0375 0.08366013071895424
0 0.6275735294117647 0.4366013071895425 0.011029411764705883 0.05751633986928104
3 0.5466911764705882 0.5869281045751634 0.04632352941176471 0.12026143790849673
3 0.7209558823529412 0.5143790849673202 0.05808823529411765 0.14248366013071895
3 0.7761029411764706 0.7594771241830065 0.08308823529411764 0.17254901960784313
3 0.8602941176470589 0.7745098039215687 0.08676470588235294 0.16601307189542483
3 0.9393382352941176 0.7633986928104575 0.09485294117647058 0.13594771241830064
3 0.9790441176470588 0.7516339869281046 0.04191176470588235 0.15163398692810456
3 0.9702205882352941 0.5751633986928104 0.05955882352941176 0.15163398692810456
3 0.9268382352941177 0.5843137254901961 0.0875 0.14640522875816994
3 0.8665441176470589 0.5934640522875817 0.07426470588235294 0.13594771241830064
3 0.8007352941176471 0.5888888888888889 0.07352941176470588 0.12156862745098039
3 0.9698529411764706 0.1627450980392157 0.051470588235294115 0.05359477124183006
3 0.9102941176470588 0.1627450980392157 0.06764705882352941 0.05620915032679739
3 0.94375 0.0738562091503268 0.05514705882352941 0.043137254901960784
0 0.9919117647058824 0.09411764705882353 0.011764705882352941 0.03137254901960784
3 0.9838235294117647 0.056862745098039215 0.03235294117647059 0.03790849673202614