3 0.3125 0.6993464052287581 0.07058823529411765 0.16993464052287582
3 0.4261029411764706 0.807843137254902 0.1036764705882353 0.1803921568627451
3 0.4970588235294118 0.9575163398692811 0.10147058823529412 0.08496732026143791
3 0.8463235294117647 0.5470588235294118 0.10882352941176471 0.08496732026143791
3 0.8558823529411764 0.6104575163398693 0.11323529411764706 0.0915032679738562
3 0.9731617647058823 0.5856209150326798 0.05367647058823529 0.08104575163398693
3 0.35294117647058826 0.396078431372549 0.03529411764705882 0.07581699346405228
3 0.49264705882352944 0.3607843137254902 0.03676470588235294 0.06013071895424837
3 0.3275735294117647 0.22418300653594772 0.025735294117647058 0.043137254901960784
4 0.3503676470588235 0.15751633986928104 0.016911764705882352 0.032679738562091505
3 0.39375 0.12483660130718954 0.021323529411764706 0.032679738562091505
3 0.3985294117647059 0.1522875816993464 0.020588235294117647 0.03529411764705882
3 0.31875 0.1261437908496732 0.016911764705882352 0.032679738562091505
3 0.25735294117647056 0.19869281045751633 0.045588235294117645 0.03398692810457516
4 0.30367647058823527 0.16732026143790849 0.01911764705882353 0.04183006535947712
3 0.26948529411764705 0.15490196078431373 0.04044117647058824 0.03529411764705882
4 0.29007352941176473 0.12352941176470589 0.016911764705882352 0.048366013071895426
3 0.2727941176470588 0.07254901960784314 0.03235294117647059 0.02483660130718954
3 0.28566176470588234 0.08235294117647059 0.030147058823529412 0.02091503267973856
3 0.33051470588235293 0.05947712418300653 0.0125 0.022222222222222223
4 0.5345588235294118 0.3261437908496732 0.05 0.05359477124183006
3 0.5349264705882353 0.28627450980392155 0.05955882352941176 0.044444444444444446
3 0.5426470588235294 0.27058823529411763 0.051470588235294115 0.04183006535947712
3 0.5150735294117647 0.25359477124183005 0.04926470588235294 0.0392156862745098
3 0.4963235294117647 0.2457516339869281 0.045588235294117645 0.0392156862745098
3 0.4860294117647059 0.22156862745098038 0.05 0.03529411764705882
3 0.4919117647058823 0.19477124183006536 0.045588235294117645 0.036601307189542485
3 0.4801470588235294 0.1718954248366013 0.047058823529411764 0.030065359477124184
3 0.4658088235294118 0.16339869281045752 0.03897058823529412 0.026143790849673203
3 0.8128676470588235 0.45359477124183006 0.08897058823529412 0.05751633986928104
4 0.9672794117647059 0.45098039215686275 0.06544117647058824 0.0784313725490196
1 0.08198529411764706 0.5986928104575163 0.021323529411764706 0.06535947712418301
9 0.08125 0.6130718954248366 0.05073529411764706 0.044444444444444446
0 0.23566176470588235 0.6241830065359477 0.01838235294117647 0.08496732026143791
0 0.8165441176470588 0.9535947712418301 0.025735294117647058 0.09281045751633987
0 0.7305147058823529 0.761437908496732 0.025735294117647058 0.08496732026143791
0 0.7547794117647059 0.7503267973856209 0.022794117647058822 0.08627450980392157
1 0.7227941176470588 0.5888888888888889 0.016176470588235296 0.06666666666666667
1 0.7363970588235295 0.5875816993464053 0.013970588235294118 0.05620915032679739
9 0.7198529411764706 0.5941176470588235 0.03529411764705882 0.048366013071895426
1 0.711764705882353 0.5509803921568628 0.016176470588235296 0.0457516339869281
1 0.7213235294117647 0.5470588235294118 0.011764705882352941 0.050980392156862744
9 0.7110294117647059 0.5699346405228758 0.041176470588235294 0.04183006535947712
0 0.64375 0.434640522875817 0.015441176470588236 0.043137254901960784
0 0.4636029411764706 0.25620915032679736 0.0125 0.04183006535947712
1 0.46544117647058825 0.3738562091503268 0.013235294117647059 0.047058823529411764
2 0.4658088235294118 0.38758169934640524 0.009558823529411765 0.043137254901960784
1 0.45294117647058824 0.3405228758169935 0.011764705882352941 0.03790849673202614
9 0.4522058823529412 0.3535947712418301 0.011764705882352941 0.030065359477124184
3 0.45845588235294116 0.13071895424836602 0.027205882352941177 0.026143790849673203
3 0.44448529411764703 0.10261437908496732 0.027205882352941177 0.022222222222222223
3 0.43308823529411766 0.08496732026143791 0.029411764705882353 0.02091503267973856
3 0.4183823529411765 0.06405228758169934 0.025 0.02091503267973856
3 0.4198529411764706 0.04379084967320261 0.01911764705882353 0.01437908496732026
3 0.4147058823529412 0.044444444444444446 0.022058823529411766 0.01568627450980392
3 0.4022058823529412 0.04183006535947712 0.020588235294117647 0.01568627450980392
4 0.3698529411764706 0.034640522875816995 0.008823529411764706 0.0196078431372549
3 0.35404411764705884 0.036601307189542485 0.009558823529411765 0.018300653594771243
3 0.31066176470588236 0.060784313725490195 0.021323529411764706 0.0196078431372549
1 0.33088235294117646 0.28431372549019607 0.008823529411764706 0.032679738562091505
9 0.33125 0.29477124183006537 0.006617647058823529 0.032679738562091505
1 0.3375 0.09477124183006536 0.0058823529411764705 0.0196078431372549
9 0.3375 0.1 0.004411764705882353 0.01699346405228758
1 0.36433823529411763 0.12941176470588237 0.006617647058823529 0.018300653594771243
9 0.36470588235294116 0.13529411764705881 0.007352941176470588 0.01699346405228758
1 0.40036764705882355 0.10065359477124183 0.005147058823529412 0.018300653594771243
2 0.40036764705882355 0.10588235294117647 0.005147058823529412 0.018300653594771243
0 0.42426470588235293 0.09738562091503268 0.004411764705882353 0.022222222222222223
1 0.5198529411764706 0.15620915032679739 0.008823529411764706 0.01699346405228758
0 0.5705882352941176 0.20718954248366014 0.010294117647058823 0.032679738562091505