3 0.38785714285714284 0.7265228426395939 0.03571428571428571 0.10025380710659898
3 0.5832142857142857 0.708756345177665 0.03642857142857143 0.11548223350253807
3 0.4278571428571429 0.21954314720812182 0.025714285714285714 0.06345177664974619
3 0.5657142857142857 0.3635786802030457 0.024285714285714285 0.07741116751269035
3 0.5578571428571428 0.19289340101522842 0.02142857142857143 0.06345177664974619
3 0.5221428571428571 0.05583756345177665 0.02 0.04568527918781726
3 0.5492857142857143 0.022208121827411168 0.018571428571428572 0.04187817258883249
3 0.5182142857142857 0.1967005076142132 0.023571428571428573 0.06598984771573604
3 0.6953571428571429 0.6522842639593909 0.025 0.07868020304568528
3 0.7664285714285715 0.8445431472081218 0.03857142857142857 0.10786802030456853
3 0.7560714285714286 0.9441624365482234 0.045 0.10913705583756345
3 0.8771428571428571 0.6300761421319797 0.045714285714285714 0.07741116751269035
3 0.2982142857142857 0.7341370558375635 0.035 0.0850253807106599
3 0.3246428571428571 0.550761421319797 0.027857142857142858 0.06598984771573604
3 0.12464285714285714 0.06852791878172589 0.023571428571428573 0.027918781725888325
3 0.05392857142857143 0.1484771573604061 0.020714285714285713 0.027918781725888325
3 0.07464285714285715 0.13642131979695432 0.02214285714285714 0.031725888324873094
3 0.09428571428571429 0.12436548223350254 0.02142857142857143 0.030456852791878174
3 0.17285714285714285 0.07043147208121828 0.025714285714285714 0.02918781725888325
3 0.19214285714285714 0.06091370558375635 0.024285714285714285 0.030456852791878174
3 0.20642857142857143 0.048223350253807105 0.03 0.027918781725888325
3 0.18607142857142858 0.01015228426395939 0.016428571428571428 0.02030456852791878
3 0.2057142857142857 0.011421319796954314 0.014285714285714285 0.02284263959390863
3 0.135 0.0133248730964467 0.015714285714285715 0.0266497461928934
3 0.11857142857142858 0.0133248730964467 0.012857142857142857 0.0266497461928934
3 0.03642857142857143 0.05203045685279188 0.03571428571428571 0.027918781725888325
3 0.0225 0.06725888324873096 0.035 0.025380710659898477
3 0.008214285714285714 0.1034263959390863 0.016428571428571428 0.021573604060913704
4 0.11071428571428571 0.10977157360406091 0.02 0.031725888324873094
3 0.24642857142857144 0.2315989847715736 0.02 0.044416243654822336
3 0.3325 0.1116751269035533 0.035 0.030456852791878174
5 0.3510714285714286 0.35279187817258884 0.030714285714285715 0.1065989847715736
3 0.23607142857142857 0.2760152284263959 0.02642857142857143 0.046954314720812185
9 0.3057142857142857 0.6129441624365483 0.014285714285714285 0.03299492385786802
1 0.30642857142857144 0.6104060913705583 0.008571428571428572 0.02284263959390863
3 0.5317857142857143 0.942258883248731 0.04071428571428572 0.11294416243654823
3 0.6867857142857143 0.567258883248731 0.025 0.07868020304568528
3 0.6607142857142857 0.3597715736040609 0.02 0.06218274111675127
3 0.6514285714285715 0.3013959390862944 0.022857142857142857 0.05203045685279188
3 0.6235714285714286 0.09771573604060914 0.018571428571428572 0.0532994923857868
3 0.6196428571428572 0.05710659898477157 0.015 0.04060913705583756
3 0.7935714285714286 0.13959390862944163 0.02142857142857143 0.04568527918781726
3 0.7821428571428571 0.10469543147208121 0.02142857142857143 0.03934010152284264
3 0.7414285714285714 0.03807106598984772 0.017142857142857144 0.04060913705583756
4 0.6682142857142858 0.030456852791878174 0.03214285714285714 0.03807106598984772
4 0.7132142857142857 0.26713197969543145 0.039285714285714285 0.05456852791878172
8 0.73 0.3819796954314721 0.05142857142857143 0.1598984771573604
0 0.6385714285714286 0.07296954314720812 0.007142857142857143 0.024111675126903553
0 0.9825 0.012055837563451776 0.007857142857142858 0.01903553299492386
3 0.9657142857142857 0.09200507614213198 0.022857142857142857 0.03426395939086294
3 0.9371428571428572 0.02982233502538071 0.022857142857142857 0.04187817258883249
3 0.92 0.027918781725888325 0.022857142857142857 0.030456852791878174
3 0.9039285714285714 0.018401015228426396 0.019285714285714285 0.031725888324873094
3 0.9767857142857143 0.07360406091370558 0.019285714285714285 0.027918781725888325
3 0.985 0.10025380710659898 0.024285714285714285 0.04060913705583756
3 0.9853571428571428 0.14911167512690354 0.019285714285714285 0.044416243654822336
3 0.9925 0.07931472081218274 0.015 0.02918781725888325
4 0.6107142857142858 0.5095177664974619 0.027142857142857142 0.0850253807106599
3 0.6153571428571428 0.025380710659898477 0.019285714285714285 0.03553299492385787