0 0.9415441176470588 0.22745098039215686 0.013970588235294118 0.047058823529411764
0 0.9113970588235294 0.22549019607843138 0.011029411764705883 0.0457516339869281
0 0.8823529411764706 0.20980392156862746 0.010294117647058823 0.048366013071895426
0 0.8003676470588236 0.33725490196078434 0.009558823529411765 0.05228758169934641
0 0.7922794117647058 0.338562091503268 0.008088235294117648 0.05228758169934641
0 0.7952205882352941 0.32483660130718955 0.008088235294117648 0.048366013071895426
0 0.7511029411764706 0.3235294117647059 0.009558823529411765 0.05359477124183006
0 0.7415441176470589 0.3241830065359477 0.008088235294117648 0.05751633986928104
0 0.75625 0.36209150326797385 0.008088235294117648 0.05228758169934641
0 0.6738970588235295 0.3104575163398693 0.009558823529411765 0.043137254901960784
0 0.6533088235294118 0.2875816993464052 0.008088235294117648 0.044444444444444446
0 0.7661764705882353 0.2150326797385621 0.008823529411764706 0.0457516339869281
0 0.7591911764705882 0.21045751633986928 0.009558823529411765 0.04183006535947712
0 0.631985294117647 0.2699346405228758 0.009558823529411765 0.043137254901960784
0 0.6286764705882353 0.20065359477124184 0.008823529411764706 0.048366013071895426
0 0.7709558823529412 0.373202614379085 0.0125 0.06143790849673202
1 0.7698529411764706 0.34967320261437906 0.007352941176470588 0.032679738562091505
1 0.6672794117647058 0.024183006535947713 0.008088235294117648 0.011764705882352941
9 0.6672794117647058 0.03529411764705882 0.006617647058823529 0.01568627450980392
0 0.5819852941176471 0.14444444444444443 0.009558823529411765 0.03529411764705882
0 0.5834558823529412 0.07973856209150326 0.005147058823529412 0.03137254901960784
0 0.5411764705882353 0.05816993464052288 0.007352941176470588 0.02483660130718954
1 0.5485294117647059 0.045098039215686274 0.0058823529411764705 0.022222222222222223
0 0.5235294117647059 0.1954248366013072 0.008823529411764706 0.040522875816993466
0 0.5029411764705882 0.1869281045751634 0.010294117647058823 0.044444444444444446
0 0.48198529411764707 0.18104575163398692 0.008088235294117648 0.040522875816993466
0 0.4727941176470588 0.1784313725490196 0.007352941176470588 0.040522875816993466
0 0.46139705882352944 0.18366013071895426 0.011029411764705883 0.03790849673202614
0 0.5253676470588236 0.19019607843137254 0.008088235294117648 0.0457516339869281
0 0.5102941176470588 0.15359477124183007 0.0058823529411764705 0.043137254901960784
0 0.5150735294117647 0.1522875816993464 0.008088235294117648 0.043137254901960784
0 0.5025735294117647 0.14967320261437908 0.011029411764705883 0.043137254901960784
0 0.48823529411764705 0.14444444444444443 0.010294117647058823 0.032679738562091505
0 0.43308823529411766 0.16143790849673204 0.008823529411764706 0.03790849673202614
0 0.44779411764705884 0.12679738562091503 0.007352941176470588 0.04183006535947712
0 0.43970588235294117 0.12549019607843137 0.010294117647058823 0.044444444444444446
0 0.41507352941176473 0.1980392156862745 0.008088235294117648 0.03790849673202614
0 0.40955882352941175 0.20392156862745098 0.011764705882352941 0.036601307189542485
0 0.39705882352941174 0.169281045751634 0.013235294117647059 0.043137254901960784
0 0.4007352941176471 0.17647058823529413 0.0058823529411764705 0.02875816993464052
1 0.4261029411764706 0.10392156862745099 0.008088235294117648 0.030065359477124184
1 0.4073529411764706 0.08954248366013072 0.008823529411764706 0.022222222222222223
0 0.3941176470588235 0.1287581699346405 0.007352941176470588 0.040522875816993466
0 0.38125 0.14575163398692811 0.006617647058823529 0.032679738562091505
0 0.3827205882352941 0.12352941176470589 0.006617647058823529 0.03790849673202614
0 0.3639705882352941 0.05555555555555555 0.007352941176470588 0.030065359477124184
0 0.3536764705882353 0.06013071895424837 0.008823529411764706 0.03137254901960784
0 0.3246323529411765 0.052941176470588235 0.008088235294117648 0.027450980392156862
0 0.31323529411764706 0.06862745098039216 0.007352941176470588 0.032679738562091505
0 0.30808823529411766 0.06601307189542484 0.007352941176470588 0.03529411764705882
0 0.2823529411764706 0.06405228758169934 0.0058823529411764705 0.03137254901960784
0 0.07904411764705882 0.1300653594771242 0.011029411764705883 0.03790849673202614
0 0.09264705882352942 0.12483660130718954 0.008823529411764706 0.03790849673202614
0 0.08345588235294117 0.12745098039215685 0.008088235294117648 0.03529411764705882
0 0.1025735294117647 0.12352941176470589 0.013970588235294118 0.03790849673202614
0 0.1213235294117647 0.06535947712418301 0.007352941176470588 0.03398692810457516
0 0.14852941176470588 0.06209150326797386 0.004411764705882353 0.030065359477124184
0 0.15404411764705883 0.06470588235294118 0.005147058823529412 0.030065359477124184
0 0.15514705882352942 0.06013071895424837 0.0058823529411764705 0.03137254901960784
0 0.16176470588235295 0.060784313725490195 0.010294117647058823 0.032679738562091505
0 0.16066176470588237 0.06209150326797386 0.006617647058823529 0.030065359477124184
0 0.14411764705882352 0.12483660130718954 0.010294117647058823 0.03790849673202614
0 0.14154411764705882 0.16405228758169935 0.009558823529411765 0.03790849673202614
0 0.15441176470588236 0.16405228758169935 0.008823529411764706 0.03529411764705882
0 0.17095588235294118 0.15816993464052287 0.011029411764705883 0.036601307189542485
1 0.015073529411764706 0.07124183006535947 0.006617647058823529 0.01699346405228758
1 0.01948529411764706 0.0718954248366013 0.008088235294117648 0.01568627450980392
0 0.23088235294117648 0.1065359477124183 0.010294117647058823 0.040522875816993466
0 0.2338235294117647 0.12156862745098039 0.007352941176470588 0.03137254901960784
0 0.23933823529411766 0.12156862745098039 0.009558823529411765 0.03398692810457516
0 0.24779411764705883 0.12156862745098039 0.007352941176470588 0.036601307189542485
0 0.2731617647058823 0.11764705882352941 0.006617647058823529 0.03398692810457516
0 0.2757352941176471 0.11830065359477124 0.007352941176470588 0.03529411764705882
0 0.28125 0.12026143790849673 0.008088235294117648 0.03137254901960784
0 0.2867647058823529 0.11960784313725491 0.004411764705882353 0.030065359477124184
0 0.2893382352941177 0.12352941176470589 0.006617647058823529 0.03790849673202614
0 0.29411764705882354 0.12026143790849673 0.0058823529411764705 0.03398692810457516
0 0.2988970588235294 0.11633986928104575 0.006617647058823529 0.03398692810457516
0 0.2926470588235294 0.11568627450980393 0.004411764705882353 0.03529411764705882
0 0.28161764705882353 0.10261437908496732 0.004411764705882353 0.03790849673202614
0 0.2893382352941177 0.10130718954248366 0.006617647058823529 0.032679738562091505
0 0.2959558823529412 0.10261437908496732 0.005147058823529412 0.027450980392156862
0 0.3044117647058823 0.11895424836601307 0.0058823529411764705 0.03137254901960784
0 0.30919117647058825 0.12287581699346405 0.006617647058823529 0.03398692810457516
0 0.3176470588235294 0.12483660130718954 0.008823529411764706 0.03529411764705882
0 0.3246323529411765 0.1261437908496732 0.005147058823529412 0.03529411764705882
0 0.33897058823529413 0.12091503267973856 0.007352941176470588 0.03529411764705882
0 0.35441176470588237 0.11830065359477124 0.0058823529411764705 0.032679738562091505
0 0.3551470588235294 0.11503267973856209 0.007352941176470588 0.03137254901960784
0 0.33933823529411766 0.11699346405228758 0.008088235294117648 0.032679738562091505
0 0.32316176470588237 0.11633986928104575 0.005147058823529412 0.03398692810457516
0 0.3297794117647059 0.11633986928104575 0.008088235294117648 0.0392156862745098
0 0.3397058823529412 0.10588235294117647 0.010294117647058823 0.0392156862745098
0 0.5338235294117647 0.06274509803921569 0.0058823529411764705 0.02875816993464052