5 0.9595588235294118 0.6555555555555556 0.08088235294117647 0.12941176470588237
5 0.8297794117647059 0.6647058823529411 0.09485294117647058 0.1111111111111111
5 0.6389705882352941 0.6385620915032679 0.06323529411764706 0.09281045751633987
5 0.5430147058823529 0.5366013071895425 0.06838235294117648 0.06405228758169934
5 0.49558823529411766 0.48562091503267973 0.041176470588235294 0.050980392156862744
5 0.2650735294117647 0.49607843137254903 0.02426470588235294 0.058823529411764705
5 0.2988970588235294 0.7477124183006536 0.06397058823529411 0.15163398692810456
5 0.2011029411764706 0.6124183006535948 0.09779411764705882 0.08235294117647059
6 0.18125 0.6673202614379085 0.03602941176470588 0.048366013071895426
3 0.01948529411764706 0.6359477124183006 0.03897058823529412 0.0457516339869281
0 0.11323529411764706 0.611764705882353 0.013235294117647059 0.047058823529411764
0 0.12941176470588237 0.6104575163398693 0.011764705882352941 0.04967320261437908
0 0.13933823529411765 0.611764705882353 0.009558823529411765 0.044444444444444446
0 0.05330882352941176 0.7071895424836602 0.015441176470588236 0.06013071895424837
0 0.028308823529411765 0.6973856209150326 0.009558823529411765 0.0457516339869281
0 0.034926470588235295 0.7019607843137254 0.009558823529411765 0.047058823529411764
0 0.35919117647058824 0.6287581699346405 0.011029411764705883 0.047058823529411764
0 0.5022058823529412 0.5856209150326798 0.011764705882352941 0.044444444444444446
0 0.64375 0.5888888888888889 0.0125 0.03529411764705882
0 0.8650735294117647 0.6431372549019608 0.011029411764705883 0.0392156862745098