8 0.6260714285714286 0.7988578680203046 0.03357142857142857 0.13071065989847716
8 0.48 0.5691624365482234 0.03142857142857143 0.08756345177664974
3 0.4657142857142857 0.5996192893401016 0.012857142857142857 0.0266497461928934
3 0.45571428571428574 0.567258883248731 0.014285714285714285 0.025380710659898477
3 0.4032142857142857 0.5139593908629442 0.02214285714285714 0.02284263959390863
3 0.2546428571428571 0.5444162436548223 0.023571428571428573 0.02284263959390863
3 0.35035714285714287 0.39276649746192893 0.012142857142857143 0.01649746192893401
3 0.5171428571428571 0.43147208121827413 0.015714285714285715 0.02030456852791878
3 0.41214285714285714 0.45558375634517767 0.018571428571428572 0.015228426395939087
3 0.4089285714285714 0.34073604060913704 0.015 0.01649746192893401
3 0.36607142857142855 0.3293147208121827 0.012142857142857143 0.013959390862944163
3 0.33035714285714285 0.3147208121827411 0.013571428571428571 0.015228426395939087
3 0.6142857142857143 0.233502538071066 0.012857142857142857 0.012690355329949238
3 0.4039285714285714 0.3686548223350254 0.013571428571428571 0.021573604060913704
3 0.4032142857142857 0.35215736040609136 0.012142857142857143 0.01649746192893401
3 0.38642857142857145 0.36928934010152287 0.012857142857142857 0.017766497461928935
3 0.3653571428571429 0.35786802030456855 0.012142857142857143 0.02030456852791878
3 0.39714285714285713 0.4003807106598985 0.012857142857142857 0.021573604060913704
3 0.3732142857142857 0.4263959390862944 0.015 0.017766497461928935
3 0.4207142857142857 0.39213197969543145 0.011428571428571429 0.017766497461928935
3 0.39107142857142857 0.3546954314720812 0.012142857142857143 0.01903553299492386
3 0.3925 0.3426395939086294 0.012142857142857143 0.017766497461928935
3 0.30214285714285716 0.29251269035532995 0.012857142857142857 0.01649746192893401
3 0.3360714285714286 0.3102791878172589 0.013571428571428571 0.013959390862944163
3 0.3482142857142857 0.32550761421319796 0.010714285714285714 0.01649746192893401
3 0.3525 0.3166243654822335 0.013571428571428571 0.01649746192893401
4 0.37535714285714283 0.35152284263959394 0.010714285714285714 0.02284263959390863
4 0.38 0.33946700507614214 0.011428571428571429 0.01903553299492386
4 0.3846428571428571 0.3819796954314721 0.012142857142857143 0.02030456852791878
4 0.41214285714285714 0.3953045685279188 0.014285714285714285 0.0266497461928934
8 0.3517857142857143 0.34073604060913704 0.017857142857142856 0.02918781725888325
8 0.31142857142857144 0.282994923857868 0.018571428571428572 0.02284263959390863
4 0.3 0.5152284263959391 0.018571428571428572 0.02030456852791878
8 0.3532142857142857 0.5114213197969543 0.029285714285714286 0.030456852791878174
8 0.43357142857142855 0.38261421319796957 0.02 0.03426395939086294
8 0.41785714285714287 0.36421319796954316 0.02 0.03299492385786802
4 0.5767857142857142 0.32741116751269034 0.010714285714285714 0.02030456852791878
3 0.21142857142857144 0.23921319796954316 0.011428571428571429 0.013959390862944163
3 0.2814285714285714 0.2703045685279188 0.012857142857142857 0.015228426395939087
3 0.2735714285714286 0.21890862944162437 0.005714285714285714 0.01649746192893401