5 0.10964285714285714 0.28109137055837563 0.11642857142857142 0.2956852791878173
3 0.018214285714285714 0.25761421319796957 0.03642857142857143 0.12944162436548223
3 0.12357142857142857 0.07677664974619289 0.05 0.09517766497461928
0 0.3657142857142857 0.7741116751269036 0.012857142857142857 0.03553299492385787
0 0.595 0.8724619289340102 0.011428571428571429 0.044416243654822336
0 0.5882142857142857 0.6294416243654822 0.007857142857142858 0.03299492385786802
0 0.4203571428571429 0.6643401015228426 0.012142857142857143 0.03680203045685279
0 0.42392857142857143 0.6560913705583756 0.012142857142857143 0.04060913705583756
0 0.515 0.3286802030456853 0.01 0.03807106598984772
1 0.49607142857142855 0.2703045685279188 0.013571428571428571 0.03299492385786802
0 0.20607142857142857 0.4156091370558376 0.019285714285714285 0.03426395939086294
0 0.25607142857142856 0.3546954314720812 0.009285714285714286 0.031725888324873094
1 0.4367857142857143 0.2233502538071066 0.012142857142857143 0.017766497461928935
1 0.42607142857142855 0.24111675126903553 0.009285714285714286 0.017766497461928935
0 0.28714285714285714 0.13959390862944163 0.008571428571428572 0.03299492385786802
0 0.2739285714285714 0.04885786802030457 0.012142857142857143 0.031725888324873094
1 0.48892857142857143 0.0583756345177665 0.012142857142857143 0.02030456852791878
1 0.49142857142857144 0.1700507614213198 0.012857142857142857 0.03553299492385787
0 0.48142857142857143 0.01649746192893401 0.008571428571428572 0.025380710659898477
1 0.44535714285714284 0.037436548223350255 0.009285714285714286 0.01649746192893401
0 0.425 0.008883248730964468 0.002857142857142857 0.017766497461928935
1 0.48964285714285716 0.05266497461928934 0.009285714285714286 0.021573604060913704
0 0.31285714285714283 0.22525380710659898 0.01 0.021573604060913704
0 0.5335714285714286 0.9879441624365483 0.015714285714285715 0.021573604060913704
0 0.5482142857142858 0.9892131979695431 0.016428571428571428 0.01903553299492386
1 0.4253571428571429 0.22461928934010153 0.012142857142857143 0.015228426395939087