3 0.054044117647058826 0.5437908496732026 0.05073529411764706 0.0392156862745098
3 0.08676470588235294 0.8261437908496732 0.06323529411764706 0.11503267973856209
3 0.15 0.6686274509803921 0.041176470588235294 0.07973856209150326
3 0.15551470588235294 0.6071895424836601 0.03308823529411765 0.048366013071895426
3 0.17830882352941177 0.5418300653594771 0.02426470588235294 0.040522875816993466
3 0.21838235294117647 0.5856209150326798 0.026470588235294117 0.047058823529411764
4 0.21066176470588235 0.6581699346405229 0.030147058823529412 0.07973856209150326
3 0.19669117647058823 0.47908496732026146 0.01838235294117647 0.0457516339869281
3 0.2161764705882353 0.4503267973856209 0.020588235294117647 0.030065359477124184
3 0.1922794117647059 0.4366013071895425 0.021323529411764706 0.026143790849673203
3 0.12794117647058822 0.538562091503268 0.05588235294117647 0.036601307189542485
3 0.20073529411764707 0.3895424836601307 0.016176470588235296 0.02091503267973856
3 0.2323529411764706 0.3254901960784314 0.010294117647058823 0.018300653594771243
3 0.2172794117647059 0.3516339869281046 0.0125 0.02091503267973856
3 0.2676470588235294 0.3359477124183007 0.010294117647058823 0.013071895424836602
3 0.30661764705882355 0.3803921568627451 0.027941176470588237 0.026143790849673203
3 0.3382352941176471 0.39019607843137255 0.027941176470588237 0.0196078431372549
3 0.05183823529411765 0.615686274509804 0.04044117647058824 0.06535947712418301
6 0.10110294117647059 0.5575163398692811 0.05955882352941176 0.03790849673202614
3 0.026470588235294117 0.4718954248366013 0.041176470588235294 0.026143790849673203
3 0.09669117647058824 0.4542483660130719 0.04044117647058824 0.032679738562091505
3 0.021691176470588235 0.3764705882352941 0.03161764705882353 0.018300653594771243
3 0.027205882352941177 0.36797385620915035 0.030882352941176472 0.0196078431372549
5 0.23308823529411765 0.25947712418300656 0.01764705882352941 0.030065359477124184
5 0.10735294117647058 0.31241830065359477 0.06323529411764706 0.04183006535947712
5 0.6753676470588236 0.3202614379084967 0.016911764705882352 0.036601307189542485
8 0.6952205882352941 0.4745098039215686 0.03455882352941177 0.07320261437908497
8 0.8158088235294118 0.48169934640522877 0.05514705882352941 0.06143790849673202
3 0.9691176470588235 0.8450980392156863 0.061764705882352944 0.08496732026143791
3 0.7852941176470588 0.4418300653594771 0.03676470588235294 0.026143790849673203
3 0.6610294117647059 0.3568627450980392 0.008823529411764706 0.01045751633986928
3 0.6863970588235294 0.3542483660130719 0.008088235294117648 0.018300653594771243
3 0.580514705882353 0.4287581699346405 0.03161764705882353 0.018300653594771243
3 0.5099264705882353 0.4091503267973856 0.027205882352941177 0.018300653594771243
3 0.3875 0.4176470588235294 0.03529411764705882 0.0196078431372549
3 0.39301470588235293 0.40326797385620916 0.022794117647058822 0.0196078431372549
3 0.4455882352941177 0.4143790849673203 0.027941176470588237 0.018300653594771243
3 0.46139705882352944 0.4065359477124183 0.02426470588235294 0.02091503267973856
9 0.4823529411764706 0.3993464052287582 0.007352941176470588 0.011764705882352941
4 0.5632352941176471 0.4150326797385621 0.033823529411764704 0.02483660130718954
4 0.5852941176470589 0.396078431372549 0.025 0.023529411764705882
4 0.763235294117647 0.36470588235294116 0.01911764705882353 0.01568627450980392
3 0.10882352941176471 0.4013071895424837 0.016176470588235296 0.03137254901960784
0 0.17316176470588235 0.3993464052287582 0.005147058823529412 0.027450980392156862
0 0.18125 0.39869281045751637 0.005147058823529412 0.023529411764705882
0 0.1323529411764706 0.4620915032679739 0.0058823529411764705 0.022222222222222223
3 0.24632352941176472 0.2934640522875817 0.008823529411764706 0.01699346405228758
3 0.24889705882352942 0.27647058823529413 0.008088235294117648 0.01437908496732026
2 0.13713235294117648 0.465359477124183 0.005147058823529412 0.018300653594771243
0 0.50625 0.6294117647058823 0.003676470588235294 0.032679738562091505
3 0.6875 0.32483660130718955 0.008823529411764706 0.0196078431372549
0 0.7047794117647059 0.3352941176470588 0.003676470588235294 0.01437908496732026
3 0.725 0.3281045751633987 0.010294117647058823 0.01568627450980392
3 0.7444852941176471 0.31895424836601305 0.013970588235294118 0.013071895424836602
5 0.7400735294117647 0.2980392156862745 0.03602941176470588 0.03137254901960784
3 0.7297794117647058 0.3196078431372549 0.015441176470588236 0.01699346405228758
1 0.27794117647058825 0.36405228758169933 0.0058823529411764705 0.01699346405228758
9 0.2775735294117647 0.36993464052287583 0.006617647058823529 0.013071895424836602
3 0.3202205882352941 0.338562091503268 0.013970588235294118 0.023529411764705882
3 0.3235294117647059 0.29934640522875816 0.010294117647058823 0.013071895424836602
3 0.27647058823529413 0.3058823529411765 0.010294117647058823 0.013071895424836602
6 0.2610294117647059 0.27450980392156865 0.007352941176470588 0.01045751633986928
0 0.07720588235294118 0.46862745098039216 0.0058823529411764705 0.02483660130718954
0 0.07389705882352941 0.4627450980392157 0.005147058823529412 0.02875816993464052
0 0.18933823529411764 0.37712418300653594 0.005147058823529412 0.0196078431372549
5 0.2275735294117647 0.2830065359477124 0.013970588235294118 0.03529411764705882
3 0.18198529411764705 0.33986928104575165 0.01838235294117647 0.018300653594771243
3 0.14375 0.3111111111111111 0.01838235294117647 0.018300653594771243
3 0.21764705882352942 0.3032679738562091 0.008823529411764706 0.01568627450980392
3 0.15 0.34444444444444444 0.010294117647058823 0.01699346405228758
3 0.1827205882352941 0.330718954248366 0.01838235294117647 0.01568627450980392
3 0.3205882352941177 0.2823529411764706 0.007352941176470588 0.01045751633986928
3 0.2875 0.3 0.008823529411764706 0.011764705882352941
3 0.28713235294117645 0.28888888888888886 0.008088235294117648 0.01045751633986928
0 0.30220588235294116 0.361437908496732 0.004411764705882353 0.0196078431372549
8 0.6977941176470588 0.3673202614379085 0.016176470588235296 0.03137254901960784
5 0.9529411764705882 0.46339869281045754 0.03676470588235294 0.03529411764705882