0 0.9680147058823529 0.9052287581699346 0.025735294117647058 0.07450980392156863
5 0.9128676470588235 0.9490196078431372 0.06838235294117648 0.10196078431372549
1 0.7698529411764706 0.9111111111111111 0.013235294117647059 0.044444444444444446
4 0.7650735294117647 0.8699346405228758 0.08014705882352942 0.12679738562091503
3 0.38786764705882354 0.9660130718954248 0.06544117647058824 0.06797385620915032
4 0.033823529411764704 0.9745098039215686 0.0661764705882353 0.050980392156862744
1 0.46875 0.9117647058823529 0.021323529411764706 0.048366013071895426
9 0.46875 0.9405228758169935 0.01838235294117647 0.07973856209150326
3 0.6106617647058824 0.7398692810457517 0.05073529411764706 0.10457516339869281
1 0.45330882352941176 0.7607843137254902 0.015441176470588236 0.05228758169934641
9 0.45294117647058824 0.7784313725490196 0.013235294117647059 0.058823529411764705
0 0.736764705882353 0.3993464052287582 0.0058823529411764705 0.032679738562091505
0 0.774264705882353 0.396078431372549 0.0058823529411764705 0.03398692810457516
0 0.6816176470588236 0.39477124183006534 0.007352941176470588 0.036601307189542485
0 0.674264705882353 0.39673202614379083 0.0058823529411764705 0.03790849673202614
0 0.6676470588235294 0.3934640522875817 0.0058823529411764705 0.036601307189542485
3 0.3977941176470588 0.6647058823529411 0.04411764705882353 0.09281045751633987
4 0.4102941176470588 0.5535947712418301 0.03235294117647059 0.07973856209150326
0 0.3886029411764706 0.5542483660130719 0.011029411764705883 0.047058823529411764
3 0.27058823529411763 0.7352941176470589 0.060294117647058824 0.11895424836601307
3 0.13823529411764707 0.657516339869281 0.08823529411764706 0.07058823529411765
4 0.2827205882352941 0.5261437908496732 0.03602941176470588 0.07450980392156863
9 0.14779411764705883 0.4875816993464052 0.022058823529411766 0.026143790849673203
4 0.21911764705882353 0.5130718954248366 0.07647058823529412 0.06143790849673202
0 0.19117647058823528 0.4477124183006536 0.008823529411764706 0.040522875816993466
0 0.20220588235294118 0.4470588235294118 0.010294117647058823 0.0392156862745098
4 0.23088235294117648 0.4300653594771242 0.030882352941176472 0.054901960784313725
6 0.23455882352941176 0.4666666666666667 0.020588235294117647 0.03137254901960784
9 0.20441176470588235 0.3908496732026144 0.014705882352941176 0.023529411764705882
6 0.22095588235294117 0.36993464052287583 0.011029411764705883 0.02091503267973856
0 0.2474264705882353 0.31633986928104574 0.003676470588235294 0.023529411764705882
2 0.23933823529411766 0.3281045751633987 0.008088235294117648 0.018300653594771243
2 0.25735294117647056 0.3156862745098039 0.007352941176470588 0.01437908496732026
0 0.26029411764705884 0.3084967320261438 0.0058823529411764705 0.018300653594771243
0 0.5944852941176471 0.23660130718954248 0.003676470588235294 0.023529411764705882
0 0.6040441176470588 0.23071895424836603 0.003676470588235294 0.02483660130718954
3 0.59375 0.19934640522875818 0.021323529411764706 0.01699346405228758
5 0.5838235294117647 0.1843137254901961 0.020588235294117647 0.018300653594771243
1 0.5797794117647059 0.3437908496732026 0.006617647058823529 0.02091503267973856
2 0.5794117647058824 0.3542483660130719 0.007352941176470588 0.026143790849673203
3 0.549264705882353 0.38300653594771245 0.020588235294117647 0.03398692810457516
4 0.5113970588235294 0.3058823529411765 0.015441176470588236 0.03137254901960784
3 0.45625 0.2281045751633987 0.0125 0.0196078431372549
3 0.5095588235294117 0.2581699346405229 0.013235294117647059 0.022222222222222223
3 0.5158088235294118 0.23137254901960785 0.0125 0.02091503267973856
1 0.5371323529411764 0.21633986928104576 0.003676470588235294 0.011764705882352941
9 0.5371323529411764 0.22156862745098038 0.005147058823529412 0.011764705882352941
1 0.5191176470588236 0.18823529411764706 0.004411764705882353 0.01045751633986928
9 0.5194852941176471 0.19411764705882353 0.0022058823529411764 0.011764705882352941
1 0.5198529411764706 0.20784313725490197 0.0029411764705882353 0.01045751633986928
9 0.5191176470588236 0.21241830065359477 0.004411764705882353 0.011764705882352941
0 0.4308823529411765 0.2496732026143791 0.004411764705882353 0.023529411764705882
0 0.4389705882352941 0.23071895424836603 0.0029411764705882353 0.01699346405228758
1 0.46433823529411766 0.17647058823529413 0.003676470588235294 0.01045751633986928
9 0.46433823529411766 0.1830065359477124 0.0022058823529411764 0.01045751633986928
4 0.4959558823529412 0.18758169934640523 0.008088235294117648 0.0196078431372549
3 0.49816176470588236 0.17254901960784313 0.008088235294117648 0.013071895424836602
3 0.5055147058823529 0.16601307189542483 0.006617647058823529 0.013071895424836602
3 0.5 0.15098039215686274 0.0058823529411764705 0.011764705882352941
7 0.49816176470588236 0.13333333333333333 0.005147058823529412 0.013071895424836602
3 0.49522058823529413 0.12549019607843137 0.005147058823529412 0.00784313725490196
3 0.48676470588235293 0.1503267973856209 0.008823529411764706 0.01045751633986928
3 0.4863970588235294 0.13529411764705881 0.006617647058823529 0.009150326797385621
5 0.4852941176470588 0.12745098039215685 0.0058823529411764705 0.009150326797385621
5 0.4698529411764706 0.13137254901960785 0.008823529411764706 0.01699346405228758
3 0.4698529411764706 0.1411764705882353 0.007352941176470588 0.01045751633986928
3 0.47316176470588234 0.1568627450980392 0.008088235294117648 0.013071895424836602
3 0.4672794117647059 0.16339869281045752 0.008088235294117648 0.01568627450980392
3 0.4511029411764706 0.1392156862745098 0.006617647058823529 0.011764705882352941
3 0.44779411764705884 0.15947712418300652 0.008823529411764706 0.013071895424836602
0 0.3452205882352941 0.3405228758169935 0.005147058823529412 0.022222222222222223
0 0.3547794117647059 0.3196078431372549 0.005147058823529412 0.02483660130718954
3 0.32830882352941176 0.31633986928104574 0.019852941176470587 0.026143790849673203
3 0.30367647058823527 0.3183006535947712 0.022058823529411766 0.032679738562091505
6 0.2878676470588235 0.2901960784313726 0.021323529411764706 0.02091503267973856
0 0.2911764705882353 0.2849673202614379 0.0058823529411764705 0.023529411764705882
4 0.3323529411764706 0.25098039215686274 0.03676470588235294 0.02875816993464052
6 0.3095588235294118 0.2411764705882353 0.004411764705882353 0.011764705882352941
2 0.30919117647058825 0.2529411764705882 0.013970588235294118 0.01437908496732026
0 0.2948529411764706 0.24705882352941178 0.0029411764705882353 0.02091503267973856
4 0.38088235294117645 0.17973856209150327 0.022058823529411766 0.01437908496732026
3 0.3801470588235294 0.19084967320261437 0.023529411764705882 0.013071895424836602
3 0.39080882352941176 0.17450980392156862 0.019852941176470587 0.011764705882352941
3 0.39301470588235293 0.16993464052287582 0.019852941176470587 0.013071895424836602
3 0.3588235294117647 0.17450980392156862 0.022058823529411766 0.011764705882352941
0 0.35404411764705884 0.2019607843137255 0.003676470588235294 0.01437908496732026
0 0.3492647058823529 0.20326797385620915 0.004411764705882353 0.01699346405228758