5 0.21268267223382045 0.23144712430426717 0.05793319415448852 0.08998144712430427
4 0.3235908141962422 0.26669758812615957 0.027139874739039668 0.05473098330241188
9 0.3442066805845512 0.30890538033395176 0.019311064718162838 0.025974025974025976
5 0.4329331941544885 0.7184601113172542 0.06210855949895616 0.1790352504638219
7 0.5093945720250522 0.5561224489795918 0.020876826722338204 0.075139146567718
0 0.5331419624217119 0.564935064935065 0.010960334029227558 0.04267161410018553
4 0.5631524008350731 0.12105751391465677 0.012526096033402923 0.026901669758812616
3 0.5334029227557411 0.036641929499072357 0.009394572025052192 0.015769944341372914
5 0.6098643006263048 0.5598330241187384 0.031837160751565764 0.10111317254174397
0 0.6234342379958246 0.7602040816326531 0.014091858037578288 0.05102040816326531
0 0.6383089770354906 0.8868274582560297 0.011482254697286013 0.04267161410018553
6 0.6312630480167014 0.8905380333951762 0.042275574112734866 0.08163265306122448
6 0.75 0.6131725417439703 0.06263048016701461 0.05380333951762523
6 0.6842379958246346 0.48840445269016697 0.028183716075156576 0.041743970315398886
6 0.6617954070981211 0.18181818181818182 0.020876826722338204 0.02411873840445269
9 0.6657098121085595 0.5454545454545454 0.009916492693110648 0.04267161410018553
0 0.5404488517745303 0.019016697588126158 0.004697286012526096 0.012059369202226345
0 0.5477557411273486 0.01020408163265306 0.0015657620041753654 0.00927643784786642
2 0.5485386221294363 0.015306122448979591 0.0041753653444676405 0.008348794063079777
1 0.4848643006263048 0.6433209647495362 0.008350730688935281 0.038033395176252316
9 0.48512526096033404 0.6516697588126159 0.010960334029227558 0.04359925788497217