1 0.03333333333333333 0.8583333333333333 0.013541666666666667 0.040740740740740744
2 0.03307291666666667 0.8819444444444444 0.0203125 0.041666666666666664
1 0.04973958333333333 0.9064814814814814 0.015104166666666667 0.05
2 0.048177083333333336 0.9254629629629629 0.015104166666666667 0.03981481481481482
0 0.06796875 0.6662037037037037 0.0078125 0.03981481481481482
0 0.059895833333333336 0.6671296296296296 0.00625 0.03611111111111111
0 0.0609375 0.6805555555555556 0.007291666666666667 0.04259259259259259
1 0.061197916666666664 0.7712962962962963 0.013020833333333334 0.04259259259259259
2 0.06171875 0.7916666666666666 0.015104166666666667 0.03333333333333333
1 0.090625 0.7157407407407408 0.011458333333333333 0.03148148148148148
2 0.09114583333333333 0.7342592592592593 0.013541666666666667 0.02962962962962963
1 0.10729166666666666 0.7337962962962963 0.010416666666666666 0.03981481481481482
2 0.10885416666666667 0.7481481481481481 0.014583333333333334 0.02962962962962963
3 0.33645833333333336 0.8726851851851852 0.041666666666666664 0.11018518518518519
3 0.4434895833333333 0.9564814814814815 0.0484375 0.08703703703703704
3 0.47682291666666665 0.8625 0.04635416666666667 0.08425925925925926
3 0.5296875 0.8666666666666667 0.04895833333333333 0.08333333333333333
3 0.50390625 0.7712962962962963 0.04114583333333333 0.06666666666666667
3 0.41328125 0.7851851851851852 0.03802083333333333 0.07407407407407407
3 0.46015625 0.6569444444444444 0.030729166666666665 0.04537037037037037
3 0.42734375 0.6787037037037037 0.030729166666666665 0.05
3 0.3802083333333333 0.6296296296296297 0.028125 0.046296296296296294
3 0.4283854166666667 0.549074074074074 0.025520833333333333 0.04259259259259259
4 0.3958333333333333 0.5398148148148149 0.023958333333333335 0.040740740740740744
3 0.36614583333333334 0.5375 0.021875 0.03425925925925926
8 0.21302083333333333 0.5986111111111111 0.04583333333333333 0.14907407407407408
8 0.4205729166666667 0.44814814814814813 0.034895833333333334 0.07222222222222222
3 0.39791666666666664 0.4652777777777778 0.020833333333333332 0.030555555555555555
3 0.39010416666666664 0.4351851851851852 0.015625 0.025925925925925925
3 0.37005208333333334 0.44351851851851853 0.018229166666666668 0.03148148148148148
3 0.34713541666666664 0.449537037037037 0.016145833333333335 0.025
3 0.3536458333333333 0.4875 0.01875 0.032407407407407406
3 0.346875 0.4217592592592593 0.015625 0.023148148148148147
3 0.37578125 0.4027777777777778 0.0140625 0.020370370370370372
3 0.3359375 0.3912037037037037 0.013541666666666667 0.019444444444444445
8 0.3919270833333333 0.38333333333333336 0.024479166666666666 0.04259259259259259
3 0.3692708333333333 0.3800925925925926 0.013541666666666667 0.021296296296296296
3 0.34739583333333335 0.36527777777777776 0.011458333333333333 0.017592592592592594
3 0.36328125 0.36527777777777776 0.011979166666666667 0.01574074074074074
3 0.26979166666666665 0.4083333333333333 0.013541666666666667 0.024074074074074074
3 0.2877604166666667 0.3592592592592593 0.011979166666666667 0.018518518518518517
8 0.32890625 0.3365740740740741 0.0171875 0.041666666666666664
3 0.34427083333333336 0.3435185185185185 0.010416666666666666 0.016666666666666666
3 0.35494791666666664 0.3333333333333333 0.009895833333333333 0.014814814814814815
3 0.36171875 0.34953703703703703 0.009895833333333333 0.013888888888888888
3 0.34739583333333335 0.3143518518518518 0.010416666666666666 0.013888888888888888
3 0.3346354166666667 0.31574074074074077 0.009895833333333333 0.014814814814814815
8 0.3776041666666667 0.3416666666666667 0.025 0.04814814814814815
8 0.35260416666666666 0.2810185185185185 0.014583333333333334 0.028703703703703703
3 0.27369791666666665 0.30185185185185187 0.008854166666666666 0.012962962962962963
3 0.31744791666666666 0.3013888888888889 0.008854166666666666 0.012037037037037037
3 0.3263020833333333 0.2972222222222222 0.008854166666666666 0.011111111111111112
3 0.31666666666666665 0.2865740740740741 0.008333333333333333 0.013888888888888888
3 0.3385416666666667 0.2851851851851852 0.007291666666666667 0.011111111111111112
3 0.33619791666666665 0.28055555555555556 0.0078125 0.011111111111111112
3 0.34479166666666666 0.2712962962962963 0.005208333333333333 0.009259259259259259
3 0.3338541666666667 0.2708333333333333 0.007291666666666667 0.010185185185185186
3 0.3341145833333333 0.2763888888888889 0.0078125 0.008333333333333333
3 0.2765625 0.27546296296296297 0.007291666666666667 0.012037037037037037
3 0.3046875 0.2722222222222222 0.007291666666666667 0.011111111111111112
3 0.31302083333333336 0.2662037037037037 0.00625 0.010185185185185186
3 0.32421875 0.27361111111111114 0.0067708333333333336 0.010185185185185186
3 0.3223958333333333 0.2657407407407407 0.00625 0.009259259259259259
3 0.33203125 0.26342592592592595 0.0067708333333333336 0.012037037037037037
3 0.28984375 0.25555555555555554 0.005729166666666666 0.009259259259259259
3 0.28359375 0.2523148148148148 0.005729166666666666 0.010185185185185186
3 0.31354166666666666 0.24768518518518517 0.005208333333333333 0.008333333333333333
3 0.32265625 0.25833333333333336 0.005729166666666666 0.009259259259259259
3 0.3307291666666667 0.2574074074074074 0.00625 0.009259259259259259
3 0.32265625 0.25277777777777777 0.0046875 0.007407407407407408
3 0.3299479166666667 0.24953703703703703 0.0036458333333333334 0.006481481481481481
3 0.32083333333333336 0.24675925925925926 0.005208333333333333 0.010185185185185186
3 0.3302083333333333 0.2439814814814815 0.005208333333333333 0.008333333333333333
3 0.32734375 0.23981481481481481 0.0046875 0.007407407407407408
3 0.33307291666666666 0.24027777777777778 0.0046875 0.008333333333333333
3 0.28854166666666664 0.2361111111111111 0.004166666666666667 0.007407407407407408
3 0.29322916666666665 0.24027777777777778 0.005208333333333333 0.008333333333333333
3 0.30807291666666664 0.2361111111111111 0.0046875 0.007407407407407408
3 0.31328125 0.24212962962962964 0.005729166666666666 0.008333333333333333
3 0.2890625 0.2273148148148148 0.004166666666666667 0.006481481481481481
3 0.2864583333333333 0.225 0.004166666666666667 0.007407407407407408
3 0.29583333333333334 0.22546296296296298 0.004166666666666667 0.006481481481481481
8 0.3296875 0.22916666666666666 0.008333333333333333 0.017592592592592594
3 0.32057291666666665 0.24027777777777778 0.0046875 0.008333333333333333
3 0.3138020833333333 0.23842592592592593 0.0046875 0.006481481481481481
4 0.2747395833333333 0.25277777777777777 0.005729166666666666 0.009259259259259259
3 0.31354166666666666 0.23425925925925925 0.004166666666666667 0.005555555555555556
3 0.31953125 0.2324074074074074 0.0046875 0.005555555555555556
3 0.3216145833333333 0.23564814814814813 0.0036458333333333334 0.006481481481481481
3 0.33567708333333335 0.2273148148148148 0.0046875 0.008333333333333333
3 0.3143229166666667 0.2300925925925926 0.0046875 0.006481481481481481
3 0.31484375 0.225 0.0046875 0.005555555555555556
4 0.32135416666666666 0.22592592592592592 0.005208333333333333 0.009259259259259259
5 0.0421875 0.6527777777777778 0.07708333333333334 0.15