3 0.1174321503131524 0.310760667903525 0.024008350730688934 0.04081632653061224
3 0.12630480167014613 0.2717996289424861 0.018789144050104383 0.04081632653061224
6 0.2160751565762004 0.426252319109462 0.014613778705636743 0.05102040816326531
5 0.23434237995824633 0.44109461966604824 0.016701461377870562 0.05473098330241188
3 0.2643528183716075 0.426252319109462 0.02035490605427975 0.05844155844155844
6 0.32072025052192066 0.40166975881261596 0.019311064718162838 0.05380333951762523
5 0.3410751565762004 0.39053803339517623 0.02244258872651357 0.05380333951762523
6 0.3637787056367432 0.3965677179962894 0.016701461377870562 0.05473098330241188
3 0.38961377870563674 0.4137291280148423 0.02035490605427975 0.05194805194805195
3 0.4848643006263048 0.3738404452690167 0.020876826722338204 0.05380333951762523
3 0.5070459290187892 0.36363636363636365 0.02244258872651357 0.05380333951762523
9 0.4822546972860125 0.44712430426716143 0.017745302713987474 0.016697588126159554
1 0.4812108559498956 0.4429499072356215 0.007306889352818371 0.017625231910946195
3 0.548277661795407 0.3520408163265306 0.02244258872651357 0.05287569573283859
3 0.3817849686847599 0.5793135435992579 0.02035490605427975 0.0640074211502783
3 0.5083507306889353 0.5241187384044527 0.022964509394572025 0.055658627087198514
3 0.5357515657620042 0.5236549165120594 0.02348643006263048 0.06215213358070501
3 0.5634133611691023 0.5208719851576994 0.0255741127348643 0.06215213358070501
3 0.6385699373695198 0.5 0.027661795407098122 0.055658627087198514
3 0.6641440501043842 0.5018552875695733 0.027661795407098122 0.061224489795918366
3 0.7171189979123174 0.4865491651205937 0.022964509394572025 0.05473098330241188
3 0.6184759916492694 0.33302411873840443 0.026096033402922755 0.05194805194805195
3 0.270615866388309 0.6076066790352505 0.02244258872651357 0.061224489795918366
3 0.24191022964509395 0.6168831168831169 0.02661795407098121 0.07235621521335807