8 0.6364285714285715 0.47779187817258884 0.15285714285714286 0.1383248730964467
8 0.8010714285714285 0.41878172588832485 0.105 0.08883248730964467
8 0.9360714285714286 0.36484771573604063 0.09642857142857143 0.0799492385786802
8 0.45821428571428574 0.549492385786802 0.12357142857142857 0.10913705583756345
3 0.6021428571428571 0.22842639593908629 0.017142857142857144 0.04568527918781726
3 0.5735714285714286 0.09200507614213198 0.018571428571428572 0.031725888324873094
3 0.5528571428571428 0.04631979695431472 0.027142857142857142 0.02918781725888325
4 0.6010714285714286 0.14720812182741116 0.013571428571428571 0.050761421319796954
4 0.5928571428571429 0.1148477157360406 0.015714285714285715 0.03680203045685279
5 0.5335714285714286 0.01967005076142132 0.018571428571428572 0.031725888324873094
9 0.3632142857142857 0.5926395939086294 0.013571428571428571 0.06345177664974619
9 0.34714285714285714 0.5958121827411168 0.011428571428571429 0.06218274111675127
9 0.335 0.6008883248730964 0.017142857142857144 0.06725888324873096
9 0.30892857142857144 0.618020304568528 0.015 0.0583756345177665
9 0.2932142857142857 0.6161167512690355 0.016428571428571428 0.06725888324873096
9 0.28214285714285714 0.6269035532994924 0.014285714285714285 0.06091370558375635
9 0.26821428571428574 0.6269035532994924 0.012142857142857143 0.06091370558375635
9 0.2325 0.6478426395939086 0.013571428571428571 0.05964467005076142
9 0.2175 0.6472081218274112 0.013571428571428571 0.07106598984771574
9 0.19142857142857142 0.6637055837563451 0.011428571428571429 0.04568527918781726
9 0.1767857142857143 0.6694162436548223 0.013571428571428571 0.05203045685279188
9 0.16214285714285714 0.6668781725888325 0.017142857142857144 0.07233502538071065
9 0.13214285714285715 0.690989847715736 0.011428571428571429 0.05456852791878172
9 0.12 0.6890862944162437 0.017142857142857144 0.06598984771573604
9 0.095 0.7112944162436549 0.012857142857142857 0.05964467005076142
9 0.2571428571428571 0.633248730964467 0.018571428571428572 0.0583756345177665
9 0.24535714285714286 0.6434010152284264 0.020714285714285713 0.0583756345177665
9 0.2042857142857143 0.6535532994923858 0.014285714285714285 0.06091370558375635
9 0.1457142857142857 0.674492385786802 0.017142857142857144 0.07233502538071065
4 0.0375 0.7277918781725888 0.075 0.0901015228426396
0 0.3782142857142857 0.5184010152284264 0.015 0.03934010152284264
0 0.4142857142857143 0.4987309644670051 0.01 0.03807106598984772
0 0.24464285714285713 0.5767766497461929 0.012142857142857143 0.04187817258883249
0 0.195 0.6097715736040609 0.011428571428571429 0.0266497461928934
0 0.1357142857142857 0.6224619289340102 0.022857142857142857 0.04949238578680203
0 0.31214285714285717 0.883248730964467 0.012857142857142857 0.04568527918781726
0 0.4417857142857143 0.8032994923857868 0.009285714285714286 0.04568527918781726
0 0.44357142857142856 0.7969543147208121 0.005714285714285714 0.02284263959390863
0 0.4807142857142857 0.8071065989847716 0.012857142857142857 0.04314720812182741
4 0.45607142857142857 0.9568527918781726 0.03357142857142857 0.08375634517766498
3 0.6046428571428571 0.8324873096446701 0.03214285714285714 0.1065989847715736
3 0.6471428571428571 0.8140862944162437 0.02857142857142857 0.10025380710659898
0 0.5282142857142857 0.9879441624365483 0.009285714285714286 0.021573604060913704
0 0.6146428571428572 0.7315989847715736 0.010714285714285714 0.044416243654822336
0 0.7425 0.942258883248731 0.010714285714285714 0.04187817258883249
0 0.7596428571428572 0.9086294416243654 0.012142857142857143 0.04568527918781726
0 0.7471428571428571 0.9194162436548223 0.005714285714285714 0.02918781725888325
0 0.7535714285714286 0.9187817258883249 0.008571428571428572 0.03807106598984772
9 0.7585714285714286 0.7893401015228426 0.017142857142857144 0.06091370558375635
0 0.9032142857142857 0.5786802030456852 0.013571428571428571 0.04314720812182741
0 0.8132142857142857 0.3616751269035533 0.012142857142857143 0.03299492385786802
0 0.7632142857142857 0.3699238578680203 0.007857142857142858 0.031725888324873094
0 0.635 0.39720812182741116 0.01 0.025380710659898477
0 0.6357142857142857 0.39847715736040606 0.008571428571428572 0.015228426395939087
3 0.04071428571428572 0.29949238578680204 0.025714285714285714 0.048223350253807105
3 0.018214285714285714 0.23604060913705585 0.025 0.048223350253807105
3 0.07035714285714285 0.22081218274111675 0.019285714285714285 0.04314720812182741
3 0.009642857142857142 0.3496192893401015 0.019285714285714285 0.06472081218274112
3 0.01107142857142857 0.3115482233502538 0.02214285714285714 0.05203045685279188
9 0.10214285714285715 0.21954314720812182 0.011428571428571429 0.027918781725888325
9 0.09 0.22271573604060912 0.012857142857142857 0.03426395939086294
9 0.22535714285714287 0.1884517766497462 0.007857142857142858 0.031725888324873094
9 0.2325 0.1802030456852792 0.005 0.030456852791878174
9 0.21642857142857144 0.1916243654822335 0.005714285714285714 0.030456852791878174
9 0.20714285714285716 0.19289340101522842 0.011428571428571429 0.03299492385786802
9 0.19678571428571429 0.19606598984771573 0.009285714285714286 0.031725888324873094
9 0.24892857142857142 0.01903553299492386 0.0064285714285714285 0.02030456852791878
9 0.2425 0.020939086294416244 0.0064285714285714285 0.01903553299492386
3 0.2835714285714286 0.05520304568527919 0.014285714285714285 0.02918781725888325
3 0.28714285714285714 0.037436548223350255 0.027142857142857142 0.021573604060913704
3 0.22892857142857143 0.07741116751269035 0.035 0.02030456852791878
3 0.22785714285714287 0.06218274111675127 0.03428571428571429 0.015228426395939087
4 0.2864285714285714 0.02918781725888325 0.03 0.025380710659898477
4 0.2810714285714286 0.02030456852791878 0.029285714285714286 0.027918781725888325
0 0.38571428571428573 0.4067258883248731 0.005714285714285714 0.021573604060913704
0 0.39357142857142857 0.3489847715736041 0.005714285714285714 0.027918781725888325
0 0.40714285714285714 0.32043147208121825 0.005714285714285714 0.02918781725888325
0 0.40714285714285714 0.3026649746192893 0.005714285714285714 0.024111675126903553
0 0.4067857142857143 0.14974619289340102 0.0035714285714285713 0.017766497461928935
0 0.4082142857142857 0.12309644670050761 0.005 0.015228426395939087
0 0.36642857142857144 0.01967005076142132 0.004285714285714286 0.01649746192893401
0 0.3742857142857143 0.05012690355329949 0.004285714285714286 0.01903553299492386
0 0.4057142857142857 0.1148477157360406 0.004285714285714286 0.01649746192893401
0 0.6014285714285714 0.06979695431472081 0.005714285714285714 0.02030456852791878