3 0.455 0.8477157360406091 0.017142857142857144 0.05583756345177665
3 0.42214285714285715 0.9454314720812182 0.022857142857142857 0.06345177664974619
3 0.48892857142857143 0.6345177664974619 0.015 0.03553299492385787
3 0.5067857142857143 0.524746192893401 0.015 0.02918781725888325
3 0.5525 0.3343908629441624 0.010714285714285714 0.02918781725888325
3 0.5264285714285715 0.28743654822335024 0.008571428571428572 0.01903553299492386
3 0.5221428571428571 0.22588832487309646 0.007142857142857143 0.015228426395939087
3 0.5803571428571429 0.14403553299492386 0.007857142857142858 0.01903553299492386
3 0.6096428571428572 0.14022842639593908 0.0064285714285714285 0.01649746192893401
3 0.5846428571428571 0.08058375634517767 0.0064285714285714285 0.013959390862944163
3 0.5417857142857143 0.09517766497461928 0.0064285714285714285 0.012690355329949238
3 0.48428571428571426 0.01967005076142132 0.015714285714285715 0.011421319796954314
3 0.44607142857142856 0.005076142131979695 0.015 0.01015228426395939
4 0.4607142857142857 0.6763959390862944 0.017142857142857144 0.04314720812182741
3 0.4928571428571429 0.49682741116751267 0.014285714285714285 0.031725888324873094
3 0.5739285714285715 0.4619289340101523 0.027857142857142858 0.025380710659898477
4 0.5346428571428572 0.18083756345177665 0.007857142857142858 0.01903553299492386
4 0.6092857142857143 0.1034263959390863 0.007142857142857143 0.01903553299492386
4 0.5742857142857143 0.09961928934010152 0.007142857142857143 0.01903553299492386
3 0.5553571428571429 0.050761421319796954 0.016428571428571428 0.015228426395939087
8 0.4982142857142857 0.39403553299492383 0.020714285714285713 0.0850253807106599
8 0.5482142857142858 0.1313451776649746 0.010714285714285714 0.05203045685279188
3 0.55 0.10469543147208121 0.005714285714285714 0.013959390862944163
3 0.57 0.26078680203045684 0.007142857142857143 0.0266497461928934
0 0.5778571428571428 0.8394670050761421 0.004285714285714286 0.01649746192893401
0 0.5696428571428571 0.8445431472081218 0.005 0.01649746192893401
0 0.5728571428571428 0.833756345177665 0.005714285714285714 0.017766497461928935
3 0.5142857142857142 0.0038071065989847717 0.014285714285714285 0.007614213197969543
4 0.5503571428571429 0.005076142131979695 0.015 0.01015228426395939
3 0.49357142857142855 0.013959390862944163 0.014285714285714285 0.012690355329949238
3 0.4667857142857143 0.0038071065989847717 0.013571428571428571 0.007614213197969543
3 0.3846428571428571 0.0038071065989847717 0.013571428571428571 0.007614213197969543
0 0.6017857142857143 0.4949238578680203 0.0035714285714285713 0.012690355329949238
3 0.8014285714285714 0.36484771573604063 0.011428571428571429 0.024111675126903553
3 0.7957142857142857 0.3470812182741117 0.012857142857142857 0.02918781725888325
3 0.7721428571428571 0.24048223350253808 0.008571428571428572 0.01649746192893401
3 0.7675 0.22525380710659898 0.012142857142857143 0.01903553299492386