5 0.33 0.30766666666666664 0.018 0.04066666666666666
3 0.4305 0.2743333333333333 0.012 0.016666666666666666
3 0.44875 0.25233333333333335 0.0095 0.012666666666666666
3 0.45325 0.2623333333333333 0.0105 0.011333333333333334
0 0.46675 0.2693333333333333 0.0055 0.012
3 0.481 0.321 0.015 0.019333333333333334
3 0.456 0.3456666666666667 0.015 0.020666666666666667
3 0.43675 0.3433333333333333 0.0165 0.018666666666666668
3 0.49325 0.3466666666666667 0.0145 0.017333333333333333
3 0.52225 0.4093333333333333 0.0165 0.02
3 0.53075 0.43433333333333335 0.0175 0.024666666666666667
3 0.499 0.45966666666666667 0.02 0.027333333333333334
3 0.45875 0.4 0.0185 0.02666666666666667
0 0.5385 0.4746666666666667 0.007 0.02
3 0.53425 0.657 0.0305 0.04466666666666667
9 0.3505 0.35833333333333334 0.007 0.016666666666666666
3 0.28375 0.323 0.0395 0.022
3 0.28025 0.349 0.0295 0.016666666666666666
3 0.26425 0.41433333333333333 0.0295 0.018
3 0.27425 0.43233333333333335 0.0305 0.024666666666666667
3 0.268 0.4503333333333333 0.044 0.024666666666666667
3 0.25275 0.5573333333333333 0.0445 0.02666666666666667
3 0.3905 0.4663333333333333 0.018 0.034
3 0.33925 0.45666666666666667 0.0155 0.029333333333333333
3 0.454 0.6916666666666667 0.027 0.06333333333333334
0 0.3465 0.515 0.008 0.023333333333333334
3 0.356 0.706 0.027 0.05733333333333333
4 0.247 0.6923333333333334 0.047 0.051333333333333335
0 0.287 0.636 0.01 0.02666666666666667
0 0.29825 0.6343333333333333 0.0085 0.024666666666666667
0 0.276 0.712 0.01 0.032
0 0.576 0.5786666666666667 0.006 0.024
0 0.58175 0.5803333333333334 0.0055 0.024666666666666667
9 0.3545 0.407 0.009 0.022