4 0.11433823529411764 0.01568627450980392 0.03161764705882353 0.03137254901960784
3 0.016176470588235296 0.08888888888888889 0.03235294117647059 0.03398692810457516
3 0.02977941176470588 0.23202614379084968 0.028676470588235293 0.06928104575163399
3 0.057352941176470586 0.21568627450980393 0.027941176470588237 0.06535947712418301
3 0.11102941176470588 0.1477124183006536 0.041176470588235294 0.0392156862745098
3 0.10073529411764706 0.2568627450980392 0.027941176470588237 0.0718954248366013
3 0.13455882352941176 0.2437908496732026 0.03529411764705882 0.05620915032679739
3 0.18161764705882352 0.21568627450980393 0.03235294117647059 0.054901960784313725
3 0.20477941176470588 0.12483660130718954 0.03455882352941177 0.03790849673202614
3 0.2639705882352941 0.13986928104575164 0.041176470588235294 0.0392156862745098
3 0.2349264705882353 0.17320261437908496 0.04044117647058824 0.03790849673202614
3 0.3095588235294118 0.15947712418300652 0.03676470588235294 0.036601307189542485
3 0.3827205882352941 0.16797385620915034 0.03455882352941177 0.03790849673202614
3 0.3286764705882353 0.19673202614379084 0.03823529411764706 0.03529411764705882
4 0.3863970588235294 0.3836601307189543 0.030147058823529412 0.032679738562091505
3 0.3246323529411765 0.5333333333333333 0.01838235294117647 0.06535947712418301
3 0.3849264705882353 0.596078431372549 0.03897058823529412 0.036601307189542485
3 0.38419117647058826 0.6797385620915033 0.04191176470588235 0.04183006535947712
3 0.3672794117647059 0.8516339869281045 0.0375 0.05620915032679739
3 0.3775735294117647 0.907843137254902 0.03897058823529412 0.03529411764705882
3 0.36801470588235297 0.9535947712418301 0.03897058823529412 0.03529411764705882
5 0.4308823529411765 0.8588235294117647 0.016176470588235296 0.054901960784313725
3 0.4566176470588235 0.8993464052287582 0.020588235294117647 0.07320261437908497
3 0.4661764705882353 0.7294117647058823 0.01764705882352941 0.07320261437908497
3 0.5610294117647059 0.9339869281045752 0.03823529411764706 0.06666666666666667
3 0.5136029411764705 0.44248366013071894 0.016911764705882352 0.06928104575163399
3 0.5419117647058823 0.1437908496732026 0.01764705882352941 0.06013071895424837
3 0.5713235294117647 0.09084967320261438 0.033823529411764704 0.05359477124183006
3 0.6220588235294118 0.1718954248366013 0.03823529411764706 0.03529411764705882
3 0.6639705882352941 0.14183006535947712 0.033823529411764704 0.032679738562091505
3 0.7106617647058824 0.15098039215686274 0.03897058823529412 0.03529411764705882
3 0.70625 0.19019607843137254 0.03897058823529412 0.03529411764705882
3 0.8316176470588236 0.27647058823529413 0.03529411764705882 0.03529411764705882
3 0.7878676470588235 0.20522875816993463 0.0375 0.03398692810457516
3 0.8352941176470589 0.21633986928104576 0.03529411764705882 0.032679738562091505
3 0.9058823529411765 0.11960784313725491 0.027941176470588237 0.058823529411764705
3 0.8121323529411765 0.10196078431372549 0.03602941176470588 0.06013071895424837
3 0.6654411764705882 0.7588235294117647 0.01911764705882353 0.06666666666666667
4 0.6863970588235294 0.7477124183006536 0.019852941176470587 0.07320261437908497
3 0.7088235294117647 0.7679738562091504 0.022058823529411766 0.07450980392156863
3 0.7422794117647059 0.7503267973856209 0.019852941176470587 0.07320261437908497
3 0.7625 0.7594771241830065 0.01764705882352941 0.07320261437908497
3 0.8036764705882353 0.834640522875817 0.04264705882352941 0.03790849673202614
3 0.7930147058823529 0.884313725490196 0.03602941176470588 0.032679738562091505
3 0.7970588235294118 0.9294117647058824 0.03676470588235294 0.03398692810457516
3 0.79375 0.965359477124183 0.03897058823529412 0.03790849673202614
1 0.03602941176470588 0.1392156862745098 0.013235294117647059 0.01699346405228758
2 0.04044117647058824 0.14313725490196078 0.01764705882352941 0.01437908496732026
1 0.1698529411764706 0.1627450980392157 0.007352941176470588 0.01699346405228758
2 0.17205882352941176 0.16470588235294117 0.011764705882352941 0.013071895424836602
1 0.15036764705882352 0.17450980392156862 0.008088235294117648 0.01437908496732026
2 0.15257352941176472 0.17777777777777778 0.0125 0.01045751633986928
0 0.5952205882352941 0.27647058823529413 0.005147058823529412 0.01699346405228758
0 0.6011029411764706 0.2784313725490196 0.006617647058823529 0.018300653594771243
9 0.8988970588235294 0.330718954248366 0.0125 0.013071895424836602
0 0.35 0.015032679738562092 0.007352941176470588 0.01699346405228758