2 0.32025 0.5683333333333334 0.0115 0.03266666666666666
2 0.27375 0.4683333333333333 0.0215 0.019333333333333334
2 0.24775 0.44733333333333336 0.0195 0.024
7 0.20875 0.497 0.0255 0.04066666666666666
3 0.14925 0.5703333333333334 0.0435 0.05266666666666667
5 0.0955 0.37866666666666665 0.058 0.096
3 0.10825 0.32133333333333336 0.0235 0.02266666666666667
3 0.0055 0.2966666666666667 0.011 0.021333333333333333
5 0.06575 0.2926666666666667 0.0405 0.06266666666666666
5 0.04975 0.24133333333333334 0.0285 0.048
3 0.1085 0.236 0.032 0.014666666666666666
0 0.09625 0.228 0.0055 0.014666666666666666
0 0.046 0.17833333333333334 0.004 0.01
5 0.0415 0.18866666666666668 0.014 0.014666666666666666
5 0.01875 0.18266666666666667 0.0115 0.014666666666666666
4 0.01525 0.171 0.0095 0.012666666666666666
3 0.029 0.17 0.009 0.008
3 0.0325 0.167 0.009 0.008666666666666666
3 0.0275 0.15933333333333333 0.008 0.008
3 0.018 0.16633333333333333 0.008 0.007333333333333333
4 0.013 0.16066666666666668 0.008 0.008
3 0.014 0.15633333333333332 0.008 0.006
3 0.00975 0.15233333333333332 0.0075 0.007333333333333333
4 0.02475 0.153 0.0075 0.01
3 0.022 0.15 0.007 0.006666666666666667
5 0.02225 0.14466666666666667 0.0085 0.013333333333333334
4 0.00825 0.14666666666666667 0.0075 0.008
4 0.0075 0.14166666666666666 0.006 0.006
3 0.01725 0.13933333333333334 0.0055 0.006666666666666667
5 0.0175 0.13433333333333333 0.007 0.011333333333333334
5 0.00625 0.13366666666666666 0.0105 0.015333333333333332
3 0.0125 0.129 0.006 0.004666666666666667
3 0.009 0.12633333333333333 0.005 0.004666666666666667
3 0.0055 0.12233333333333334 0.003 0.004666666666666667
3 0.00825 0.12066666666666667 0.0035 0.004
3 0.00275 0.119 0.0045 0.004666666666666667
5 0.19225 0.21766666666666667 0.0385 0.019333333333333334
4 0.2615 0.25733333333333336 0.027 0.017333333333333333
4 0.256 0.252 0.025 0.02
3 0.24525 0.24466666666666667 0.0285 0.014666666666666666
3 0.226 0.23066666666666666 0.031 0.013333333333333334
3 0.2265 0.234 0.026 0.013333333333333334
4 0.30425 0.24 0.0175 0.016
5 0.3025 0.22733333333333333 0.022 0.018666666666666668
3 0.34625 0.23566666666666666 0.0265 0.014
4 0.353 0.245 0.019 0.019333333333333334
4 0.3595 0.262 0.016 0.018666666666666668
3 0.36875 0.2836666666666667 0.0265 0.019333333333333334
3 0.307 0.289 0.035 0.014
4 0.301 0.2936666666666667 0.02 0.012666666666666666
3 0.3125 0.2986666666666667 0.03 0.014666666666666666
9 0.38625 0.2836666666666667 0.0085 0.014
4 0.37525 0.3383333333333333 0.0415 0.027333333333333334
3 0.38775 0.3536666666666667 0.0405 0.022
3 0.412 0.3606666666666667 0.043 0.025333333333333333
4 0.424 0.373 0.043 0.03
4 0.45275 0.398 0.0425 0.03333333333333333
9 0.4705 0.4056666666666667 0.019 0.027333333333333334
3 0.5005 0.434 0.051 0.036
7 0.55425 0.468 0.0375 0.042666666666666665
4 0.5825 0.49233333333333335 0.063 0.04733333333333333
3 0.6075 0.5136666666666667 0.065 0.043333333333333335
4 0.788 0.645 0.076 0.06066666666666667
3 0.898 0.726 0.093 0.076
4 0.97025 0.7853333333333333 0.0595 0.08
4 0.72025 0.43633333333333335 0.0605 0.03933333333333333
2 0.7275 0.4073333333333333 0.009 0.021333333333333333
9 0.786 0.46366666666666667 0.02 0.024666666666666667
9 0.684 0.36966666666666664 0.015 0.020666666666666667
3 0.5205 0.36933333333333335 0.034 0.025333333333333333
1 0.425 0.31133333333333335 0.006 0.009333333333333334
3 0.337 0.189 0.021 0.01
4 0.238 0.19533333333333333 0.021 0.013333333333333334
6 0.24775 0.19133333333333333 0.0075 0.009333333333333334
0 0.26 0.20766666666666667 0.003 0.008666666666666666
3 0.289 0.186 0.009 0.010666666666666666
4 0.271 0.18133333333333335 0.009 0.010666666666666666
5 0.273 0.17433333333333334 0.012 0.015333333333333332
8 0.237 0.08666666666666667 0.021 0.010666666666666666
8 0.28675 0.087 0.0195 0.008666666666666666
5 0.30825 0.09066666666666667 0.0155 0.006666666666666667
8 0.168 0.08566666666666667 0.023 0.011333333333333334