3 0.13455882352941176 0.4620915032679739 0.04411764705882353 0.043137254901960784
1 0.0625 0.7947712418300653 0.010294117647058823 0.026143790849673203
0 0.06654411764705882 0.7751633986928105 0.013970588235294118 0.04967320261437908
0 0.07683823529411765 0.7588235294117647 0.0125 0.043137254901960784
3 0.11911764705882352 0.9444444444444444 0.09558823529411764 0.10065359477124183
4 0.3297794117647059 0.9418300653594771 0.0375 0.11633986928104575
1 0.4022058823529412 0.7862745098039216 0.013235294117647059 0.040522875816993466
0 0.40441176470588236 0.7640522875816993 0.013235294117647059 0.03529411764705882
1 0.5055147058823529 0.8862745098039215 0.013970588235294118 0.04183006535947712
6 0.40147058823529413 0.7803921568627451 0.026470588235294117 0.08888888888888889
9 0.5044117647058823 0.888235294117647 0.016176470588235296 0.050980392156862744
3 0.6011029411764706 0.930718954248366 0.05220588235294118 0.11503267973856209
9 0.6639705882352941 0.9241830065359478 0.020588235294117647 0.05751633986928104
0 0.5705882352941176 0.7091503267973857 0.013235294117647059 0.048366013071895426
9 0.6139705882352942 0.7437908496732026 0.029411764705882353 0.04183006535947712
2 0.6106617647058824 0.738562091503268 0.027205882352941177 0.03137254901960784
2 0.5889705882352941 0.5627450980392157 0.01764705882352941 0.030065359477124184
2 0.5863970588235294 0.5535947712418301 0.022794117647058822 0.03529411764705882
9 0.5775735294117647 0.5464052287581699 0.021323529411764706 0.026143790849673203
2 0.5724264705882353 0.5163398692810458 0.009558823529411765 0.03137254901960784
9 0.544485294117647 0.5300653594771242 0.0125 0.030065359477124184
9 0.575 0.46797385620915033 0.007352941176470588 0.02875816993464052
0 0.5356617647058823 0.46797385620915033 0.008088235294117648 0.03137254901960784
5 0.4727941176470588 0.4444444444444444 0.027941176470588237 0.06797385620915032
1 0.5514705882352942 0.4 0.011764705882352941 0.03137254901960784
1 0.47794117647058826 0.365359477124183 0.0058823529411764705 0.022222222222222223
9 0.47904411764705884 0.3686274509803922 0.006617647058823529 0.023529411764705882
9 0.4176470588235294 0.39477124183006534 0.008823529411764706 0.023529411764705882
3 0.37683823529411764 0.5215686274509804 0.03308823529411765 0.06274509803921569
7 0.37463235294117647 0.3862745098039216 0.021323529411764706 0.05359477124183006
4 0.41691176470588237 0.3405228758169935 0.014705882352941176 0.040522875816993466
3 0.5139705882352941 0.3392156862745098 0.03676470588235294 0.032679738562091505
3 0.5136029411764705 0.3156862745098039 0.03602941176470588 0.030065359477124184
7 0.5150735294117647 0.28823529411764703 0.019852941176470587 0.03790849673202614
3 0.48455882352941176 0.23202614379084968 0.013235294117647059 0.022222222222222223
3 0.4772058823529412 0.21372549019607842 0.014705882352941176 0.02483660130718954
3 0.4647058823529412 0.20980392156862746 0.013235294117647059 0.0196078431372549
3 0.4713235294117647 0.19673202614379084 0.011764705882352941 0.022222222222222223
1 0.4536764705882353 0.20980392156862746 0.0029411764705882353 0.009150326797385621
9 0.4540441176470588 0.21372549019607842 0.003676470588235294 0.011764705882352941
4 0.4 0.22679738562091503 0.026470588235294117 0.02483660130718954
3 0.47205882352941175 0.15294117647058825 0.010294117647058823 0.018300653594771243
3 0.43161764705882355 0.11045751633986928 0.007352941176470588 0.011764705882352941
3 0.4319852941176471 0.10588235294117647 0.005147058823529412 0.01045751633986928
3 0.43933823529411764 0.08954248366013072 0.006617647058823529 0.011764705882352941
3 0.43970588235294117 0.08431372549019608 0.0058823529411764705 0.011764705882352941
3 0.44227941176470587 0.07581699346405228 0.006617647058823529 0.01045751633986928
3 0.4625 0.09215686274509804 0.0058823529411764705 0.011764705882352941
3 0.46691176470588236 0.1 0.010294117647058823 0.011764705882352941
3 0.46801470588235294 0.09019607843137255 0.006617647058823529 0.01045751633986928
3 0.43014705882352944 0.09281045751633987 0.010294117647058823 0.01045751633986928
3 0.45588235294117646 0.06274509803921569 0.008823529411764706 0.01045751633986928
4 0.36764705882352944 0.07320261437908497 0.01764705882352941 0.01568627450980392
4 0.36875 0.06862745098039216 0.013970588235294118 0.01437908496732026
3 0.3672794117647059 0.0934640522875817 0.013970588235294118 0.009150326797385621
3 0.36911764705882355 0.1 0.007352941176470588 0.011764705882352941
3 0.34448529411764706 0.10065359477124183 0.008088235294117648 0.01045751633986928
3 0.3452205882352941 0.1111111111111111 0.009558823529411765 0.01568627450980392
0 0.3371323529411765 0.11045751633986928 0.0022058823529411764 0.011764705882352941
0 0.3411764705882353 0.12156862745098039 0.004411764705882353 0.01045751633986928
0 0.32941176470588235 0.11960784313725491 0.004411764705882353 0.011764705882352941
0 0.32573529411764707 0.16405228758169935 0.004411764705882353 0.01699346405228758
5 0.35 0.13986928104575164 0.020588235294117647 0.0392156862745098
3 0.3150735294117647 0.14705882352941177 0.0125 0.01437908496732026
3 0.3084558823529412 0.15620915032679739 0.009558823529411765 0.01437908496732026
3 0.29963235294117646 0.19934640522875818 0.02426470588235294 0.022222222222222223
9 0.25735294117647056 0.2457516339869281 0.013235294117647059 0.01568627450980392
0 0.26433823529411765 0.2725490196078431 0.005147058823529412 0.02483660130718954
3 0.3125 0.2980392156862745 0.03235294117647059 0.02875816993464052
9 0.2511029411764706 0.26209150326797387 0.008088235294117648 0.011764705882352941
6 0.2485294117647059 0.28366013071895424 0.026470588235294117 0.02091503267973856
3 0.1974264705882353 0.28431372549019607 0.027205882352941177 0.03529411764705882
3 0.18786764705882353 0.2973856209150327 0.028676470588235293 0.032679738562091505
3 0.2375 0.3006535947712418 0.03823529411764706 0.02875816993464052
3 0.22904411764705881 0.31241830065359477 0.03161764705882353 0.026143790849673203
3 0.2235294117647059 0.3202614379084967 0.033823529411764704 0.023529411764705882
3 0.2213235294117647 0.330718954248366 0.03823529411764706 0.02875816993464052
3 0.22095588235294117 0.34183006535947713 0.04191176470588235 0.027450980392156862
3 0.20808823529411766 0.3607843137254902 0.047058823529411764 0.036601307189542485
3 0.20220588235294118 0.3686274509803922 0.041176470588235294 0.03398692810457516
0 0.18382352941176472 0.3333333333333333 0.008823529411764706 0.026143790849673203
0 0.23970588235294119 0.3431372549019608 0.0058823529411764705 0.02483660130718954
1 0.24301470588235294 0.3509803921568627 0.005147058823529412 0.0196078431372549
0 0.24669117647058825 0.3673202614379085 0.006617647058823529 0.02875816993464052
0 0.23823529411764705 0.37058823529411766 0.0058823529411764705 0.030065359477124184
0 0.2400735294117647 0.369281045751634 0.005147058823529412 0.022222222222222223
0 0.21948529411764706 0.38758169934640524 0.005147058823529412 0.022222222222222223
0 0.22904411764705881 0.37516339869281046 0.005147058823529412 0.023529411764705882