3 0.5994258872651357 0.5380333951762524 0.031837160751565764 0.05194805194805195
3 0.8849164926931107 0.6558441558441559 0.05375782881002088 0.04267161410018553
4 0.8682150313152401 0.6071428571428571 0.04749478079331942 0.036178107606679034
4 0.8374217118997912 0.5426716141001855 0.04749478079331942 0.03896103896103896
4 0.8058455114822547 0.462430426716141 0.033402922755741124 0.03432282003710575
3 0.800365344467641 0.436456400742115 0.037056367432150315 0.023191094619666047
4 0.7228601252609603 0.3163265306122449 0.027139874739039668 0.027829313543599257
3 0.7494780793319415 0.2101113172541744 0.020876826722338204 0.015769944341372914
3 0.8791753653444676 0.22077922077922077 0.024530271398747392 0.01855287569573284
3 0.8856993736951984 0.32142857142857145 0.021920668058455117 0.030612244897959183
3 0.9039665970772442 0.34833024118738404 0.020876826722338204 0.02504638218923933
3 0.9251043841336117 0.37708719851576994 0.02348643006263048 0.032467532467532464
3 0.9530271398747391 0.4225417439703154 0.029227557411273485 0.03432282003710575
3 0.9812108559498957 0.4577922077922078 0.029227557411273485 0.041743970315398886
3 0.9890396659707724 0.7722634508348795 0.020876826722338204 0.06771799628942486
3 0.988517745302714 0.22495361781076068 0.021920668058455117 0.017625231910946195
8 0.9344989561586639 0.21150278293135436 0.06210855949895616 0.03710575139146568
8 0.9530271398747391 0.3525046382189239 0.055323590814196244 0.07606679035250463
8 0.9131002087682673 0.3042671614100185 0.050626304801670144 0.07606679035250463
3 0.7450417536534447 0.15862708719851576 0.009916492693110648 0.016697588126159554
3 0.7573068893528184 0.15862708719851576 0.011482254697286013 0.016697588126159554
3 0.7372129436325678 0.14471243042671614 0.009916492693110648 0.014842300556586271
3 0.7588726513569938 0.14332096474953618 0.010438413361169102 0.015769944341372914
3 0.7473903966597077 0.14285714285714285 0.011482254697286013 0.016697588126159554
3 0.7387787056367432 0.12940630797773656 0.010960334029227558 0.013914656771799629
3 0.7147703549060542 0.09183673469387756 0.007828810020876827 0.012987012987012988
3 0.7082463465553236 0.08163265306122448 0.007306889352818371 0.00927643784786642
3 0.6965031315240083 0.075139146567718 0.006784968684759917 0.011131725417439703
3 0.6991127348643006 0.0640074211502783 0.006784968684759917 0.00927643784786642
1 0.9754697286012526 0.3181818181818182 0.006263048016701462 0.0074211502782931356
1 0.9861691022964509 0.3172541743970315 0.0036534446764091857 0.0074211502782931356
1 0.9932150313152401 0.32838589981447125 0.006263048016701462 0.00927643784786642
1 0.9582463465553236 0.3112244897959184 0.0041753653444676405 0.006493506493506494
1 0.951722338204593 0.29591836734693877 0.005741127348643006 0.0055658627087198514
1 0.967901878914405 0.2982374768089054 0.0036534446764091857 0.008348794063079777
1 0.9600730688935282 0.2982374768089054 0.004697286012526096 0.008348794063079777
9 0.9934759916492694 0.336734693877551 0.006784968684759917 0.012987012987012988
9 0.9752087682672234 0.3293135435992579 0.007828810020876827 0.00927643784786642
9 0.9840814196242171 0.3232838589981447 0.007828810020876827 0.01020408163265306
9 0.9561586638830898 0.3186456400742115 0.009394572025052192 0.012059369202226345
9 0.9512004175365344 0.30565862708719854 0.006784968684759917 0.008348794063079777
9 0.9660751565762005 0.3075139146567718 0.0041753653444676405 0.01020408163265306
9 0.9608559498956158 0.30658627087198514 0.006263048016701462 0.008348794063079777
1 0.697286012526096 0.14795918367346939 0.003131524008350731 0.00463821892393321
9 0.6978079331941545 0.15445269016697588 0.0041753653444676405 0.00463821892393321
0 0.824634655532359 0.16743970315398887 0.0041753653444676405 0.012059369202226345
0 0.9501565762004175 0.6632653061224489 0.007828810020876827 0.027829313543599257