0 0.190625 0.7074074074074074 0.07708333333333334 0.24814814814814815
0 0.3692708333333333 0.8657407407407407 0.06770833333333333 0.26851851851851855
0 0.58125 0.5981481481481481 0.07291666666666667 0.21481481481481482
0 0.6953125 0.7166666666666667 0.05520833333333333 0.27037037037037037
0 0.8567708333333334 0.8388888888888889 0.084375 0.3148148148148148
0 0.7984375 0.7546296296296297 0.090625 0.2537037037037037
1 0.9677083333333333 0.5175925925925926 0.041666666666666664 0.11666666666666667
1 0.91875 0.5037037037037037 0.04583333333333333 0.1
0 0.47291666666666665 0.3416666666666667 0.03125 0.1388888888888889
0 0.84375 0.31296296296296294 0.03333333333333333 0.14814814814814814
0 0.9296875 0.3490740740740741 0.03229166666666667 0.1537037037037037
0 0.9536458333333333 0.3101851851851852 0.034375 0.15
0 0.9661458333333334 0.2962962962962963 0.040625 0.13703703703703704
0 0.853125 0.287962962962963 0.027083333333333334 0.13148148148148148
0 0.8208333333333333 0.2537037037037037 0.029166666666666667 0.1111111111111111
0 0.9776041666666667 0.25 0.03229166666666667 0.1111111111111111
0 0.9260416666666667 0.2574074074074074 0.0375 0.11481481481481481
0 0.9052083333333333 0.23055555555555557 0.03125 0.11666666666666667
0 0.9869791666666666 0.2518518518518518 0.026041666666666668 0.10740740740740741
1 0.1703125 0.34074074074074073 0.030208333333333334 0.06666666666666667
0 0.17708333333333334 0.3509259259259259 0.014583333333333334 0.046296296296296294
0 0.22395833333333334 0.3277777777777778 0.0375 0.14814814814814814
0 0.19427083333333334 0.3111111111111111 0.021875 0.0962962962962963
0 0.25364583333333335 0.3074074074074074 0.030208333333333334 0.13703703703703704
0 0.3177083333333333 0.24351851851851852 0.020833333333333332 0.10185185185185185
1 0.23958333333333334 0.3175925925925926 0.0125 0.05
0 0.2703125 0.2935185185185185 0.026041666666666668 0.07222222222222222
0 0.0125 0.2074074074074074 0.025 0.0962962962962963
2 0.18177083333333333 0.1648148148148148 0.013541666666666667 0.044444444444444446
0 0.5807291666666666 0.15185185185185185 0.013541666666666667 0.08148148148148149
0 0.496875 0.11574074074074074 0.014583333333333334 0.06481481481481481
0 0.24739583333333334 0.20555555555555555 0.019791666666666666 0.09259259259259259
0 0.0625 0.08981481481481482 0.01875 0.05740740740740741
0 0.15260416666666668 0.10277777777777777 0.017708333333333333 0.06111111111111111
0 0.24375 0.08518518518518518 0.016666666666666666 0.04814814814814815
0 0.22083333333333333 0.175 0.01875 0.08333333333333333
0 0.23645833333333333 0.17222222222222222 0.014583333333333334 0.08888888888888889
0 0.2484375 0.1574074074074074 0.023958333333333335 0.07777777777777778
0 0.26145833333333335 0.15185185185185185 0.016666666666666666 0.08148148148148149
0 0.278125 0.17592592592592593 0.03333333333333333 0.08888888888888889
0 0.3296875 0.13703703703703704 0.009375 0.05555555555555555
0 0.32864583333333336 0.15 0.026041666666666668 0.07037037037037037
0 0.3260416666666667 0.15648148148148147 0.01875 0.08333333333333333
0 0.32916666666666666 0.09814814814814815 0.010416666666666666 0.05185185185185185
1 0.3546875 0.10277777777777777 0.013541666666666667 0.046296296296296294
1 0.365625 0.10277777777777777 0.016666666666666666 0.046296296296296294
1 0.403125 0.09351851851851851 0.008333333333333333 0.03518518518518519
0 0.43020833333333336 0.08981481481481482 0.014583333333333334 0.06111111111111111
0 0.4578125 0.09444444444444444 0.011458333333333333 0.05555555555555555
0 0.4895833333333333 0.08888888888888889 0.0125 0.05925925925925926
0 0.5020833333333333 0.09166666666666666 0.010416666666666666 0.05740740740740741
0 0.5505208333333333 0.09444444444444444 0.011458333333333333 0.05925925925925926
0 0.5760416666666667 0.10185185185185185 0.016666666666666666 0.06296296296296296
0 0.8557291666666667 0.10092592592592593 0.023958333333333335 0.06111111111111111
0 0.8963541666666667 0.11296296296296296 0.017708333333333333 0.07037037037037037
0 0.9088541666666666 0.1175925925925926 0.015625 0.06851851851851852
0 0.9291666666666667 0.11944444444444445 0.016666666666666666 0.06481481481481481
0 0.9286458333333333 0.125 0.017708333333333333 0.06851851851851852
9 0.9875 0.09259259259259259 0.025 0.040740740740740744
9 0.9375 0.08333333333333333 0.01875 0.037037037037037035
9 0.8473958333333333 0.08425925925925926 0.011458333333333333 0.03518518518518519
2 0.9177083333333333 0.09074074074074075 0.010416666666666666 0.03333333333333333
9 0.9015625 0.08703703703703704 0.017708333333333333 0.03333333333333333
9 0.803125 0.07777777777777778 0.016666666666666666 0.044444444444444446
0 0.7682291666666666 0.07407407407407407 0.007291666666666667 0.040740740740740744
0 0.759375 0.0712962962962963 0.008333333333333333 0.046296296296296294
7 0.7578125 0.06666666666666667 0.03229166666666667 0.04814814814814815
9 0.7208333333333333 0.07777777777777778 0.0125 0.037037037037037035
9 0.7255208333333333 0.053703703703703705 0.03229166666666667 0.03333333333333333
9 0.6973958333333333 0.07314814814814814 0.013541666666666667 0.03888888888888889
9 0.6854166666666667 0.053703703703703705 0.029166666666666667 0.03333333333333333
9 0.68125 0.07592592592592592 0.008333333333333333 0.02962962962962963
2 0.6671875 0.07314814814814814 0.013541666666666667 0.03148148148148148
9 0.6395833333333333 0.0712962962962963 0.010416666666666666 0.03518518518518519
9 0.6307291666666667 0.07314814814814814 0.009375 0.03148148148148148
9 0.6213541666666667 0.07222222222222222 0.011458333333333333 0.03333333333333333
9 0.6088541666666667 0.0712962962962963 0.013541666666666667 0.027777777777777776
9 0.5864583333333333 0.06759259259259259 0.016666666666666666 0.03148148148148148
9 0.5661458333333333 0.06666666666666667 0.017708333333333333 0.03333333333333333