3 0.5 0.212430426716141 0.026096033402922755 0.03153988868274583
3 0.7755741127348643 0.02922077922077922 0.018789144050104383 0.021335807050092765
3 0.8421189979123174 0.0686456400742115 0.02348643006263048 0.02411873840445269
5 0.7922755741127349 0.1841372912801484 0.05741127348643006 0.05844155844155844
5 0.6377870563674322 0.538961038961039 0.059498956158663886 0.07421150278293136
3 0.5835073068893528 0.5153061224489796 0.030271398747390398 0.05658627087198516
3 0.37239039665970775 0.4675324675324675 0.042275574112734866 0.04638218923933209
9 0.3656054279749478 0.48886827458256027 0.015135699373695199 0.02411873840445269
5 0.3937891440501044 0.40816326530612246 0.037056367432150315 0.05380333951762523
5 0.4551148225469729 0.46382189239332094 0.0511482254697286 0.07050092764378478
5 0.5039144050104384 0.32838589981447125 0.02870563674321503 0.055658627087198514
5 0.5621085594989561 0.33302411873840443 0.04279749478079332 0.0686456400742115
9 0.06184759916492693 0.21057513914656772 0.007828810020876827 0.01855287569573284