3 0.04007352941176471 0.9 0.08014705882352942 0.19477124183006536
3 0.11948529411764706 0.8947712418300654 0.08897058823529412 0.20261437908496732
3 0.2426470588235294 0.8908496732026144 0.08823529411764706 0.2130718954248366
3 0.3360294117647059 0.8477124183006536 0.07058823529411765 0.1843137254901961
4 0.4139705882352941 0.8437908496732026 0.08676470588235294 0.23137254901960785
3 0.48566176470588235 0.8156862745098039 0.08455882352941177 0.16993464052287582
3 0.5665441176470588 0.6437908496732027 0.11985294117647059 0.09803921568627451
3 0.8738970588235294 0.9058823529411765 0.1698529411764706 0.1830065359477124
3 0.7625 0.7294117647058823 0.1338235294117647 0.17516339869281045
3 0.8371323529411765 0.6901960784313725 0.08455882352941177 0.15947712418300652
3 0.9055147058823529 0.6692810457516339 0.09632352941176471 0.1803921568627451
3 0.9632352941176471 0.661437908496732 0.06911764705882353 0.1568627450980392
0 0.8301470588235295 0.4738562091503268 0.014705882352941176 0.06143790849673202
3 0.9113970588235294 0.4287581699346405 0.05073529411764706 0.08366013071895424
0 0.8742647058823529 0.3810457516339869 0.01911764705882353 0.058823529411764705
3 0.81875 0.3888888888888889 0.09338235294117647 0.07450980392156863
3 0.7511029411764706 0.3843137254901961 0.06544117647058824 0.07058823529411765
3 0.7091911764705883 0.3908496732026144 0.05661764705882353 0.07320261437908497
3 0.6613970588235294 0.39869281045751637 0.06838235294117648 0.0784313725490196
3 0.6055147058823529 0.41633986928104577 0.05955882352941176 0.07712418300653595
5 0.5397058823529411 0.42483660130718953 0.061764705882352944 0.09673202614379085
0 0.6066176470588235 0.27908496732026145 0.010294117647058823 0.048366013071895426
0 0.6169117647058824 0.2803921568627451 0.010294117647058823 0.048366013071895426
3 0.47205882352941175 0.4496732026143791 0.05 0.0915032679738562
3 0.4125 0.45359477124183006 0.058823529411764705 0.0915032679738562
3 0.3775735294117647 0.5078431372549019 0.06985294117647059 0.09803921568627451
3 0.31176470588235294 0.5032679738562091 0.05 0.10196078431372549
3 0.2338235294117647 0.4823529411764706 0.05 0.10196078431372549
0 0.22389705882352942 0.3065359477124183 0.0125 0.0457516339869281
9 0.18566176470588236 0.3509803921568627 0.019852941176470587 0.050980392156862744
9 0.19926470588235295 0.35228758169934643 0.01911764705882353 0.050980392156862744
7 0.12463235294117647 0.5464052287581699 0.06691176470588235 0.08104575163398693
1 0.11323529411764706 0.5516339869281046 0.016176470588235296 0.04183006535947712
3 0.15220588235294116 0.48366013071895425 0.05588235294117647 0.09673202614379085
1 0.00625 0.49607843137254903 0.0125 0.05359477124183006
9 0.5503676470588236 0.2758169934640523 0.027205882352941177 0.03137254901960784
9 0.5816176470588236 0.30130718954248364 0.014705882352941176 0.03529411764705882
9 0.5827205882352942 0.3359477124183007 0.028676470588235293 0.0392156862745098
2 0.5625 0.3032679738562091 0.01764705882352941 0.047058823529411764