0 0.03428571428571429 0.33058375634517767 0.01 0.031725888324873094
1 0.03464285714285714 0.3236040609137056 0.007857142857142858 0.02030456852791878
0 0.016785714285714286 0.5520304568527918 0.017857142857142856 0.048223350253807105
0 0.005357142857142857 0.5571065989847716 0.010714285714285714 0.04060913705583756
9 0.023928571428571428 0.5038071065989848 0.023571428571428573 0.04568527918781726
9 0.008571428571428572 0.5323604060913706 0.017142857142857144 0.031725888324873094
0 0.0625 0.6859137055837563 0.010714285714285714 0.03934010152284264
0 0.09678571428571428 0.75 0.009285714285714286 0.03299492385786802
0 0.10071428571428571 0.8730964467005076 0.011428571428571429 0.03299492385786802
0 0.10857142857142857 0.875 0.008571428571428572 0.0266497461928934
0 0.115 0.8604060913705583 0.011428571428571429 0.03299492385786802
0 0.17607142857142857 0.9562182741116751 0.012142857142857143 0.03934010152284264
0 0.1675 0.9746192893401016 0.012142857142857143 0.03553299492385787
9 0.036071428571428574 0.4980964467005076 0.023571428571428573 0.03680203045685279
9 0.04214285714285714 0.48984771573604063 0.027142857142857142 0.03807106598984772
9 0.054642857142857146 0.47906091370558374 0.025 0.03934010152284264
9 0.065 0.46954314720812185 0.024285714285714285 0.03553299492385787
9 0.07178571428571429 0.4631979695431472 0.02642857142857143 0.04060913705583756
9 0.07714285714285714 0.4606598984771574 0.025714285714285714 0.04060913705583756
9 0.08607142857142858 0.45114213197969544 0.029285714285714286 0.03426395939086294
9 0.09428571428571429 0.4416243654822335 0.024285714285714285 0.03299492385786802
9 0.10607142857142857 0.43718274111675126 0.017857142857142856 0.031725888324873094
9 0.11714285714285715 0.4219543147208122 0.017142857142857144 0.03934010152284264
0 0.30214285714285716 0.2760152284263959 0.007142857142857143 0.02918781725888325
0 0.30642857142857144 0.27411167512690354 0.007142857142857143 0.030456852791878174
4 0.30607142857142855 0.24873096446700507 0.04071428571428572 0.050761421319796954
4 0.3425 0.217005076142132 0.035 0.048223350253807105
0 0.35035714285714287 0.13578680203045684 0.0064285714285714285 0.02030456852791878
0 0.36714285714285716 0.12944162436548223 0.004285714285714286 0.02030456852791878
0 0.4110714285714286 0.09961928934010152 0.0035714285714285713 0.01903553299492386
0 0.4160714285714286 0.10025380710659898 0.0035714285714285713 0.017766497461928935
3 0.4207142857142857 0.15862944162436549 0.024285714285714285 0.04060913705583756
3 0.37142857142857144 0.20431472081218274 0.03 0.04060913705583756
4 0.3992857142857143 0.17893401015228427 0.03 0.04314720812182741
4 0.4828571428571429 0.3730964467005076 0.06714285714285714 0.06598984771573604
4 0.4 0.44543147208121825 0.07571428571428572 0.08375634517766498
4 0.3871428571428571 0.4987309644670051 0.07714285714285714 0.09644670050761421
4 0.36678571428571427 0.5323604060913706 0.07928571428571428 0.10025380710659898
4 0.46964285714285714 0.4397208121827411 0.04928571428571429 0.10279187817258884
4 0.5771428571428572 0.36738578680203043 0.07 0.06472081218274112
3 0.3389285714285714 0.5736040609137056 0.04642857142857143 0.06598984771573604
4 0.65 0.39149746192893403 0.05857142857142857 0.05203045685279188
4 0.7096428571428571 0.40482233502538073 0.05071428571428571 0.050761421319796954
5 0.7264285714285714 0.36421319796954316 0.03571428571428571 0.07614213197969544
4 0.76 0.3756345177664975 0.032857142857142856 0.07868020304568528
4 0.7853571428571429 0.3934010152284264 0.023571428571428573 0.05583756345177665
3 0.8246428571428571 0.5323604060913706 0.060714285714285714 0.046954314720812185
4 0.6196428571428572 0.4543147208121827 0.056428571428571425 0.0532994923857868
4 0.5532142857142858 0.6376903553299492 0.08071428571428571 0.08756345177664974
4 0.5803571428571429 0.5621827411167513 0.07357142857142857 0.07360406091370558
4 0.67 0.5203045685279187 0.07285714285714286 0.06852791878172589
3 0.6878571428571428 0.475253807106599 0.06857142857142857 0.05203045685279188
3 0.6775 0.49619289340101524 0.055 0.0532994923857868
3 0.6682142857142858 0.5634517766497462 0.07357142857142857 0.06345177664974619
3 0.6614285714285715 0.5996192893401016 0.08142857142857143 0.06979695431472081
3 0.6467857142857143 0.6345177664974619 0.06785714285714285 0.06852791878172589
3 0.6364285714285715 0.6802030456852792 0.08571428571428572 0.08629441624365482
3 0.6057142857142858 0.7138324873096447 0.08142857142857143 0.08756345177664974
5 0.7667857142857143 0.7049492385786802 0.05071428571428571 0.1383248730964467
9 0.8353571428571429 0.9530456852791879 0.047857142857142855 0.06345177664974619
9 0.8021428571428572 0.9118020304568528 0.05 0.06218274111675127
9 0.8 0.8857868020304569 0.05142857142857143 0.0583756345177665
9 0.8078571428571428 0.8623096446700508 0.047142857142857146 0.06218274111675127
9 0.8103571428571429 0.8407360406091371 0.04642857142857143 0.06472081218274112