5 0.03455882352941177 0.10261437908496732 0.039705882352941174 0.032679738562091505
5 0.08713235294117647 0.10980392156862745 0.0375 0.026143790849673203
3 0.13272058823529412 0.11503267973856209 0.030147058823529412 0.018300653594771243
3 0.1801470588235294 0.11633986928104575 0.026470588235294117 0.018300653594771243
0 0.03860294117647059 0.06339869281045751 0.003676470588235294 0.01437908496732026
5 0.04485294117647059 0.0673202614379085 0.033823529411764704 0.022222222222222223
3 0.14926470588235294 0.2045751633986928 0.01764705882352941 0.022222222222222223
0 0.175 0.2084967320261438 0.0058823529411764705 0.022222222222222223
6 0.17095588235294118 0.19869281045751633 0.0125 0.018300653594771243
5 0.6974264705882353 0.4287581699346405 0.05220588235294118 0.0784313725490196
3 0.5441176470588235 0.3562091503267974 0.023529411764705882 0.043137254901960784
3 0.6952205882352941 0.3261437908496732 0.027205882352941177 0.03790849673202614
6 0.6238970588235294 0.16601307189542483 0.019852941176470587 0.01568627450980392
0 0.6205882352941177 0.15947712418300652 0.004411764705882353 0.013071895424836602
0 0.6264705882352941 0.1607843137254902 0.004411764705882353 0.013071895424836602
0 0.700735294117647 0.16470588235294117 0.0058823529411764705 0.023529411764705882
5 0.5852941176470589 0.14248366013071895 0.022058823529411766 0.0392156862745098
3 0.5507352941176471 0.08888888888888889 0.011764705882352941 0.01568627450980392
4 0.5558823529411765 0.054901960784313725 0.008823529411764706 0.01568627450980392
4 0.5411764705882353 0.05359477124183006 0.010294117647058823 0.01568627450980392
4 0.5279411764705882 0.03790849673202614 0.008823529411764706 0.018300653594771243
3 0.5397058823529411 0.042483660130718956 0.008823529411764706 0.011764705882352941
3 0.4875 0.07450980392156863 0.008823529411764706 0.01568627450980392
0 0.46875 0.09019607843137255 0.003676470588235294 0.01568627450980392
2 0.46875 0.09542483660130718 0.003676470588235294 0.01568627450980392
3 0.4139705882352941 0.12810457516339868 0.029411764705882353 0.018300653594771243
3 0.5147058823529411 0.03071895424836601 0.007352941176470588 0.011764705882352941
3 0.49375 0.02091503267973856 0.008088235294117648 0.01045751633986928
3 0.4772058823529412 0.018300653594771243 0.007352941176470588 0.013071895424836602
3 0.47316176470588234 0.004575163398692811 0.006617647058823529 0.009150326797385621
3 0.5213235294117647 0.02679738562091503 0.007352941176470588 0.011764705882352941
3 0.5209558823529412 0.0196078431372549 0.006617647058823529 0.01045751633986928
3 0.5113970588235294 0.00392156862745098 0.006617647058823529 0.00784313725490196
5 0.794485294117647 0.12745098039215685 0.06544117647058824 0.048366013071895426
4 0.8470588235294118 0.1437908496732026 0.03235294117647059 0.023529411764705882
3 0.9235294117647059 0.1542483660130719 0.03235294117647059 0.018300653594771243
3 0.9128676470588235 0.14836601307189543 0.028676470588235293 0.01699346405228758
3 0.9047794117647059 0.14313725490196078 0.027205882352941177 0.01699346405228758
3 0.8926470588235295 0.13398692810457516 0.025 0.01437908496732026
5 0.8808823529411764 0.12222222222222222 0.030882352941176472 0.022222222222222223
3 0.8753676470588235 0.12026143790849673 0.030147058823529412 0.018300653594771243
3 0.8643382352941177 0.11503267973856209 0.025735294117647058 0.01568627450980392
4 0.8488970588235294 0.10588235294117647 0.022794117647058822 0.02091503267973856
3 0.8375 0.10065359477124183 0.023529411764705882 0.013071895424836602
3 0.8297794117647059 0.09738562091503268 0.019852941176470587 0.011764705882352941
3 0.8253676470588235 0.0934640522875817 0.021323529411764706 0.011764705882352941
3 0.8176470588235294 0.08954248366013072 0.022058823529411766 0.01437908496732026
4 0.8091911764705882 0.08104575163398693 0.019852941176470587 0.01568627450980392
4 0.8047794117647059 0.07908496732026143 0.019852941176470587 0.01437908496732026
3 0.8 0.07777777777777778 0.020588235294117647 0.01437908496732026
3 0.79375 0.0738562091503268 0.021323529411764706 0.01437908496732026
3 0.9720588235294118 0.16013071895424835 0.027941176470588237 0.01699346405228758
3 0.9580882352941177 0.15163398692810456 0.033823529411764704 0.01568627450980392
3 0.9441176470588235 0.14248366013071895 0.030882352941176472 0.01568627450980392
3 0.9360294117647059 0.1392156862745098 0.026470588235294117 0.01699346405228758
3 0.924264705882353 0.13398692810457516 0.023529411764705882 0.01437908496732026
4 0.9154411764705882 0.12549019607843137 0.027941176470588237 0.018300653594771243
4 0.9077205882352941 0.12156862745098039 0.022794117647058822 0.01568627450980392
3 0.893014705882353 0.11176470588235295 0.02426470588235294 0.011764705882352941
3 0.8849264705882353 0.10718954248366012 0.02426470588235294 0.01045751633986928
3 0.875 0.10326797385620914 0.023529411764705882 0.013071895424836602
3 0.8551470588235294 0.09281045751633987 0.03235294117647059 0.013071895424836602
3 0.8419117647058824 0.08758169934640522 0.023529411764705882 0.013071895424836602
3 0.83125 0.08431372549019608 0.02426470588235294 0.01699346405228758
4 0.8238970588235294 0.07254901960784314 0.019852941176470587 0.01437908496732026
4 0.8176470588235294 0.07124183006535947 0.022058823529411766 0.01437908496732026
3 0.7996323529411765 0.06274509803921569 0.01838235294117647 0.013071895424836602
4 0.7904411764705882 0.056862745098039215 0.01911764705882353 0.011764705882352941
4 0.7830882352941176 0.05359477124183006 0.01764705882352941 0.01568627450980392
3 0.7871323529411764 0.027450980392156862 0.016911764705882352 0.01045751633986928
4 0.9919117647058824 0.12745098039215685 0.016176470588235296 0.01437908496732026
4 0.9856617647058824 0.12222222222222222 0.022794117647058822 0.01437908496732026
3 0.975 0.11895424836601307 0.016176470588235296 0.01568627450980392
3 0.9643382352941177 0.11372549019607843 0.019852941176470587 0.01568627450980392
3 0.9529411764705882 0.1084967320261438 0.020588235294117647 0.01568627450980392
3 0.9408088235294118 0.10261437908496732 0.025735294117647058 0.01437908496732026
3 0.9319852941176471 0.09542483660130718 0.02426470588235294 0.01568627450980392
3 0.925 0.0934640522875817 0.023529411764705882 0.011764705882352941
4 0.9150735294117647 0.08823529411764706 0.022794117647058822 0.01699346405228758
3 0.9029411764705882 0.08300653594771241 0.022058823529411766 0.01437908496732026
3 0.8669117647058824 0.0673202614379085 0.020588235294117647 0.01437908496732026
3 0.8566176470588235 0.06209150326797386 0.016176470588235296 0.011764705882352941
3 0.850735294117647 0.05947712418300653 0.022058823529411766 0.011764705882352941
4 0.8378676470588236 0.052941176470588235 0.013970588235294118 0.011764705882352941
4 0.8463235294117647 0.054901960784313725 0.016176470588235296 0.013071895424836602
3 0.8341911764705883 0.04967320261437908 0.01838235294117647 0.01568627450980392
3 0.819485294117647 0.043137254901960784 0.019852941176470587 0.01045751633986928
4 0.8143382352941176 0.041176470588235294 0.016911764705882352 0.01437908496732026
4 0.8014705882352942 0.034640522875816995 0.01764705882352941 0.01437908496732026
5 0.36066176470588235 0.13202614379084968 0.05367647058823529 0.04183006535947712
3 0.8514705882352941 0.6503267973856209 0.060294117647058824 0.07973856209150326
2 0.8463235294117647 0.5339869281045752 0.011764705882352941 0.030065359477124184
2 0.8551470588235294 0.5339869281045752 0.011764705882352941 0.030065359477124184
0 0.8470588235294118 0.5202614379084968 0.008823529411764706 0.02875816993464052
0 0.85625 0.5189542483660131 0.009558823529411765 0.03398692810457516