5 0.8542857142857143 0.8623096446700508 0.08857142857142856 0.11548223350253807
5 0.9592857142857143 0.8743654822335025 0.08142857142857143 0.11928934010152284
3 0.4875 0.5050761421319797 0.03642857142857143 0.03553299492385787
3 0.31464285714285717 0.42576142131979694 0.025 0.03680203045685279
3 0.2985714285714286 0.3870558375634518 0.02857142857142857 0.03299492385786802
3 0.6510714285714285 0.5234771573604061 0.03785714285714286 0.04949238578680203
3 0.4017857142857143 0.35088832487309646 0.027857142857142858 0.03680203045685279
3 0.15107142857142858 0.33375634517766495 0.027857142857142858 0.030456852791878174
3 0.01892857142857143 0.2753807106598985 0.02642857142857143 0.03299492385786802
0 0.2764285714285714 0.6503807106598984 0.005714285714285714 0.0266497461928934
0 0.20142857142857143 0.8686548223350253 0.01 0.0266497461928934
0 0.22392857142857142 0.8451776649746193 0.0064285714285714285 0.025380710659898477
0 0.21714285714285714 0.8439086294416244 0.007142857142857143 0.02284263959390863