5 0.8735 0.6586666666666666 0.253 0.2613333333333333
5 0.55525 0.42966666666666664 0.0665 0.078
5 0.41325 0.39766666666666667 0.0635 0.09666666666666666
5 0.331 0.3233333333333333 0.053 0.05733333333333333
5 0.2935 0.2803333333333333 0.026 0.03133333333333333
5 0.2635 0.245 0.025 0.042
5 0.21525 0.20166666666666666 0.0135 0.022
5 0.235 0.224 0.024 0.025333333333333333
5 0.28525 0.20966666666666667 0.0155 0.023333333333333334
5 0.319 0.25833333333333336 0.017 0.020666666666666667
5 0.3205 0.25233333333333335 0.02 0.020666666666666667
3 0.206 0.19166666666666668 0.007 0.012666666666666666
3 0.2215 0.17466666666666666 0.007 0.009333333333333334
3 0.22575 0.197 0.0075 0.01
3 0.2725 0.219 0.007 0.012666666666666666
3 0.246 0.235 0.01 0.014
3 0.284 0.249 0.016 0.016666666666666666
3 0.357 0.279 0.018 0.018
3 0.36225 0.32166666666666666 0.0155 0.022
3 0.46775 0.422 0.0375 0.04533333333333334
3 0.4845 0.368 0.031 0.029333333333333333
3 0.92325 0.935 0.1355 0.13
9 0.7135 0.517 0.019 0.03
1 0.71525 0.51 0.0075 0.030666666666666665
4 0.3545 0.23633333333333334 0.023 0.014
4 0.66625 0.30833333333333335 0.0195 0.018
4 0.78925 0.40066666666666667 0.0445 0.028
3 0.60475 0.31633333333333336 0.0325 0.015333333333333332
3 0.6295 0.3303333333333333 0.027 0.015333333333333332
3 0.646 0.338 0.031 0.02
3 0.73525 0.32566666666666666 0.0345 0.019333333333333334
3 0.81475 0.4146666666666667 0.0435 0.03333333333333333
0 0.62575 0.30833333333333335 0.0035 0.015333333333333332
0 0.61375 0.311 0.0045 0.015333333333333332
3 0.782 0.35033333333333333 0.03 0.016666666666666666