5 0.65625 0.4980392156862745 0.06691176470588235 0.14901960784313725
5 0.5158088235294118 0.27320261437908494 0.01838235294117647 0.02875816993464052
5 0.5397058823529411 0.28431372549019607 0.014705882352941176 0.030065359477124184
5 0.11727941176470588 0.4130718954248366 0.09338235294117647 0.06013071895424837
4 0.10330882352941176 0.3627450980392157 0.025735294117647058 0.027450980392156862
5 0.11948529411764706 0.40980392156862744 0.08897058823529412 0.050980392156862744
3 0.17352941176470588 0.39019607843137255 0.041176470588235294 0.02483660130718954
3 0.20073529411764707 0.36666666666666664 0.039705882352941174 0.022222222222222223
3 0.5106617647058823 0.3503267973856209 0.013970588235294118 0.023529411764705882
5 0.45992647058823527 0.2725490196078431 0.008088235294117648 0.01437908496732026
3 0.4672794117647059 0.24836601307189543 0.008088235294117648 0.01045751633986928
3 0.45073529411764707 0.24183006535947713 0.0058823529411764705 0.01045751633986928
4 0.4577205882352941 0.2437908496732026 0.006617647058823529 0.011764705882352941
3 0.4621323529411765 0.23986928104575164 0.006617647058823529 0.011764705882352941
5 0.5227941176470589 0.24901960784313726 0.011764705882352941 0.030065359477124184
4 0.7066176470588236 0.37254901960784315 0.016176470588235296 0.02875816993464052
3 0.6716911764705882 0.37973856209150325 0.01838235294117647 0.022222222222222223
3 0.6871323529411765 0.3333333333333333 0.013970588235294118 0.018300653594771243
3 0.6544117647058824 0.36405228758169933 0.014705882352941176 0.022222222222222223
3 0.6477941176470589 0.3509803921568627 0.016176470588235296 0.0196078431372549
3 0.6389705882352941 0.3431372549019608 0.016176470588235296 0.01699346405228758
3 0.631985294117647 0.3326797385620915 0.013970588235294118 0.01699346405228758
3 0.6768382352941177 0.3633986928104575 0.015441176470588236 0.018300653594771243
3 0.6658088235294117 0.35228758169934643 0.013970588235294118 0.0196078431372549
3 0.6584558823529412 0.3411764705882353 0.013970588235294118 0.01568627450980392
3 0.680514705882353 0.3477124183006536 0.013970588235294118 0.01568627450980392
3 0.669485294117647 0.33398692810457514 0.013970588235294118 0.01699346405228758
3 0.5731617647058823 0.2823529411764706 0.009558823529411765 0.013071895424836602
3 0.625 0.3235294117647059 0.013235294117647059 0.01699346405228758
3 0.6202205882352941 0.31176470588235294 0.013970588235294118 0.01699346405228758
3 0.6150735294117647 0.30522875816993467 0.013970588235294118 0.01699346405228758
4 0.6106617647058824 0.2980392156862745 0.013970588235294118 0.02091503267973856
3 0.60625 0.29150326797385623 0.013970588235294118 0.01568627450980392
4 0.5930147058823529 0.28104575163398693 0.009558823529411765 0.013071895424836602
3 0.6602941176470588 0.33986928104575165 0.013235294117647059 0.01568627450980392
3 0.649264705882353 0.3326797385620915 0.013235294117647059 0.01437908496732026
3 0.64375 0.3235294117647059 0.0125 0.01437908496732026
3 0.6375 0.31699346405228757 0.013235294117647059 0.01437908496732026
3 0.6323529411764706 0.3104575163398693 0.013235294117647059 0.01437908496732026
3 0.6268382352941176 0.30130718954248364 0.0125 0.01437908496732026
3 0.6183823529411765 0.2934640522875817 0.013235294117647059 0.01437908496732026
3 0.6613970588235294 0.3261437908496732 0.0125 0.01437908496732026
3 0.6555147058823529 0.3196078431372549 0.0125 0.01437908496732026
3 0.6485294117647059 0.31176470588235294 0.011764705882352941 0.01437908496732026
3 0.6444852941176471 0.3058823529411765 0.0125 0.013071895424836602
3 0.6393382352941176 0.30130718954248364 0.0125 0.01437908496732026
3 0.6257352941176471 0.2908496732026144 0.011764705882352941 0.01437908496732026
3 0.6058823529411764 0.2823529411764706 0.010294117647058823 0.00784313725490196
3 0.6022058823529411 0.2784313725490196 0.010294117647058823 0.00784313725490196
4 0.6183823529411765 0.28169934640522876 0.011764705882352941 0.01437908496732026
4 0.6669117647058823 0.30980392156862746 0.011764705882352941 0.01568627450980392
4 0.6602941176470588 0.30522875816993467 0.011764705882352941 0.01437908496732026
4 0.6738970588235295 0.2980392156862745 0.009558823529411765 0.013071895424836602
4 0.65625 0.29477124183006537 0.009558823529411765 0.011764705882352941
5 0.680514705882353 0.3156862745098039 0.01838235294117647 0.027450980392156862
5 0.6908088235294118 0.30130718954248364 0.021323529411764706 0.043137254901960784
5 0.71875 0.31176470588235294 0.01838235294117647 0.03790849673202614
5 0.7051470588235295 0.2973856209150327 0.020588235294117647 0.040522875816993466
5 0.6882352941176471 0.2725490196078431 0.022058823529411766 0.027450980392156862
5 0.6713235294117647 0.26601307189542484 0.008823529411764706 0.0196078431372549
5 0.6588235294117647 0.2607843137254902 0.008823529411764706 0.0196078431372549
5 0.6404411764705882 0.2581699346405229 0.013235294117647059 0.0196078431372549
5 0.6238970588235294 0.2581699346405229 0.013970588235294118 0.02483660130718954
5 0.6441176470588236 0.2803921568627451 0.027941176470588237 0.030065359477124184
3 0.4713235294117647 0.234640522875817 0.007352941176470588 0.009150326797385621
3 0.48161764705882354 0.23202614379084968 0.007352941176470588 0.009150326797385621
3 0.5367647058823529 0.24836601307189543 0.007352941176470588 0.01045751633986928