0 0.5235 0.977 0.014 0.035333333333333335
0 0.53775 0.973 0.0125 0.03666666666666667
0 0.52875 0.9296666666666666 0.0185 0.034
0 0.545 0.9053333333333333 0.011 0.034666666666666665
0 0.54425 0.899 0.0105 0.022
0 0.588 0.8983333333333333 0.011 0.035333333333333335
0 0.5325 0.873 0.017 0.03666666666666667
0 0.54425 0.8526666666666667 0.0095 0.037333333333333336
1 0.58425 0.9633333333333334 0.0205 0.04
9 0.58575 0.9663333333333334 0.0165 0.06733333333333333
9 0.636 0.833 0.02 0.058
1 0.7755 0.8306666666666667 0.021 0.036
9 0.7715 0.8303333333333334 0.037 0.03266666666666666
0 0.76 0.7913333333333333 0.015 0.030666666666666665
0 0.76925 0.776 0.0145 0.032
0 0.77675 0.772 0.0185 0.03333333333333333
2 0.7525 0.7616666666666667 0.013 0.043333333333333335
0 0.735 0.7263333333333334 0.013 0.04466666666666667
0 0.749 0.723 0.012 0.051333333333333335
9 0.84225 0.8073333333333333 0.0175 0.04
9 0.86275 0.788 0.0255 0.04
9 0.899 0.8063333333333333 0.019 0.048666666666666664
9 0.876 0.816 0.029 0.04133333333333333
1 0.876 0.816 0.028 0.036
6 0.97925 0.8236666666666667 0.0405 0.062
4 0.937 0.93 0.126 0.10133333333333333
1 0.47125 0.8213333333333334 0.0145 0.029333333333333333
1 0.48 0.8236666666666667 0.014 0.028666666666666667
9 0.47225 0.8233333333333334 0.0345 0.030666666666666665
0 0.40475 0.8726666666666667 0.0125 0.030666666666666665
0 0.36175 0.855 0.0185 0.04066666666666666
0 0.56675 0.7446666666666667 0.0145 0.03333333333333333
0 0.61625 0.7313333333333333 0.0145 0.04133333333333333
0 0.60475 0.6806666666666666 0.0095 0.036
1 0.605 0.6756666666666666 0.006 0.014
1 0.56625 0.659 0.0115 0.015333333333333332
1 0.56975 0.6346666666666667 0.0115 0.032
1 0.55625 0.646 0.0105 0.028
2 0.559 0.6526666666666666 0.012 0.036
9 0.56975 0.6393333333333333 0.0125 0.037333333333333336
0 0.53825 0.6963333333333334 0.0105 0.03266666666666666
3 0.47075 0.7743333333333333 0.1015 0.08066666666666666
2 0.62425 0.6233333333333333 0.0115 0.036
1 0.61925 0.6076666666666667 0.0115 0.019333333333333334
1 0.614 0.594 0.01 0.016
0 0.59325 0.5013333333333333 0.0085 0.02666666666666667
9 0.5875 0.4756666666666667 0.019 0.020666666666666667
1 0.63625 0.4723333333333333 0.0105 0.022
9 0.63675 0.47633333333333333 0.0095 0.026
9 0.61175 0.459 0.0235 0.020666666666666667
1 0.38325 0.967 0.0185 0.038
0 0.28375 0.9166666666666666 0.0135 0.037333333333333336
0 0.264 0.875 0.017 0.03
0 0.284 0.8586666666666667 0.018 0.024
9 0.271 0.8616666666666667 0.042 0.03
9 0.281 0.8816666666666667 0.042 0.028666666666666667
4 0.1935 0.8126666666666666 0.107 0.07333333333333333
0 0.1335 0.8253333333333334 0.02 0.034666666666666665
1 0.097 0.868 0.018 0.036
9 0.103 0.8656666666666667 0.037 0.03266666666666666
1 0.13075 0.769 0.0155 0.03
2 0.1355 0.773 0.044 0.034
0 0.0905 0.739 0.02 0.034
0 0.101 0.72 0.019 0.034666666666666665
0 0.2155 0.7443333333333333 0.013 0.027333333333333334
0 0.2275 0.725 0.017 0.034
1 0.224 0.7206666666666667 0.01 0.016
0 0.205 0.6623333333333333 0.016 0.027333333333333334
0 0.2135 0.6446666666666667 0.014 0.03333333333333333
0 0.19525 0.6233333333333333 0.0145 0.032
0 0.206 0.607 0.014 0.03266666666666666
0 0.161 0.615 0.026 0.03266666666666666
0 0.14075 0.641 0.0175 0.03133333333333333
0 0.18275 0.5883333333333334 0.0165 0.03
0 0.2135 0.5726666666666667 0.011 0.028
0 0.27925 0.622 0.0135 0.030666666666666665
0 0.28975 0.629 0.0135 0.03
0 0.27025 0.568 0.0135 0.030666666666666665
0 0.235 0.571 0.012 0.03
0 0.10575 0.6486666666666666 0.0205 0.029333333333333333
0 0.1305 0.619 0.014 0.03666666666666667
0 0.14175 0.6186666666666667 0.0155 0.032
0 0.17875 0.5676666666666667 0.0145 0.023333333333333334
0 0.18575 0.5593333333333333 0.0125 0.028
0 0.19525 0.5833333333333334 0.0155 0.032
0 0.19625 0.574 0.0145 0.029333333333333333
0 0.19525 0.563 0.0105 0.026
0 0.21775 0.5276666666666666 0.0105 0.03133333333333333
1 0.20075 0.5506666666666666 0.0115 0.018666666666666668
1 0.2135 0.5413333333333333 0.014 0.021333333333333333
1 0.24125 0.5706666666666667 0.0105 0.02
1 0.17375 0.5773333333333334 0.0125 0.024
1 0.154 0.606 0.014 0.021333333333333333
4 0.289 0.704 0.091 0.076
2 0.2435 0.577 0.011 0.027333333333333334
9 0.03225 0.7223333333333334 0.0405 0.03666666666666667
4 0.06825 0.6533333333333333 0.0745 0.068
5 0.05675 0.534 0.0755 0.07333333333333333
4 0.11725 0.521 0.0665 0.051333333333333335
4 0.1745 0.5423333333333333 0.072 0.051333333333333335
1 0.26775 0.483 0.0115 0.023333333333333334
1 0.3015 0.433 0.008 0.015333333333333332
1 0.31175 0.42333333333333334 0.0085 0.017333333333333333
0 0.353 0.421 0.008 0.026
1 0.348 0.38033333333333336 0.007 0.016666666666666666
0 0.36375 0.43866666666666665 0.0065 0.024
0 0.36275 0.361 0.0075 0.023333333333333334
3 0.313 0.4876666666666667 0.052 0.05
4 0.376 0.549 0.068 0.03933333333333333
4 0.41675 0.5823333333333334 0.0535 0.066
4 0.454 0.5873333333333334 0.055 0.06266666666666666
4 0.41725 0.486 0.0685 0.042666666666666665
9 0.4985 0.5216666666666666 0.008 0.027333333333333334
4 0.5365 0.4856666666666667 0.075 0.042
4 0.538 0.459 0.055 0.034
0 0.5305 0.447 0.007 0.019333333333333334
4 0.5495 0.44 0.048 0.037333333333333336
4 0.602 0.43133333333333335 0.024 0.044
6 0.55875 0.4266666666666667 0.0275 0.017333333333333333
4 0.54925 0.4056666666666667 0.0485 0.04066666666666666
1 0.54175 0.3406666666666667 0.0095 0.016
1 0.5145 0.33666666666666667 0.007 0.012
0 0.50375 0.373 0.0075 0.020666666666666667
0 0.47475 0.3313333333333333 0.0065 0.021333333333333333
1 0.44325 0.44066666666666665 0.0075 0.014666666666666666
0 0.48425 0.43533333333333335 0.0095 0.024
9 0.45325 0.4503333333333333 0.0165 0.019333333333333334
6 0.4995 0.423 0.02 0.026
4 0.44875 0.4076666666666667 0.0485 0.038
4 0.44525 0.3873333333333333 0.0475 0.034666666666666665
4 0.4075 0.38166666666666665 0.036 0.03933333333333333
1 0.391 0.36433333333333334 0.008 0.016666666666666666
9 0.3905 0.36933333333333335 0.009 0.021333333333333333
0 0.38375 0.3396666666666667 0.0065 0.019333333333333334
0 0.3825 0.334 0.005 0.02
4 0.4475 0.3273333333333333 0.026 0.034666666666666665
6 0.14825 0.486 0.0305 0.028
6 0.17525 0.39566666666666667 0.0255 0.027333333333333334
9 0.0165 0.44533333333333336 0.012 0.02266666666666667
9 0.049 0.44533333333333336 0.021 0.017333333333333333
6 0.043 0.43366666666666664 0.026 0.026
1 0.05725 0.42333333333333334 0.0125 0.017333333333333333
1 0.06975 0.4116666666666667 0.0125 0.018
1 0.089 0.4166666666666667 0.009 0.02
9 0.11975 0.43833333333333335 0.0205 0.022
9 0.1255 0.44033333333333335 0.02 0.020666666666666667
9 0.132 0.441 0.018 0.020666666666666667
9 0.1385 0.445 0.023 0.020666666666666667
9 0.144 0.44633333333333336 0.023 0.022
9 0.15 0.44866666666666666 0.022 0.02266666666666667
9 0.11675 0.418 0.0175 0.02266666666666667
9 0.157 0.3953333333333333 0.016 0.025333333333333333
9 0.12125 0.38033333333333336 0.0165 0.019333333333333334
6 0.128 0.4046666666666667 0.021 0.024
9 0.11075 0.41333333333333333 0.0255 0.02
2 0.31625 0.32366666666666666 0.0095 0.020666666666666667
4 0.367 0.3263333333333333 0.048 0.03133333333333333
3 0.39525 0.29033333333333333 0.0385 0.023333333333333334
4 0.398 0.2773333333333333 0.038 0.02266666666666667
4 0.41325 0.2693333333333333 0.0375 0.025333333333333333
3 0.4265 0.26166666666666666 0.037 0.022
0 0.44125 0.2713333333333333 0.0055 0.02
0 0.44575 0.2753333333333333 0.0035 0.014666666666666666
4 0.49425 0.272 0.0225 0.034666666666666665
3 0.50525 0.25333333333333335 0.0185 0.02666666666666667
4 0.52375 0.23166666666666666 0.0175 0.022
3 0.55 0.22666666666666666 0.031 0.02266666666666667
4 0.583 0.22733333333333333 0.028 0.02666666666666667
4 0.568 0.219 0.024 0.019333333333333334
3 0.59525 0.20933333333333334 0.0325 0.021333333333333333
5 0.637 0.17566666666666667 0.06 0.035333333333333335
4 0.52775 0.19133333333333333 0.0305 0.017333333333333333
4 0.52625 0.178 0.0305 0.018666666666666668
3 0.5285 0.18533333333333332 0.028 0.012
3 0.48275 0.16766666666666666 0.0245 0.014
3 0.44475 0.16333333333333333 0.0255 0.013333333333333334
0 0.46875 0.16533333333333333 0.0035 0.013333333333333334
5 0.43225 0.24666666666666667 0.0385 0.029333333333333333
4 0.44 0.24033333333333334 0.029 0.022
4 0.447 0.23133333333333334 0.043 0.02666666666666667
4 0.45925 0.22366666666666668 0.0265 0.020666666666666667
3 0.46175 0.21766666666666667 0.0265 0.015333333333333332
3 0.463 0.20866666666666667 0.033 0.018666666666666668
4 0.43125 0.208 0.0285 0.02266666666666667
4 0.4165 0.189 0.028 0.018
3 0.39425 0.20233333333333334 0.0295 0.018
3 0.373 0.15533333333333332 0.024 0.013333333333333334
1 0.35525 0.18966666666666668 0.0045 0.011333333333333334
9 0.35625 0.19333333333333333 0.0095 0.010666666666666666
3 0.34825 0.20033333333333334 0.0255 0.019333333333333334
3 0.457 0.10233333333333333 0.019 0.011333333333333334
3 0.33125 0.086 0.0155 0.009333333333333334
3 0.312 0.08466666666666667 0.016 0.009333333333333334
3 0.294 0.08333333333333333 0.016 0.008
3 0.251 0.08 0.018 0.009333333333333334
3 0.2565 0.188 0.03 0.014666666666666666
3 0.1575 0.16066666666666668 0.031 0.017333333333333333
4 0.12425 0.13633333333333333 0.0195 0.014
0 0.114 0.11833333333333333 0.004 0.01
0 0.1165 0.11633333333333333 0.005 0.011333333333333334
3 0.108 0.08733333333333333 0.016 0.009333333333333334
4 0.08475 0.151 0.0275 0.022
4 0.0605 0.12966666666666668 0.025 0.015333333333333332
3 0.0105 0.103 0.021 0.01
4 0.04375 0.10133333333333333 0.0205 0.012
4 0.0635 0.098 0.017 0.010666666666666666
3 0.03225 0.09733333333333333 0.0215 0.012
4 0.054 0.08966666666666667 0.019 0.01
4 0.0745 0.08666666666666667 0.018 0.012