3 0.29411764705882354 0.2777777777777778 0.010294117647058823 0.009150326797385621
3 0.31580882352941175 0.27908496732026145 0.009558823529411765 0.006535947712418301
5 0.3477941176470588 0.24509803921568626 0.016176470588235296 0.0196078431372549
3 0.3613970588235294 0.2607843137254902 0.006617647058823529 0.006535947712418301
3 0.37022058823529413 0.2607843137254902 0.006617647058823529 0.006535947712418301
5 0.3136029411764706 0.3254901960784314 0.011029411764705883 0.02875816993464052
5 0.37058823529411766 0.365359477124183 0.023529411764705882 0.0457516339869281
3 0.3948529411764706 0.3660130718954248 0.010294117647058823 0.018300653594771243
3 0.3323529411764706 0.42810457516339867 0.016176470588235296 0.0196078431372549
3 0.2511029411764706 0.5405228758169934 0.022794117647058822 0.027450980392156862
3 0.4698529411764706 0.39738562091503266 0.011764705882352941 0.018300653594771243
3 0.28455882352941175 0.9751633986928104 0.057352941176470586 0.04967320261437908
3 0.24411764705882352 0.838562091503268 0.03529411764705882 0.05359477124183006
8 0.32683823529411765 0.8300653594771242 0.07867647058823529 0.14901960784313725
4 0.38419117647058826 0.907843137254902 0.04926470588235294 0.09019607843137255
3 0.43713235294117647 0.8973856209150327 0.03308823529411765 0.06666666666666667
3 0.4415441176470588 0.8019607843137255 0.030147058823529412 0.05359477124183006
3 0.39338235294117646 0.8124183006535948 0.03529411764705882 0.058823529411764705
3 0.38125 0.7457516339869281 0.03161764705882353 0.050980392156862744
3 0.42683823529411763 0.7274509803921568 0.028676470588235293 0.0457516339869281
3 0.4522058823529412 0.7352941176470589 0.03529411764705882 0.05359477124183006
3 0.41507352941176473 0.6803921568627451 0.025735294117647058 0.03529411764705882
4 0.44338235294117645 0.6686274509803921 0.030882352941176472 0.058823529411764705
3 0.4863970588235294 0.673202614379085 0.025735294117647058 0.04183006535947712
0 0.3966911764705882 0.6620915032679738 0.005147058823529412 0.02483660130718954
8 0.3801470588235294 0.665359477124183 0.054411764705882354 0.08627450980392157
3 0.43529411764705883 0.6241830065359477 0.027941176470588237 0.032679738562091505
3 0.4698529411764706 0.634640522875817 0.023529411764705882 0.03529411764705882
3 0.4621323529411765 0.5993464052287582 0.019852941176470587 0.030065359477124184
3 0.4672794117647059 0.5549019607843138 0.021323529411764706 0.030065359477124184
3 0.4827205882352941 0.6026143790849673 0.021323529411764706 0.03137254901960784
3 0.4834558823529412 0.5725490196078431 0.019852941176470587 0.02875816993464052
3 0.4974264705882353 0.6228758169934641 0.021323529411764706 0.032679738562091505
3 0.5139705882352941 0.5856209150326798 0.01911764705882353 0.03398692810457516
3 0.49558823529411766 0.545751633986928 0.01911764705882353 0.027450980392156862
3 0.49264705882352944 0.5274509803921569 0.020588235294117647 0.02483660130718954
3 0.5099264705882353 0.5071895424836601 0.019852941176470587 0.026143790849673203
5 0.5290441176470588 0.5424836601307189 0.027205882352941177 0.06274509803921569
3 0.5121323529411764 0.4764705882352941 0.015441176470588236 0.022222222222222223
3 0.5213235294117647 0.48627450980392156 0.01911764705882353 0.026143790849673203
3 0.5466911764705882 0.5111111111111111 0.015441176470588236 0.023529411764705882
3 0.5330882352941176 0.49673202614379086 0.016176470588235296 0.023529411764705882
3 0.5525735294117647 0.4830065359477124 0.013970588235294118 0.022222222222222223
3 0.5566176470588236 0.465359477124183 0.013235294117647059 0.02091503267973856
0 0.5169117647058824 0.43790849673202614 0.0029411764705882353 0.018300653594771243
0 0.5139705882352941 0.44052287581699345 0.0014705882352941176 0.013071895424836602
3 0.524264705882353 0.4398692810457516 0.013235294117647059 0.0196078431372549
3 0.5275735294117647 0.42745098039215684 0.0125 0.01568627450980392
8 0.5397058823529411 0.4470588235294118 0.023529411764705882 0.05228758169934641
5 0.5474264705882353 0.40261437908496733 0.016911764705882352 0.047058823529411764
5 0.5522058823529412 0.3738562091503268 0.016176470588235296 0.044444444444444446
5 0.5639705882352941 0.42745098039215684 0.01911764705882353 0.06013071895424837
5 0.5698529411764706 0.39215686274509803 0.013235294117647059 0.03398692810457516
3 0.5698529411764706 0.36993464052287583 0.010294117647058823 0.02091503267973856
3 0.5602941176470588 0.35555555555555557 0.008823529411764706 0.013071895424836602
3 0.5746323529411764 0.3607843137254902 0.009558823529411765 0.01568627450980392
3 0.5669117647058823 0.3437908496732026 0.007352941176470588 0.01045751633986928
3 0.5783088235294118 0.34705882352941175 0.006617647058823529 0.011764705882352941
3 0.5827205882352942 0.33790849673202616 0.006617647058823529 0.011764705882352941
3 0.586764705882353 0.32941176470588235 0.007352941176470588 0.01045751633986928
8 0.5709558823529411 0.3235294117647059 0.015441176470588236 0.030065359477124184
3 0.5878676470588236 0.3235294117647059 0.006617647058823529 0.011764705882352941
3 0.5904411764705882 0.3176470588235294 0.0058823529411764705 0.00784313725490196
3 0.5783088235294118 0.3137254901960784 0.006617647058823529 0.01045751633986928
3 0.58125 0.3084967320261438 0.006617647058823529 0.00784313725490196
3 0.5808823529411765 0.30392156862745096 0.007352941176470588 0.009150326797385621
3 0.5845588235294118 0.2980392156862745 0.0058823529411764705 0.01045751633986928
3 0.5838235294117647 0.29215686274509806 0.0058823529411764705 0.009150326797385621
3 0.5863970588235294 0.28888888888888886 0.005147058823529412 0.00784313725490196
3 0.5886029411764706 0.28431372549019607 0.005147058823529412 0.009150326797385621
3 0.5904411764705882 0.2803921568627451 0.0058823529411764705 0.009150326797385621
3 0.5948529411764706 0.3 0.007352941176470588 0.009150326797385621
3 0.5933823529411765 0.3058823529411765 0.007352941176470588 0.00784313725490196
3 0.5919117647058824 0.31176470588235294 0.007352941176470588 0.009150326797385621
3 0.5970588235294118 0.296078431372549 0.0058823529411764705 0.009150326797385621
3 0.5977941176470588 0.28823529411764703 0.007352941176470588 0.009150326797385621
3 0.6003676470588235 0.2823529411764706 0.006617647058823529 0.00784313725490196
3 0.8643382352941177 0.3869281045751634 0.015441176470588236 0.018300653594771243
3 0.8242647058823529 0.3764705882352941 0.025 0.01568627450980392
3 0.8944852941176471 0.3712418300653595 0.022794117647058822 0.01568627450980392
3 0.8889705882352941 0.365359477124183 0.022058823529411766 0.01437908496732026
3 0.8794117647058823 0.361437908496732 0.022058823529411766 0.01699346405228758
3 0.8727941176470588 0.3588235294117647 0.01764705882352941 0.011764705882352941
3 0.8713235294117647 0.3535947712418301 0.01764705882352941 0.011764705882352941
3 0.7511029411764706 0.40326797385620916 0.02426470588235294 0.027450980392156862
3 0.7338235294117647 0.37973856209150325 0.025 0.01699346405228758
3 0.7275735294117647 0.36666666666666664 0.021323529411764706 0.01437908496732026
3 0.7242647058823529 0.36209150326797385 0.022058823529411766 0.013071895424836602
3 0.7205882352941176 0.35228758169934643 0.01911764705882353 0.01437908496732026
3 0.7147058823529412 0.33725490196078434 0.01911764705882353 0.013071895424836602
3 0.7886029411764706 0.38823529411764707 0.025735294117647058 0.01568627450980392
3 0.7863970588235294 0.38169934640522873 0.025735294117647058 0.013071895424836602
3 0.7834558823529412 0.3607843137254902 0.02426470588235294 0.018300653594771243
0 0.7522058823529412 0.3431372549019608 0.0029411764705882353 0.011764705882352941
3 0.7830882352941176 0.37254901960784315 0.022058823529411766 0.01568627450980392
3 0.7727941176470589 0.3477124183006536 0.020588235294117647 0.013071895424836602
3 0.7860294117647059 0.330718954248366 0.01911764705882353 0.013071895424836602
3 0.7661764705882353 0.3437908496732026 0.01911764705882353 0.013071895424836602
3 0.7661764705882353 0.33790849673202616 0.020588235294117647 0.01437908496732026
3 0.774264705882353 0.3111111111111111 0.01764705882352941 0.013071895424836602
3 0.7805147058823529 0.3215686274509804 0.016911764705882352 0.01045751633986928
3 0.78125 0.3183006535947712 0.016911764705882352 0.011764705882352941
3 0.7974264705882353 0.2980392156862745 0.015441176470588236 0.013071895424836602
3 0.8040441176470589 0.30196078431372547 0.015441176470588236 0.01045751633986928
3 0.8073529411764706 0.3032679738562091 0.014705882352941176 0.01045751633986928
3 0.8106617647058824 0.3065359477124183 0.016911764705882352 0.009150326797385621
3 0.8143382352941176 0.3130718954248366 0.015441176470588236 0.011764705882352941
4 0.825 0.31176470588235294 0.023529411764705882 0.01437908496732026
4 0.8474264705882353 0.33464052287581697 0.027205882352941177 0.018300653594771243
4 0.8422794117647059 0.32941176470588235 0.019852941176470587 0.01568627450980392
3 0.8360294117647059 0.32679738562091504 0.01911764705882353 0.013071895424836602
3 0.8294117647058824 0.3209150326797386 0.01764705882352941 0.01437908496732026
3 0.8330882352941177 0.32483660130718955 0.01764705882352941 0.011764705882352941
3 0.8253676470588235 0.3176470588235294 0.016911764705882352 0.013071895424836602