3 0.6698529411764705 0.903921568627451 0.07205882352941176 0.1895424836601307
3 0.5511029411764706 0.7555555555555555 0.04926470588235294 0.13594771241830064
8 0.2702205882352941 0.8143790849673203 0.14191176470588235 0.3712418300653595
3 0.3426470588235294 0.3895424836601307 0.04264705882352941 0.10457516339869281
3 0.5330882352941176 0.2679738562091503 0.033823529411764704 0.06535947712418301
3 0.43272058823529413 0.3084967320261438 0.03602941176470588 0.08888888888888889
3 0.34852941176470587 0.25620915032679736 0.03529411764705882 0.07320261437908497
3 0.36801470588235297 0.18366013071895426 0.03602941176470588 0.07973856209150326
4 0.3694852941176471 0.10457516339869281 0.025735294117647058 0.06535947712418301
4 0.43933823529411764 0.11699346405228758 0.02426470588235294 0.06666666666666667
3 0.5371323529411764 0.11437908496732026 0.025735294117647058 0.048366013071895426
2 0.5952205882352941 0.10326797385620914 0.008088235294117648 0.026143790849673203
2 0.5720588235294117 0.06601307189542484 0.01911764705882353 0.0196078431372549
2 0.5738970588235294 0.05816993464052288 0.0125 0.01699346405228758
0 0.5650735294117647 0.024183006535947713 0.008088235294117648 0.03790849673202614
0 0.5683823529411764 0.03790849673202614 0.004411764705882353 0.036601307189542485
0 0.569485294117647 0.041176470588235294 0.005147058823529412 0.032679738562091505
0 0.5724264705882353 0.06013071895424837 0.005147058823529412 0.03398692810457516
3 0.5209558823529412 0.01895424836601307 0.022794117647058822 0.03790849673202614
0 0.39044117647058824 0.14901960784313725 0.008823529411764706 0.0392156862745098
0 0.39301470588235293 0.1588235294117647 0.006617647058823529 0.027450980392156862
4 0.44338235294117645 0.02091503267973856 0.022058823529411766 0.04183006535947712
3 0.4764705882352941 0.01045751633986928 0.01911764705882353 0.02091503267973856
0 0.3235294117647059 0.27712418300653596 0.013235294117647059 0.05228758169934641
0 0.30551470588235297 0.28823529411764703 0.008088235294117648 0.027450980392156862
0 0.31066176470588236 0.28366013071895424 0.006617647058823529 0.02875816993464052
0 0.3518382352941177 0.09215686274509804 0.008088235294117648 0.040522875816993466
0 0.36470588235294116 0.05555555555555555 0.0058823529411764705 0.03529411764705882
0 0.36470588235294116 0.06405228758169934 0.0058823529411764705 0.03398692810457516
0 0.3654411764705882 0.06928104575163399 0.004411764705882353 0.02091503267973856
0 0.022426470588235294 0.06928104575163399 0.0125 0.04183006535947712
3 0.10404411764705883 0.025490196078431372 0.03897058823529412 0.040522875816993466
5 0.799264705882353 0.08169934640522876 0.06911764705882353 0.10588235294117647
3 0.5654411764705882 0.4947712418300654 0.041176470588235294 0.10588235294117647