3 0.0475 0.35933333333333334 0.051 0.029333333333333333
3 0.1065 0.377 0.054 0.024666666666666667
3 0.18825 0.3476666666666667 0.0445 0.03
3 0.4505 0.6343333333333333 0.074 0.054
3 0.746 0.5276666666666666 0.033 0.043333333333333335
3 0.28925 0.308 0.0405 0.029333333333333333
3 0.32775 0.29133333333333333 0.0385 0.029333333333333333
3 0.37375 0.2816666666666667 0.0405 0.023333333333333334
3 0.91725 0.392 0.0575 0.030666666666666665
3 0.857 0.38033333333333336 0.047 0.03133333333333333
3 0.795 0.361 0.05 0.026
3 0.62525 0.2916666666666667 0.0375 0.020666666666666667
4 0.66375 0.30133333333333334 0.0435 0.029333333333333333
3 0.74675 0.3393333333333333 0.0365 0.025333333333333333
3 0.3165 0.7886666666666666 0.074 0.08533333333333333
4 0.18825 0.6943333333333334 0.0715 0.09
9 0.36425 0.901 0.0135 0.056666666666666664
0 0.66325 0.6693333333333333 0.0115 0.04
3 0.89025 0.5673333333333334 0.0385 0.03333333333333333
3 0.42375 0.21833333333333332 0.0135 0.019333333333333334
3 0.432 0.20466666666666666 0.016 0.02
3 0.0725 0.5346666666666666 0.045 0.09866666666666667
3 0.542 0.10866666666666666 0.018 0.02666666666666667