4 0.1771920668058455 0.050556586270871985 0.07254697286012526 0.10111317254174397
3 0.05793319415448852 0.2680890538033395 0.09081419624217119 0.08534322820037106
3 0.3778705636743215 0.2782931354359926 0.06993736951983298 0.15213358070500926
3 0.17667014613778706 0.648886827458256 0.06941544885177453 0.06957328385899815
1 0.2424321503131524 0.5264378478664193 0.02244258872651357 0.030612244897959183
1 0.33585594989561585 0.648886827458256 0.019311064718162838 0.0287569573283859
9 0.24556367432150314 0.5264378478664193 0.037056367432150315 0.036178107606679034
9 0.3389874739039666 0.648886827458256 0.037056367432150315 0.02504638218923933
0 0.19441544885177453 0.8821892393320965 0.02035490605427975 0.027829313543599257
4 0.46894572025052195 0.6646567717996289 0.05167014613778706 0.04916512059369202
3 0.44545929018789143 0.4619666048237477 0.08820459290187892 0.07050092764378478
1 0.4846033402922756 0.5626159554730983 0.016179540709812108 0.021335807050092765
2 0.48512526096033404 0.5616883116883117 0.02870563674321503 0.017625231910946195
1 0.49478079331941544 0.3362708719851577 0.015657620041753653 0.032467532467532464
9 0.4924321503131524 0.33766233766233766 0.030793319415448852 0.03153988868274583
1 0.6923277661795407 0.37755102040816324 0.01722338204592902 0.029684601113172542
1 0.7205114822546973 0.4230055658627087 0.01826722338204593 0.022263450834879406
9 0.7173799582463466 0.4225417439703154 0.013048016701461378 0.04916512059369202
9 0.6905010438413361 0.37894248608534326 0.014613778705636743 0.05473098330241188
9 0.8744780793319415 0.02040816326530612 0.02035490605427975 0.04081632653061224
9 0.5968162839248434 0.5816326530612245 0.02870563674321503 0.05380333951762523
0 0.791231732776618 0.5987940630797773 0.018789144050104383 0.03432282003710575
3 0.666231732776618 0.8956400742115028 0.05375782881002088 0.16048237476808905
9 0.7079853862212944 0.9689239332096475 0.0255741127348643 0.06029684601113173
6 0.9608559498956158 0.29962894248608535 0.038622129436325675 0.10018552875695733