3 0.2910714285714286 0.3052030456852792 0.029285714285714286 0.03680203045685279
4 0.34785714285714286 0.26903553299492383 0.011428571428571429 0.04568527918781726
4 0.36607142857142855 0.2626903553299492 0.012142857142857143 0.050761421319796954
4 0.38107142857142856 0.2620558375634518 0.012142857142857143 0.046954314720812185
4 0.41 0.24936548223350255 0.012857142857142857 0.05203045685279188
3 0.42714285714285716 0.25380710659898476 0.011428571428571429 0.04314720812182741
3 0.7067857142857142 0.9815989847715736 0.03214285714285714 0.03426395939086294
3 0.7414285714285714 0.9784263959390863 0.03 0.04060913705583756
4 0.7057142857142857 0.9384517766497462 0.03428571428571429 0.05203045685279188
4 0.6675 0.8889593908629442 0.030714285714285715 0.046954314720812185
4 0.6060714285714286 0.7728426395939086 0.02214285714285714 0.048223350253807105
3 0.6139285714285714 0.7062182741116751 0.016428571428571428 0.05710659898477157
4 0.6971428571428572 0.7423857868020305 0.032857142857142856 0.027918781725888325
4 0.6935714285714286 0.7157360406091371 0.03428571428571429 0.030456852791878174
4 0.6935714285714286 0.6833756345177665 0.03571428571428571 0.031725888324873094
3 0.6864285714285714 0.6510152284263959 0.03428571428571429 0.030456852791878174
4 0.6803571428571429 0.6218274111675127 0.03357142857142857 0.027918781725888325
3 0.6764285714285714 0.5926395939086294 0.032857142857142856 0.030456852791878174
4 0.6864285714285714 0.559010152284264 0.02857142857142857 0.0266497461928934
3 0.6785714285714286 0.5361675126903553 0.03 0.024111675126903553
3 0.6742857142857143 0.5063451776649747 0.027142857142857142 0.025380710659898477
4 0.6032142857142857 0.39086294416243655 0.023571428571428573 0.04568527918781726
3 0.5392857142857143 0.3534263959390863 0.025714285714285714 0.04187817258883249
4 0.6653571428571429 0.4530456852791878 0.029285714285714286 0.025380710659898477
3 0.6717857142857143 0.4796954314720812 0.03214285714285714 0.027918781725888325
1 0.7510714285714286 0.4498730964467005 0.0035714285714285713 0.008883248730964468
1 0.7528571428571429 0.4416243654822335 0.002857142857142857 0.007614213197969543
1 0.7528571428571429 0.475253807106599 0.002857142857142857 0.008883248730964468
1 0.7721428571428571 0.4854060913705584 0.004285714285714286 0.011421319796954314
1 0.8810714285714286 0.6269035532994924 0.010714285714285714 0.012690355329949238
1 0.7832142857142858 0.44543147208121825 0.010714285714285714 0.012690355329949238
1 0.8860714285714286 0.6573604060913706 0.015 0.02030456852791878
1 0.8903571428571428 0.6643401015228426 0.012142857142857143 0.01649746192893401
1 0.8892857142857142 0.6890862944162437 0.007142857142857143 0.012690355329949238