1 0.4240605427974948 0.27087198515769945 0.004697286012526096 0.012987012987012988
1 0.4420668058455115 0.13358070500927643 0.003131524008350731 0.00927643784786642
1 0.548277661795407 0.23608534322820038 0.0036534446764091857 0.013914656771799629
1 0.5540187891440501 0.20454545454545456 0.004697286012526096 0.01020408163265306
1 0.5626304801670147 0.20593692022263452 0.0041753653444676405 0.012987012987012988
1 0.5414926931106472 0.09554730983302412 0.0036534446764091857 0.0074211502782931356
9 0.5477557411273486 0.24397031539888683 0.0036534446764091857 0.012987012987012988
9 0.5537578288100209 0.2101113172541744 0.0041753653444676405 0.01020408163265306
9 0.5623695198329853 0.21289424860853431 0.0036534446764091857 0.01020408163265306
9 0.5414926931106472 0.10018552875695733 0.0036534446764091857 0.0074211502782931356
9 0.6025574112734864 0.4897959183673469 0.005741127348643006 0.016697588126159554
2 0.6002087682672234 0.41929499072356213 0.003131524008350731 0.014842300556586271
2 0.5994258872651357 0.4044526901669759 0.0036534446764091857 0.011131725417439703
1 0.5999478079331941 0.39332096474953615 0.0026096033402922755 0.00927643784786642
1 0.5999478079331941 0.4104823747680891 0.0036534446764091857 0.012059369202226345
1 0.6046450939457203 0.47912801484230055 0.005741127348643006 0.013914656771799629
1 0.579070981210856 0.3608534322820037 0.0036534446764091857 0.012987012987012988
9 0.5780271398747391 0.36688311688311687 0.004697286012526096 0.021335807050092765
5 0.6529227557411273 0.06679035250463822 0.025052192066805846 0.016697588126159554
3 0.5219206680584552 0.075139146567718 0.009394572025052192 0.012987012987012988
4 0.5112212943632568 0.05890538033395176 0.006784968684759917 0.013914656771799629
3 0.5075678496868476 0.03525046382189239 0.006784968684759917 0.011131725417439703
3 0.5161795407098121 0.02504638218923933 0.006263048016701462 0.00927643784786642
3 0.4791231732776618 0.05519480519480519 0.007306889352818371 0.012059369202226345
9 0.4420668058455115 0.13821892393320964 0.003131524008350731 0.0074211502782931356
9 0.42379958246346555 0.2782931354359926 0.0041753653444676405 0.011131725417439703
9 0.4034446764091858 0.4327458256029685 0.005219206680584551 0.015769944341372914
1 0.40396659707724425 0.4225417439703154 0.007306889352818371 0.01948051948051948
1 0.352035490605428 0.6525974025974026 0.007828810020876827 0.01948051948051948
9 0.35151356993736954 0.6609461966604824 0.010960334029227558 0.039888682745825604
1 0.7267745302713987 0.8719851576994434 0.007828810020876827 0.02411873840445269
9 0.7228601252609603 0.8780148423005566 0.015657620041753653 0.04359925788497217