3 0.25892857142857145 0.43083756345177665 0.02214285714285714 0.04949238578680203
5 0.4525 0.06218274111675127 0.023571428571428573 0.10152284263959391
5 0.47928571428571426 0.023477157360406092 0.017142857142857144 0.046954314720812185
5 0.4710714285714286 0.08185279187817258 0.025 0.08248730964467005
5 0.48964285714285716 0.0932741116751269 0.015 0.07233502538071065
3 0.5189285714285714 0.057741116751269035 0.009285714285714286 0.02918781725888325
3 0.5360714285714285 0.0932741116751269 0.010714285714285714 0.03680203045685279
4 0.5403571428571429 0.16370558375634517 0.012142857142857143 0.04060913705583756
8 0.5217857142857143 0.20241116751269037 0.015 0.12055837563451777
3 0.54 0.2563451776649746 0.012857142857142857 0.027918781725888325
4 0.5453571428571429 0.38578680203045684 0.012142857142857143 0.04314720812182741
3 0.5235714285714286 0.42385786802030456 0.012857142857142857 0.04568527918781726
3 0.5510714285714285 0.47588832487309646 0.016428571428571428 0.050761421319796954
5 0.5242857142857142 0.5704314720812182 0.02 0.13324873096446702
0 0.8067857142857143 0.0532994923857868 0.005 0.017766497461928935
8 0.6185714285714285 0.15609137055837563 0.024285714285714285 0.1218274111675127
3 0.5982142857142857 0.1567258883248731 0.010714285714285714 0.03934010152284264
3 0.6453571428571429 0.4663705583756345 0.016428571428571428 0.05203045685279188
4 0.7471428571428571 0.9638324873096447 0.027142857142857142 0.06979695431472081
8 0.6278571428571429 0.9593908629441624 0.022857142857142857 0.07868020304568528
4 0.5214285714285715 0.9289340101522843 0.017142857142857144 0.07360406091370558
3 0.5746428571428571 0.7277918781725888 0.016428571428571428 0.06472081218274112
3 0.5442857142857143 0.8140862944162437 0.015714285714285715 0.05710659898477157
3 0.5460714285714285 0.7277918781725888 0.019285714285714285 0.06979695431472081
3 0.5110714285714286 0.7398477157360406 0.015 0.06345177664974619
3 0.32392857142857145 0.8965736040609137 0.023571428571428573 0.07233502538071065
4 0.3464285714285714 0.9181472081218274 0.03 0.07233502538071065
4 0.3682142857142857 0.932741116751269 0.02642857142857143 0.07614213197969544
5 0.3539285714285714 0.6732233502538071 0.04928571428571429 0.16116751269035534
5 0.38642857142857145 0.5190355329949239 0.037142857142857144 0.10406091370558376
4 0.4117857142857143 0.7360406091370558 0.029285714285714286 0.06598984771573604
4 0.4207142857142857 0.692258883248731 0.027142857142857142 0.06218274111675127
4 0.42642857142857143 0.641497461928934 0.02857142857142857 0.06472081218274112
4 0.4325 0.5989847715736041 0.02214285714285714 0.05583756345177665
4 0.44785714285714284 0.5190355329949239 0.027142857142857142 0.0583756345177665
3 0.44 0.5621827411167513 0.024285714285714285 0.0532994923857868
9 0.4575 0.5076142131979695 0.009285714285714286 0.030456852791878174
9 0.4589285714285714 0.4803299492385787 0.015 0.013959390862944163
3 0.475 0.39403553299492383 0.03 0.024111675126903553
3 0.47785714285714287 0.37055837563451777 0.03 0.025380710659898477
4 0.4789285714285714 0.3432741116751269 0.03214285714285714 0.02918781725888325
3 0.48642857142857143 0.29949238578680204 0.02142857142857143 0.02284263959390863
3 0.4825 0.27411167512690354 0.029285714285714286 0.025380710659898477
3 0.4825 0.2296954314720812 0.029285714285714286 0.025380710659898477
4 0.485 0.18527918781725888 0.024285714285714285 0.025380710659898477
4 0.48428571428571426 0.20748730964467005 0.027142857142857142 0.024111675126903553