4 0.18892857142857142 0.11104060913705584 0.010714285714285714 0.0266497461928934
5 0.3175 0.02284263959390863 0.009285714285714286 0.03299492385786802
5 0.2932142857142857 0.02918781725888325 0.013571428571428571 0.04568527918781726
8 0.3357142857142857 0.13959390862944163 0.015714285714285715 0.07106598984771574
8 0.31892857142857145 0.1034263959390863 0.015 0.06725888324873096
4 0.3067857142857143 0.0932741116751269 0.010714285714285714 0.03426395939086294
4 0.30964285714285716 0.15291878172588833 0.012142857142857143 0.03426395939086294
8 0.33 0.20812182741116753 0.02 0.07614213197969544
3 0.30642857142857144 0.04568527918781726 0.007142857142857143 0.015228426395939087
3 0.33035714285714285 0.04314720812182741 0.009285714285714286 0.02030456852791878
3 0.3092857142857143 0.008883248730964468 0.007142857142857143 0.015228426395939087
3 0.38321428571428573 0.008248730964467006 0.009285714285714286 0.01649746192893401
8 0.2932142857142857 0.11357868020304568 0.013571428571428571 0.06472081218274112
4 0.29714285714285715 0.1916243654822335 0.011428571428571429 0.030456852791878174
4 0.31285714285714283 0.19923857868020303 0.01 0.027918781725888325
3 0.31785714285714284 0.24555837563451777 0.01 0.021573604060913704
3 0.3767857142857143 0.1700507614213198 0.009285714285714286 0.02284263959390863
3 0.3242857142857143 0.2817258883248731 0.01 0.02284263959390863
4 0.3575 0.4232233502538071 0.015 0.02918781725888325
8 0.31035714285714283 0.2772842639593909 0.020714285714285713 0.07233502538071065
8 0.32607142857142857 0.35215736040609136 0.029285714285714286 0.0850253807106599
4 0.3385714285714286 0.35152284263959394 0.012857142857142857 0.030456852791878174
4 0.33285714285714285 0.31789340101522845 0.011428571428571429 0.02918781725888325
4 0.3414285714285714 0.2950507614213198 0.011428571428571429 0.02918781725888325
0 0.23392857142857143 0.3813451776649746 0.005 0.013959390862944163
0 0.21571428571428572 0.4815989847715736 0.004285714285714286 0.011421319796954314
0 0.21392857142857144 0.4860406091370558 0.005 0.012690355329949238
0 0.3175 0.7760152284263959 0.0064285714285714285 0.013959390862944163
3 0.38642857142857145 0.5076142131979695 0.015714285714285715 0.03299492385786802
3 0.3703571428571429 0.4739847715736041 0.013571428571428571 0.04187817258883249
4 0.3467857142857143 0.38451776649746194 0.012142857142857143 0.027918781725888325
9 0.42214285714285715 0.3356598984771574 0.004285714285714286 0.01649746192893401
1 0.4225 0.3331218274111675 0.0035714285714285713 0.008883248730964468
0 0.485 0.3610406091370558 0.0014285714285714286 0.011421319796954314
0 0.51 0.44289340101522845 0.004285714285714286 0.012690355329949238
0 0.5135714285714286 0.440989847715736 0.004285714285714286 0.013959390862944163
8 0.48 0.4263959390862944 0.032857142857142856 0.09644670050761421
3 0.5025 0.5774111675126904 0.019285714285714285 0.03807106598984772
3 0.4857142857142857 0.5431472081218274 0.015714285714285715 0.03553299492385787
3 0.4660714285714286 0.501269035532995 0.017857142857142856 0.03299492385786802
4 0.5214285714285715 0.6116751269035533 0.022857142857142857 0.048223350253807105
3 0.5439285714285714 0.6516497461928934 0.020714285714285713 0.03934010152284264
3 0.5492857142857143 0.6256345177664975 0.02142857142857143 0.04314720812182741
3 0.5664285714285714 0.6954314720812182 0.022857142857142857 0.04060913705583756
4 0.6085714285714285 0.7620558375634517 0.02857142857142857 0.05456852791878172
5 0.6535714285714286 0.7893401015228426 0.05285714285714286 0.08883248730964467
3 0.6825 0.8889593908629442 0.029285714285714286 0.046954314720812185
5 0.7346428571428572 0.9479695431472082 0.07214285714285715 0.10152284263959391
5 0.8675 0.9029187817258884 0.05785714285714286 0.11040609137055837