0 0.28860294117647056 0.9686274509803922 0.008088235294117648 0.03137254901960784
0 0.29816176470588235 0.9535947712418301 0.006617647058823529 0.032679738562091505
1 0.29669117647058824 0.9509803921568627 0.005147058823529412 0.01699346405228758
6 0.3533088235294118 0.9640522875816994 0.03308823529411765 0.03529411764705882
0 0.49264705882352944 0.9745098039215686 0.007352941176470588 0.03790849673202614
4 0.51875 0.9398692810457516 0.01838235294117647 0.06013071895424837
3 0.33897058823529413 0.9372549019607843 0.045588235294117645 0.0392156862745098
3 0.3827205882352941 0.8954248366013072 0.025735294117647058 0.05228758169934641
6 0.3654411764705882 0.8660130718954249 0.027941176470588237 0.027450980392156862
4 0.3948529411764706 0.8431372549019608 0.022058823529411766 0.05228758169934641
3 0.37426470588235294 0.8091503267973856 0.041176470588235294 0.03398692810457516
2 0.41066176470588234 0.7803921568627451 0.008088235294117648 0.02091503267973856
0 0.41102941176470587 0.7745098039215687 0.0058823529411764705 0.02483660130718954
3 0.549264705882353 0.8797385620915033 0.045588235294117645 0.04183006535947712
0 0.5110294117647058 0.803921568627451 0.0058823529411764705 0.023529411764705882
0 0.5169117647058824 0.8091503267973856 0.0058823529411764705 0.023529411764705882
0 0.5183823529411765 0.8 0.0058823529411764705 0.023529411764705882
0 0.36875 0.7843137254901961 0.006617647058823529 0.02875816993464052
0 0.41507352941176473 0.7444444444444445 0.006617647058823529 0.027450980392156862
3 0.5165441176470589 0.7254901960784313 0.013970588235294118 0.02875816993464052
3 0.4025735294117647 0.726797385620915 0.0375 0.023529411764705882
3 0.38823529411764707 0.7130718954248366 0.029411764705882353 0.02483660130718954
3 0.3911764705882353 0.7013071895424836 0.026470588235294117 0.027450980392156862
3 0.5191176470588236 0.6986928104575163 0.014705882352941176 0.027450980392156862
0 0.5426470588235294 0.6483660130718955 0.004411764705882353 0.018300653594771243
0 0.5588235294117647 0.6679738562091503 0.0058823529411764705 0.02091503267973856
4 0.3952205882352941 0.6816993464052288 0.022794117647058822 0.02483660130718954
4 0.518014705882353 0.64640522875817 0.0125 0.027450980392156862
3 0.5720588235294117 0.6352941176470588 0.026470588235294117 0.02091503267973856
0 0.5672794117647059 0.6568627450980392 0.005147058823529412 0.0196078431372549
0 0.55 0.6496732026143791 0.0058823529411764705 0.02091503267973856
2 0.7242647058823529 0.9830065359477124 0.01911764705882353 0.02091503267973856
2 0.6588235294117647 0.9117647058823529 0.010294117647058823 0.027450980392156862
9 0.6404411764705882 0.818954248366013 0.016176470588235296 0.0196078431372549
9 0.6121323529411765 0.7143790849673203 0.013970588235294118 0.0196078431372549
9 0.6025735294117647 0.6803921568627451 0.0125 0.01437908496732026
3 0.6003676470588235 0.6372549019607843 0.01838235294117647 0.030065359477124184
3 0.5643382352941176 0.6254901960784314 0.030147058823529412 0.022222222222222223
3 0.6003676470588235 0.6248366013071895 0.028676470588235293 0.018300653594771243
0 0.5889705882352941 0.6111111111111112 0.004411764705882353 0.01699346405228758
3 0.6073529411764705 0.6124183006535948 0.01911764705882353 0.0196078431372549
4 0.40147058823529413 0.6601307189542484 0.027941176470588237 0.026143790849673203
4 0.40551470588235294 0.6300653594771242 0.02426470588235294 0.026143790849673203
3 0.4411764705882353 0.6026143790849673 0.013235294117647059 0.02091503267973856
3 0.4209558823529412 0.5980392156862745 0.022794117647058822 0.01699346405228758
0 0.45294117647058824 0.5967320261437908 0.004411764705882353 0.01699346405228758
0 0.4547794117647059 0.5725490196078431 0.003676470588235294 0.01568627450980392
6 0.5698529411764706 0.5784313725490197 0.016176470588235296 0.01437908496732026
3 0.5481617647058824 0.561437908496732 0.021323529411764706 0.01699346405228758
0 0.5330882352941176 0.5673202614379085 0.004411764705882353 0.01568627450980392
3 0.44669117647058826 0.5568627450980392 0.01838235294117647 0.01568627450980392
3 0.4404411764705882 0.550326797385621 0.01764705882352941 0.01568627450980392
0 0.58125 0.5660130718954248 0.003676470588235294 0.01568627450980392
0 0.5841911764705883 0.5647058823529412 0.003676470588235294 0.01568627450980392
3 0.5386029411764706 0.5424836601307189 0.011029411764705883 0.01568627450980392
3 0.5297794117647059 0.5398692810457516 0.009558823529411765 0.01568627450980392
3 0.5459558823529411 0.5241830065359477 0.015441176470588236 0.013071895424836602
3 0.5485294117647059 0.5196078431372549 0.020588235294117647 0.01437908496732026
3 0.4573529411764706 0.530718954248366 0.010294117647058823 0.018300653594771243
3 0.47352941176470587 0.5261437908496732 0.008823529411764706 0.01699346405228758
3 0.4768382352941177 0.5058823529411764 0.008088235294117648 0.01568627450980392
3 0.49301470588235297 0.5045751633986928 0.009558823529411765 0.01568627450980392
3 0.49264705882352944 0.49084967320261436 0.007352941176470588 0.01437908496732026
3 0.5051470588235294 0.4869281045751634 0.007352941176470588 0.011764705882352941
3 0.5044117647058823 0.477124183006536 0.008823529411764706 0.013071895424836602
3 0.4933823529411765 0.4797385620915033 0.008823529411764706 0.013071895424836602
4 0.43970588235294117 0.5111111111111111 0.016176470588235296 0.018300653594771243
0 0.45588235294117646 0.515032679738562 0.0029411764705882353 0.013071895424836602
3 0.44448529411764703 0.4928104575163399 0.01838235294117647 0.01568627450980392
3 0.44632352941176473 0.5052287581699346 0.014705882352941176 0.01437908496732026
3 0.45845588235294116 0.4830065359477124 0.008088235294117648 0.01437908496732026
3 0.4698529411764706 0.47843137254901963 0.008823529411764706 0.01568627450980392
3 0.48566176470588235 0.469281045751634 0.0125 0.013071895424836602
3 0.49411764705882355 0.44901960784313727 0.007352941176470588 0.011764705882352941
3 0.47757352941176473 0.4496732026143791 0.008088235294117648 0.013071895424836602
3 0.46838235294117647 0.44836601307189544 0.007352941176470588 0.013071895424836602
3 0.4610294117647059 0.44901960784313727 0.0058823529411764705 0.011764705882352941
3 0.47757352941176473 0.4398692810457516 0.005147058823529412 0.011764705882352941
3 0.4764705882352941 0.42810457516339867 0.0058823529411764705 0.01437908496732026
3 0.4852941176470588 0.42810457516339867 0.0058823529411764705 0.011764705882352941
3 0.4948529411764706 0.4300653594771242 0.007352941176470588 0.01568627450980392
3 0.5018382352941176 0.4300653594771242 0.008088235294117648 0.01568627450980392
3 0.4625 0.43333333333333335 0.007352941176470588 0.011764705882352941
3 0.58125 0.46601307189542485 0.016911764705882352 0.011764705882352941
3 0.5746323529411764 0.4594771241830065 0.009558823529411765 0.01437908496732026