0 0.225 0.7546296296296297 0.0125 0.06851851851851852
0 0.2015625 0.7361111111111112 0.019791666666666666 0.07222222222222222
1 0.2234375 0.7342592592592593 0.019791666666666666 0.024074074074074074
0 0.18125 0.7194444444444444 0.016666666666666666 0.08333333333333333
7 0.5463541666666667 0.9 0.05520833333333333 0.16296296296296298
1 0.56875 0.7814814814814814 0.0125 0.040740740740740744
1 0.5671875 0.7712962962962963 0.021875 0.07592592592592592
9 0.5677083333333334 0.7833333333333333 0.016666666666666666 0.06666666666666667
1 0.5447916666666667 0.7314814814814815 0.020833333333333332 0.06296296296296296
9 0.5447916666666667 0.7435185185185185 0.016666666666666666 0.06111111111111111
0 0.5958333333333333 0.7166666666666667 0.01875 0.07407407407407407
3 0.6364583333333333 0.6953703703703704 0.052083333333333336 0.10185185185185185
3 0.6625 0.6 0.06666666666666667 0.07777777777777778
1 0.5635416666666667 0.5398148148148149 0.016666666666666666 0.04259259259259259
9 0.5604166666666667 0.55 0.035416666666666666 0.040740740740740744
1 0.3098958333333333 0.549074074074074 0.011458333333333333 0.03518518518518519
1 0.31666666666666665 0.5509259259259259 0.0125 0.05
9 0.315625 0.5546296296296296 0.03333333333333333 0.05
1 0.020833333333333332 0.525 0.014583333333333334 0.04259259259259259
9 0.021875 0.537962962962963 0.029166666666666667 0.03518518518518519
1 0.04375 0.7148148148148148 0.022916666666666665 0.05925925925925926
9 0.04114583333333333 0.7268518518518519 0.06145833333333333 0.053703703703703705
1 0.052083333333333336 0.6953703703703704 0.0125 0.06111111111111111
1 0.04114583333333333 0.6962962962962963 0.009375 0.037037037037037035
9 0.05677083333333333 0.7018518518518518 0.04895833333333333 0.05185185185185185
1 0.05625 0.6638888888888889 0.0125 0.05740740740740741
9 0.0625 0.6703703703703704 0.04583333333333333 0.05185185185185185
1 0.11979166666666667 0.6712962962962963 0.01875 0.06481481481481481
9 0.12291666666666666 0.6768518518518518 0.03958333333333333 0.046296296296296294
1 0.1234375 0.6462962962962963 0.015625 0.04814814814814815
1 0.1296875 0.6361111111111111 0.011458333333333333 0.046296296296296294
9 0.13541666666666666 0.6453703703703704 0.04375 0.046296296296296294
5 0.0375 0.46574074074074073 0.075 0.05740740740740741
5 0.0671875 0.4444444444444444 0.08854166666666667 0.04814814814814815
3 0.021875 0.3990740740740741 0.041666666666666664 0.03888888888888889
9 0.14791666666666667 0.48055555555555557 0.025 0.03518518518518519
3 0.090625 0.4287037037037037 0.06875 0.03888888888888889
4 0.10572916666666667 0.41203703703703703 0.059375 0.04259259259259259
0 0.13854166666666667 0.4203703703703704 0.010416666666666666 0.040740740740740744
1 0.11875 0.3972222222222222 0.06041666666666667 0.04259259259259259
0 0.15260416666666668 0.4185185185185185 0.011458333333333333 0.040740740740740744
0 0.1625 0.41759259259259257 0.008333333333333333 0.04259259259259259
0 0.16822916666666668 0.4166666666666667 0.009375 0.044444444444444446
0 0.184375 0.41759259259259257 0.010416666666666666 0.04259259259259259
3 0.13958333333333334 0.3851851851851852 0.06041666666666667 0.044444444444444446
3 0.15520833333333334 0.37407407407407406 0.052083333333333336 0.02962962962962963
4 0.1578125 0.3574074074074074 0.053125 0.037037037037037035
3 0.17864583333333334 0.35 0.046875 0.03333333333333333
3 0.18958333333333333 0.3388888888888889 0.05 0.03333333333333333
4 0.20729166666666668 0.3611111111111111 0.027083333333333334 0.04814814814814815
9 0.008854166666666666 0.3574074074074074 0.017708333333333333 0.025925925925925925
9 0.013020833333333334 0.3509259259259259 0.015625 0.024074074074074074
9 0.030208333333333334 0.33611111111111114 0.014583333333333334 0.020370370370370372
9 0.05677083333333333 0.3212962962962963 0.013541666666666667 0.020370370370370372
9 0.06927083333333334 0.3175925925925926 0.019791666666666666 0.016666666666666666
9 0.07760416666666667 0.3111111111111111 0.015625 0.018518518518518517
1 0.07760416666666667 0.30648148148148147 0.005208333333333333 0.020370370370370372
0 0.09739583333333333 0.31296296296296294 0.003125 0.018518518518518517
0 0.11197916666666667 0.30462962962962964 0.005208333333333333 0.027777777777777776
0 0.11458333333333333 0.29074074074074074 0.00625 0.025925925925925925
4 0.178125 0.29074074074074074 0.03958333333333333 0.03333333333333333
0 0.23020833333333332 0.3861111111111111 0.00625 0.03518518518518519
0 0.23385416666666667 0.3907407407407407 0.005208333333333333 0.022222222222222223
1 0.5822916666666667 0.4925925925925926 0.010416666666666666 0.044444444444444446
2 0.5828125 0.5074074074074074 0.009375 0.037037037037037035
1 0.6322916666666667 0.5092592592592593 0.016666666666666666 0.040740740740740744
2 0.6322916666666667 0.525 0.03125 0.03148148148148148
1 0.5338541666666666 0.46574074074074073 0.009375 0.04259259259259259
1 0.5416666666666666 0.4583333333333333 0.00625 0.03148148148148148
9 0.534375 0.4685185185185185 0.029166666666666667 0.037037037037037035
1 0.5921875 0.425 0.009375 0.03518518518518519
1 0.5979166666666667 0.42962962962962964 0.00625 0.025925925925925925
9 0.5911458333333334 0.43333333333333335 0.017708333333333333 0.025925925925925925
1 0.6739583333333333 0.48148148148148145 0.0125 0.044444444444444446
9 0.6708333333333333 0.487962962962963 0.020833333333333332 0.03148148148148148
1 0.6255208333333333 0.4722222222222222 0.007291666666666667 0.02962962962962963
1 0.6291666666666667 0.4703703703703704 0.008333333333333333 0.037037037037037035
1 0.6359375 0.4666666666666667 0.005208333333333333 0.025925925925925925
9 0.6286458333333333 0.4777777777777778 0.030208333333333334 0.03333333333333333
1 0.6338541666666667 0.38981481481481484 0.009375 0.027777777777777776
9 0.6328125 0.3990740740740741 0.017708333333333333 0.024074074074074074
1 0.6296875 0.43333333333333335 0.007291666666666667 0.037037037037037035
9 0.6296875 0.44166666666666665 0.013541666666666667 0.03148148148148148
1 0.6421875 0.45555555555555555 0.009375 0.037037037037037035
9 0.6421875 0.4666666666666667 0.021875 0.03333333333333333
1 0.6411458333333333 0.4388888888888889 0.009375 0.037037037037037035
9 0.6401041666666667 0.44537037037037036 0.019791666666666666 0.027777777777777776
1 0.6494791666666667 0.4462962962962963 0.009375 0.044444444444444446
9 0.6458333333333334 0.4564814814814815 0.020833333333333332 0.03148148148148148
1 0.6645833333333333 0.4648148148148148 0.010416666666666666 0.044444444444444446
1 0.66875 0.4564814814814815 0.00625 0.024074074074074074
9 0.6635416666666667 0.47129629629629627 0.01875 0.03148148148148148
1 0.6864583333333333 0.4305555555555556 0.010416666666666666 0.03888888888888889
1 0.6921875 0.4388888888888889 0.007291666666666667 0.02962962962962963
1 0.696875 0.43703703703703706 0.00625 0.02962962962962963
9 0.6921875 0.4462962962962963 0.023958333333333335 0.02962962962962963
3 0.7880208333333333 0.4564814814814815 0.08020833333333334 0.05740740740740741
1 0.7484375 0.38796296296296295 0.009375 0.024074074074074074
1 0.7598958333333333 0.39166666666666666 0.009375 0.024074074074074074
9 0.6026041666666667 0.3425925925925926 0.007291666666666667 0.025925925925925925
0 0.6328125 0.33240740740740743 0.005208333333333333 0.027777777777777776
9 0.6572916666666667 0.337037037037037 0.008333333333333333 0.022222222222222223
9 0.6661458333333333 0.3416666666666667 0.013541666666666667 0.024074074074074074
9 0.6380208333333334 0.3351851851851852 0.007291666666666667 0.022222222222222223
0 0.6223958333333334 0.3314814814814815 0.005208333333333333 0.02962962962962963
9 0.6140625 0.34074074074074073 0.011458333333333333 0.025925925925925925
2 0.5755208333333334 0.325 0.009375 0.024074074074074074
0 0.5723958333333333 0.30185185185185187 0.005208333333333333 0.02962962962962963
0 0.53125 0.36944444444444446 0.00625 0.024074074074074074
1 0.5354166666666667 0.37037037037037035 0.00625 0.025925925925925925
9 0.5307291666666667 0.37592592592592594 0.017708333333333333 0.02962962962962963
1 0.48072916666666665 0.412962962962963 0.009375 0.03333333333333333
9 0.4817708333333333 0.4212962962962963 0.017708333333333333 0.03148148148148148
1 0.49270833333333336 0.35462962962962963 0.00625 0.027777777777777776
9 0.49270833333333336 0.3611111111111111 0.00625 0.025925925925925925
1 0.509375 0.32592592592592595 0.00625 0.022222222222222223
1 0.5098958333333333 0.32685185185185184 0.005208333333333333 0.016666666666666666
9 0.5098958333333333 0.33055555555555555 0.005208333333333333 0.020370370370370372
1 0.5135416666666667 0.2898148148148148 0.00625 0.020370370370370372
2 0.5135416666666667 0.2935185185185185 0.00625 0.016666666666666666
1 0.484375 0.33055555555555555 0.00625 0.020370370370370372
9 0.484375 0.3351851851851852 0.00625 0.025925925925925925
1 0.3984375 0.3907407407407407 0.009375 0.02962962962962963
1 0.39947916666666666 0.38796296296296295 0.007291666666666667 0.027777777777777776
9 0.39947916666666666 0.4 0.009375 0.02962962962962963
3 0.36041666666666666 0.3990740740740741 0.027083333333333334 0.04259259259259259
4 0.3692708333333333 0.3685185185185185 0.026041666666666668 0.040740740740740744
3 0.378125 0.3490740740740741 0.020833333333333332 0.03148148148148148
3 0.3807291666666667 0.3287037037037037 0.019791666666666666 0.03148148148148148
4 0.390625 0.3101851851851852 0.020833333333333332 0.03148148148148148
3 0.3963541666666667 0.29074074074074074 0.017708333333333333 0.025925925925925925
3 0.42135416666666664 0.28703703703703703 0.015625 0.02962962962962963
1 0.3182291666666667 0.4083333333333333 0.011458333333333333 0.03518518518518519
6 0.3182291666666667 0.41388888888888886 0.015625 0.03888888888888889
1 0.3307291666666667 0.35833333333333334 0.007291666666666667 0.024074074074074074
9 0.3296875 0.3675925925925926 0.009375 0.024074074074074074
1 0.38645833333333335 0.25833333333333336 0.004166666666666667 0.016666666666666666
9 0.38645833333333335 0.2601851851851852 0.004166666666666667 0.016666666666666666
1 0.4317708333333333 0.26666666666666666 0.005208333333333333 0.018518518518518517
9 0.43125 0.2712962962962963 0.00625 0.016666666666666666
3 0.42864583333333334 0.21481481481481482 0.009375 0.014814814814814815
3 0.4348958333333333 0.18981481481481483 0.007291666666666667 0.012962962962962963
4 0.4901041666666667 0.19722222222222222 0.013541666666666667 0.012962962962962963
1 0.4036458333333333 0.22592592592592592 0.003125 0.011111111111111112
9 0.4036458333333333 0.22870370370370371 0.003125 0.012962962962962963
3 0.5994791666666667 0.28055555555555556 0.021875 0.03148148148148148