3 0.5219206680584552 0.1549165120593692 0.009394572025052192 0.016697588126159554
3 0.45041753653444677 0.5092764378478665 0.016701461377870562 0.04638218923933209
3 0.4877348643006263 0.9318181818181818 0.029749478079331943 0.09554730983302412
3 0.44441544885177453 0.9744897959183674 0.02139874739039666 0.04916512059369202
8 0.4551148225469729 0.7462894248608535 0.037578288100208766 0.18274582560296845
1 0.38204592901878914 0.5222634508348795 0.005219206680584551 0.012987012987012988
1 0.41049060542797494 0.48144712430426717 0.005741127348643006 0.00927643784786642
1 0.41153444676409184 0.34833024118738404 0.0036534446764091857 0.008348794063079777
1 0.4339770354906054 0.22820037105751392 0.0036534446764091857 0.0074211502782931356
9 0.3836116910229645 0.5347866419294991 0.008350730688935281 0.01020408163265306
9 0.41049060542797494 0.4939703153988868 0.005741127348643006 0.013914656771799629
9 0.41153444676409184 0.35946196660482377 0.004697286012526096 0.008348794063079777
9 0.4337160751565762 0.2342300556586271 0.0041753653444676405 0.008348794063079777