3 0.41964285714285715 0.9530456852791879 0.02214285714285714 0.06091370558375635
3 0.3925 0.8483502538071066 0.02642857142857143 0.06979695431472081
3 0.44571428571428573 0.6548223350253807 0.02 0.04314720812182741
3 0.4714285714285714 0.559010152284264 0.017142857142857144 0.04187817258883249
3 0.4942857142857143 0.4796954314720812 0.02 0.04568527918781726
3 0.5282142857142857 0.407994923857868 0.013571428571428571 0.03680203045685279
3 0.5075 0.38578680203045684 0.013571428571428571 0.03299492385786802
8 0.555 0.3743654822335025 0.017142857142857144 0.09390862944162437
3 0.5232142857142857 0.31725888324873097 0.015 0.030456852791878174
3 0.5185714285714286 0.21129441624365483 0.012857142857142857 0.024111675126903553
3 0.5171428571428571 0.11611675126903553 0.011428571428571429 0.021573604060913704