3 0.5193110647181628 0.9434137291280148 0.061586638830897704 0.05009276437847866
4 0.5193110647181628 0.8613172541743971 0.06367432150313153 0.05844155844155844
4 0.5882045929018789 0.9819109461966605 0.06367432150313153 0.03432282003710575
4 0.5803757828810021 0.9475881261595547 0.0511482254697286 0.05287569573283859
3 0.5832463465553236 0.9192949907235621 0.05897703549060543 0.05009276437847866
3 0.5829853862212944 0.8724489795918368 0.059498956158663886 0.05102040816326531
4 0.5187891440501043 0.6883116883116883 0.024008350730688934 0.07606679035250463
3 0.5845511482254697 0.6961966604823747 0.021920668058455117 0.05102040816326531
3 0.6396137787056367 0.699443413729128 0.02244258872651357 0.061224489795918366
3 0.6654488517745303 0.700834879406308 0.025052192066805846 0.06029684601113173
3 0.7254697286012526 0.711038961038961 0.030271398747390398 0.05473098330241188
3 0.3512526096033403 0.5194805194805194 0.019832985386221295 0.03710575139146568
3 0.3703027139874739 0.4647495361781076 0.015135699373695199 0.03153988868274583
3 0.38987473903966596 0.41233766233766234 0.015657620041753653 0.0287569573283859
0 0.56758872651357 0.7207792207792207 0.006784968684759917 0.029684601113172542
1 0.5532359081419624 0.7036178107606679 0.005219206680584551 0.015769944341372914
9 0.552713987473904 0.7147495361781077 0.005219206680584551 0.021335807050092765
0 0.566544885177453 0.7147495361781077 0.0036534446764091857 0.012059369202226345
9 0.5443632567849687 0.6391465677179963 0.007306889352818371 0.022263450834879406
6 0.5996868475991649 0.62569573283859 0.018789144050104383 0.0287569573283859
3 0.532098121085595 0.5663265306122449 0.037056367432150315 0.030612244897959183
3 0.5370563674321504 0.5431354359925789 0.033402922755741124 0.0287569573283859
3 0.5328810020876826 0.525974025974026 0.032359081419624215 0.025974025974025976
9 0.40187891440501045 0.7309833024118738 0.019832985386221295 0.025974025974025976
3 0.5592379958246346 0.3140074211502783 0.009916492693110648 0.023191094619666047
3 0.7291231732776617 0.474025974025974 0.024008350730688934 0.02040816326530612
3 0.7437369519832986 0.5004638218923934 0.030271398747390398 0.021335807050092765
3 0.7515657620041754 0.5333951762523191 0.03444676409185804 0.027829313543599257
3 0.7604384133611691 0.5556586270871985 0.03653444676409186 0.027829313543599257
9 0.2677453027139875 0.7258812615955473 0.016701461377870562 0.017625231910946195