3 0.45964285714285713 0.9454314720812182 0.02214285714285714 0.06091370558375635
3 0.43785714285714283 0.8191624365482234 0.018571428571428572 0.04949238578680203
4 0.5346428571428572 0.9187817258883249 0.020714285714285713 0.07868020304568528
4 0.4117857142857143 0.7239847715736041 0.019285714285714285 0.04949238578680203
5 0.57 0.6465736040609137 0.015714285714285715 0.046954314720812185
3 0.5285714285714286 0.641497461928934 0.014285714285714285 0.03934010152284264
3 0.4767857142857143 0.6230964467005076 0.012142857142857143 0.03299492385786802
4 0.42964285714285716 0.6269035532994924 0.016428571428571428 0.030456852791878174
4 0.5389285714285714 0.4530456852791878 0.010714285714285714 0.02030456852791878
4 0.5107142857142857 0.45241116751269034 0.01 0.0266497461928934
4 0.5317857142857143 0.41814720812182743 0.009285714285714286 0.0266497461928934
3 0.5103571428571428 0.3883248730964467 0.007857142857142858 0.015228426395939087
3 0.5228571428571429 0.3597715736040609 0.007142857142857143 0.013959390862944163
3 0.48035714285714287 0.3350253807106599 0.007857142857142858 0.015228426395939087
3 0.495 0.28045685279187815 0.007142857142857143 0.015228426395939087
3 0.4853571428571429 0.28045685279187815 0.007857142857142858 0.012690355329949238
4 0.7739285714285714 0.8121827411167513 0.045 0.04314720812182741
4 0.8571428571428571 0.8032994923857868 0.045714285714285714 0.04060913705583756
3 0.91 0.7969543147208121 0.03571428571428571 0.030456852791878174
4 0.9628571428571429 0.7906091370558376 0.045714285714285714 0.03807106598984772
5 0.8164285714285714 0.9803299492385786 0.07428571428571429 0.03680203045685279