1 0.009558823529411765 0.873202614379085 0.01911764705882353 0.05228758169934641
5 0.04154411764705882 0.918954248366013 0.08308823529411764 0.13594771241830064
1 0.008088235294117648 0.7947712418300653 0.016176470588235296 0.0784313725490196
1 0.04522058823529412 0.6980392156862745 0.02426470588235294 0.04183006535947712
1 0.1463235294117647 0.757516339869281 0.01911764705882353 0.058823529411764705
9 0.10404411764705883 0.6418300653594772 0.016911764705882352 0.06797385620915032
1 0.06691176470588235 0.6150326797385621 0.01764705882352941 0.06928104575163399
1 0.04375 0.6241830065359477 0.021323529411764706 0.05359477124183006
1 0.04338235294117647 0.6137254901960785 0.025 0.05359477124183006
1 0.04852941176470588 0.6019607843137255 0.01911764705882353 0.0457516339869281
9 0.12610294117647058 0.5124183006535947 0.03455882352941177 0.044444444444444446
9 0.1860294117647059 0.33398692810457514 0.023529411764705882 0.027450980392156862
9 0.19669117647058823 0.3196078431372549 0.02426470588235294 0.03529411764705882
3 0.23823529411764705 0.26209150326797387 0.05588235294117647 0.05359477124183006
0 0.2698529411764706 0.27908496732026145 0.008823529411764706 0.043137254901960784
0 0.2647058823529412 0.28431372549019607 0.007352941176470588 0.032679738562091505
3 0.2650735294117647 0.19411764705882353 0.04338235294117647 0.0457516339869281
2 0.23823529411764705 0.5594771241830065 0.016176470588235296 0.05751633986928104
9 0.2775735294117647 0.5013071895424837 0.03308823529411765 0.03790849673202614
2 0.2731617647058823 0.44313725490196076 0.016911764705882352 0.047058823529411764
2 0.32794117647058824 0.35751633986928105 0.016176470588235296 0.03790849673202614
9 0.3044117647058823 0.9320261437908497 0.01911764705882353 0.08888888888888889
4 0.45845588235294116 0.9457516339869281 0.06397058823529411 0.1084967320261438
3 0.3452205882352941 0.7810457516339869 0.06838235294117648 0.1738562091503268
3 0.32426470588235295 0.6555555555555556 0.05 0.1450980392156863
3 0.3264705882352941 0.5339869281045752 0.047058823529411764 0.11372549019607843
3 0.33676470588235297 0.42483660130718953 0.039705882352941174 0.08366013071895424
3 0.32426470588235295 0.3156862745098039 0.060294117647058824 0.06666666666666667
3 0.35257352941176473 0.27450980392156865 0.028676470588235293 0.05751633986928104
3 0.7301470588235294 0.9503267973856209 0.09411764705882353 0.09934640522875816
9 0.7709558823529412 0.8686274509803922 0.05514705882352941 0.05620915032679739
9 0.8786764705882353 0.9810457516339869 0.026470588235294117 0.03790849673202614
6 0.8610294117647059 0.8333333333333334 0.08088235294117647 0.12156862745098039
1 0.9852941176470589 0.7862745098039216 0.020588235294117647 0.048366013071895426
6 0.944485294117647 0.8156862745098039 0.07720588235294118 0.10718954248366012
3 0.9408088235294118 0.7398692810457517 0.11838235294117647 0.10457516339869281
9 0.9889705882352942 0.6777777777777778 0.022058823529411766 0.043137254901960784
1 0.9683823529411765 0.6745098039215687 0.013235294117647059 0.054901960784313725
1 0.9643382352941177 0.6699346405228758 0.0125 0.058823529411764705
1 0.9003676470588236 0.6679738562091503 0.019852941176470587 0.06013071895424837
1 0.8205882352941176 0.673202614379085 0.022058823529411766 0.04967320261437908
6 0.8485294117647059 0.6928104575163399 0.07941176470588235 0.0784313725490196
1 0.8643382352941177 0.665359477124183 0.013970588235294118 0.0392156862745098
1 0.861764705882353 0.6483660130718955 0.011764705882352941 0.026143790849673203
1 0.8676470588235294 0.6437908496732027 0.014705882352941176 0.03529411764705882
0 0.7930147058823529 0.634640522875817 0.016911764705882352 0.0718954248366013
1 0.7709558823529412 0.6326797385620915 0.015441176470588236 0.04183006535947712
2 0.8084558823529412 0.5882352941176471 0.03602941176470588 0.04183006535947712
3 0.6172794117647059 0.5986928104575163 0.05808823529411765 0.10980392156862745
1 0.5209558823529412 0.469281045751634 0.013970588235294118 0.0392156862745098
9 0.5205882352941177 0.48366013071895425 0.013235294117647059 0.05228758169934641
0 0.6132352941176471 0.44640522875816996 0.010294117647058823 0.05359477124183006
9 0.6393382352941176 0.4830065359477124 0.0375 0.03529411764705882
9 0.6386029411764705 0.47581699346405226 0.03161764705882353 0.0392156862745098
0 0.6705882352941176 0.38169934640522873 0.010294117647058823 0.04183006535947712
9 0.6757352941176471 0.3235294117647059 0.022058823529411766 0.022222222222222223
2 0.6577205882352941 0.23594771241830065 0.009558823529411765 0.030065359477124184
9 0.6308823529411764 0.24248366013071895 0.010294117647058823 0.030065359477124184
9 0.6194852941176471 0.24183006535947713 0.008088235294117648 0.02875816993464052
0 0.6040441176470588 0.26209150326797387 0.008088235294117648 0.043137254901960784
1 0.5099264705882353 0.28366013071895424 0.009558823529411765 0.0392156862745098
9 0.5106617647058823 0.2901960784313726 0.013970588235294118 0.03398692810457516
3 0.5106617647058823 0.23071895424836603 0.027205882352941177 0.043137254901960784
0 0.5683823529411764 0.257516339869281 0.007352941176470588 0.03137254901960784
0 0.5761029411764705 0.25098039215686274 0.008088235294117648 0.036601307189542485
0 0.6172794117647059 0.20784313725490197 0.008088235294117648 0.036601307189542485
0 0.5882352941176471 0.20784313725490197 0.007352941176470588 0.036601307189542485
0 0.5966911764705882 0.20522875816993463 0.008088235294117648 0.036601307189542485
0 0.6058823529411764 0.20588235294117646 0.007352941176470588 0.03790849673202614
0 0.606985294117647 0.20065359477124184 0.005147058823529412 0.03529411764705882
0 0.6018382352941176 0.1980392156862745 0.006617647058823529 0.03529411764705882
4 0.33676470588235297 0.1718954248366013 0.03823529411764706 0.0718954248366013
3 0.3588235294117647 0.14901960784313725 0.020588235294117647 0.04183006535947712
3 0.3558823529411765 0.0869281045751634 0.01764705882352941 0.030065359477124184
3 0.34375 0.06601307189542484 0.03602941176470588 0.027450980392156862
4 0.35441176470588237 0.0457516339869281 0.016176470588235296 0.03398692810457516
3 0.3599264705882353 0.0392156862745098 0.013970588235294118 0.026143790849673203
3 0.39080882352941176 0.12418300653594772 0.019852941176470587 0.036601307189542485
3 0.3941176470588235 0.08104575163398693 0.01764705882352941 0.03137254901960784
3 0.4261029411764706 0.10326797385620914 0.019852941176470587 0.03398692810457516
3 0.42830882352941174 0.06862745098039216 0.01838235294117647 0.030065359477124184
3 0.5536764705882353 0.19934640522875818 0.05588235294117647 0.040522875816993466
3 0.5488970588235295 0.18496732026143792 0.04632352941176471 0.03529411764705882
9 0.5488970588235295 0.16143790849673204 0.013970588235294118 0.0196078431372549
2 0.5470588235294118 0.14967320261437908 0.011764705882352941 0.0196078431372549
3 0.5294117647058824 0.13529411764705881 0.04411764705882353 0.030065359477124184
3 0.518014705882353 0.1130718954248366 0.04191176470588235 0.03529411764705882
3 0.5290441176470588 0.09738562091503268 0.027205882352941177 0.03529411764705882
0 0.5404411764705882 0.038562091503267976 0.0058823529411764705 0.022222222222222223
3 0.44448529411764703 0.1718954248366013 0.02426470588235294 0.03790849673202614
0 0.475 0.17320261437908496 0.0058823529411764705 0.03529411764705882
3 0.4915441176470588 0.15620915032679739 0.02426470588235294 0.03790849673202614
3 0.48125 0.12418300653594772 0.022794117647058822 0.03398692810457516
3 0.4753676470588235 0.10522875816993464 0.019852941176470587 0.030065359477124184
3 0.5110294117647058 0.0718954248366013 0.023529411764705882 0.026143790849673203
1 0.45294117647058824 0.09281045751633987 0.0058823529411764705 0.02091503267973856
2 0.45330882352941176 0.09738562091503268 0.006617647058823529 0.02483660130718954
3 0.4621323529411765 0.06797385620915032 0.01838235294117647 0.03137254901960784
3 0.4588235294117647 0.05555555555555555 0.01764705882352941 0.02483660130718954
1 0.43713235294117647 0.044444444444444446 0.005147058823529412 0.01568627450980392
9 0.43676470588235294 0.048366013071895426 0.004411764705882353 0.01568627450980392
3 0.4514705882352941 0.030065359477124184 0.014705882352941176 0.023529411764705882
9 0.4713235294117647 0.01568627450980392 0.011764705882352941 0.013071895424836602
1 0.4349264705882353 0.01437908496732026 0.005147058823529412 0.02091503267973856
2 0.4360294117647059 0.01699346405228758 0.0029411764705882353 0.01568627450980392
3 0.44338235294117645 0.00849673202614379 0.013235294117647059 0.01699346405228758
3 0.4647058823529412 0.00849673202614379 0.01911764705882353 0.01699346405228758