3 0.37392857142857144 0.467005076142132 0.030714285714285715 0.08121827411167512
5 0.3157142857142857 0.5241116751269036 0.047142857142857146 0.1700507614213198
3 0.5921428571428572 0.5767766497461929 0.05 0.06218274111675127
3 0.5439285714285714 0.44923857868020306 0.030714285714285715 0.05583756345177665
3 0.45321428571428574 0.19733502538071065 0.025 0.04949238578680203
3 0.3414285714285714 0.25253807106598986 0.02 0.04568527918781726
4 0.3485714285714286 0.018401015228426396 0.022857142857142857 0.03426395939086294
3 0.2835714285714286 0.01967005076142132 0.018571428571428572 0.024111675126903553
5 0.16964285714285715 0.41814720812182743 0.04214285714285714 0.0850253807106599
5 0.14821428571428572 0.407994923857868 0.04214285714285714 0.0850253807106599
5 0.12785714285714286 0.4029187817258883 0.04285714285714286 0.08248730964467005
5 0.1025 0.4010152284263959 0.04214285714285714 0.08629441624365482
5 0.075 0.40482233502538073 0.05714285714285714 0.10406091370558376
5 0.05 0.39720812182741116 0.054285714285714284 0.09644670050761421
5 0.0175 0.39086294416243655 0.035 0.08629441624365482
5 0.047857142857142855 0.5374365482233503 0.08857142857142856 0.08756345177664974
5 0.0175 0.5317258883248731 0.035 0.09137055837563451
3 0.02107142857142857 0.6503807106598984 0.04071428571428572 0.08248730964467005
3 0.5321428571428571 0.0799492385786802 0.015714285714285715 0.02284263959390863
4 0.4235714285714286 0.01967005076142132 0.014285714285714285 0.0266497461928934
4 0.48964285714285716 0.0399746192893401 0.012142857142857143 0.02918781725888325
3 0.5678571428571428 0.0133248730964467 0.025714285714285714 0.013959390862944163
3 0.5289285714285714 0.03553299492385787 0.017857142857142856 0.01015228426395939
3 0.53 0.024746192893401017 0.017142857142857144 0.013959390862944163
3 0.5339285714285714 0.018401015228426396 0.019285714285714285 0.01903553299492386
3 0.5442857142857143 0.007614213197969543 0.02 0.012690355329949238
3 0.09464285714285714 0.09073604060913705 0.020714285714285713 0.021573604060913704
3 0.11178571428571428 0.22588832487309646 0.017857142857142856 0.027918781725888325
3 0.06964285714285715 0.0532994923857868 0.015 0.02030456852791878
3 0.09857142857142857 0.0133248730964467 0.018571428571428572 0.01649746192893401
3 0.17464285714285716 0.041243654822335024 0.012142857142857143 0.01649746192893401
3 0.16857142857142857 0.02918781725888325 0.014285714285714285 0.015228426395939087
0 0.21107142857142858 0.0901015228426396 0.009285714285714286 0.025380710659898477
0 0.5153571428571428 0.19035532994923857 0.009285714285714286 0.025380710659898477