3 0.013571428571428571 0.5729695431472082 0.027142857142857142 0.05710659898477157
3 0.029285714285714286 0.5152284263959391 0.04285714285714286 0.06345177664974619
3 0.055714285714285716 0.4606598984771574 0.03571428571428571 0.050761421319796954
3 0.12142857142857143 0.31281725888324874 0.024285714285714285 0.03934010152284264
3 0.1432142857142857 0.309010152284264 0.02214285714285714 0.03680203045685279
3 0.13607142857142857 0.27918781725888325 0.025 0.030456852791878174
3 0.1417857142857143 0.25444162436548223 0.04071428571428572 0.024111675126903553
3 0.16857142857142857 0.22081218274111675 0.022857142857142857 0.03299492385786802
3 0.1825 0.19733502538071065 0.023571428571428573 0.02918781725888325
8 0.16785714285714284 0.3489847715736041 0.03857142857142857 0.08375634517766498
8 0.2882142857142857 0.13769035532994925 0.029285714285714286 0.06218274111675127
0 0.21107142857142858 0.11611675126903553 0.005 0.01903553299492386
3 0.19642857142857142 0.11104060913705584 0.018571428571428572 0.03680203045685279
3 0.18392857142857144 0.05964467005076142 0.02642857142857143 0.017766497461928935
3 0.23214285714285715 0.060279187817258884 0.03142857142857143 0.021573604060913704
3 0.2692857142857143 0.04949238578680203 0.027142857142857142 0.025380710659898477
3 0.3342857142857143 0.05964467005076142 0.017142857142857144 0.027918781725888325
0 0.30964285714285716 0.32550761421319796 0.0064285714285714285 0.024111675126903553
0 0.19964285714285715 0.05139593908629442 0.0035714285714285713 0.01649746192893401
0 0.20392857142857143 0.05139593908629442 0.005 0.01649746192893401
0 0.23 0.04568527918781726 0.002857142857142857 0.012690355329949238
0 0.22857142857142856 0.0450507614213198 0.002857142857142857 0.01903553299492386
0 0.22142857142857142 0.046954314720812185 0.002857142857142857 0.015228426395939087
0 0.22107142857142856 0.04378172588832487 0.0035714285714285713 0.01649746192893401
0 0.21321428571428572 0.048223350253807105 0.005 0.02030456852791878
5 0.29964285714285716 0.9067258883248731 0.09785714285714285 0.18401015228426396
3 0.5871428571428572 0.9295685279187818 0.045714285714285714 0.1383248730964467
3 0.485 0.40609137055837563 0.02857142857142857 0.07106598984771574
3 0.45285714285714285 0.29441624365482233 0.025714285714285714 0.0532994923857868
3 0.4692857142857143 0.10025380710659898 0.02 0.04060913705583756
3 0.5542857142857143 0.22906091370558376 0.024285714285714285 0.04949238578680203
4 0.5853571428571429 0.2068527918781726 0.020714285714285713 0.0583756345177665
4 0.6639285714285714 0.4543147208121827 0.04071428571428572 0.09644670050761421
4 0.5928571428571429 0.08185279187817258 0.017142857142857144 0.04187817258883249
3 0.6135714285714285 0.15101522842639595 0.02142857142857143 0.050761421319796954
3 0.6292857142857143 0.30647208121827413 0.027142857142857142 0.05964467005076142
3 0.5035714285714286 0.10215736040609137 0.015714285714285715 0.04187817258883249
9 0.435 0.15038071065989847 0.011428571428571429 0.02918781725888325
1 0.435 0.14403553299492386 0.007142857142857143 0.024111675126903553
0 0.8814285714285715 0.7829949238578681 0.011428571428571429 0.03553299492385787
0 0.85 0.7798223350253807 0.007142857142857143 0.03426395939086294
0 0.8282142857142857 0.6897208121827412 0.012142857142857143 0.024111675126903553
0 0.9389285714285714 0.5812182741116751 0.012142857142857143 0.030456852791878174
0 0.8421428571428572 0.618020304568528 0.007142857142857143 0.017766497461928935
0 0.8117857142857143 0.625 0.0064285714285714285 0.024111675126903553
0 0.8317857142857142 0.5831218274111675 0.0064285714285714285 0.03426395939086294
0 0.8242857142857143 0.5920050761421319 0.005714285714285714 0.03680203045685279
0 0.8185714285714286 0.559010152284264 0.008571428571428572 0.031725888324873094
0 0.8042857142857143 0.608502538071066 0.007142857142857143 0.024111675126903553
0 0.8025 0.5710659898477157 0.0064285714285714285 0.030456852791878174
0 0.8746428571428572 0.4936548223350254 0.007857142857142858 0.03553299492385787
0 0.8817857142857143 0.48984771573604063 0.007857142857142858 0.030456852791878174
0 0.8471428571428572 0.4365482233502538 0.005714285714285714 0.03299492385786802
0 0.8525 0.4352791878172589 0.0064285714285714285 0.03553299492385787
0 0.8485714285714285 0.3477157360406091 0.008571428571428572 0.030456852791878174
0 0.8414285714285714 0.34581218274111675 0.005714285714285714 0.024111675126903553
0 0.8342857142857143 0.28045685279187815 0.005714285714285714 0.030456852791878174
0 0.7857142857142857 0.20558375634517767 0.005714285714285714 0.02284263959390863
0 0.7817857142857143 0.2017766497461929 0.0035714285714285713 0.02284263959390863
0 0.7860714285714285 0.2563451776649746 0.005 0.012690355329949238
0 0.7892857142857143 0.2626903553299492 0.004285714285714286 0.015228426395939087
0 0.7925 0.2563451776649746 0.005 0.015228426395939087
0 0.8096428571428571 0.22144670050761422 0.007857142857142858 0.024111675126903553
0 0.8071428571428572 0.20621827411167512 0.005714285714285714 0.024111675126903553
0 0.8010714285714285 0.18972081218274112 0.0064285714285714285 0.021573604060913704
1 0.7432142857142857 0.12944162436548223 0.009285714285714286 0.017766497461928935
1 0.7585714285714286 0.1700507614213198 0.007142857142857143 0.02030456852791878
1 0.7532142857142857 0.17449238578680204 0.005 0.008883248730964468
0 0.7614285714285715 0.07931472081218274 0.004285714285714286 0.01903553299492386
0 0.7546428571428572 0.06535532994923858 0.0064285714285714285 0.01649746192893401
0 0.7492857142857143 0.05901015228426396 0.004285714285714286 0.01649746192893401
0 0.6925 0.13007614213197968 0.005 0.021573604060913704
1 0.7103571428571429 0.17893401015228427 0.005 0.015228426395939087
1 0.7039285714285715 0.1434010152284264 0.0064285714285714285 0.012690355329949238
1 0.6842857142857143 0.19225888324873097 0.008571428571428572 0.011421319796954314
1 0.6882142857142857 0.1916243654822335 0.005 0.012690355329949238
0 0.68 0.08565989847715735 0.012857142857142857 0.011421319796954314
0 0.6582142857142858 0.038705583756345176 0.0035714285714285713 0.01649746192893401
0 0.6635714285714286 0.04885786802030457 0.004285714285714286 0.021573604060913704
0 0.7132142857142857 0.018401015228426396 0.005 0.013959390862944163
0 0.7282142857142857 0.06662436548223351 0.005 0.011421319796954314
0 0.7342857142857143 0.030456852791878174 0.005714285714285714 0.015228426395939087
0 0.6771428571428572 0.05203045685279188 0.002857142857142857 0.007614213197969543
0 0.6907142857142857 0.05520304568527919 0.002857142857142857 0.011421319796954314
0 0.6696428571428571 0.0266497461928934 0.005 0.005076142131979695
0 0.8292857142857143 0.35850253807106597 0.005714285714285714 0.024111675126903553
1 0.6821428571428572 0.0133248730964467 0.007142857142857143 0.013959390862944163
1 0.6907142857142857 0.116751269035533 0.007142857142857143 0.012690355329949238