3 0.8927453027139874 0.16883116883116883 0.019311064718162838 0.02411873840445269
4 0.7126826722338204 0.4907235621521336 0.024530271398747392 0.04638218923933209
3 0.5613256784968684 0.47031539888682744 0.03288100208768267 0.04452690166975881
3 0.5336638830897703 0.46567717996289426 0.03288100208768267 0.04638218923933209
3 0.5133089770354906 0.45408163265306123 0.03496868475991649 0.04730983302411874
3 0.450678496868476 0.41883116883116883 0.03288100208768267 0.04359925788497217
0 0.41179540709812107 0.4100185528756957 0.006263048016701462 0.022263450834879406
3 0.3825678496868476 0.577922077922078 0.027139874739039668 0.03525046382189239
3 0.47781837160751567 0.6711502782931354 0.04645093945720251 0.05473098330241188
3 0.5200939457202505 0.7230983302411874 0.042275574112734866 0.06957328385899815
0 0.13230688935281837 0.8107606679035251 0.010960334029227558 0.022263450834879406
0 0.1289144050104384 0.8167903525046383 0.007306889352818371 0.013914656771799629
9 0.05688935281837161 0.6470315398886828 0.017745302713987474 0.02504638218923933
3 0.01722338204592902 0.5825602968460112 0.03444676409185804 0.04823747680890538
3 0.037839248434238 0.9601113172541744 0.075678496868476 0.07606679035250463
3 0.02583507306889353 0.13636363636363635 0.02870563674321503 0.025974025974025976
3 0.18528183716075156 0.0575139146567718 0.020876826722338204 0.016697588126159554
3 0.20955114822546972 0.04823747680890538 0.02348643006263048 0.022263450834879406
3 0.2377348643006263 0.034786641929499075 0.02035490605427975 0.01948051948051948