0 0.18860294117647058 0.5941176470588235 0.0125 0.048366013071895426
0 0.22389705882352942 0.9869281045751634 0.016911764705882352 0.026143790849673203
0 0.3466911764705882 0.526797385620915 0.009558823529411765 0.0392156862745098
0 0.3996323529411765 0.5026143790849673 0.016911764705882352 0.06405228758169934
1 0.4297794117647059 0.5215686274509804 0.015441176470588236 0.02875816993464052
1 0.22169117647058822 0.307843137254902 0.013970588235294118 0.048366013071895426
1 0.27426470588235297 0.32941176470588235 0.013235294117647059 0.054901960784313725
1 0.2959558823529412 0.32222222222222224 0.019852941176470587 0.040522875816993466
1 0.3 0.3084967320261438 0.01911764705882353 0.04183006535947712
1 0.30808823529411766 0.3 0.01911764705882353 0.03790849673202614
1 0.31323529411764706 0.2901960784313726 0.013235294117647059 0.02875816993464052
1 0.3161764705882353 0.2679738562091503 0.013235294117647059 0.044444444444444446
1 0.3275735294117647 0.2784313725490196 0.013970588235294118 0.04967320261437908
1 0.4522058823529412 0.369281045751634 0.010294117647058823 0.040522875816993466
1 0.4625 0.3607843137254902 0.013235294117647059 0.04967320261437908
1 0.4647058823529412 0.33137254901960783 0.014705882352941176 0.043137254901960784