3 0.29214285714285715 0.42385786802030456 0.022857142857142857 0.017766497461928935
3 0.6282142857142857 0.42576142131979694 0.023571428571428573 0.01903553299492386
4 0.8396428571428571 0.4086294416243655 0.03214285714285714 0.02030456852791878
3 0.9217857142857143 0.43908629441624364 0.020714285714285713 0.02030456852791878
8 0.6335714285714286 0.45558375634517767 0.06 0.03553299492385787
3 0.32142857142857145 0.8102791878172588 0.024285714285714285 0.01903553299492386
4 0.3221428571428571 0.7404822335025381 0.012857142857142857 0.05456852791878172
4 0.30107142857142855 0.7303299492385786 0.010714285714285714 0.044416243654822336
3 0.32607142857142857 0.6897208121827412 0.010714285714285714 0.031725888324873094
3 0.86 0.7772842639593909 0.015714285714285715 0.01903553299492386
3 0.8625 0.9175126903553299 0.02214285714285714 0.02030456852791878
3 0.8585714285714285 0.8959390862944162 0.022857142857142857 0.02030456852791878