3 0.09464285714285714 0.04568527918781726 0.012142857142857143 0.015228426395939087
3 0.10035714285714285 0.03362944162436548 0.010714285714285714 0.01649746192893401
3 0.11214285714285714 0.048223350253807105 0.011428571428571429 0.015228426395939087
3 0.10857142857142857 0.060279187817258884 0.01 0.013959390862944163
3 0.22071428571428572 0.1034263959390863 0.011428571428571429 0.013959390862944163
3 0.2760714285714286 0.21637055837563451 0.013571428571428571 0.01649746192893401
3 0.28964285714285715 0.2506345177664975 0.013571428571428571 0.01903553299492386
3 0.30142857142857143 0.1814720812182741 0.012857142857142857 0.015228426395939087
4 0.2575 0.1383248730964467 0.013571428571428571 0.02030456852791878
9 0.3067857142857143 0.26015228426395937 0.0064285714285714285 0.007614213197969543
1 0.3067857142857143 0.25888324873096447 0.0035714285714285713 0.01015228426395939
0 0.1792857142857143 0.4517766497461929 0.004285714285714286 0.01015228426395939
0 0.1757142857142857 0.4536802030456853 0.004285714285714286 0.008883248730964468
0 0.03642857142857143 0.3883248730964467 0.004285714285714286 0.007614213197969543
3 0.12392857142857143 0.9854060913705583 0.020714285714285713 0.024111675126903553
5 0.24964285714285714 0.7576142131979695 0.06785714285714285 0.07614213197969544
3 0.2617857142857143 0.7246192893401016 0.017857142857142856 0.02284263959390863
5 0.27714285714285714 0.7684010152284264 0.03 0.04187817258883249
3 0.30892857142857144 0.7074873096446701 0.020714285714285713 0.0266497461928934
3 0.3067857142857143 0.6833756345177665 0.016428571428571428 0.01903553299492386
3 0.41285714285714287 0.10025380710659898 0.012857142857142857 0.015228426395939087
3 0.3392857142857143 0.22081218274111675 0.012857142857142857 0.02030456852791878
3 0.3375 0.27982233502538073 0.013571428571428571 0.01903553299492386
4 0.36964285714285716 0.26776649746192893 0.015 0.02284263959390863
4 0.3871428571428571 0.26713197969543145 0.014285714285714285 0.024111675126903553
4 0.3492857142857143 0.2633248730964467 0.017142857142857144 0.024111675126903553
8 0.4082142857142857 0.3217005076142132 0.03785714285714286 0.05456852791878172
0 0.3557142857142857 0.19923857868020303 0.004285714285714286 0.007614213197969543
8 0.4135714285714286 0.36421319796954316 0.02 0.030456852791878174
4 0.46 0.34073604060913704 0.015714285714285715 0.021573604060913704
8 0.4639285714285714 0.3623096446700508 0.025 0.03426395939086294
3 0.48714285714285716 0.39086294416243655 0.015714285714285715 0.02030456852791878
3 0.4932142857142857 0.4149746192893401 0.015 0.02030456852791878
3 0.505 0.40926395939086296 0.014285714285714285 0.021573604060913704
0 0.31642857142857145 0.8407360406091371 0.004285714285714286 0.011421319796954314
3 0.325 0.7550761421319797 0.02142857142857143 0.030456852791878174
4 0.32071428571428573 0.7290609137055838 0.02 0.02918781725888325
8 0.3825 0.7170050761421319 0.045 0.0532994923857868
1 0.4275 0.5095177664974619 0.002142857142857143 0.008883248730964468
9 0.4278571428571429 0.5101522842639594 0.004285714285714286 0.012690355329949238
3 0.4014285714285714 0.5488578680203046 0.017142857142857144 0.024111675126903553
3 0.42964285714285716 0.5552030456852792 0.019285714285714285 0.021573604060913704
3 0.45321428571428574 0.5361675126903553 0.016428571428571428 0.01903553299492386
3 0.44035714285714284 0.6313451776649747 0.019285714285714285 0.024111675126903553
4 0.33535714285714285 0.6357868020304569 0.019285714285714285 0.02284263959390863
4 0.3385714285714286 0.6592639593908629 0.02 0.024111675126903553
3 0.3442857142857143 0.6751269035532995 0.02 0.025380710659898477
3 0.36642857142857144 0.6554568527918782 0.02 0.024111675126903553
4 0.38785714285714284 0.6351522842639594 0.015714285714285715 0.021573604060913704
4 0.4110714285714286 0.6154822335025381 0.017857142857142856 0.02030456852791878
3 0.43714285714285717 0.5932741116751269 0.018571428571428572 0.021573604060913704
3 0.4592857142857143 0.5723350253807107 0.017142857142857144 0.02284263959390863
4 0.45714285714285713 0.5532994923857868 0.02 0.025380710659898477
8 0.4767857142857143 0.6218274111675127 0.025 0.030456852791878174
5 0.4878571428571429 0.5894670050761421 0.02857142857142857 0.03934010152284264
5 0.38857142857142857 0.6091370558375635 0.06428571428571428 0.06598984771573604
8 0.39964285714285713 0.5805837563451777 0.030714285714285715 0.03426395939086294
0 0.5560714285714285 0.3756345177664975 0.002142857142857143 0.007614213197969543
0 0.42857142857142855 0.4866751269035533 0.002857142857142857 0.006345177664974619
0 0.4632142857142857 0.5006345177664975 0.002142857142857143 0.006345177664974619
0 0.47285714285714286 0.4930203045685279 0.002857142857142857 0.008883248730964468
0 0.46964285714285714 0.48223350253807107 0.002142857142857143 0.007614213197969543
0 0.4714285714285714 0.5057106598984772 0.002857142857142857 0.008883248730964468
0 0.4607142857142857 0.5050761421319797 0.002857142857142857 0.01015228426395939
0 0.4785714285714286 0.4930203045685279 0.002857142857142857 0.008883248730964468
0 0.4767857142857143 0.4815989847715736 0.002142857142857143 0.008883248730964468
0 0.4725 0.4784263959390863 0.0035714285714285713 0.007614213197969543
0 0.4835714285714286 0.48413705583756345 0.002857142857142857 0.008883248730964468
5 0.5796428571428571 0.4010152284263959 0.019285714285714285 0.017766497461928935
8 0.5082142857142857 0.36484771573604063 0.02214285714285714 0.0266497461928934
8 0.5017857142857143 0.47588832487309646 0.04214285714285714 0.0532994923857868
3 0.4942857142857143 0.4517766497461929 0.017142857142857144 0.02030456852791878
3 0.5489285714285714 0.506979695431472 0.017857142857142856 0.01649746192893401
1 0.5121428571428571 0.5406091370558376 0.002857142857142857 0.007614213197969543
9 0.5114285714285715 0.5431472081218274 0.002857142857142857 0.01015228426395939
4 0.5628571428571428 0.5393401015228426 0.017142857142857144 0.017766497461928935
4 0.5542857142857143 0.5710659898477157 0.017142857142857144 0.02030456852791878
4 0.5842857142857143 0.5475888324873096 0.017142857142857144 0.01903553299492386
4 0.5782142857142857 0.5057106598984772 0.017857142857142856 0.01903553299492386
4 0.5821428571428572 0.4803299492385787 0.018571428571428572 0.021573604060913704
4 0.6075 0.49238578680203043 0.016428571428571428 0.017766497461928935
5 0.6160714285714286 0.5006345177664975 0.039285714285714285 0.046954314720812185
3 0.6332142857142857 0.46890862944162437 0.017857142857142856 0.021573604060913704
4 0.6621428571428571 0.44352791878172587 0.017142857142857144 0.024111675126903553
4 0.6678571428571428 0.45875634517766495 0.017142857142857144 0.024111675126903553
8 0.6921428571428572 0.45621827411167515 0.04285714285714286 0.05456852791878172
3 0.7271428571428571 0.42449238578680204 0.015714285714285715 0.021573604060913704
4 0.7085714285714285 0.4219543147208122 0.015714285714285715 0.021573604060913704
8 0.6510714285714285 0.375 0.023571428571428573 0.0266497461928934
4 0.74 0.3902284263959391 0.017142857142857144 0.024111675126903553
8 0.71 0.28616751269035534 0.03571428571428571 0.05456852791878172
4 0.7317857142857143 0.3026649746192893 0.015 0.021573604060913704
3 0.9482142857142857 0.04314720812182741 0.009285714285714286 0.02030456852791878
3 0.8342857142857143 0.015862944162436547 0.011428571428571429 0.01903553299492386
3 0.8553571428571428 0.09390862944162437 0.009285714285714286 0.017766497461928935
3 0.8528571428571429 0.12436548223350254 0.011428571428571429 0.02030456852791878
3 0.8503571428571428 0.25 0.012142857142857143 0.02030456852791878
4 0.8282142857142857 0.2887055837563452 0.015 0.0266497461928934
0 0.9396428571428571 0.40418781725888325 0.005 0.008883248730964468
3 0.7560714285714286 0.39593908629441626 0.016428571428571428 0.02030456852791878