3 0.39107142857142857 0.9841370558375635 0.015 0.02918781725888325
8 0.41035714285714286 0.9251269035532995 0.02642857142857143 0.07868020304568528
3 0.4617857142857143 0.8305837563451777 0.019285714285714285 0.04949238578680203
3 0.4760714285714286 0.7760152284263959 0.019285714285714285 0.046954314720812185
3 0.4982142857142857 0.6598984771573604 0.017857142857142856 0.048223350253807105
3 0.5053571428571428 0.6053299492385786 0.012142857142857143 0.04314720812182741
3 0.5160714285714286 0.5704314720812182 0.019285714285714285 0.046954314720812185
3 0.5360714285714285 0.37119289340101524 0.016428571428571428 0.044416243654822336
3 0.5460714285714285 0.24873096446700507 0.016428571428571428 0.04314720812182741
8 0.5682142857142857 0.046954314720812185 0.017857142857142856 0.0532994923857868
3 0.31892857142857145 0.0932741116751269 0.020714285714285713 0.021573604060913704
3 0.2839285714285714 0.08058375634517767 0.019285714285714285 0.01903553299492386
3 0.26107142857142857 0.07360406091370558 0.02214285714285714 0.025380710659898477
3 0.20714285714285716 0.050761421319796954 0.02142857142857143 0.025380710659898477
3 0.18214285714285713 0.04378172588832487 0.024285714285714285 0.021573604060913704
4 0.15464285714285714 0.03362944162436548 0.023571428571428573 0.024111675126903553
3 0.12785714285714286 0.0266497461928934 0.02857142857142857 0.030456852791878174
3 0.11678571428571428 0.7772842639593909 0.023571428571428573 0.03934010152284264