4 0.4639285714285714 0.5387055837563451 0.05928571428571429 0.03934010152284264
3 0.6939285714285715 0.4473350253807107 0.06785714285714285 0.04187817258883249
3 0.7839285714285714 0.4460659898477157 0.062142857142857146 0.04949238578680203
3 0.46714285714285714 0.866751269035533 0.04857142857142857 0.10406091370558376
3 0.245 0.6294416243654822 0.03857142857142857 0.1116751269035533
3 0.13107142857142856 0.6281725888324873 0.029285714285714286 0.116751269035533
3 0.17857142857142858 0.22144670050761422 0.06285714285714286 0.05203045685279188
3 0.2257142857142857 0.11548223350253807 0.025714285714285714 0.09644670050761421
4 0.9046428571428572 0.13705583756345177 0.065 0.048223350253807105
3 0.1225 0.916243654822335 0.029285714285714286 0.1065989847715736
3 0.1717857142857143 0.9441624365482234 0.027857142857142858 0.08121827411167512
3 0.23035714285714284 0.9251269035532995 0.029285714285714286 0.1065989847715736
3 0.2639285714285714 0.8984771573604061 0.029285714285714286 0.1065989847715736
5 0.30178571428571427 0.8895939086294417 0.03357142857142857 0.13959390862944163
0 0.3675 0.8147208121827412 0.010714285714285714 0.02284263959390863
0 0.3557142857142857 0.8052030456852792 0.01 0.01903553299492386
0 0.2932142857142857 0.5609137055837563 0.009285714285714286 0.02030456852791878
0 0.6482142857142857 0.7360406091370558 0.013571428571428571 0.02284263959390863
0 0.6528571428571428 0.7182741116751269 0.011428571428571429 0.02284263959390863
2 0.29642857142857143 0.5634517766497462 0.022857142857142857 0.02030456852791878
0 0.30392857142857144 0.10469543147208121 0.013571428571428571 0.01903553299492386
0 0.9892857142857143 0.8236040609137056 0.02142857142857143 0.017766497461928935