3 0.5167857142857143 0.7614213197969543 0.04071428571428572 0.1218274111675127
3 0.6771428571428572 0.7068527918781726 0.045714285714285714 0.12690355329949238
3 0.8610714285714286 0.9352791878172588 0.06642857142857143 0.12436548223350254
5 0.7767857142857143 0.8934010152284264 0.08357142857142857 0.21065989847715735
3 0.5235714285714286 0.3001269035532995 0.02142857142857143 0.05456852791878172
3 0.56 0.20304568527918782 0.02 0.04314720812182741
3 0.6903571428571429 0.23286802030456852 0.02642857142857143 0.05203045685279188
5 0.49 0.16560913705583757 0.03142857142857143 0.10025380710659898
3 0.09464285714285714 0.5361675126903553 0.03785714285714286 0.031725888324873094
4 0.12464285714285714 0.47017766497461927 0.045 0.04187817258883249
3 0.1407142857142857 0.4517766497461929 0.04 0.030456852791878174
3 0.05857142857142857 0.49619289340101524 0.05142857142857143 0.04060913705583756
5 0.06535714285714286 0.44923857868020306 0.09214285714285714 0.07360406091370558
5 0.24035714285714285 0.33375634517766495 0.05928571428571429 0.11928934010152284
0 0.13142857142857142 0.37753807106598986 0.007142857142857143 0.0266497461928934
0 0.135 0.37182741116751267 0.008571428571428572 0.027918781725888325
3 0.2910714285714286 0.20558375634517767 0.02214285714285714 0.03299492385786802
0 0.2764285714285714 0.1751269035532995 0.004285714285714286 0.012690355329949238
0 0.2842857142857143 0.17385786802030456 0.004285714285714286 0.015228426395939087
0 0.2792857142857143 0.1713197969543147 0.004285714285714286 0.02030456852791878
5 0.33107142857142857 0.08692893401015228 0.023571428571428573 0.044416243654822336
3 0.3467857142857143 0.05964467005076142 0.012142857142857143 0.02284263959390863
3 0.3510714285714286 0.04314720812182741 0.013571428571428571 0.02030456852791878
3 0.35678571428571426 0.031091370558375634 0.012142857142857143 0.01649746192893401
0 0.9417857142857143 0.6821065989847716 0.010714285714285714 0.031725888324873094
0 0.8278571428571428 0.4010152284263959 0.007142857142857143 0.027918781725888325
0 0.8421428571428572 0.35215736040609136 0.008571428571428572 0.031725888324873094
0 0.7278571428571429 0.14086294416243655 0.005714285714285714 0.02030456852791878
0 0.7467857142857143 0.12753807106598986 0.0035714285714285713 0.01903553299492386
0 0.7532142857142857 0.12436548223350254 0.005 0.02030456852791878
1 0.7571428571428571 0.1319796954314721 0.004285714285714286 0.012690355329949238
0 0.7653571428571428 0.12753807106598986 0.005 0.01649746192893401
0 0.7628571428571429 0.11802030456852793 0.002857142857142857 0.012690355329949238
0 0.7692857142857142 0.12373096446700507 0.004285714285714286 0.01649746192893401
1 0.8042857142857143 0.15926395939086294 0.004285714285714286 0.011421319796954314
1 0.8071428571428572 0.16307106598984772 0.005714285714285714 0.013959390862944163
0 0.7607142857142857 0.07868020304568528 0.002857142857142857 0.02030456852791878
1 0.7125 0.11928934010152284 0.0064285714285714285 0.012690355329949238
1 0.7246428571428571 0.11738578680203046 0.007857142857142858 0.013959390862944163
1 0.7378571428571429 0.23794416243654823 0.005714285714285714 0.013959390862944163
1 0.7328571428571429 0.23604060913705585 0.004285714285714286 0.012690355329949238
0 0.7814285714285715 0.2506345177664975 0.007142857142857143 0.013959390862944163
1 0.8107142857142857 0.28616751269035534 0.005714285714285714 0.013959390862944163
0 0.8267857142857142 0.28743654822335024 0.005 0.01903553299492386
1 0.88 0.5329949238578681 0.008571428571428572 0.017766497461928935
1 0.8832142857142857 0.5260152284263959 0.007857142857142858 0.013959390862944163
0 0.9189285714285714 0.6808375634517766 0.0064285714285714285 0.02918781725888325
0 0.9889285714285714 0.6668781725888325 0.010714285714285714 0.021573604060913704
0 0.7092857142857143 0.04885786802030457 0.004285714285714286 0.013959390862944163
0 0.7632142857142857 0.06281725888324872 0.0035714285714285713 0.013959390862944163
0 0.7539285714285714 0.07296954314720812 0.0035714285714285713 0.013959390862944163
0 0.7492857142857143 0.07296954314720812 0.004285714285714286 0.01903553299492386
0 0.7542857142857143 0.08883248730964467 0.002857142857142857 0.015228426395939087
0 0.7264285714285714 0.07360406091370558 0.008571428571428572 0.012690355329949238
1 0.6957142857142857 0.08058375634517767 0.008571428571428572 0.008883248730964468
0 0.06321428571428571 0.833756345177665 0.012142857142857143 0.03553299492385787