3 0.18345588235294116 0.7830065359477124 0.14191176470588235 0.25620915032679736
3 0.5224264705882353 0.5679738562091503 0.11102941176470588 0.12941176470588237
3 0.39044117647058824 0.5052287581699346 0.11764705882352941 0.12156862745098039
3 0.2797794117647059 0.3457516339869281 0.10661764705882353 0.09542483660130718
3 0.3845588235294118 0.2901960784313726 0.08676470588235294 0.07320261437908497
4 0.5264705882352941 0.2222222222222222 0.07205882352941176 0.07058823529411765
3 0.6522058823529412 0.1477124183006536 0.06911764705882353 0.04967320261437908
3 0.7819852941176471 0.19281045751633988 0.05073529411764706 0.06143790849673202
3 0.7805147058823529 0.1477124183006536 0.05367647058823529 0.05228758169934641
4 0.6878676470588235 0.12941176470588237 0.05661764705882353 0.05751633986928104
3 0.8911764705882353 0.46013071895424834 0.15588235294117647 0.11503267973856209
3 0.9518382352941176 0.38758169934640524 0.09632352941176471 0.08496732026143791
3 0.7044117647058824 0.39019607843137255 0.07794117647058824 0.10065359477124183
9 0.5665441176470588 0.17124183006535948 0.019852941176470587 0.036601307189542485
9 0.6775735294117647 0.18366013071895426 0.01838235294117647 0.030065359477124184
0 0.054411764705882354 0.373202614379085 0.023529411764705882 0.07450980392156863
0 0.6018382352941176 0.954248366013072 0.021323529411764706 0.0915032679738562
0 0.2985294117647059 0.2875816993464052 0.013235294117647059 0.054901960784313725
3 0.768014705882353 0.0738562091503268 0.05220588235294118 0.0457516339869281
3 0.8095588235294118 0.047058823529411764 0.03235294117647059 0.036601307189542485
3 0.8378676470588236 0.044444444444444446 0.03161764705882353 0.04183006535947712
3 0.9665441176470588 0.32745098039215687 0.06691176470588235 0.05620915032679739