8 0.4026617954070981 0.8617810760667903 0.07776617954070981 0.08719851576994433
3 0.7421711899791231 0.8492578849721707 0.06576200417536535 0.06029684601113173
4 0.7453027139874739 0.774582560296846 0.0511482254697286 0.061224489795918366
3 0.6409185803757829 0.7648423005565863 0.04697286012526096 0.04359925788497217
3 0.6677974947807933 0.6971243042671614 0.02870563674321503 0.05844155844155844
9 0.015135699373695199 0.5417439703153989 0.008350730688935281 0.02411873840445269
1 0.06784968684759916 0.5709647495361782 0.008350730688935281 0.015769944341372914
1 0.06837160751565761 0.5681818181818182 0.007306889352818371 0.012059369202226345
9 0.03288100208768267 0.551948051948052 0.013569937369519834 0.022263450834879406
6 0.03549060542797495 0.5454545454545454 0.018789144050104383 0.01855287569573284
9 0.06028183716075156 0.5667903525046383 0.012004175365344467 0.022263450834879406
9 0.08455114822546973 0.5575139146567718 0.007306889352818371 0.01855287569573284
7 0.1080375782881002 0.5528756957328386 0.020876826722338204 0.03153988868274583
7 0.17014613778705637 0.5273654916512059 0.019832985386221295 0.038033395176252316
7 0.17458246346555323 0.5435992578849722 0.01722338204592902 0.03710575139146568
7 0.1865866388308977 0.5454545454545454 0.01826722338204593 0.03525046382189239
7 0.200678496868476 0.5463821892393321 0.019311064718162838 0.03896103896103896
3 0.2160751565762004 0.4253246753246753 0.018789144050104383 0.0287569573283859
5 0.2319937369519833 0.40166975881261596 0.0255741127348643 0.03710575139146568
7 0.23538622129436326 0.5139146567717996 0.011482254697286013 0.03710575139146568
7 0.22573068893528184 0.5125231910946196 0.012004175365344467 0.036178107606679034
7 0.20902922755741127 0.5106679035250464 0.016179540709812108 0.04359925788497217
6 0.2366910229645094 0.5524118738404453 0.01722338204592902 0.032467532467532464
6 0.2272964509394572 0.5524118738404453 0.012004175365344467 0.02504638218923933
9 0.20876826722338204 0.5528756957328386 0.011482254697286013 0.02411873840445269
9 0.21581419624217119 0.5565862708719852 0.009916492693110648 0.02411873840445269
9 0.1544885177453027 0.5667903525046383 0.010438413361169102 0.022263450834879406
9 0.16153444676409187 0.5691094619666048 0.010960334029227558 0.021335807050092765
9 0.1657098121085595 0.5700371057513914 0.010960334029227558 0.023191094619666047
9 0.17066805845511482 0.5714285714285714 0.010438413361169102 0.02040816326530612
9 0.17562630480167016 0.5705009276437848 0.012004175365344467 0.02040816326530612
9 0.18032359081419624 0.5723562152133581 0.012004175365344467 0.01855287569573284
9 0.19154488517745302 0.5728200371057514 0.010438413361169102 0.021335807050092765
9 0.19832985386221294 0.5728200371057514 0.010438413361169102 0.021335807050092765
9 0.2027661795407098 0.5728200371057514 0.013048016701461378 0.023191094619666047
9 0.21581419624217119 0.5732838589981447 0.010960334029227558 0.02411873840445269
9 0.22207724425887265 0.5723562152133581 0.008872651356993737 0.02411873840445269
2 0.1544885177453027 0.6368274582560297 0.007306889352818371 0.01948051948051948
9 0.16231732776617955 0.6340445269016698 0.011482254697286013 0.026901669758812616
6 0.17197286012526097 0.634508348794063 0.01722338204592902 0.03525046382189239
9 0.18319415448851775 0.6307977736549165 0.012526096033402923 0.025974025974025976
1 0.14509394572025053 0.6975881261595547 0.007306889352818371 0.02411873840445269
1 0.14979123173277661 0.7036178107606679 0.008350730688935281 0.013914656771799629
1 0.1534446764091858 0.6971243042671614 0.006263048016701462 0.012059369202226345
6 0.1505741127348643 0.7031539888682746 0.019311064718162838 0.02411873840445269
5 0.1732776617954071 0.674860853432282 0.07724425887265135 0.06029684601113173
9 0.2546972860125261 0.538961038961039 0.009394572025052192 0.014842300556586271
3 0.3387265135699374 0.5909090909090909 0.0407098121085595 0.03153988868274583
4 0.3870041753653445 0.6145640074211502 0.037056367432150315 0.032467532467532464
7 0.38856993736951984 0.5974025974025974 0.0255741127348643 0.027829313543599257
7 0.3275052192066806 0.551948051948052 0.02244258872651357 0.03710575139146568
7 0.4224947807933194 0.6716141001855288 0.02244258872651357 0.05194805194805195
3 0.4772964509394572 0.6521335807050093 0.04540709812108559 0.03710575139146568
9 0.5921189979123174 0.672077922077922 0.005741127348643006 0.01948051948051948
6 0.5989039665970772 0.6725417439703154 0.010960334029227558 0.03153988868274583
9 0.7901878914405011 0.6688311688311688 0.010438413361169102 0.02411873840445269
6 0.8001043841336117 0.6948051948051948 0.030271398747390398 0.029684601113172542
2 0.8475991649269311 0.6595547309833024 0.016701461377870562 0.016697588126159554
6 0.8723903966597077 0.7152133580705009 0.03288100208768267 0.03153988868274583
1 0.9091858037578288 0.6739332096474954 0.009394572025052192 0.015769944341372914
9 0.9478079331941545 0.6785714285714286 0.017745302713987474 0.026901669758812616
6 0.9778183716075156 0.7379406307977736 0.03392484342379958 0.030612244897959183