3 0.38569937369519836 0.6614100185528757 0.04592901878914405 0.07235621521335807
1 0.3890918580375783 0.7128942486085343 0.007828810020876827 0.01948051948051948
3 0.4618997912317328 0.4039888682745826 0.03444676409185804 0.05102040816326531
3 0.3825678496868476 0.4461966604823748 0.04697286012526096 0.03525046382189239
3 0.38204592901878914 0.4100185528756957 0.04384133611691023 0.03710575139146568
3 0.5388830897703549 0.24165120593692022 0.02035490605427975 0.05287569573283859
4 0.4968684759916493 0.12291280148423006 0.022964509394572025 0.036178107606679034
3 0.5203549060542797 0.07606679035250463 0.03549060542797495 0.03339517625231911
3 0.5548016701461378 0.03896103896103896 0.025052192066805846 0.022263450834879406
3 0.31941544885177453 0.30658627087198514 0.038622129436325675 0.04359925788497217
3 0.055845511482254695 0.18181818181818182 0.026096033402922755 0.03896103896103896
3 0.11978079331941545 0.1414656771799629 0.0255741127348643 0.038033395176252316
3 0.15657620041753653 0.12059369202226346 0.024008350730688934 0.03710575139146568
3 0.19859081419624217 0.09647495361781076 0.024530271398747392 0.03339517625231911
3 0.14822546972860126 0.016233766233766232 0.031315240083507306 0.026901669758812616
3 0.16049060542797494 0.0074211502782931356 0.030793319415448852 0.014842300556586271
3 0.029749478079331943 0.046846011131725415 0.03444676409185804 0.026901669758812616
3 0.042014613778705634 0.03385899814471243 0.030793319415448852 0.0287569573283859
3 0.059498956158663886 0.011131725417439703 0.033402922755741124 0.022263450834879406
3 0.39822546972860123 0.9860853432282004 0.03966597077244259 0.025974025974025976