0 0.585 0.9022842639593909 0.008571428571428572 0.017766497461928935
0 0.565 0.7741116751269036 0.004285714285714286 0.015228426395939087
0 0.5646428571428571 0.7671319796954315 0.005 0.013959390862944163
0 0.5935714285714285 0.7461928934010152 0.008571428571428572 0.017766497461928935
0 0.5992857142857143 0.7474619289340102 0.007142857142857143 0.02030456852791878
0 0.5975 0.7677664974619289 0.007857142857142858 0.017766497461928935
0 0.62 0.7112944162436549 0.007142857142857143 0.01903553299492386
0 0.6510714285714285 0.7100253807106599 0.009285714285714286 0.01649746192893401
0 0.6689285714285714 0.7411167512690355 0.009285714285714286 0.02284263959390863
0 0.6564285714285715 0.7880710659898477 0.007142857142857143 0.02030456852791878
0 0.695 0.8458121827411168 0.008571428571428572 0.01903553299492386
0 0.6835714285714286 0.5697969543147208 0.007142857142857143 0.015228426395939087
0 0.7985714285714286 0.44416243654822335 0.007142857142857143 0.02030456852791878
0 0.78 0.3864213197969543 0.008571428571428572 0.01649746192893401
3 0.47785714285714287 0.6598984771573604 0.03571428571428571 0.0583756345177665
3 0.4328571428571429 0.575507614213198 0.03428571428571429 0.05710659898477157
3 0.43607142857142855 0.4600253807106599 0.03214285714285714 0.04949238578680203
5 0.3492857142857143 0.6015228426395939 0.07857142857142857 0.12690355329949238
3 0.3367857142857143 0.5850253807106599 0.03357142857142857 0.0583756345177665
3 0.02142857142857143 0.8826142131979695 0.037142857142857144 0.07487309644670051
3 0.06607142857142857 0.8553299492385786 0.04214285714285714 0.06852791878172589
5 0.07821428571428571 0.7576142131979695 0.05785714285714286 0.10406091370558376
5 0.12785714285714286 0.6573604060913706 0.04857142857142857 0.1802030456852792
5 0.15714285714285714 0.6256345177664975 0.045714285714285714 0.1649746192893401
4 0.18607142857142858 0.5748730964467005 0.02214285714285714 0.07614213197969544
3 0.2082142857142857 0.575507614213198 0.019285714285714285 0.06218274111675127
3 0.235 0.5532994923857868 0.024285714285714285 0.06598984771573604
3 0.040357142857142855 0.6142131979695431 0.029285714285714286 0.0532994923857868
3 0.3325 0.4803299492385787 0.03785714285714286 0.05456852791878172
3 0.29285714285714287 0.4663705583756345 0.018571428571428572 0.06218274111675127
4 0.325 0.4346446700507614 0.03571428571428571 0.05456852791878172
4 0.3975 0.40609137055837563 0.03642857142857143 0.050761421319796954
5 0.36178571428571427 0.37182741116751267 0.025 0.12436548223350254
3 0.38107142857142856 0.3737309644670051 0.016428571428571428 0.04949238578680203
3 0.4017857142857143 0.34390862944162437 0.019285714285714285 0.048223350253807105
5 0.5046428571428572 0.4022842639593909 0.07214285714285715 0.1218274111675127
5 0.4235714285714286 0.29378172588832485 0.04 0.1383248730964467
5 0.4432142857142857 0.2684010152284264 0.03214285714285714 0.10532994923857868
5 0.4667857142857143 0.26649746192893403 0.035 0.09644670050761421
5 0.48928571428571427 0.2563451776649746 0.02142857142857143 0.0583756345177665
5 0.545 0.22779187817258884 0.06428571428571428 0.10279187817258884
5 0.6160714285714286 0.11738578680203046 0.03785714285714286 0.11548223350253807
5 0.5821428571428572 0.1281725888324873 0.03857142857142857 0.08629441624365482
3 0.6057142857142858 0.3115482233502538 0.032857142857142856 0.03680203045685279
3 0.6446428571428572 0.29885786802030456 0.035 0.03426395939086294
5 0.7171428571428572 0.25444162436548223 0.04428571428571428 0.08756345177664974
5 0.0175 0.7715736040609137 0.035 0.10406091370558376
0 0.09964285714285714 0.4003807106598985 0.009285714285714286 0.01903553299492386
0 0.11357142857142857 0.39403553299492383 0.008571428571428572 0.024111675126903553
0 0.11 0.3769035532994924 0.01 0.02030456852791878