0 0.05330882352941176 0.8098039215686275 0.013970588235294118 0.05359477124183006
3 0.02389705882352941 0.7856209150326797 0.04779411764705882 0.06013071895424837
3 0.03713235294117647 0.7516339869281046 0.07426470588235294 0.06013071895424837
3 0.07977941176470588 0.7209150326797386 0.0713235294117647 0.048366013071895426
3 0.10625 0.6980392156862745 0.0713235294117647 0.047058823529411764
9 0.09227941176470589 0.6725490196078432 0.0125 0.030065359477124184
3 0.13713235294117648 0.6392156862745098 0.05220588235294118 0.047058823529411764
9 0.17904411764705883 0.5875816993464053 0.01838235294117647 0.022222222222222223
3 0.2610294117647059 0.5915032679738562 0.025 0.03790849673202614
0 0.18639705882352942 0.5490196078431373 0.006617647058823529 0.02875816993464052
3 0.29669117647058824 0.5483660130718955 0.019852941176470587 0.03529411764705882
3 0.3209558823529412 0.515032679738562 0.019852941176470587 0.03137254901960784
3 0.33676470588235297 0.4928104575163399 0.03235294117647059 0.023529411764705882
3 0.3338235294117647 0.48104575163398694 0.016176470588235296 0.02091503267973856
4 0.35441176470588237 0.4673202614379085 0.014705882352941176 0.027450980392156862
4 0.3577205882352941 0.4588235294117647 0.011029411764705883 0.023529411764705882
3 0.4047794117647059 0.46339869281045754 0.013970588235294118 0.0196078431372549
0 0.37022058823529413 0.5196078431372549 0.005147058823529412 0.02483660130718954
0 0.39080882352941176 0.49673202614379086 0.008088235294117648 0.026143790849673203
0 0.33308823529411763 0.6032679738562091 0.0058823529411764705 0.03529411764705882
0 0.33897058823529413 0.6065359477124183 0.007352941176470588 0.03398692810457516
0 0.3503676470588235 0.6071895424836601 0.009558823529411765 0.032679738562091505
0 0.3422794117647059 0.5888888888888889 0.009558823529411765 0.03790849673202614
6 0.26286764705882354 0.5052287581699346 0.013970588235294118 0.02483660130718954
9 0.6198529411764706 0.7993464052287582 0.010294117647058823 0.03790849673202614
1 0.6191176470588236 0.7915032679738562 0.011764705882352941 0.040522875816993466
3 0.7338235294117647 0.7790849673202614 0.03823529411764706 0.05751633986928104
4 0.6827205882352941 0.64640522875817 0.030147058823529412 0.048366013071895426
3 0.8018382352941177 0.7248366013071895 0.04338235294117647 0.040522875816993466
0 0.7830882352941176 0.6006535947712418 0.007352941176470588 0.027450980392156862
0 0.7698529411764706 0.5986928104575163 0.007352941176470588 0.03137254901960784
4 0.7297794117647058 0.5764705882352941 0.02426470588235294 0.044444444444444446
5 0.6525735294117647 0.5575163398692811 0.04338235294117647 0.09019607843137255
0 0.6470588235294118 0.6098039215686275 0.008823529411764706 0.030065359477124184
3 0.46801470588235294 0.7326797385620915 0.027205882352941177 0.06143790849673202
4 0.4566176470588235 0.6568627450980392 0.027941176470588237 0.06666666666666667
6 0.4389705882352941 0.5967320261437908 0.011764705882352941 0.043137254901960784
1 0.4389705882352941 0.5980392156862745 0.010294117647058823 0.02483660130718954
3 0.4658088235294118 0.5751633986928104 0.019852941176470587 0.03398692810457516
1 0.4386029411764706 0.5241830065359477 0.006617647058823529 0.023529411764705882
2 0.4389705882352941 0.5294117647058824 0.007352941176470588 0.02091503267973856
9 0.5588235294117647 0.5542483660130719 0.007352941176470588 0.02091503267973856
1 0.5584558823529412 0.5470588235294118 0.006617647058823529 0.0196078431372549
3 0.5334558823529412 0.5261437908496732 0.015441176470588236 0.02483660130718954
3 0.5091911764705882 0.5143790849673202 0.013970588235294118 0.02483660130718954
3 0.47904411764705884 0.5209150326797386 0.016911764705882352 0.027450980392156862
3 0.5411764705882353 0.4725490196078431 0.011764705882352941 0.022222222222222223
3 0.5790441176470589 0.4496732026143791 0.0125 0.02091503267973856
0 0.6169117647058824 0.5091503267973856 0.007352941176470588 0.02483660130718954
5 0.600735294117647 0.4673202614379085 0.023529411764705882 0.0457516339869281
3 0.34375 0.42091503267973857 0.0125 0.018300653594771243
4 0.5375 0.4542483660130719 0.010294117647058823 0.0196078431372549
4 0.48933823529411763 0.38300653594771245 0.008088235294117648 0.013071895424836602
3 0.5106617647058823 0.4117647058823529 0.009558823529411765 0.013071895424836602
4 0.5022058823529412 0.40261437908496733 0.008823529411764706 0.01568627450980392
3 0.5011029411764706 0.38235294117647056 0.008088235294117648 0.011764705882352941
4 0.49117647058823527 0.37450980392156863 0.007352941176470588 0.011764705882352941
3 0.41801470588235295 0.4320261437908497 0.011029411764705883 0.01699346405228758