3 0.43392857142857144 0.8870558375634517 0.02214285714285714 0.04568527918781726
3 0.41035714285714286 0.7036802030456852 0.012142857142857143 0.03680203045685279
3 0.40214285714285714 0.7956852791878173 0.014285714285714285 0.03807106598984772
3 0.47464285714285714 0.7296954314720813 0.012142857142857143 0.03807106598984772
3 0.48035714285714287 0.6370558375634517 0.010714285714285714 0.03299492385786802
3 0.435 0.6034263959390863 0.01 0.024111675126903553
3 0.4710714285714286 0.4733502538071066 0.007857142857142858 0.02284263959390863
3 0.4421428571428571 0.40545685279187815 0.007142857142857143 0.01903553299492386
3 0.5175 0.37817258883248733 0.007857142857142858 0.02030456852791878
3 0.4789285714285714 0.29314720812182743 0.009285714285714286 0.017766497461928935
3 0.4442857142857143 0.32550761421319796 0.005714285714285714 0.011421319796954314
3 0.4539285714285714 0.3356598984771574 0.0064285714285714285 0.013959390862944163
3 0.29214285714285715 0.29885786802030456 0.015714285714285715 0.013959390862944163
3 0.3896428571428571 0.950507614213198 0.016428571428571428 0.04568527918781726
4 0.42678571428571427 0.7696700507614214 0.012142857142857143 0.031725888324873094
4 0.4660714285714286 0.5926395939086294 0.009285714285714286 0.03299492385786802
4 0.42642857142857143 0.5006345177664975 0.01 0.024111675126903553
4 0.44107142857142856 0.46383248730964466 0.007857142857142858 0.021573604060913704
4 0.4432142857142857 0.3470812182741117 0.0064285714285714285 0.01903553299492386
3 0.47785714285714287 0.37182741116751267 0.008571428571428572 0.02284263959390863
4 0.5157142857142857 0.33121827411167515 0.007142857142857143 0.02284263959390863
8 0.43107142857142855 0.37817258883248733 0.012142857142857143 0.05583756345177665
8 0.45285714285714285 0.3737309644670051 0.012857142857142857 0.06218274111675127
3 0.39785714285714285 0.31408629441624364 0.011428571428571429 0.01649746192893401
3 0.46035714285714285 0.22525380710659898 0.013571428571428571 0.008883248730964468
3 0.5235714285714286 0.21954314720812182 0.011428571428571429 0.01015228426395939
5 0.475 0.23413705583756345 0.024285714285714285 0.024111675126903553
4 0.3364285714285714 0.09771573604060914 0.01 0.017766497461928935
4 0.3314285714285714 0.11104060913705584 0.004285714285714286 0.008883248730964468
3 0.3414285714285714 0.08756345177664974 0.004285714285714286 0.01015228426395939
3 0.34214285714285714 0.08248730964467005 0.005714285714285714 0.012690355329949238
3 0.34535714285714286 0.07614213197969544 0.0064285714285714285 0.007614213197969543
3 0.7489285714285714 0.7322335025380711 0.015 0.03807106598984772
3 0.7328571428571429 0.6605329949238579 0.012857142857142857 0.02918781725888325
3 0.7257142857142858 0.6313451776649747 0.014285714285714285 0.02918781725888325
3 0.7267857142857143 0.22842639593908629 0.016428571428571428 0.012690355329949238
4 0.7153571428571428 0.22081218274111675 0.015 0.012690355329949238
8 0.7339285714285714 0.12309644670050761 0.009285714285714286 0.02030456852791878
4 0.7328571428571429 0.1034263959390863 0.005714285714285714 0.013959390862944163
0 0.8796428571428572 0.791243654822335 0.0035714285714285713 0.013959390862944163
0 0.8767857142857143 0.7868020304568528 0.0035714285714285713 0.01015228426395939
0 0.9392857142857143 0.8477157360406091 0.004285714285714286 0.017766497461928935
0 0.9432142857142857 0.8521573604060914 0.0064285714285714285 0.01903553299492386
0 0.35464285714285715 0.9777918781725888 0.0035714285714285713 0.01649746192893401