4 0.5007142857142857 0.7829949238578681 0.017142857142857144 0.0532994923857868
0 0.6310714285714286 0.7696700507614214 0.005 0.024111675126903553
4 0.6528571428571428 0.6618020304568528 0.017142857142857144 0.04949238578680203
3 0.46964285714285714 0.6395939086294417 0.013571428571428571 0.027918781725888325
3 0.4542857142857143 0.6040609137055838 0.012857142857142857 0.02284263959390863
4 0.42678571428571427 0.5805837563451777 0.013571428571428571 0.0266497461928934
3 0.46535714285714286 0.4854060913705584 0.010714285714285714 0.01903553299492386
3 0.56 0.5361675126903553 0.011428571428571429 0.024111675126903553
4 0.5053571428571428 0.44923857868020306 0.010714285714285714 0.027918781725888325
3 0.5064285714285715 0.41624365482233505 0.008571428571428572 0.017766497461928935
3 0.5164285714285715 0.34454314720812185 0.008571428571428572 0.011421319796954314
4 0.5278571428571428 0.3343908629441624 0.007142857142857143 0.01649746192893401
3 0.5075 0.29758883248730966 0.0064285714285714285 0.013959390862944163
3 0.48428571428571426 0.2817258883248731 0.005714285714285714 0.012690355329949238
3 0.515 0.2753807106598985 0.005714285714285714 0.012690355329949238
4 0.6821428571428572 0.5431472081218274 0.02857142857142857 0.025380710659898477
4 0.7378571428571429 0.5380710659898477 0.03 0.027918781725888325