9 0.36425 0.667 0.0135 0.014
3 0.48125 0.67 0.0305 0.025333333333333333
3 0.47375 0.686 0.0395 0.028
3 0.4635 0.7093333333333334 0.038 0.029333333333333333
3 0.45475 0.7286666666666667 0.0435 0.030666666666666665
2 0.6755 0.9253333333333333 0.019 0.024
2 0.643 0.876 0.007 0.024
2 0.65025 0.863 0.0145 0.014
2 0.6835 0.8016666666666666 0.015 0.01
2 0.68375 0.8113333333333334 0.0155 0.012
2 0.68425 0.821 0.0155 0.01
2 0.68425 0.8336666666666667 0.0155 0.011333333333333334
2 0.6855 0.8436666666666667 0.016 0.011333333333333334
1 0.7115 0.832 0.007 0.016
2 0.71325 0.8433333333333334 0.0065 0.016
4 0.70425 0.8986666666666666 0.0225 0.06133333333333333
3 0.7035 0.967 0.025 0.066
1 0.72925 0.9446666666666667 0.0085 0.02
2 0.729 0.956 0.005 0.018666666666666668
3 0.70575 0.748 0.0175 0.037333333333333336
3 0.7075 0.707 0.017 0.03933333333333333
4 0.70275 0.6336666666666667 0.0255 0.07266666666666667
3 0.70175 0.477 0.0135 0.019333333333333334
3 0.703 0.496 0.014 0.02266666666666667
1 0.72475 0.592 0.0055 0.012
0 0.723 0.6076666666666667 0.006 0.019333333333333334
2 0.725 0.5973333333333334 0.003 0.010666666666666666
3 0.76 0.6253333333333333 0.017 0.03333333333333333
3 0.75875 0.5396666666666666 0.0145 0.028666666666666667
3 0.74675 0.4116666666666667 0.0115 0.019333333333333334
3 0.76275 0.44733333333333336 0.0125 0.021333333333333333
3 0.753 0.19566666666666666 0.006 0.004666666666666667
3 0.764 0.19733333333333333 0.005 0.006666666666666667
5 0.7725 0.19966666666666666 0.008 0.012666666666666666
3 0.7785 0.195 0.004 0.007333333333333333
3 0.7815 0.203 0.005 0.01
3 0.78525 0.21166666666666667 0.0055 0.006
3 0.7865 0.21666666666666667 0.006 0.0026666666666666666
3 0.78925 0.22533333333333333 0.0085 0.013333333333333334
4 0.7545 0.20166666666666666 0.006 0.004666666666666667
3 0.7555 0.208 0.004 0.006666666666666667
3 0.7625 0.20966666666666667 0.006 0.006
3 0.749 0.23133333333333334 0.008 0.010666666666666666
3 0.75575 0.21466666666666667 0.0055 0.006666666666666667
3 0.75875 0.22666666666666666 0.0065 0.006666666666666667
3 0.7645 0.218 0.005 0.006666666666666667
3 0.76325 0.22333333333333333 0.0055 0.006666666666666667
3 0.77225 0.223 0.0055 0.006
3 0.76775 0.23033333333333333 0.0055 0.006
3 0.753 0.23766666666666666 0.007 0.006
3 0.7625 0.24733333333333332 0.006 0.008
3 0.77025 0.24166666666666667 0.0055 0.007333333333333333
3 0.772 0.25 0.006 0.006666666666666667
3 0.76425 0.258 0.0075 0.009333333333333334
3 0.78775 0.24833333333333332 0.0095 0.007333333333333333
0 0.7775 0.21033333333333334 0.003 0.006
3 0.78225 0.35233333333333333 0.0105 0.011333333333333334
3 0.8105 0.3556666666666667 0.011 0.016666666666666666
3 0.78975 0.32966666666666666 0.0085 0.012666666666666666
3 0.776 0.31766666666666665 0.008 0.011333333333333334
3 0.77075 0.29333333333333333 0.0075 0.010666666666666666
3 0.76675 0.27366666666666667 0.0065 0.01
3 0.773 0.2613333333333333 0.006 0.008
3 0.77775 0.274 0.0075 0.009333333333333334
3 0.77825 0.2853333333333333 0.0065 0.010666666666666666
3 0.78975 0.2853333333333333 0.0075 0.009333333333333334
3 0.78025 0.298 0.0095 0.009333333333333334
3 0.79225 0.29733333333333334 0.0085 0.009333333333333334
3 0.78575 0.30866666666666664 0.0085 0.009333333333333334
3 0.79825 0.315 0.0075 0.01
3 0.80225 0.3353333333333333 0.0085 0.010666666666666666
3 0.817 0.30566666666666664 0.009 0.008666666666666666
3 0.818 0.315 0.008 0.01
3 0.823 0.324 0.01 0.009333333333333334
3 0.8295 0.3333333333333333 0.011 0.012
3 0.79525 0.357 0.0105 0.012666666666666666
3 0.71275 0.38366666666666666 0.0105 0.015333333333333332
3 0.71375 0.36866666666666664 0.0105 0.012
3 0.71375 0.35 0.0085 0.02266666666666667
4 0.715 0.32566666666666666 0.012 0.027333333333333334
1 0.79625 0.24433333333333335 0.0025 0.0033333333333333335
9 0.79625 0.24666666666666667 0.0015 0.004
8 0.784 0.26166666666666666 0.012 0.020666666666666667
1 0.7935 0.25833333333333336 0.002 0.007333333333333333
1 0.79075 0.25966666666666666 0.0015 0.006
1 0.79825 0.26866666666666666 0.0025 0.005333333333333333
2 0.798 0.2713333333333333 0.002 0.004
3 0.8025 0.26466666666666666 0.007 0.008
3 0.806 0.27666666666666667 0.008 0.016
1 0.80275 0.2906666666666667 0.0035 0.008
9 0.803 0.2936666666666667 0.002 0.004666666666666667
0 0.7275 0.35833333333333334 0.005 0.012666666666666666
3 0.804 0.39566666666666667 0.012 0.014
3 0.817 0.392 0.011 0.013333333333333334
3 0.79875 0.4266666666666667 0.0115 0.014666666666666666
3 0.8165 0.425 0.013 0.015333333333333332
3 0.82225 0.4686666666666667 0.0145 0.016
3 0.81575 0.49466666666666664 0.0135 0.016
3 0.842 0.472 0.013 0.018666666666666668
1 0.82625 0.3453333333333333 0.0025 0.005333333333333333
2 0.8265 0.34833333333333333 0.002 0.006
3 0.8095 0.289 0.005 0.007333333333333333
3 0.83275 0.241 0.0125 0.008666666666666666
2 0.8415 0.359 0.004 0.008666666666666666
3 0.8535 0.38166666666666665 0.013 0.012666666666666666
3 0.8635 0.4086666666666667 0.012 0.012
3 0.869 0.4206666666666667 0.013 0.013333333333333334
1 0.86325 0.462 0.0045 0.006666666666666667
1 0.86875 0.46266666666666667 0.0035 0.009333333333333334
2 0.8625 0.4676666666666667 0.003 0.004666666666666667
2 0.8685 0.469 0.003 0.008666666666666666
2 0.889 0.429 0.007 0.007333333333333333
3 0.87625 0.446 0.0135 0.017333333333333333
3 0.88025 0.4623333333333333 0.0125 0.018
1 0.869 0.502 0.004 0.009333333333333334
9 0.869 0.5076666666666667 0.007 0.011333333333333334
1 0.871 0.48833333333333334 0.006 0.011333333333333334
2 0.8715 0.492 0.003 0.008
3 0.8825 0.49266666666666664 0.016 0.018666666666666668
3 0.8155 0.8296666666666667 0.023 0.05266666666666667
3 0.84725 0.912 0.0265 0.05466666666666667
3 0.787 0.703 0.019 0.03933333333333333
3 0.79375 0.5436666666666666 0.0145 0.026
2 0.92425 0.509 0.0105 0.011333333333333334
2 0.91625 0.516 0.0115 0.010666666666666666
2 0.91075 0.5296666666666666 0.0145 0.008666666666666666
9 0.91425 0.535 0.0115 0.01
1 0.889 0.5463333333333333 0.006 0.014
2 0.8895 0.5516666666666666 0.004 0.008666666666666666
3 0.8695 0.587 0.018 0.024666666666666667
3 0.9075 0.5603333333333333 0.019 0.022
3 0.92 0.5896666666666667 0.023 0.023333333333333334
1 0.913 0.618 0.007 0.012
1 0.9115 0.6233333333333333 0.006 0.014666666666666666
3 0.9295 0.618 0.024 0.028
3 0.94075 0.646 0.0235 0.030666666666666665
3 0.95075 0.6766666666666666 0.0255 0.030666666666666665
1 0.9335 0.6973333333333334 0.005 0.013333333333333334
9 0.9315 0.7016666666666667 0.008 0.016666666666666666
3 0.90925 0.8103333333333333 0.0275 0.04466666666666667
3 0.96525 0.7173333333333334 0.0265 0.037333333333333336
3 0.979 0.7556666666666667 0.028 0.038
3 0.9885 0.7993333333333333 0.023 0.04533333333333334
3 0.85025 0.6613333333333333 0.0195 0.030666666666666665
3 0.86725 0.6346666666666667 0.0205 0.030666666666666665
0 0.91675 0.4633333333333333 0.0045 0.013333333333333334
2 0.65575 0.7346666666666667 0.0055 0.02266666666666667
0 0.7235 0.32366666666666666 0.003 0.01