0 0.2546428571428571 0.5222081218274112 0.0064285714285714285 0.02918781725888325
0 0.25892857142857145 0.5107868020304569 0.009285714285714286 0.02918781725888325
0 0.42857142857142855 0.08439086294416244 0.004285714285714286 0.01903553299492386
9 0.43 0.16624365482233502 0.004285714285714286 0.025380710659898477
3 0.3575 0.17258883248730963 0.03357142857142857 0.02284263959390863
5 0.5146428571428572 0.0133248730964467 0.012142857142857143 0.0266497461928934
5 0.505 0.157994923857868 0.02 0.06725888324873096
5 0.49214285714285716 0.21890862944162437 0.017142857142857144 0.06218274111675127
5 0.4732142857142857 0.3819796954314721 0.023571428571428573 0.08121827411167512
5 0.48214285714285715 0.31789340101522845 0.022857142857142857 0.07487309644670051
0 0.6332142857142857 0.9904822335025381 0.0064285714285714285 0.01649746192893401
0 0.64 0.9790609137055838 0.008571428571428572 0.02918781725888325
0 0.6671428571428571 0.975253807106599 0.007142857142857143 0.02918781725888325
0 0.6778571428571428 0.9600253807106599 0.008571428571428572 0.0266497461928934
0 0.6746428571428571 0.9225888324873096 0.007857142857142858 0.02284263959390863
0 0.6757142857142857 0.9105329949238579 0.007142857142857143 0.021573604060913704
0 0.6735714285714286 0.8781725888324873 0.005714285714285714 0.02284263959390863
2 0.6253571428571428 0.8515228426395939 0.009285714285714286 0.03807106598984772
1 0.7642857142857142 0.8426395939086294 0.012857142857142857 0.025380710659898477
0 0.6532142857142857 0.8458121827411168 0.007857142857142858 0.031725888324873094
0 0.6596428571428572 0.8489847715736041 0.007857142857142858 0.027918781725888325
0 0.6721428571428572 0.8470812182741116 0.007142857142857143 0.0266497461928934
0 0.6657142857142857 0.8261421319796954 0.007142857142857143 0.027918781725888325
1 0.6242857142857143 0.8058375634517766 0.007142857142857143 0.02030456852791878
0 0.6217857142857143 0.7893401015228426 0.005 0.025380710659898477
0 0.6217857142857143 0.7798223350253807 0.005 0.024111675126903553
0 0.6264285714285714 0.7703045685279187 0.005714285714285714 0.025380710659898477
0 0.6360714285714286 0.751269035532995 0.007857142857142858 0.027918781725888325
0 0.6421428571428571 0.751269035532995 0.005714285714285714 0.017766497461928935
0 0.6575 0.748730964467005 0.0064285714285714285 0.025380710659898477
0 0.6664285714285715 0.7519035532994924 0.008571428571428572 0.0266497461928934
0 0.6367857142857143 0.7309644670050761 0.0064285714285714285 0.02284263959390863
0 0.6382142857142857 0.7100253807106599 0.0064285714285714285 0.024111675126903553
0 0.6196428571428572 0.692258883248731 0.007857142857142858 0.02918781725888325
0 0.6239285714285714 0.675761421319797 0.007857142857142858 0.021573604060913704
0 0.6303571428571428 0.6833756345177665 0.0064285714285714285 0.0266497461928934
0 0.6525 0.6770304568527918 0.007857142857142858 0.0266497461928934
0 0.6464285714285715 0.6668781725888325 0.008571428571428572 0.0266497461928934
0 0.6389285714285714 0.6491116751269036 0.007857142857142858 0.021573604060913704
1 0.6175 0.6421319796954315 0.0064285714285714285 0.017766497461928935
0 0.6246428571428572 0.6427664974619289 0.007857142857142858 0.0266497461928934
0 0.6260714285714286 0.625 0.005 0.0266497461928934
1 0.6153571428571428 0.6129441624365483 0.007857142857142858 0.015228426395939087
1 0.6153571428571428 0.6078680203045685 0.009285714285714286 0.017766497461928935
1 0.6132142857142857 0.5983502538071066 0.007857142857142858 0.01903553299492386
0 0.6317857142857143 0.6275380710659898 0.0035714285714285713 0.024111675126903553
0 0.6389285714285714 0.6097715736040609 0.007857142857142858 0.0266497461928934
0 0.6453571428571429 0.616751269035533 0.0064285714285714285 0.025380710659898477
0 0.6503571428571429 0.625 0.0064285714285714285 0.024111675126903553
0 0.6585714285714286 0.6211928934010152 0.005714285714285714 0.031725888324873094
0 0.6532142857142857 0.6186548223350253 0.0064285714285714285 0.024111675126903553
0 0.6410714285714286 0.5970812182741116 0.0064285714285714285 0.024111675126903553
1 0.665 0.6161167512690355 0.005714285714285714 0.01903553299492386
8 0.5096428571428572 0.0932741116751269 0.015 0.05456852791878172
0 0.6253571428571428 0.46954314720812185 0.005 0.017766497461928935
0 0.6432142857142857 0.4302030456852792 0.005 0.025380710659898477
0 0.6371428571428571 0.43210659898477155 0.004285714285714286 0.024111675126903553
0 0.6196428571428572 0.4200507614213198 0.0035714285714285713 0.02284263959390863
0 0.6235714285714286 0.434010152284264 0.005714285714285714 0.025380710659898477
0 0.6260714285714286 0.4352791878172589 0.005 0.02284263959390863
0 0.6264285714285714 0.41116751269035534 0.004285714285714286 0.012690355329949238
0 0.625 0.42258883248730966 0.002857142857142857 0.012690355329949238
0 0.6107142857142858 0.4029187817258883 0.004285714285714286 0.024111675126903553
0 0.625 0.35088832487309646 0.005714285714285714 0.024111675126903553
0 0.61 0.2963197969543147 0.004285714285714286 0.021573604060913704
0 0.6232142857142857 0.2893401015228426 0.005 0.02284263959390863
0 0.6025 0.2753807106598985 0.0035714285714285713 0.025380710659898477
0 0.6196428571428572 0.2614213197969543 0.0035714285714285713 0.02030456852791878
0 0.6153571428571428 0.23096446700507614 0.005 0.02284263959390863
0 0.6128571428571429 0.2233502538071066 0.004285714285714286 0.017766497461928935
0 0.6210714285714286 0.2315989847715736 0.0035714285714285713 0.01903553299492386
0 0.595 0.1681472081218274 0.004285714285714286 0.01903553299492386
0 0.6053571428571428 0.1649746192893401 0.005 0.015228426395939087
0 0.5985714285714285 0.0717005076142132 0.002857142857142857 0.01903553299492386
0 0.5992857142857143 0.08312182741116751 0.002857142857142857 0.01649746192893401
0 0.6035714285714285 0.07360406091370558 0.004285714285714286 0.017766497461928935
0 0.6032142857142857 0.0799492385786802 0.0035714285714285713 0.012690355329949238
0 0.6046428571428571 0.10469543147208121 0.0035714285714285713 0.01903553299492386
0 0.6439285714285714 0.13578680203045684 0.005 0.02030456852791878
0 0.6325 0.11928934010152284 0.0035714285714285713 0.02030456852791878
0 0.6425 0.16687817258883247 0.0035714285714285713 0.01903553299492386
0 0.6321428571428571 0.1713197969543147 0.005714285714285714 0.02030456852791878
0 0.6246428571428572 0.16878172588832488 0.0035714285714285713 0.017766497461928935
0 0.6203571428571428 0.16751269035532995 0.0035714285714285713 0.017766497461928935
0 0.6114285714285714 0.16370558375634517 0.004285714285714286 0.02030456852791878
0 0.6157142857142858 0.16624365482233502 0.004285714285714286 0.017766497461928935
0 0.6278571428571429 0.16434010152284265 0.004285714285714286 0.01649746192893401
0 0.6239285714285714 0.141497461928934 0.005 0.01903553299492386
1 0.6314285714285715 0.14403553299492386 0.005714285714285714 0.011421319796954314
0 0.6032142857142857 0.13007614213197968 0.0035714285714285713 0.01649746192893401
0 0.6082142857142857 0.13071065989847716 0.0035714285714285713 0.017766497461928935
0 0.615 0.1313451776649746 0.005714285714285714 0.01903553299492386
0 0.6189285714285714 0.11928934010152284 0.0035714285714285713 0.017766497461928935