8 0.11928571428571429 0.3083756345177665 0.08714285714285715 0.21573604060913706
4 0.0725 0.29758883248730966 0.04071428571428572 0.08756345177664974
4 0.15 0.2626903553299492 0.037142857142857144 0.09137055837563451
3 0.19 0.2868020304568528 0.03857142857142857 0.08883248730964467
3 0.19071428571428573 0.20812182741116753 0.03142857142857143 0.06345177664974619
3 0.29678571428571426 0.5596446700507615 0.04357142857142857 0.09898477157360407
3 0.4542857142857143 0.6154822335025381 0.03 0.09137055837563451
3 0.4392857142857143 0.29441624365482233 0.04 0.07106598984771574
3 0.47285714285714286 0.2519035532994924 0.03857142857142857 0.06979695431472081
3 0.5017857142857143 0.2049492385786802 0.045 0.07487309644670051
3 0.5507142857142857 0.28743654822335024 0.047142857142857146 0.0799492385786802
3 0.6028571428571429 0.3769035532994924 0.05142857142857143 0.08375634517766498
3 0.6407142857142857 0.5488578680203046 0.05285714285714286 0.0901015228426396
3 0.7985714285714286 0.6947969543147208 0.07571428571428572 0.12309644670050761
5 0.7 0.5107868020304569 0.13714285714285715 0.22461928934010153
5 0.5403571428571429 0.3610406091370558 0.08928571428571429 0.17893401015228427
5 0.27071428571428574 0.23286802030456852 0.08142857142857143 0.10532994923857868
3 0.3582142857142857 0.5856598984771574 0.06785714285714285 0.0901015228426396
3 0.3525 0.5437817258883249 0.062142857142857146 0.08248730964467005
3 0.34285714285714286 0.5063451776649747 0.055714285714285716 0.07106598984771574
3 0.4303571428571429 0.5609137055837563 0.065 0.08121827411167512
3 0.3246428571428571 0.467005076142132 0.060714285714285714 0.08883248730964467
3 0.4075 0.49428934010152287 0.056428571428571425 0.07233502538071065
3 0.3917857142857143 0.4593908629441624 0.052142857142857144 0.08375634517766498
3 0.38 0.4213197969543147 0.05857142857142857 0.07614213197969544
3 0.365 0.39403553299492383 0.054285714285714284 0.07233502538071065
3 0.3125 0.44543147208121825 0.055 0.07614213197969544
3 0.29464285714285715 0.41751269035532995 0.056428571428571425 0.07614213197969544
3 0.3507142857142857 0.36738578680203043 0.054285714285714284 0.07487309644670051
3 0.28464285714285714 0.3864213197969543 0.062142857142857146 0.07487309644670051
3 0.3375 0.33185279187817257 0.05357142857142857 0.08248730964467005
3 0.28214285714285714 0.34517766497461927 0.05714285714285714 0.07614213197969544
3 0.25642857142857145 0.33248730964467005 0.06 0.06345177664974619
3 0.3067857142857143 0.2772842639593909 0.045 0.05964467005076142
3 0.33214285714285713 0.29378172588832485 0.04 0.06725888324873096
8 0.2982142857142857 0.2506345177664975 0.05928571428571429 0.07233502538071065
4 0.02892857142857143 0.108502538071066 0.055 0.05710659898477157
3 0.10892857142857143 0.9517766497461929 0.075 0.09390862944162437
3 0.2082142857142857 0.2620558375634518 0.030714285714285715 0.05456852791878172