9 0.7731617647058824 0.9784313725490196 0.04632352941176471 0.040522875816993466
2 0.7540441176470588 0.9313725490196079 0.03455882352941177 0.043137254901960784
0 0.6643382352941176 0.6065359477124183 0.006617647058823529 0.02875816993464052
1 0.6713235294117647 0.6091503267973856 0.010294117647058823 0.054901960784313725
9 0.6875 0.626797385620915 0.026470588235294117 0.027450980392156862
0 0.6257352941176471 0.596078431372549 0.004411764705882353 0.03137254901960784
0 0.6125 0.592156862745098 0.0058823529411764705 0.03137254901960784
1 0.4672794117647059 0.9784313725490196 0.016911764705882352 0.030065359477124184
9 0.4672794117647059 0.9738562091503268 0.015441176470588236 0.04967320261437908
6 0.3095588235294118 0.9366013071895425 0.029411764705882353 0.07973856209150326
4 0.5996323529411764 0.6888888888888889 0.04338235294117647 0.11241830065359477
3 0.5018382352941176 0.7045751633986929 0.04191176470588235 0.12549019607843137
1 0.8952205882352942 0.37058823529411766 0.013970588235294118 0.027450980392156862
0 0.8404411764705882 0.2928104575163399 0.008823529411764706 0.0392156862745098
0 0.7970588235294118 0.28627450980392155 0.007352941176470588 0.02875816993464052
0 0.5610294117647059 0.47908496732026146 0.010294117647058823 0.0457516339869281
1 0.4485294117647059 0.6647058823529411 0.013235294117647059 0.040522875816993466
1 0.4470588235294118 0.6555555555555556 0.0058823529411764705 0.0196078431372549
2 0.44779411764705884 0.6777777777777778 0.010294117647058823 0.058823529411764705
0 0.3830882352941177 0.5745098039215686 0.016176470588235296 0.0457516339869281
3 0.3926470588235294 0.5281045751633987 0.03529411764705882 0.09411764705882353
6 0.37941176470588234 0.4150326797385621 0.04411764705882353 0.040522875816993466
3 0.5194852941176471 0.28104575163398693 0.028676470588235293 0.06013071895424837
9 0.5448529411764705 0.32745098039215687 0.010294117647058823 0.032679738562091505
0 0.5481617647058824 0.19607843137254902 0.005147058823529412 0.03398692810457516
2 0.5448529411764705 0.2019607843137255 0.008823529411764706 0.02483660130718954
0 0.5430147058823529 0.18758169934640523 0.005147058823529412 0.027450980392156862
0 0.4227941176470588 0.23333333333333334 0.007352941176470588 0.03790849673202614
2 0.41948529411764707 0.23594771241830065 0.006617647058823529 0.030065359477124184
9 0.5150735294117647 0.19215686274509805 0.006617647058823529 0.03398692810457516
1 0.5194852941176471 0.13333333333333333 0.006617647058823529 0.013071895424836602
0 0.4036764705882353 0.1784313725490196 0.007352941176470588 0.032679738562091505
1 0.4621323529411765 0.1111111111111111 0.006617647058823529 0.018300653594771243
6 0.4647058823529412 0.11960784313725491 0.014705882352941176 0.032679738562091505
4 0.48566176470588235 0.058823529411764705 0.01838235294117647 0.044444444444444446
5 0.3863970588235294 0.021568627450980392 0.022794117647058822 0.043137254901960784
3 0.1900735294117647 0.5 0.06838235294117648 0.05620915032679739
3 0.20294117647058824 0.43529411764705883 0.07058823529411765 0.054901960784313725
4 0.22647058823529412 0.3758169934640523 0.054411764705882354 0.058823529411764705
4 0.2540441176470588 0.2973856209150327 0.04926470588235294 0.0457516339869281
3 0.026838235294117645 0.4176470588235294 0.05367647058823529 0.06405228758169934
4 0.06911764705882353 0.3156862745098039 0.07941176470588235 0.05620915032679739
3 0.07977941176470588 0.28366013071895424 0.06985294117647059 0.0392156862745098
4 0.10073529411764706 0.24444444444444444 0.07794117647058824 0.06797385620915032
3 0.19411764705882353 0.054901960784313725 0.047058823529411764 0.036601307189542485