3 0.5352296450939458 0.9332096474953617 0.055845511482254695 0.08534322820037106
3 0.5670668058455115 0.9661410018552876 0.05793319415448852 0.06586270871985157
3 0.04932150313152401 0.589517625231911 0.04018789144050104 0.030612244897959183
3 0.05010438413361169 0.5718923933209648 0.03653444676409186 0.01948051948051948
4 0.07515657620041753 0.3140074211502783 0.025052192066805846 0.021335807050092765
4 0.14170146137787057 0.3112244897959184 0.0255741127348643 0.017625231910946195
3 0.08402922755741127 0.30844155844155846 0.024008350730688934 0.015769944341372914
3 0.08820459290187892 0.2982374768089054 0.022964509394572025 0.013914656771799629
3 0.09394572025052192 0.2917439703153989 0.017745302713987474 0.012059369202226345
3 0.10099164926931106 0.2824675324675325 0.02348643006263048 0.017625231910946195
3 0.11847599164926931 0.2592764378478664 0.020876826722338204 0.013914656771799629
3 0.12760960334029228 0.2453617810760668 0.02035490605427975 0.013914656771799629
3 0.19284968684759918 0.3455473098330241 0.01722338204592902 0.015769944341372914
3 0.1798016701461378 0.3399814471243043 0.02348643006263048 0.012059369202226345
4 0.16727557411273486 0.33719851576994436 0.01826722338204593 0.015769944341372914
3 0.1589248434237996 0.33766233766233766 0.02035490605427975 0.02040816326530612
3 0.15161795407098122 0.33302411873840443 0.0255741127348643 0.016697588126159554
3 0.14979123173277661 0.32560296846011133 0.024008350730688934 0.016697588126159554
3 0.1393528183716075 0.3051948051948052 0.025052192066805846 0.01855287569573284
3 0.1393528183716075 0.2945269016697588 0.020876826722338204 0.015769944341372914
3 0.45224425887265135 0.36178107606679033 0.013048016701461378 0.02040816326530612
3 0.4804279749478079 0.36131725417439703 0.013048016701461378 0.021335807050092765
3 0.49582463465553234 0.35760667903525045 0.013569937369519834 0.021335807050092765
3 0.5088726513569938 0.35667903525046385 0.013569937369519834 0.01948051948051948
3 0.5234864300626305 0.3538961038961039 0.013569937369519834 0.01948051948051948
3 0.5822025052192067 0.3455473098330241 0.016179540709812108 0.021335807050092765
3 0.5949895615866388 0.3460111317254174 0.015657620041753653 0.02040816326530612
3 0.6437891440501043 0.33719851576994436 0.01722338204592902 0.021335807050092765
3 0.6959812108559499 0.33163265306122447 0.01722338204592902 0.01948051948051948
4 0.718945720250522 0.32792207792207795 0.015135699373695199 0.01948051948051948
7 0.6941544885177453 0.30936920222634506 0.013569937369519834 0.017625231910946195
3 0.7471294363256785 0.32235621521335805 0.01826722338204593 0.01948051948051948
3 0.7612212943632568 0.3200371057513915 0.01826722338204593 0.02040816326530612
3 0.7828810020876826 0.31910946196660483 0.018789144050104383 0.02040816326530612
3 0.7925365344467641 0.31493506493506496 0.016179540709812108 0.017625231910946195
3 0.8058455114822547 0.31307977736549164 0.018789144050104383 0.017625231910946195