5 0.4714285714285714 0.9543147208121827 0.025714285714285714 0.08883248730964467
3 0.5017857142857143 0.9054568527918782 0.02214285714285714 0.08248730964467005
5 0.4682142857142857 0.7385786802030457 0.027857142857142858 0.1751269035532995
3 0.49 0.6890862944162437 0.018571428571428572 0.06852791878172589
3 0.4625 0.5291878172588832 0.015 0.0532994923857868
5 0.4828571428571429 0.5799492385786802 0.022857142857142857 0.08883248730964467
3 0.5239285714285714 0.4936548223350254 0.015 0.06598984771573604
4 0.48178571428571426 0.4739847715736041 0.015 0.05710659898477157
3 0.45821428571428574 0.43718274111675126 0.015 0.05203045685279188
3 0.5178571428571429 0.36421319796954316 0.017142857142857144 0.06091370558375635
3 0.47464285714285714 0.3286802030456853 0.013571428571428571 0.048223350253807105
3 0.4542857142857143 0.3032994923857868 0.015714285714285715 0.050761421319796954
3 0.46714285714285714 0.2468274111675127 0.014285714285714285 0.046954314720812185
3 0.44892857142857145 0.22525380710659898 0.015 0.04949238578680203
4 0.44571428571428573 0.15418781725888325 0.014285714285714285 0.046954314720812185
5 0.465 0.14974619289340102 0.02 0.09644670050761421
3 0.4425 0.08946700507614214 0.013571428571428571 0.044416243654822336
5 0.45964285714285713 0.01903553299492386 0.016428571428571428 0.03807106598984772
8 0.5296428571428572 0.10723350253807107 0.027857142857142858 0.13578680203045684
5 0.44142857142857145 0.02030456852791878 0.017142857142857144 0.04060913705583756