2 0.0645 0.681 0.028 0.051333333333333335
2 0.0565 0.7213333333333334 0.047 0.04933333333333333
2 0.044 0.702 0.044 0.04933333333333333
8 0.24575 0.7273333333333334 0.3095 0.3373333333333333
8 0.34175 0.6476666666666666 0.2945 0.274
3 0.45575 0.6286666666666667 0.1065 0.09333333333333334
3 0.60725 0.646 0.0985 0.084
3 0.491 0.582 0.092 0.07333333333333333
3 0.559 0.4666666666666667 0.051 0.068
3 0.75825 0.7063333333333334 0.1455 0.102
3 0.82375 0.536 0.0535 0.07466666666666667
3 0.76275 0.5123333333333333 0.0475 0.07933333333333334
3 0.706 0.48733333333333334 0.053 0.07066666666666667
3 0.723 0.41933333333333334 0.056 0.052
3 0.6745 0.4083333333333333 0.042 0.04466666666666667
2 0.735 0.3903333333333333 0.018 0.027333333333333334
3 0.55725 0.38166666666666665 0.0425 0.046
3 0.51025 0.363 0.0255 0.038
3 0.504 0.445 0.036 0.05
3 0.45675 0.43333333333333335 0.0515 0.056
3 0.4725 0.349 0.022 0.035333333333333335
3 0.43475 0.3393333333333333 0.0235 0.036
3 0.41975 0.41533333333333333 0.0435 0.048
3 0.39175 0.33366666666666667 0.0325 0.035333333333333335
3 0.3775 0.4053333333333333 0.045 0.04933333333333333
3 0.40225 0.523 0.0975 0.06333333333333334
3 0.31475 0.4876666666666667 0.0925 0.059333333333333335
3 0.24225 0.45466666666666666 0.0715 0.056
3 0.1625 0.422 0.064 0.048
3 0.11375 0.3973333333333333 0.0635 0.044
3 0.0675 0.368 0.054 0.04133333333333333
3 0.06 0.3016666666666667 0.058 0.028666666666666667
3 0.15675 0.326 0.0535 0.037333333333333336
3 0.13875 0.31166666666666665 0.0465 0.04066666666666666
3 0.11575 0.30233333333333334 0.0465 0.027333333333333334
0 0.1045 0.2743333333333333 0.011 0.027333333333333334
3 0.1145 0.27066666666666667 0.048 0.030666666666666665
3 0.1585 0.2806666666666667 0.049 0.032
3 0.12475 0.24966666666666668 0.0545 0.024666666666666667
3 0.1035 0.24833333333333332 0.05 0.023333333333333334
3 0.051 0.27566666666666667 0.047 0.027333333333333334
3 0.047 0.254 0.044 0.024
3 0.03725 0.23966666666666667 0.0375 0.023333333333333334
0 0.034 0.22666666666666666 0.008 0.018666666666666668
5 0.091 0.22266666666666668 0.042 0.032
3 0.2115 0.27066666666666667 0.055 0.024
3 0.20425 0.2956666666666667 0.0505 0.034
3 0.332 0.39466666666666667 0.036 0.04533333333333334
1 0.31375 0.3863333333333333 0.0075 0.016666666666666666
3 0.30575 0.37433333333333335 0.0535 0.04466666666666667
1 0.2915 0.36733333333333335 0.011 0.021333333333333333
1 0.27925 0.3953333333333333 0.0115 0.02266666666666667
3 0.24125 0.38533333333333336 0.0615 0.04666666666666667
0 0.24875 0.3586666666666667 0.0085 0.029333333333333333
4 0.27125 0.35733333333333334 0.0455 0.050666666666666665
3 0.31775 0.33366666666666667 0.0705 0.054
3 0.95675 0.37566666666666665 0.0415 0.04733333333333333
3 0.24075 0.35033333333333333 0.0485 0.042
3 0.25925 0.31333333333333335 0.0625 0.036
1 0.2705 0.298 0.011 0.018666666666666668