7 0.5268789144050104 0.34183673469387754 0.013048016701461378 0.030612244897959183
7 0.5433194154488518 0.4958256029684601 0.017745302713987474 0.039888682745825604
9 0.4702505219206681 0.4976808905380334 0.011482254697286013 0.01948051948051948
0 0.4746868475991649 0.5204081632653061 0.005741127348643006 0.03153988868274583
0 0.4869519832985386 0.5194805194805194 0.007306889352818371 0.03153988868274583
0 0.4819937369519833 0.5134508348794063 0.006784968684759917 0.030612244897959183
1 0.4496346555323591 0.5459183673469388 0.009916492693110648 0.023191094619666047
3 0.6093423799582464 0.5941558441558441 0.029749478079331943 0.08441558441558442
5 0.7828810020876826 0.7778293135435993 0.06889352818371608 0.18089053803339517
3 0.7800104384133612 0.674860853432282 0.03914405010438413 0.07884972170686456
7 0.7580897703549061 0.5709647495361782 0.02870563674321503 0.06029684601113173
5 0.5589770354906054 0.262987012987013 0.033402922755741124 0.030612244897959183
7 0.6156054279749478 0.21614100185528756 0.007828810020876827 0.022263450834879406
0 0.6213465553235908 0.23098330241187384 0.004697286012526096 0.02040816326530612
9 0.7839248434237995 0.2820037105751391 0.013569937369519834 0.02040816326530612
3 0.7142484342379958 0.23608534322820038 0.01826722338204593 0.021335807050092765
7 0.7142484342379958 0.19573283858998144 0.008872651356993737 0.025974025974025976
3 0.7048538622129437 0.1391465677179963 0.02139874739039666 0.01855287569573284
0 0.6878914405010439 0.11595547309833024 0.003131524008350731 0.012987012987012988
0 0.6388308977035491 0.12476808905380334 0.0041753653444676405 0.013914656771799629
0 0.6510960334029228 0.11363636363636363 0.0026096033402922755 0.012059369202226345
1 0.6466597077244259 0.11549165120593692 0.003131524008350731 0.006493506493506494
6 0.6466597077244259 0.11873840445269017 0.0041753653444676405 0.011131725417439703
7 0.6581419624217119 0.08905380333951762 0.005219206680584551 0.011131725417439703
7 0.6779749478079332 0.0950834879406308 0.009394572025052192 0.012059369202226345
3 0.6657098121085595 0.07792207792207792 0.005741127348643006 0.011131725417439703
3 0.6521398747390397 0.07003710575139147 0.005741127348643006 0.01020408163265306
7 0.6597077244258872 0.06725417439703155 0.005219206680584551 0.008348794063079777
0 0.6717118997912317 0.0663265306122449 0.0020876826722338203 0.008348794063079777
3 0.6758872651356994 0.06586270871985157 0.007306889352818371 0.011131725417439703
3 0.6965031315240083 0.06586270871985157 0.005741127348643006 0.011131725417439703
0 0.7038100208768268 0.06818181818181818 0.0026096033402922755 0.008348794063079777
0 0.701722338204593 0.0686456400742115 0.0015657620041753654 0.0074211502782931356
7 0.6826722338204593 0.04777365491651206 0.0041753653444676405 0.008348794063079777
3 0.6544885177453027 0.07838589981447125 0.006263048016701462 0.01020408163265306
3 0.659446764091858 0.041280148423005564 0.005741127348643006 0.008348794063079777
3 0.6654488517745303 0.03293135435992579 0.007306889352818371 0.006493506493506494
3 0.694937369519833 0.0287569573283859 0.006784968684759917 0.00927643784786642
0 0.6521398747390397 0.08905380333951762 0.0026096033402922755 0.00927643784786642
1 0.6751043841336117 0.03200371057513915 0.0015657620041753654 0.00463821892393321
9 0.6751043841336117 0.03339517625231911 0.0026096033402922755 0.0055658627087198514
7 0.6938935281837161 0.022727272727272728 0.0036534446764091857 0.006493506493506494
3 0.6920668058455115 0.012059369202226345 0.0041753653444676405 0.0055658627087198514