3 0.6033402922755741 0.8933209647495362 0.049060542797494784 0.11873840445269017
3 0.5169624217118998 0.6628014842300557 0.030793319415448852 0.05844155844155844
3 0.5579331941544885 0.5510204081632653 0.026096033402922755 0.05009276437847866
3 0.5391440501043842 0.4197588126159555 0.022964509394572025 0.030612244897959183
4 0.40083507306889354 0.6952690166975881 0.031315240083507306 0.09183673469387756
4 0.5274008350730689 0.3474025974025974 0.015135699373695199 0.02504638218923933
3 0.46737995824634654 0.3409090909090909 0.014091858037578288 0.032467532467532464
3 0.4428496868475992 0.38636363636363635 0.01722338204592902 0.039888682745825604
5 0.44441544885177453 0.3492578849721707 0.019311064718162838 0.04730983302411874
3 0.4517223382045929 0.32421150278293137 0.014091858037578288 0.032467532467532464
5 0.43997912317327764 0.23144712430426717 0.029227557411273485 0.023191094619666047
6 0.40109603340292277 0.23144712430426717 0.02244258872651357 0.021335807050092765
3 0.40292275574112735 0.3696660482374768 0.024008350730688934 0.030612244897959183
1 0.39926931106471814 0.3362708719851577 0.0041753653444676405 0.008348794063079777
1 0.40005219206680587 0.3320964749536178 0.0036534446764091857 0.014842300556586271
9 0.3572546972860125 0.43089053803339517 0.010960334029227558 0.021335807050092765
7 0.34916492693110646 0.4202226345083488 0.024008350730688934 0.03153988868274583
6 0.4052713987473904 0.4401669758812616 0.027661795407098122 0.023191094619666047
6 0.3849164926931106 0.487012987012987 0.0255741127348643 0.03525046382189239
0 0.3637787056367432 0.4587198515769944 0.005219206680584551 0.02504638218923933
0 0.3530793319415449 0.4587198515769944 0.007828810020876827 0.026901669758812616
0 0.3559498956158664 0.4550092764378479 0.006263048016701462 0.0287569573283859
0 0.3201983298538622 0.45732838589981445 0.007828810020876827 0.025974025974025976
1 0.34394572025052195 0.5046382189239332 0.008350730688935281 0.025974025974025976
2 0.3828288100208768 0.5329313543599258 0.01826722338204593 0.015769944341372914
6 0.34707724425887265 0.5746753246753247 0.019832985386221295 0.041743970315398886
1 0.35490605427974947 0.608534322820037 0.011482254697286013 0.02411873840445269
9 0.28131524008350733 0.6377551020408163 0.018789144050104383 0.030612244897959183
0 0.2453027139874739 0.6920222634508348 0.010438413361169102 0.04452690166975881
9 0.3522964509394572 0.7597402597402597 0.031315240083507306 0.03710575139146568
6 0.346294363256785 0.7411873840445269 0.042275574112734866 0.04267161410018553
7 0.36116910229645094 0.712430426716141 0.033402922755741124 0.07050092764378478
7 0.33716075156576203 0.8436920222634509 0.04384133611691023 0.07328385899814471
7 0.4887787056367432 0.4174397031539889 0.02035490605427975 0.05009276437847866
7 0.5065240083507306 0.30287569573283857 0.009916492693110648 0.01948051948051948
5 0.524008350730689 0.2945269016697588 0.016701461377870562 0.04730983302411874
0 0.38856993736951984 0.33487940630797774 0.006784968684759917 0.022263450834879406
5 0.5347077244258872 0.27968460111317256 0.01826722338204593 0.030612244897959183
1 0.48512526096033404 0.22634508348794063 0.0036534446764091857 0.00927643784786642
1 0.5093945720250522 0.23608534322820038 0.003131524008350731 0.01020408163265306
9 0.5096555323590815 0.2388682745825603 0.004697286012526096 0.012059369202226345
6 0.48512526096033404 0.22912801484230055 0.004697286012526096 0.011131725417439703
7 0.4639874739039666 0.17068645640074212 0.013569937369519834 0.016697588126159554
4 0.4525052192066806 0.15584415584415584 0.012526096033402923 0.011131725417439703
7 0.48329853862212946 0.18181818181818182 0.005219206680584551 0.011131725417439703
3 0.48512526096033404 0.17717996289424862 0.005741127348643006 0.011131725417439703
1 0.49269311064718163 0.13636363636363635 0.0020876826722338203 0.0055658627087198514
9 0.4932150313152401 0.1391465677179963 0.0020876826722338203 0.0055658627087198514
0 0.48956158663883087 0.11131725417439703 0.0020876826722338203 0.0074211502782931356
7 0.6565762004175365 0.1901669758812616 0.009394572025052192 0.012987012987012988
3 0.6007306889352818 0.19758812615955473 0.007306889352818371 0.014842300556586271