9 0.005714285714285714 0.6104060913705583 0.011428571428571429 0.04314720812182741
3 0.03 0.6288071065989848 0.04 0.10279187817258884
9 0.05392857142857143 0.649746192893401 0.016428571428571428 0.04568527918781726
9 0.08357142857142857 0.6440355329949239 0.015714285714285715 0.04949238578680203
4 0.03 0.7208121827411168 0.06 0.07106598984771574
3 0.04964285714285714 0.7931472081218274 0.07214285714285715 0.06091370558375635
3 0.0175 0.8927664974619289 0.035 0.11294416243654823
3 0.026785714285714284 0.9143401015228426 0.04928571428571429 0.10279187817258884
3 0.11535714285714285 0.815989847715736 0.04071428571428572 0.10152284263959391
4 0.15142857142857144 0.8134517766497462 0.04 0.10913705583756345
4 0.18678571428571428 0.8001269035532995 0.035 0.11548223350253807
9 0.2292857142857143 0.8489847715736041 0.014285714285714285 0.050761421319796954
9 0.23285714285714285 0.7842639593908629 0.012857142857142857 0.050761421319796954
9 0.2557142857142857 0.6878172588832487 0.027142857142857142 0.030456852791878174
9 0.25785714285714284 0.6713197969543148 0.022857142857142857 0.030456852791878174
9 0.19428571428571428 0.5691624365482234 0.027142857142857142 0.024111675126903553
9 0.2025 0.5317258883248731 0.027857142857142858 0.02030456852791878
9 0.2057142857142857 0.5139593908629442 0.027142857142857142 0.02030456852791878
3 0.2835714285714286 0.217005076142132 0.02142857142857143 0.05583756345177665
0 0.3385714285714286 0.06472081218274112 0.005714285714285714 0.025380710659898477
1 0.41964285714285715 0.05520304568527919 0.005 0.024111675126903553
0 0.4732142857142857 0.125 0.005 0.021573604060913704
4 0.34964285714285714 0.27918781725888325 0.019285714285714285 0.06345177664974619
4 0.3325 0.33058375634517767 0.04928571428571429 0.04187817258883249
3 0.32857142857142857 0.3635786802030457 0.05 0.04187817258883249
3 0.32785714285714285 0.39720812182741116 0.045714285714285714 0.04314720812182741
3 0.33071428571428574 0.43147208121827413 0.05 0.04314720812182741
4 0.3267857142857143 0.549492385786802 0.060714285714285714 0.0532994923857868
3 0.3242857142857143 0.5063451776649747 0.055714285714285716 0.050761421319796954
4 0.3271428571428571 0.4682741116751269 0.05714285714285714 0.050761421319796954
2 0.5642857142857143 0.8521573604060914 0.011428571428571429 0.021573604060913704
2 0.6814285714285714 0.7760152284263959 0.008571428571428572 0.013959390862944163
1 0.6821428571428572 0.7741116751269036 0.005714285714285714 0.01015228426395939
1 0.5646428571428571 0.8439086294416244 0.010714285714285714 0.025380710659898477
1 0.5932142857142857 0.7233502538071066 0.015 0.02030456852791878
1 0.6 0.833756345177665 0.007142857142857143 0.02284263959390863
1 0.6217857142857143 0.825507614213198 0.012142857142857143 0.024111675126903553
0 0.7014285714285714 0.799492385786802 0.005714285714285714 0.017766497461928935
0 0.7057142857142857 0.7906091370558376 0.008571428571428572 0.027918781725888325
1 0.6175 0.7639593908629442 0.013571428571428571 0.02030456852791878
1 0.62 0.733502538071066 0.005714285714285714 0.015228426395939087
1 0.7939285714285714 0.766497461928934 0.015 0.025380710659898477
1 0.7996428571428571 0.7728426395939086 0.013571428571428571 0.02284263959390863
0 0.7896428571428571 0.8293147208121827 0.010714285714285714 0.01903553299492386
1 0.7510714285714286 0.809010152284264 0.017857142857142856 0.01649746192893401
1 0.76 0.8407360406091371 0.007142857142857143 0.0266497461928934
1 0.7632142857142857 0.8565989847715736 0.013571428571428571 0.025380710659898477
1 0.5307142857142857 0.6345177664974619 0.004285714285714286 0.027918781725888325
1 0.6821428571428572 0.5158629441624365 0.012857142857142857 0.01649746192893401
1 0.6892857142857143 0.5107868020304569 0.01 0.01649746192893401
0 0.7157142857142857 0.5602791878172588 0.005714285714285714 0.01649746192893401
0 0.7260714285714286 0.5856598984771574 0.012142857142857143 0.021573604060913704
1 0.6860714285714286 0.4803299492385787 0.012142857142857143 0.021573604060913704
1 0.6864285714285714 0.47779187817258884 0.012857142857142857 0.024111675126903553
1 0.6446428571428572 0.24555837563451777 0.005 0.021573604060913704
1 0.5857142857142857 0.17258883248730963 0.005714285714285714 0.02284263959390863
1 0.5921428571428572 0.10596446700507614 0.005714285714285714 0.01649746192893401
1 0.47714285714285715 0.24238578680203046 0.005714285714285714 0.027918781725888325
1 0.4810714285714286 0.2436548223350254 0.0035714285714285713 0.02284263959390863
1 0.49142857142857144 0.2430203045685279 0.008571428571428572 0.024111675126903553
1 0.5035714285714286 0.24175126903553298 0.005714285714285714 0.024111675126903553
1 0.49214285714285716 0.2823604060913706 0.011428571428571429 0.01649746192893401
0 0.4742857142857143 0.2868020304568528 0.004285714285714286 0.02284263959390863
0 0.6139285714285714 0.2633248730964467 0.005 0.01903553299492386
0 0.6210714285714286 0.2626903553299492 0.0064285714285714285 0.025380710659898477
0 0.6167857142857143 0.25253807106598986 0.0064285714285714285 0.02284263959390863
0 0.7007142857142857 0.3210659898477157 0.008571428571428572 0.027918781725888325
0 0.6310714285714286 0.41624365482233505 0.005 0.027918781725888325
0 0.6357142857142857 0.42258883248730966 0.007142857142857143 0.027918781725888325
0 0.6164285714285714 0.4479695431472081 0.005714285714285714 0.02030456852791878
0 0.5785714285714286 0.4403553299492386 0.005714285714285714 0.017766497461928935
0 0.5085714285714286 0.4714467005076142 0.005714285714285714 0.024111675126903553
0 0.5228571428571429 0.4930203045685279 0.005714285714285714 0.021573604060913704
1 0.5082142857142857 0.38451776649746194 0.009285714285714286 0.015228426395939087
0 0.5096428571428572 0.38515228426395937 0.005 0.01903553299492386