3 0.6551470588235294 0.25882352941176473 0.05588235294117647 0.0392156862745098
0 0.6628676470588235 0.28431372549019607 0.006617647058823529 0.032679738562091505
9 0.6238970588235294 0.2823529411764706 0.01838235294117647 0.023529411764705882
3 0.5838235294117647 0.2111111111111111 0.022058823529411766 0.040522875816993466
1 0.6253676470588235 0.1803921568627451 0.006617647058823529 0.02091503267973856
2 0.6238970588235294 0.19150326797385622 0.006617647058823529 0.0196078431372549
0 0.6400735294117647 0.19084967320261437 0.005147058823529412 0.02875816993464052
0 0.6367647058823529 0.18562091503267975 0.0058823529411764705 0.026143790849673203
0 0.6540441176470588 0.15947712418300652 0.005147058823529412 0.02875816993464052
0 0.6044117647058823 0.09477124183006536 0.004411764705882353 0.02483660130718954
1 0.6194852941176471 0.11437908496732026 0.005147058823529412 0.0196078431372549
9 0.6191176470588236 0.12352941176470589 0.008823529411764706 0.01699346405228758
2 0.6051470588235294 0.15490196078431373 0.014705882352941176 0.0196078431372549
9 0.58125 0.17908496732026144 0.006617647058823529 0.023529411764705882
3 0.5893382352941177 0.14248366013071895 0.04338235294117647 0.03137254901960784
9 0.7959558823529411 0.3934640522875817 0.006617647058823529 0.036601307189542485
9 0.8154411764705882 0.3915032679738562 0.010294117647058823 0.032679738562091505
9 0.8720588235294118 0.4111111111111111 0.011764705882352941 0.03529411764705882
2 0.9172794117647058 0.4150326797385621 0.009558823529411765 0.03790849673202614
9 0.9025735294117647 0.3869281045751634 0.0125 0.03398692810457516
2 0.8926470588235295 0.3516339869281046 0.01764705882352941 0.02091503267973856
2 0.9007352941176471 0.3516339869281046 0.016176470588235296 0.018300653594771243
0 0.9496323529411764 0.3993464052287582 0.013970588235294118 0.0457516339869281
9 0.9669117647058824 0.41830065359477125 0.01911764705882353 0.044444444444444446
9 0.9658088235294118 0.369281045751634 0.0125 0.032679738562091505
0 0.8625 0.36209150326797385 0.013235294117647059 0.047058823529411764
9 0.8253676470588235 0.3477124183006536 0.0125 0.023529411764705882
0 0.8095588235294118 0.34901960784313724 0.008823529411764706 0.0392156862745098
9 0.7617647058823529 0.40522875816993464 0.011764705882352941 0.03137254901960784
2 0.7573529411764706 0.3784313725490196 0.010294117647058823 0.032679738562091505
0 0.7547794117647059 0.36013071895424836 0.008088235294117648 0.03790849673202614
3 0.8180147058823529 0.44509803921568625 0.07867647058823529 0.0718954248366013
3 0.8738970588235294 0.5065359477124183 0.08602941176470588 0.05359477124183006
3 0.8492647058823529 0.5627450980392157 0.10294117647058823 0.06666666666666667
0 0.9834558823529411 0.6222222222222222 0.015441176470588236 0.054901960784313725
2 0.9794117647058823 0.6352941176470588 0.03676470588235294 0.03398692810457516
5 0.9481617647058823 0.9019607843137255 0.1036764705882353 0.14901960784313725
1 0.7823529411764706 0.8411764705882353 0.013235294117647059 0.06143790849673202
2 0.7797794117647059 0.865359477124183 0.0125 0.054901960784313725
1 0.7474264705882353 0.6620915032679738 0.0125 0.040522875816993466
7 0.7352941176470589 0.6718954248366014 0.058823529411764705 0.07058823529411765
9 0.7283088235294117 0.4111111111111111 0.011029411764705883 0.03529411764705882
9 0.7672794117647059 0.31241830065359477 0.0125 0.02875816993464052
0 0.711764705882353 0.3241830065359477 0.010294117647058823 0.0392156862745098
1 0.7051470588235295 0.3836601307189543 0.008823529411764706 0.022222222222222223
9 0.6904411764705882 0.396078431372549 0.010294117647058823 0.036601307189542485
9 0.6808823529411765 0.3673202614379085 0.023529411764705882 0.018300653594771243
9 0.6801470588235294 0.3581699346405229 0.022058823529411766 0.01568627450980392
0 0.68125 0.33202614379084966 0.006617647058823529 0.036601307189542485
6 0.6680147058823529 0.30980392156862746 0.03455882352941177 0.03398692810457516
1 0.6643382352941176 0.4522875816993464 0.0125 0.0392156862745098
1 0.6661764705882353 0.4372549019607843 0.011764705882352941 0.027450980392156862
1 0.6496323529411765 0.4287581699346405 0.0125 0.03398692810457516
2 0.6448529411764706 0.4392156862745098 0.025 0.023529411764705882
2 0.6613970588235294 0.47124183006535947 0.022794117647058822 0.02483660130718954
2 0.6617647058823529 0.4549019607843137 0.023529411764705882 0.01568627450980392
0 0.6363970588235294 0.373202614379085 0.008088235294117648 0.040522875816993466
3 0.5783088235294118 0.13071895424836602 0.03161764705882353 0.018300653594771243
0 0.5577205882352941 0.1287581699346405 0.003676470588235294 0.027450980392156862
0 0.5533088235294118 0.12745098039215685 0.005147058823529412 0.027450980392156862
0 0.5889705882352941 0.2751633986928105 0.0058823529411764705 0.027450980392156862
0 0.5790441176470589 0.2738562091503268 0.006617647058823529 0.040522875816993466
3 0.5628676470588235 0.08169934640522876 0.03308823529411765 0.02483660130718954
5 0.5470588235294118 0.04967320261437908 0.016176470588235296 0.0392156862745098
3 0.5393382352941176 0.02875816993464052 0.0125 0.02091503267973856
3 0.5463235294117647 0.018300653594771243 0.010294117647058823 0.01568627450980392
3 0.54375 0.009150326797385621 0.0125 0.01568627450980392
0 0.5301470588235294 0.04967320261437908 0.004411764705882353 0.01568627450980392
2 0.5301470588235294 0.05620915032679739 0.004411764705882353 0.01568627450980392
3 0.5172794117647059 0.013071895424836602 0.0125 0.02091503267973856
3 0.5941176470588235 0.3130718954248366 0.027941176470588237 0.048366013071895426
6 0.6952205882352941 0.9673202614379085 0.03161764705882353 0.06535947712418301
1 0.643014705882353 0.8352941176470589 0.021323529411764706 0.04967320261437908
1 0.6529411764705882 0.8352941176470589 0.014705882352941176 0.0392156862745098
9 0.638235294117647 0.8633986928104576 0.033823529411764704 0.03790849673202614
1 0.5606617647058824 0.869281045751634 0.022794117647058822 0.05228758169934641
9 0.55625 0.9045751633986928 0.02426470588235294 0.054901960784313725
3 0.1775735294117647 0.9163398692810457 0.1125 0.16732026143790849
9 0.008088235294117648 0.7915032679738562 0.016176470588235296 0.03790849673202614
0 0.002573529411764706 0.8333333333333334 0.005147058823529412 0.03790849673202614
3 0.25698529411764703 0.6954248366013072 0.09632352941176471 0.07320261437908497
1 0.15588235294117647 0.7209150326797386 0.013235294117647059 0.0457516339869281
1 0.14963235294117647 0.722875816993464 0.009558823529411765 0.03398692810457516
9 0.15955882352941175 0.7398692810457517 0.03676470588235294 0.04183006535947712
1 0.08970588235294118 0.7241830065359477 0.016176470588235296 0.044444444444444446
9 0.09191176470588236 0.7457516339869281 0.04411764705882353 0.03529411764705882
4 0.08014705882352942 0.6790849673202615 0.09558823529411764 0.09281045751633987
3 0.03713235294117647 0.5928104575163399 0.0713235294117647 0.06928104575163399
3 0.2363970588235294 0.6071895424836601 0.10073529411764706 0.058823529411764705
9 0.007352941176470588 0.4287581699346405 0.008823529411764706 0.04183006535947712
9 0.016544117647058824 0.4287581699346405 0.016911764705882352 0.03137254901960784
2 0.027205882352941177 0.43790849673202614 0.016176470588235296 0.03137254901960784
4 0.11470588235294117 0.469281045751634 0.07205882352941176 0.06535947712418301
0 0.1323529411764706 0.4261437908496732 0.013235294117647059 0.04183006535947712
9 0.09852941176470588 0.4372549019607843 0.016176470588235296 0.030065359477124184
2 0.10955882352941176 0.39673202614379083 0.01764705882352941 0.03790849673202614
0 0.2566176470588235 0.3888888888888889 0.011764705882352941 0.030065359477124184
9 0.25477941176470587 0.4117647058823529 0.021323529411764706 0.026143790849673203
1 0.26433823529411765 0.40784313725490196 0.009558823529411765 0.044444444444444446
9 0.2647058823529412 0.42091503267973857 0.023529411764705882 0.02875816993464052
9 0.3477941176470588 0.3562091503267974 0.023529411764705882 0.030065359477124184
3 0.45808823529411763 0.5130718954248366 0.0838235294117647 0.058823529411764705
1 0.4319852941176471 0.38758169934640524 0.009558823529411765 0.03790849673202614
9 0.4319852941176471 0.4019607843137255 0.013970588235294118 0.03529411764705882
3 0.45036764705882354 0.35751633986928105 0.030147058823529412 0.06143790849673202
0 0.5051470588235294 0.3215686274509804 0.008823529411764706 0.044444444444444446
1 0.4886029411764706 0.2784313725490196 0.009558823529411765 0.02875816993464052
6 0.4886029411764706 0.2954248366013072 0.013970588235294118 0.0392156862745098
9 0.3669117647058823 0.30130718954248364 0.01764705882352941 0.027450980392156862
9 0.39926470588235297 0.2973856209150327 0.020588235294117647 0.02483660130718954
9 0.3985294117647059 0.27647058823529413 0.022058823529411766 0.02483660130718954
0 0.3871323529411765 0.20261437908496732 0.008088235294117648 0.03398692810457516
0 0.38088235294117645 0.09019607843137255 0.0058823529411764705 0.023529411764705882
1 0.4036764705882353 0.06797385620915032 0.004411764705882353 0.018300653594771243
1 0.4488970588235294 0.25882352941176473 0.006617647058823529 0.02091503267973856
1 0.44816176470588237 0.25947712418300656 0.006617647058823529 0.030065359477124184
9 0.44816176470588237 0.27320261437908494 0.008088235294117648 0.02875816993464052
3 0.48823529411764705 0.2150326797385621 0.022058823529411766 0.040522875816993466
3 0.44816176470588237 0.1869281045751634 0.021323529411764706 0.03398692810457516
3 0.48823529411764705 0.1477124183006536 0.01911764705882353 0.03398692810457516
3 0.4577205882352941 0.14444444444444443 0.01838235294117647 0.032679738562091505
3 0.4621323529411765 0.12026143790849673 0.016911764705882352 0.02875816993464052
3 0.47205882352941175 0.10196078431372549 0.01764705882352941 0.02875816993464052
3 0.5 0.09215686274509804 0.014705882352941176 0.027450980392156862
3 0.45330882352941176 0.08431372549019608 0.025735294117647058 0.02483660130718954
4 0.45955882352941174 0.06666666666666667 0.013235294117647059 0.02091503267973856
4 0.4602941176470588 0.06143790849673202 0.023529411764705882 0.02091503267973856
3 0.4606617647058823 0.05359477124183006 0.021323529411764706 0.01568627450980392
3 0.4661764705882353 0.03986928104575163 0.013235294117647059 0.0196078431372549
3 0.46911764705882353 0.03202614379084967 0.010294117647058823 0.022222222222222223
3 0.4713235294117647 0.023529411764705882 0.008823529411764706 0.02091503267973856
3 0.46433823529411766 0.015032679738562092 0.022794117647058822 0.022222222222222223
1 0.4860294117647059 0.020261437908496733 0.004411764705882353 0.01437908496732026
9 0.4860294117647059 0.025490196078431372 0.004411764705882353 0.01437908496732026