3 0.7176409185803758 0.8863636363636364 0.03966597077244259 0.09554730983302412
3 0.6260438413361169 0.859925788497217 0.03496868475991649 0.09461966604823747
3 0.5185281837160751 0.8098330241187384 0.02870563674321503 0.10204081632653061
3 0.5143528183716075 0.7133580705009277 0.02348643006263048 0.08534322820037106
7 0.4879958246346555 0.5514842300556586 0.031315240083507306 0.038033395176252316
3 0.4718162839248434 0.45686456400742115 0.027139874739039668 0.05473098330241188
3 0.5709812108559499 0.49489795918367346 0.020876826722338204 0.06215213358070501
8 0.49164926931106473 0.24025974025974026 0.024008350730688934 0.09276437847866419
3 0.5394050104384134 0.20083487940630798 0.015135699373695199 0.039888682745825604
3 0.5579331941544885 0.1590909090909091 0.026096033402922755 0.021335807050092765
3 0.46085594989561585 0.0663265306122449 0.016701461377870562 0.021335807050092765
4 0.5005219206680585 0.02040816326530612 0.011482254697286013 0.03153988868274583