6 0.9512004175365344 0.39517625231910947 0.031837160751565764 0.04452690166975881
3 0.7045929018789144 0.4225417439703154 0.038622129436325675 0.05844155844155844
3 0.6722338204592901 0.4457328385899815 0.037578288100208766 0.06771799628942486
3 0.6022964509394572 0.48283858998144713 0.0511482254697286 0.05658627087198516
3 0.5759394572025052 0.5055658627087198 0.038100208768267224 0.055658627087198514
3 0.5341858037578288 0.525974025974026 0.044363256784968684 0.0575139146567718
6 0.5060020876826722 0.563543599257885 0.012004175365344467 0.0287569573283859
6 0.5130480167014614 0.5408163265306123 0.018789144050104383 0.01855287569573284
6 0.5180062630480167 0.5593692022263451 0.016179540709812108 0.02040816326530612
3 0.4517223382045929 0.577922077922078 0.04123173277661795 0.07050092764378478
1 0.4005741127348643 0.5807050092764379 0.007828810020876827 0.01855287569573284
1 0.4120563674321503 0.6145640074211502 0.007828810020876827 0.015769944341372914
1 0.41701461377870563 0.5936920222634509 0.008350730688935281 0.022263450834879406
1 0.39509394572025053 0.6168831168831169 0.008350730688935281 0.02040816326530612
1 0.3966597077244259 0.6173469387755102 0.0041753653444676405 0.01020408163265306
1 0.4068371607515658 0.5983302411873841 0.006784968684759917 0.016697588126159554
1 0.3969206680584551 0.5964749536178108 0.007828810020876827 0.012987012987012988
1 0.4089248434237996 0.5858070500927643 0.006784968684759917 0.01948051948051948
3 0.36873695198329853 0.6261595547309833 0.031837160751565764 0.07792207792207792
3 0.33924843423799583 0.6470315398886828 0.03549060542797495 0.08256029684601113
9 0.22990605427974947 0.6706864564007421 0.02244258872651357 0.025974025974025976
3 0.11012526096033402 0.7912801484230055 0.049060542797494784 0.07050092764378478
3 0.44337160751565763 0.87847866419295 0.05793319415448852 0.07792207792207792
3 0.4462421711899791 0.9730983302411874 0.06263048016701461 0.05194805194805195
3 0.28888308977035493 0.9081632653061225 0.06837160751565761 0.06493506493506493
3 0.29331941544885176 0.9698515769944341 0.06367432150313153 0.05844155844155844