3 0.8616910229645094 0.9846938775510204 0.04384133611691023 0.0287569573283859
3 0.8810020876826722 0.8010204081632653 0.0407098121085595 0.041743970315398886
4 0.8194154488517745 0.6790352504638218 0.030271398747390398 0.03339517625231911
3 0.7599164926931107 0.634508348794063 0.025052192066805846 0.02411873840445269
3 0.9786012526096033 0.4782003710575139 0.029227557411273485 0.021335807050092765
3 0.9882567849686847 0.46382189239332094 0.02244258872651357 0.01855287569573284
3 0.9916492693110647 0.4550092764378479 0.015657620041753653 0.015769944341372914
3 0.9264091858037579 0.4160482374768089 0.020876826722338204 0.013914656771799629
3 0.9240605427974948 0.4095547309833024 0.019311064718162838 0.013914656771799629
3 0.9386743215031316 0.39888682745825604 0.02244258872651357 0.016697588126159554
3 0.8504697286012526 0.48886827458256027 0.02244258872651357 0.016697588126159554
3 0.842901878914405 0.474025974025974 0.020876826722338204 0.016697588126159554
3 0.8256784968684759 0.426252319109462 0.012526096033402923 0.017625231910946195
3 0.8418580375782881 0.43089053803339517 0.014613778705636743 0.021335807050092765
3 0.7839248434237995 0.4874768089053803 0.018789144050104383 0.01948051948051948
3 0.6302192066805845 0.5477736549165121 0.02870563674321503 0.01948051948051948
3 0.6263048016701461 0.5102040816326531 0.024008350730688934 0.01855287569573284
3 0.6263048016701461 0.4865491651205937 0.022964509394572025 0.017625231910946195
3 0.5775052192066806 0.44712430426716143 0.009916492693110648 0.01855287569573284
3 0.566544885177453 0.4457328385899815 0.008872651356993737 0.01948051948051948
5 0.56758872651357 0.42578849721706863 0.02661795407098121 0.02411873840445269
3 0.5668058455114823 0.4090909090909091 0.015657620041753653 0.014842300556586271
3 0.5660229645093946 0.3979591836734694 0.015135699373695199 0.012987012987012988
3 0.5652400835073069 0.38868274582560297 0.013569937369519834 0.012987012987012988
0 0.6064718162839249 0.37430426716141 0.0041753653444676405 0.012059369202226345
3 0.5367954070981211 0.3010204081632653 0.013048016701461378 0.01020408163265306
3 0.5420146137787056 0.27690166975881264 0.013048016701461378 0.013914656771799629
3 0.5456680584551148 0.26205936920222633 0.010960334029227558 0.012059369202226345
5 0.5120041753653445 0.41465677179962895 0.015657620041753653 0.025974025974025976
3 0.4131002087682672 0.4290352504638219 0.015135699373695199 0.017625231910946195
3 0.5399269311064718 0.5941558441558441 0.01722338204592902 0.026901669758812616
3 0.5391440501043842 0.698051948051948 0.017745302713987474 0.041743970315398886
0 0.427713987473904 0.8385899814471243 0.006784968684759917 0.025974025974025976
3 0.4535490605427975 0.7555658627087198 0.016701461377870562 0.04730983302411874
3 0.3564718162839248 0.8047309833024119 0.025052192066805846 0.03432282003710575
3 0.3770876826722338 0.47912801484230055 0.015135699373695199 0.017625231910946195
4 0.3653444676409186 0.4749536178107607 0.011482254697286013 0.022263450834879406
3 0.3742171189979123 0.42207792207792205 0.014613778705636743 0.016697588126159554
3 0.3752609603340292 0.3845083487940631 0.014613778705636743 0.013914656771799629
3 0.3781315240083507 0.3784786641929499 0.015135699373695199 0.012987012987012988
3 0.3836116910229645 0.37105751391465674 0.015657620041753653 0.012987012987012988
9 0.1505741127348643 0.5844155844155844 0.012004175365344467 0.014842300556586271
4 0.17667014613778706 0.47912801484230055 0.024530271398747392 0.01948051948051948
3 0.18293319415448853 0.45732838589981445 0.01826722338204593 0.01855287569573284
8 0.057150313152400836 0.3112244897959184 0.0255741127348643 0.0287569573283859
9 0.06393528183716075 0.8334879406307978 0.01722338204592902 0.021335807050092765
3 0.029227557411273485 0.9114100185528757 0.05010438413361169 0.036178107606679034
4 0.38413361169102295 0.897495361781076 0.0407098121085595 0.04916512059369202