5 0.03627348643006263 0.034786641929499075 0.07254697286012526 0.06957328385899815
5 0.22990605427974947 0.04962894248608534 0.06941544885177453 0.05844155844155844
9 0.45589770354906056 0.020871985157699443 0.019311064718162838 0.023191094619666047
9 0.5709812108559499 0.05102040816326531 0.022964509394572025 0.022263450834879406
9 0.6096033402922756 0.09276437847866419 0.014613778705636743 0.027829313543599257
6 0.5636743215031316 0.08534322820037106 0.014613778705636743 0.04638218923933209
0 0.6865866388308977 0.006493506493506494 0.012004175365344467 0.012987012987012988
3 0.7038100208768268 0.09786641929499072 0.06419624217118998 0.06029684601113173
4 0.8071503131524008 0.11131725417439703 0.05897703549060543 0.059369202226345084
5 0.9705114822546973 0.11131725417439703 0.055845511482254695 0.1150278293135436
0 0.8230688935281837 0.47031539888682744 0.015657620041753653 0.03339517625231911
3 0.747651356993737 0.3269944341372913 0.048538622129436326 0.10482374768089053
4 0.8556889352818372 0.3320964749536178 0.05793319415448852 0.1280148423005566
4 0.923277661795407 0.3432282003710575 0.054279749478079335 0.09461966604823747
6 0.8917014613778705 0.3538961038961039 0.019311064718162838 0.05658627087198516
9 0.8995302713987474 0.3970315398886827 0.015135699373695199 0.04081632653061224
9 0.8742171189979123 0.4485157699443414 0.018789144050104383 0.05287569573283859
9 0.9548538622129437 0.47031539888682744 0.01826722338204593 0.055658627087198514
9 0.9801670146137788 0.29545454545454547 0.030271398747390398 0.038033395176252316
0 0.7393006263048016 0.7175324675324676 0.02139874739039666 0.038033395176252316
3 0.38204592901878914 0.46938775510204084 0.05219206680584551 0.13172541743970315
5 0.16623173277661796 0.8010204081632653 0.09551148225469729 0.18831168831168832