5 0.05661764705882353 0.8869281045751634 0.11323529411764706 0.2261437908496732
3 0.9301470588235294 0.8679738562091504 0.07941176470588235 0.06535947712418301
3 0.8147058823529412 0.8464052287581699 0.07058823529411765 0.07450980392156863
3 0.799264705882353 0.6607843137254902 0.026470588235294117 0.0196078431372549
3 0.7544117647058823 0.6477124183006536 0.022058823529411766 0.027450980392156862
3 0.75 0.7300653594771241 0.03676470588235294 0.03790849673202614
3 0.6764705882352942 0.7196078431372549 0.033823529411764704 0.043137254901960784
3 0.6650735294117647 0.6091503267973856 0.016911764705882352 0.018300653594771243
3 0.7033088235294118 0.6228758169934641 0.021323529411764706 0.022222222222222223
3 0.6419117647058824 0.6477124183006536 0.022058823529411766 0.022222222222222223
3 0.5992647058823529 0.6287581699346405 0.027941176470588237 0.023529411764705882
5 0.2621323529411765 0.6823529411764706 0.05955882352941176 0.10980392156862745
5 0.3272058823529412 0.6169934640522876 0.045588235294117645 0.06797385620915032
5 0.3386029411764706 0.6686274509803921 0.04632352941176471 0.09542483660130718
5 0.37573529411764706 0.6235294117647059 0.03823529411764706 0.06274509803921569
0 0.3926470588235294 0.6392156862745098 0.007352941176470588 0.02875816993464052
3 0.3963235294117647 0.7241830065359477 0.023529411764705882 0.047058823529411764
3 0.4022058823529412 0.703921568627451 0.022058823529411766 0.03529411764705882
3 0.40441176470588236 0.6888888888888889 0.01764705882352941 0.03398692810457516
5 0.4102941176470588 0.6392156862745098 0.022058823529411766 0.04183006535947712
5 0.41875 0.5928104575163399 0.03455882352941177 0.08235294117647059
3 0.43676470588235294 0.6176470588235294 0.016176470588235296 0.022222222222222223
3 0.4727941176470588 0.7209150326797386 0.022058823529411766 0.0457516339869281
3 0.46911764705882353 0.6993464052287581 0.01911764705882353 0.03398692810457516
3 0.46691176470588236 0.6803921568627451 0.020588235294117647 0.030065359477124184
3 0.4636029411764706 0.6692810457516339 0.016911764705882352 0.03137254901960784
3 0.46544117647058825 0.6568627450980392 0.016176470588235296 0.027450980392156862
3 0.46397058823529413 0.6483660130718955 0.016176470588235296 0.023529411764705882
3 0.46911764705882353 0.6405228758169934 0.013235294117647059 0.023529411764705882
3 0.4658088235294118 0.6235294117647059 0.015441176470588236 0.02091503267973856
3 0.4753676470588235 0.6163398692810458 0.0125 0.0196078431372549
3 0.48051470588235295 0.611764705882353 0.0125 0.018300653594771243
3 0.46286764705882355 0.6078431372549019 0.009558823529411765 0.02091503267973856
3 0.4459558823529412 0.6104575163398693 0.011029411764705883 0.02091503267973856