3 0.549264705882353 0.7516339869281046 0.1264705882352941 0.24313725490196078
3 0.4621323529411765 0.6535947712418301 0.11544117647058824 0.18823529411764706
3 0.7253676470588235 0.4065359477124183 0.0713235294117647 0.12549019607843137
3 0.6617647058823529 0.32287581699346407 0.06911764705882353 0.10457516339869281
9 0.8426470588235294 0.838562091503268 0.04264705882352941 0.09019607843137255
1 0.8466911764705882 0.8261437908496732 0.025735294117647058 0.07058823529411765
9 0.9433823529411764 0.40261437908496733 0.027941176470588237 0.06535947712418301
1 0.9455882352941176 0.3908496732026144 0.025 0.06013071895424837
9 0.9525735294117647 0.034640522875816995 0.013970588235294118 0.03790849673202614
1 0.9540441176470589 0.02679738562091503 0.011029411764705883 0.032679738562091505
9 0.8018382352941177 0.01568627450980392 0.009558823529411765 0.02875816993464052
1 0.8033088235294118 0.01241830065359477 0.008088235294117648 0.02483660130718954
9 0.6911764705882353 0.03594771241830065 0.01911764705882353 0.027450980392156862
9 0.66875 0.048366013071895426 0.0125 0.02875816993464052
2 0.7209558823529412 0.013071895424836602 0.011029411764705883 0.026143790849673203
3 0.8845588235294117 0.05947712418300653 0.03823529411764706 0.06405228758169934
3 0.8264705882352941 0.2 0.051470588235294115 0.08104575163398693
3 0.8349264705882353 0.05751633986928104 0.04044117647058824 0.05751633986928104
3 0.8088235294117647 0.1 0.04411764705882353 0.06405228758169934
4 0.7625 0.16209150326797386 0.058823529411764705 0.10196078431372549
3 0.7143382352941177 0.08169934640522876 0.04485294117647059 0.06143790849673202
9 0.7363970588235295 0.13137254901960785 0.0125 0.0457516339869281
1 0.7371323529411765 0.11895424836601307 0.0125 0.047058823529411764
2 0.7191176470588235 0.14248366013071895 0.011764705882352941 0.044444444444444446
1 0.7198529411764706 0.13071895424836602 0.011764705882352941 0.044444444444444446
9 0.7033088235294118 0.13986928104575164 0.015441176470588236 0.036601307189542485
1 0.7036764705882353 0.13071895424836602 0.010294117647058823 0.04183006535947712
3 0.6738970588235295 0.1261437908496732 0.05955882352941176 0.07712418300653595
3 0.6338235294117647 0.18104575163398692 0.058823529411764705 0.08235294117647059
9 0.5540441176470589 0.06797385620915032 0.011029411764705883 0.03137254901960784
9 0.5632352941176471 0.07516339869281045 0.013235294117647059 0.03790849673202614
0 0.58125 0.11830065359477124 0.009558823529411765 0.050980392156862744
0 0.5908088235294118 0.12483660130718954 0.009558823529411765 0.048366013071895426
0 0.48970588235294116 0.11895424836601307 0.008823529411764706 0.04967320261437908
0 0.47757352941176473 0.12745098039215685 0.008088235294117648 0.05359477124183006
0 0.48051470588235295 0.11960784313725491 0.006617647058823529 0.050980392156862744
0 0.47463235294117645 0.11830065359477124 0.006617647058823529 0.050980392156862744
3 0.5213235294117647 0.2019607843137255 0.08088235294117647 0.0718954248366013
9 0.49375 0.2281045751633987 0.01838235294117647 0.0457516339869281
9 0.4904411764705882 0.2607843137254902 0.03235294117647059 0.043137254901960784
0 0.5102941176470588 0.2718954248366013 0.014705882352941176 0.06274509803921569
0 0.4889705882352941 0.31241830065359477 0.010294117647058823 0.05228758169934641
3 0.49926470588235294 0.3562091503267974 0.0838235294117647 0.10588235294117647
9 0.42683823529411763 0.21241830065359477 0.022794117647058822 0.030065359477124184
9 0.4117647058823529 0.19673202614379084 0.01911764705882353 0.043137254901960784
0 0.3786764705882353 0.1954248366013072 0.010294117647058823 0.05620915032679739
6 0.5827205882352942 0.3568627450980392 0.04338235294117647 0.08888888888888889
1 0.575 0.3562091503267974 0.01764705882352941 0.048366013071895426
9 0.3871323529411765 0.2803921568627451 0.027205882352941177 0.05620915032679739
9 0.40661764705882353 0.3359477124183007 0.041176470588235294 0.05228758169934641
9 0.3886029411764706 0.3758169934640523 0.025735294117647058 0.058823529411764705
9 0.3371323529411765 0.330718954248366 0.015441176470588236 0.06013071895424837
4 0.38419117647058826 0.4745098039215686 0.09632352941176471 0.16470588235294117
0 0.3584558823529412 0.44901960784313727 0.015441176470588236 0.0718954248366013
0 0.32132352941176473 0.43529411764705883 0.01764705882352941 0.0784313725490196
0 0.31066176470588236 0.469281045751634 0.015441176470588236 0.07058823529411765
2 0.29816176470588235 0.26601307189542484 0.03308823529411765 0.03790849673202614
9 0.24963235294117647 0.29934640522875816 0.030147058823529412 0.044444444444444446
2 0.26691176470588235 0.3176470588235294 0.014705882352941176 0.05751633986928104
2 0.25330882352941175 0.32745098039215687 0.01838235294117647 0.058823529411764705
9 0.2639705882352941 0.35947712418300654 0.01764705882352941 0.06535947712418301
0 0.25 0.38823529411764707 0.01911764705882353 0.0784313725490196
0 0.24338235294117647 0.40588235294117647 0.01764705882352941 0.07712418300653595
0 0.2301470588235294 0.3915032679738562 0.020588235294117647 0.07712418300653595
0 0.22536764705882353 0.40980392156862744 0.01838235294117647 0.06666666666666667
2 0.22573529411764706 0.49084967320261436 0.03823529411764706 0.06928104575163399
9 0.27794117647058825 0.434640522875817 0.026470588235294117 0.058823529411764705
2 0.1827205882352941 0.3 0.015441176470588236 0.058823529411764705
9 0.16691176470588234 0.2973856209150327 0.01764705882352941 0.05359477124183006
0 0.18970588235294117 0.3607843137254902 0.013235294117647059 0.05228758169934641
0 0.18529411764705883 0.369281045751634 0.013235294117647059 0.0718954248366013
0 0.17794117647058824 0.37450980392156863 0.011764705882352941 0.03790849673202614
1 0.29558823529411765 0.023529411764705882 0.013235294117647059 0.0392156862745098
1 0.2275735294117647 0.024183006535947713 0.0125 0.048366013071895426
1 0.20147058823529412 0.025490196078431372 0.013235294117647059 0.040522875816993466
9 0.1650735294117647 0.34248366013071896 0.013970588235294118 0.054901960784313725
0 0.08014705882352942 0.26862745098039215 0.010294117647058823 0.048366013071895426
0 0.11838235294117647 0.3941176470588235 0.022058823529411766 0.06666666666666667
9 0.11433823529411764 0.3568627450980392 0.022794117647058822 0.06535947712418301
9 0.14816176470588235 0.3405228758169935 0.0125 0.058823529411764705
9 0.13713235294117648 0.3392156862745098 0.016911764705882352 0.05359477124183006
9 0.1297794117647059 0.3764705882352941 0.030147058823529412 0.0392156862745098
0 0.05698529411764706 0.3888888888888889 0.021323529411764706 0.0718954248366013
0 0.016911764705882352 0.4045751633986928 0.022058823529411766 0.07712418300653595
0 0.033455882352941176 0.4065359477124183 0.025735294117647058 0.06797385620915032
0 0.04742647058823529 0.4 0.025735294117647058 0.07320261437908497
0 0.034926470588235295 0.37712418300653594 0.021323529411764706 0.07450980392156863
9 0.04338235294117647 0.492156862745098 0.052941176470588235 0.0718954248366013