0 0.3735294117647059 0.33202614379084966 0.010294117647058823 0.04967320261437908
0 0.35110294117647056 0.3156862745098039 0.0125 0.048366013071895426
0 0.25625 0.1843137254901961 0.011029411764705883 0.0392156862745098
0 0.24227941176470588 0.19084967320261437 0.009558823529411765 0.047058823529411764
0 0.21102941176470588 0.2542483660130719 0.010294117647058823 0.040522875816993466
0 0.21985294117647058 0.2581699346405229 0.007352941176470588 0.027450980392156862
0 0.2275735294117647 0.2477124183006536 0.011029411764705883 0.043137254901960784
1 0.2889705882352941 0.08758169934640522 0.010294117647058823 0.03398692810457516
0 0.051470588235294115 0.30980392156862746 0.016176470588235296 0.04967320261437908
1 0.07058823529411765 0.18888888888888888 0.016176470588235296 0.03529411764705882
0 0.0661764705882353 0.02679738562091503 0.008823529411764706 0.03529411764705882
1 0.25698529411764703 0.3980392156862745 0.015441176470588236 0.0457516339869281
3 0.16066176470588237 0.046405228758169936 0.05073529411764706 0.043137254901960784
3 0.17647058823529413 0.02875816993464052 0.05 0.036601307189542485
3 0.20919117647058824 0.01764705882352941 0.04191176470588235 0.032679738562091505
3 0.04926470588235294 0.12287581699346405 0.057352941176470586 0.047058823529411764
9 0.06911764705882353 0.19869281045751633 0.026470588235294117 0.03137254901960784
3 0.3613970588235294 0.1503267973856209 0.03897058823529412 0.05228758169934641
3 0.42830882352941174 0.10065359477124183 0.03161764705882353 0.04183006535947712
0 0.41875 0.15947712418300652 0.0125 0.0392156862745098
6 0.4290441176470588 0.16143790849673204 0.022794117647058822 0.0457516339869281
6 0.4470588235294118 0.24640522875816995 0.04852941176470588 0.043137254901960784
6 0.45073529411764707 0.2281045751633987 0.047058823529411764 0.043137254901960784
0 0.4591911764705882 0.21372549019607842 0.008088235294117648 0.032679738562091505
0 0.45073529411764707 0.18169934640522875 0.010294117647058823 0.04183006535947712
6 0.46948529411764706 0.1843137254901961 0.022794117647058822 0.047058823529411764
0 0.48676470588235293 0.2261437908496732 0.007352941176470588 0.04183006535947712
0 0.4875 0.21372549019607842 0.0058823529411764705 0.032679738562091505
0 0.49264705882352944 0.2130718954248366 0.007352941176470588 0.04183006535947712
0 0.4974264705882353 0.2261437908496732 0.008088235294117648 0.04183006535947712
0 0.5011029411764706 0.21633986928104576 0.008088235294117648 0.040522875816993466
0 0.5165441176470589 0.23921568627450981 0.008088235294117648 0.04183006535947712
1 0.5198529411764706 0.2281045751633987 0.004411764705882353 0.01699346405228758
0 0.5165441176470589 0.2529411764705882 0.008088235294117648 0.048366013071895426
6 0.5301470588235294 0.2718954248366013 0.01911764705882353 0.05751633986928104
0 0.5367647058823529 0.2797385620915033 0.014705882352941176 0.04183006535947712
0 0.5334558823529412 0.23333333333333334 0.011029411764705883 0.048366013071895426
0 0.544485294117647 0.24901960784313726 0.008088235294117648 0.043137254901960784
0 0.5584558823529412 0.2549019607843137 0.009558823529411765 0.0392156862745098
0 0.5963235294117647 0.28627450980392155 0.011764705882352941 0.047058823529411764
0 0.5599264705882353 0.3150326797385621 0.011029411764705883 0.047058823529411764
0 0.5613970588235294 0.2875816993464052 0.008088235294117648 0.047058823529411764
0 0.56875 0.2908496732026144 0.008088235294117648 0.040522875816993466
0 0.5661764705882353 0.3477124183006536 0.008823529411764706 0.0392156862745098
6 0.55625 0.37516339869281046 0.03308823529411765 0.06274509803921569
0 0.5275735294117647 0.39281045751633986 0.013970588235294118 0.0457516339869281
0 0.5139705882352941 0.3869281045751634 0.011764705882352941 0.05751633986928104
1 0.5966911764705882 0.39281045751633986 0.0125 0.03529411764705882
0 0.6018382352941176 0.44248366013071894 0.015441176470588236 0.06143790849673202
0 0.6132352941176471 0.43137254901960786 0.016176470588235296 0.06535947712418301
0 0.5676470588235294 0.43856209150326797 0.010294117647058823 0.05359477124183006
0 0.5790441176470589 0.4477124183006536 0.011029411764705883 0.05620915032679739
0 0.5628676470588235 0.4542483660130719 0.011029411764705883 0.05359477124183006
1 0.56875 0.469281045751634 0.013970588235294118 0.0392156862745098
9 0.5698529411764706 0.4830065359477124 0.020588235294117647 0.0457516339869281
0 0.5503676470588236 0.48823529411764705 0.013970588235294118 0.06405228758169934
0 0.5327205882352941 0.49019607843137253 0.0125 0.05751633986928104
0 0.5411764705882353 0.5111111111111111 0.011764705882352941 0.05228758169934641
0 0.5452205882352941 0.5222222222222223 0.0125 0.032679738562091505
0 0.5595588235294118 0.5509803921568628 0.011764705882352941 0.05620915032679739
1 0.5893382352941177 0.6202614379084967 0.009558823529411765 0.03529411764705882
0 0.5900735294117647 0.6359477124183006 0.021323529411764706 0.06928104575163399
0 0.5525735294117647 0.7052287581699347 0.01838235294117647 0.07712418300653595
0 0.5235294117647059 0.7 0.016176470588235296 0.07712418300653595
3 0.08125 0.6019607843137255 0.05808823529411765 0.1477124183006536
3 0.08419117647058824 0.8941176470588236 0.1125 0.21176470588235294
1 0.3735294117647059 0.6169934640522876 0.016176470588235296 0.07581699346405228
9 0.37279411764705883 0.6241830065359477 0.03823529411764706 0.048366013071895426
0 0.6308823529411764 0.5300653594771242 0.010294117647058823 0.043137254901960784
0 0.6371323529411764 0.5274509803921569 0.009558823529411765 0.06143790849673202
1 0.6128676470588236 0.6686274509803921 0.01838235294117647 0.05359477124183006
6 0.6231617647058824 0.6797385620915033 0.07279411764705883 0.07320261437908497
0 0.6897058823529412 0.40522875816993464 0.010294117647058823 0.036601307189542485
0 0.6886029411764706 0.44248366013071894 0.011029411764705883 0.058823529411764705
0 0.47904411764705884 0.3058823529411765 0.0125 0.047058823529411764
0 0.4974264705882353 0.3104575163398693 0.011029411764705883 0.043137254901960784
0 0.7051470588235295 0.2503267973856209 0.010294117647058823 0.03529411764705882
0 0.7150735294117647 0.2529411764705882 0.008088235294117648 0.03790849673202614
0 0.6286764705882353 0.3202614379084967 0.008823529411764706 0.04967320261437908
1 0.6444852941176471 0.33202614379084966 0.0125 0.03398692810457516
3 0.6308823529411764 0.3535947712418301 0.075 0.0718954248366013
0 0.7058823529411765 0.4516339869281046 0.010294117647058823 0.043137254901960784
0 0.6996323529411764 0.4176470588235294 0.009558823529411765 0.050980392156862744
0 0.7044117647058824 0.42483660130718953 0.008823529411764706 0.04183006535947712
0 0.7073529411764706 0.4588235294117647 0.013235294117647059 0.047058823529411764
0 0.7095588235294118 0.4745098039215686 0.013235294117647059 0.05751633986928104
0 0.7128676470588236 0.49607843137254903 0.013970588235294118 0.06143790849673202
0 0.7220588235294118 0.469281045751634 0.014705882352941176 0.06274509803921569
0 0.7301470588235294 0.47516339869281043 0.014705882352941176 0.06143790849673202
0 0.7253676470588235 0.44509803921568625 0.0125 0.050980392156862744
0 0.7352941176470589 0.4496732026143791 0.011764705882352941 0.054901960784313725
0 0.7378676470588236 0.4830065359477124 0.0125 0.05620915032679739
0 0.7544117647058823 0.48169934640522877 0.013235294117647059 0.05620915032679739
0 0.7636029411764705 0.5045751633986928 0.016911764705882352 0.06535947712418301
1 0.8834558823529411 0.49607843137254903 0.013970588235294118 0.048366013071895426
1 0.7363970588235295 0.9372549019607843 0.030147058823529412 0.07581699346405228
6 0.7610294117647058 0.949673202614379 0.1338235294117647 0.10065359477124183
0 0.3683823529411765 0.9673202614379085 0.025 0.06535947712418301