3 0.49464285714285716 0.6529187817258884 0.04928571428571429 0.09517766497461928
3 0.5435714285714286 0.6478426395939086 0.025714285714285714 0.11040609137055837
3 0.6428571428571429 0.675761421319797 0.047142857142857146 0.11548223350253807
3 0.7221428571428572 0.6763959390862944 0.05857142857142857 0.11928934010152284
3 0.7910714285714285 0.6656091370558376 0.030714285714285715 0.10532994923857868
3 0.9285714285714286 0.7728426395939086 0.06714285714285714 0.05583756345177665
3 0.7553571428571428 0.8654822335025381 0.06357142857142857 0.048223350253807105
3 0.39357142857142857 0.6421319796954315 0.025714285714285714 0.10913705583756345
3 0.2875 0.6535532994923858 0.030714285714285715 0.10913705583756345
3 0.37857142857142856 0.5279187817258884 0.06142857142857143 0.0532994923857868
3 0.31642857142857145 0.46446700507614214 0.06428571428571428 0.048223350253807105
3 0.10035714285714285 0.631979695431472 0.03357142857142857 0.10913705583756345
3 0.10642857142857143 0.35406091370558374 0.03 0.10152284263959391
3 0.05964285714285714 0.3286802030456853 0.029285714285714286 0.08121827411167512
3 0.25642857142857145 0.3534263959390863 0.02857142857142857 0.10532994923857868
3 0.3171428571428571 0.3565989847715736 0.02857142857142857 0.116751269035533
3 0.39571428571428574 0.2265228426395939 0.06142857142857143 0.04949238578680203
3 0.5175 0.1833756345177665 0.02642857142857143 0.11802030456852793
3 0.69 0.18274111675126903 0.027142857142857142 0.10406091370558376
4 0.575 0.4282994923857868 0.025714285714285714 0.10025380710659898
3 0.505 0.4276649746192893 0.027142857142857142 0.10152284263959391
3 0.6132142857142857 0.41941624365482233 0.029285714285714286 0.11040609137055837
3 0.6421428571428571 0.42449238578680204 0.02142857142857143 0.0901015228426396
3 0.6907142857142857 0.4251269035532995 0.025714285714285714 0.09898477157360407
3 0.725 0.4118020304568528 0.03142857142857143 0.11294416243654823
3 0.7578571428571429 0.4143401015228426 0.025714285714285714 0.10786802030456853
3 0.7910714285714285 0.4206852791878173 0.027857142857142858 0.10786802030456853
3 0.8903571428571428 0.40482233502538073 0.02642857142857143 0.1065989847715736
3 0.9214285714285714 0.4447969543147208 0.025714285714285714 0.11294416243654823
4 0.8275 0.41624365482233505 0.029285714285714286 0.09644670050761421
4 0.5167857142857143 0.5539340101522843 0.055 0.03934010152284264
3 0.11821428571428572 0.13578680203045684 0.062142857142857146 0.04568527918781726
7 0.028214285714285713 0.1434010152284264 0.056428571428571425 0.0583756345177665
5 0.2382142857142857 0.6579949238578681 0.030714285714285715 0.13578680203045684
0 0.2725 0.7379441624365483 0.013571428571428571 0.01903553299492386
0 0.2689285714285714 0.7246192893401016 0.013571428571428571 0.017766497461928935
3 0.008928571428571428 0.3470812182741117 0.017857142857142856 0.10532994923857868
1 0.195 0.11421319796954314 0.011428571428571429 0.02284263959390863
9 0.24357142857142858 0.12690355329949238 0.022857142857142857 0.02284263959390863
9 0.24785714285714286 0.0850253807106599 0.03 0.02284263959390863
0 0.305 0.26586294416243655 0.015714285714285715 0.013959390862944163
0 0.27071428571428574 0.565989847715736 0.017142857142857144 0.015228426395939087
0 0.5021428571428571 0.09898477157360407 0.01 0.017766497461928935
9 0.5617857142857143 0.2017766497461929 0.009285714285714286 0.03553299492385787
0 0.6375 0.2766497461928934 0.010714285714285714 0.017766497461928935
0 0.6871428571428572 0.33185279187817257 0.014285714285714285 0.01649746192893401
0 0.8525 0.1700507614213198 0.013571428571428571 0.025380710659898477
0 0.8178571428571428 0.29314720812182743 0.014285714285714285 0.017766497461928935
0 0.8221428571428572 0.274746192893401 0.012857142857142857 0.01649746192893401
9 0.8907142857142857 0.233502538071066 0.02857142857142857 0.015228426395939087
0 0.9635714285714285 0.4727157360406091 0.014285714285714285 0.01903553299492386
0 0.9635714285714285 0.4035532994923858 0.014285714285714285 0.017766497461928935
0 0.9664285714285714 0.38451776649746194 0.017142857142857144 0.017766497461928935
0 0.9771428571428571 0.3629441624365482 0.017142857142857144 0.017766497461928935
0 0.9914285714285714 0.37944162436548223 0.017142857142857144 0.017766497461928935
3 0.9828571428571429 0.4232233502538071 0.02857142857142857 0.06979695431472081
0 0.9603571428571429 0.5323604060913706 0.017857142857142856 0.01903553299492386
0 0.9671428571428572 0.506979695431472 0.015714285714285715 0.024111675126903553
9 0.97 0.23286802030456852 0.02857142857142857 0.01903553299492386
0 0.7057142857142857 0.22398477157360405 0.011428571428571429 0.01649746192893401
0 0.4014285714285714 0.7081218274111675 0.014285714285714285 0.017766497461928935
0 0.5135714285714286 0.3470812182741117 0.01 0.013959390862944163
0 0.4975 0.33121827411167515 0.010714285714285714 0.017766497461928935
4 0.3610714285714286 0.6338832487309645 0.029285714285714286 0.10279187817258884