8 0.06857142857142857 0.013959390862944163 0.02142857142857143 0.027918781725888325
3 0.04178571428571429 0.12944162436548223 0.009285714285714286 0.017766497461928935
3 0.055 0.12373096446700507 0.01 0.01903553299492386
3 0.06714285714285714 0.11865482233502538 0.01 0.021573604060913704
3 0.12321428571428572 0.15862944162436549 0.009285714285714286 0.025380710659898477
4 0.08357142857142857 0.11357868020304568 0.011428571428571429 0.024111675126903553
4 0.09 0.04631979695431472 0.011428571428571429 0.0266497461928934
4 0.052142857142857144 0.14784263959390864 0.011428571428571429 0.024111675126903553
4 0.03357142857142857 0.18781725888324874 0.012857142857142857 0.025380710659898477
4 0.04392857142857143 0.2100253807106599 0.013571428571428571 0.024111675126903553
4 0.029642857142857144 0.2201776649746193 0.012142857142857143 0.024111675126903553
3 0.040357142857142855 0.15545685279187818 0.010714285714285714 0.021573604060913704
3 0.04857142857142857 0.1782994923857868 0.01 0.021573604060913704
3 0.06142857142857143 0.17956852791878172 0.01 0.021573604060913704
3 0.0575 0.315989847715736 0.010714285714285714 0.025380710659898477
4 0.12214285714285714 0.2956852791878173 0.01 0.027918781725888325
8 0.1675 0.434010152284264 0.02214285714285714 0.09137055837563451
0 0.1875 0.6269035532994924 0.005 0.012690355329949238
4 0.06571428571428571 0.6967005076142132 0.012857142857142857 0.04314720812182741
8 0.014642857142857143 0.8991116751269036 0.029285714285714286 0.12563451776649745
8 0.21892857142857142 0.9612944162436549 0.08357142857142857 0.07487309644670051
3 0.22357142857142856 0.8984771573604061 0.03142857142857143 0.03553299492385787
0 0.6989285714285715 0.9010152284263959 0.005 0.012690355329949238
0 0.7010714285714286 0.9149746192893401 0.005 0.015228426395939087
1 0.7078571428571429 0.9073604060913706 0.005714285714285714 0.01015228426395939
8 0.6307142857142857 0.9175126903553299 0.03857142857142857 0.08883248730964467
8 0.6678571428571428 0.9397208121827412 0.06 0.11802030456852793
8 0.685 0.9295685279187818 0.06142857142857143 0.1383248730964467
8 0.7346428571428572 0.8362944162436549 0.07071428571428572 0.08883248730964467
8 0.6382142857142857 0.7741116751269036 0.06357142857142857 0.08375634517766498
8 0.6746428571428571 0.7455583756345178 0.05071428571428571 0.06979695431472081
8 0.7007142857142857 0.7404822335025381 0.04857142857142857 0.05964467005076142
8 0.7053571428571429 0.7131979695431472 0.04642857142857143 0.06091370558375635
8 0.7275 0.7036802030456852 0.047857142857142855 0.05964467005076142
8 0.745 0.6154822335025381 0.06142857142857143 0.07614213197969544
8 0.8582142857142857 0.575507614213198 0.060714285714285714 0.07233502538071065
8 0.8546428571428571 0.743020304568528 0.062142857142857146 0.11802030456852793
4 0.81 0.9428934010152284 0.027142857142857142 0.0532994923857868
3 0.8503571428571428 0.8946700507614214 0.027857142857142858 0.0532994923857868
3 0.8346428571428571 0.9086294416243654 0.025 0.048223350253807105
3 0.3653571428571429 0.7868020304568528 0.029285714285714286 0.03299492385786802
0 0.5107142857142857 0.9124365482233503 0.004285714285714286 0.01015228426395939
0 0.38035714285714284 0.6871827411167513 0.0035714285714285713 0.008883248730964468
0 0.3792857142857143 0.6960659898477157 0.004285714285714286 0.011421319796954314
8 0.4589285714285714 0.6510152284263959 0.04357142857142857 0.11421319796954314
0 0.9028571428571428 0.25571065989847713 0.004285714285714286 0.011421319796954314
0 0.9082142857142858 0.2550761421319797 0.0035714285714285713 0.012690355329949238
0 0.9110714285714285 0.25571065989847713 0.0035714285714285713 0.008883248730964468
0 0.9164285714285715 0.258248730964467 0.004285714285714286 0.011421319796954314
0 0.9092857142857143 0.2639593908629442 0.002857142857142857 0.01015228426395939
0 0.9121428571428571 0.26776649746192893 0.004285714285714286 0.007614213197969543
0 0.8889285714285714 0.2899746192893401 0.005 0.011421319796954314
0 0.8175 0.3413705583756345 0.005 0.012690355329949238
0 0.7817857142857143 0.37119289340101524 0.005 0.011421319796954314
0 0.7117857142857142 0.4168781725888325 0.0035714285714285713 0.008883248730964468
5 0.43714285714285717 0.6091370558375635 0.024285714285714285 0.0532994923857868
4 0.44285714285714284 0.4612944162436548 0.015714285714285715 0.03680203045685279
4 0.5082142857142857 0.41243654822335024 0.023571428571428573 0.025380710659898477
4 0.5010714285714286 0.39720812182741116 0.023571428571428573 0.025380710659898477
4 0.49714285714285716 0.3800761421319797 0.022857142857142857 0.0266497461928934
4 0.4810714285714286 0.3470812182741117 0.023571428571428573 0.0266497461928934
3 0.2867857142857143 0.2753807106598985 0.010714285714285714 0.025380710659898477
3 0.39285714285714285 0.26903553299492383 0.014285714285714285 0.027918781725888325
3 0.3653571428571429 0.20812182741116753 0.012142857142857143 0.025380710659898477
4 0.43785714285714283 0.23921319796954316 0.02142857142857143 0.024111675126903553
4 0.43 0.22144670050761422 0.02142857142857143 0.021573604060913704
3 0.42392857142857143 0.20812182741116753 0.019285714285714285 0.02030456852791878
3 0.41714285714285715 0.1884517766497462 0.018571428571428572 0.01903553299492386
4 0.4092857142857143 0.16624365482233502 0.02142857142857143 0.02284263959390863
4 0.40535714285714286 0.1567258883248731 0.020714285714285713 0.01903553299492386
4 0.3964285714285714 0.12944162436548223 0.02142857142857143 0.02284263959390863
3 0.40035714285714286 0.1484771573604061 0.019285714285714285 0.017766497461928935
3 0.39107142857142857 0.1199238578680203 0.019285714285714285 0.01903553299492386
3 0.3867857142857143 0.11230964467005077 0.017857142857142856 0.01649746192893401
4 0.38357142857142856 0.10088832487309644 0.02 0.021573604060913704
4 0.37714285714285717 0.08439086294416244 0.02 0.021573604060913704
4 0.36178571428571427 0.06535532994923858 0.013571428571428571 0.024111675126903553
4 0.3517857142857143 0.041243654822335024 0.012142857142857143 0.024111675126903553
4 0.3360714285714286 0.005710659898477157 0.012142857142857143 0.011421319796954314
3 0.345 0.022208121827411168 0.01 0.01903553299492386
3 0.38607142857142857 0.01649746192893401 0.017857142857142856 0.02284263959390863
4 0.39464285714285713 0.03299492385786802 0.017857142857142856 0.02030456852791878
3 0.39785714285714285 0.010786802030456852 0.014285714285714285 0.01903553299492386
3 0.33285714285714285 0.11738578680203046 0.011428571428571429 0.021573604060913704
3 0.35464285714285715 0.1649746192893401 0.012142857142857143 0.02284263959390863
3 0.32607142857142857 0.05964467005076142 0.010714285714285714 0.02030456852791878
3 0.3167857142857143 0.03616751269035533 0.012142857142857143 0.01903553299492386
3 0.30857142857142855 0.01015228426395939 0.01 0.02030456852791878
8 0.3003571428571429 0.02918781725888325 0.025 0.0583756345177665
8 0.25857142857142856 0.14593908629441624 0.02142857142857143 0.06345177664974619
0 0.25642857142857145 0.33248730964467005 0.002857142857142857 0.012690355329949238
0 0.25785714285714284 0.3331218274111675 0.002857142857142857 0.011421319796954314
0 0.2592857142857143 0.31916243654822335 0.002857142857142857 0.011421319796954314
0 0.26285714285714284 0.3134517766497462 0.002857142857142857 0.01015228426395939
0 0.2525 0.24111675126903553 0.0035714285714285713 0.012690355329949238
0 0.24 0.21446700507614214 0.002857142857142857 0.01015228426395939