0 0.85475 0.9226666666666666 0.0165 0.044
1 0.95225 0.8866666666666667 0.0165 0.021333333333333333
0 0.972 0.751 0.023 0.03133333333333333
0 0.94975 0.7196666666666667 0.0125 0.027333333333333334
0 0.99325 0.7443333333333333 0.0135 0.022
0 0.7685 0.611 0.007 0.027333333333333334
3 0.84475 0.5196666666666667 0.0415 0.024666666666666667
3 0.94425 0.5026666666666667 0.0455 0.025333333333333333
3 0.5755 0.5423333333333333 0.043 0.026
3 0.62875 0.5283333333333333 0.0395 0.020666666666666667
3 0.66625 0.518 0.0365 0.02266666666666667
3 0.70475 0.505 0.0365 0.023333333333333334
5 0.7465 0.441 0.037 0.03133333333333333
5 0.71725 0.43033333333333335 0.0325 0.020666666666666667
0 0.769 0.43033333333333335 0.005 0.012666666666666666
0 0.782 0.43533333333333335 0.005 0.016
0 0.77925 0.43033333333333335 0.0045 0.012666666666666666
3 0.79675 0.43333333333333335 0.0265 0.017333333333333333
3 0.49525 0.5166666666666667 0.0395 0.024
3 0.4365 0.5356666666666666 0.04 0.026
3 0.38875 0.5563333333333333 0.0485 0.038
3 0.24425 0.433 0.0155 0.018
3 0.11875 0.44333333333333336 0.0175 0.021333333333333333
4 0.313 0.48533333333333334 0.027 0.024
0 0.57625 0.409 0.0035 0.014
1 0.649 0.39166666666666666 0.004 0.01
3 0.41175 0.371 0.0035 0.008666666666666666
0 0.35 0.3473333333333333 0.003 0.008
0 0.33325 0.35033333333333333 0.0025 0.008666666666666666
4 0.042 0.5993333333333334 0.03 0.044
4 0.052 0.533 0.025 0.034
9 0.0245 0.49633333333333335 0.006 0.011333333333333334
9 0.0375 0.493 0.007 0.012666666666666666
1 0.0245 0.49133333333333334 0.006 0.014666666666666666
1 0.03725 0.48733333333333334 0.0065 0.012
1 0.0515 0.45166666666666666 0.006 0.01
9 0.0525 0.45566666666666666 0.006 0.01
3 0.074 0.4186666666666667 0.016 0.017333333333333333
3 0.139 0.387 0.012 0.015333333333333332
3 0.1035 0.37433333333333335 0.01 0.011333333333333334
5 0.22925 0.3983333333333333 0.0215 0.035333333333333335
4 0.23 0.38166666666666665 0.009 0.012666666666666666
5 0.221 0.37 0.015 0.028
5 0.2175 0.3536666666666667 0.014 0.018
5 0.217 0.3453333333333333 0.014 0.02
9 0.07975 0.406 0.0035 0.006666666666666667
9 0.09825 0.38533333333333336 0.0045 0.008
1 0.09825 0.38333333333333336 0.0035 0.009333333333333334
3 0.135 0.372 0.01 0.010666666666666666
3 0.117 0.36633333333333334 0.01 0.01
3 0.1435 0.3453333333333333 0.009 0.008
3 0.11775 0.35433333333333333 0.0135 0.01
3 0.12125 0.34933333333333333 0.0115 0.008
3 0.151 0.334 0.007 0.008
3 0.1225 0.3413333333333333 0.009 0.008
3 0.1265 0.33566666666666667 0.008 0.007333333333333333
9 0.20675 0.34833333333333333 0.0025 0.006
1 0.207 0.3466666666666667 0.002 0.006666666666666667
4 0.215 0.3373333333333333 0.008 0.012
3 0.211 0.334 0.006 0.006666666666666667
5 0.2095 0.325 0.01 0.011333333333333334
4 0.13075 0.33 0.0065 0.008
3 0.1335 0.327 0.007 0.007333333333333333
3 0.13725 0.32366666666666666 0.0125 0.006
3 0.1415 0.32133333333333336 0.013 0.005333333333333333
3 0.1595 0.31466666666666665 0.005 0.005333333333333333
3 0.16675 0.312 0.0055 0.005333333333333333
3 0.14 0.319 0.013 0.006
3 0.14275 0.31533333333333335 0.0065 0.004
3 0.152 0.31166666666666665 0.006 0.004666666666666667
3 0.19475 0.30433333333333334 0.0045 0.004666666666666667
3 0.18625 0.30366666666666664 0.0085 0.004666666666666667
4 0.18125 0.30433333333333334 0.0075 0.006
3 0.17375 0.3016666666666667 0.0065 0.004666666666666667
5 0.15675 0.298 0.0075 0.012