4 0.1484375 0.33796296296296297 0.040625 0.03518518518518519
3 0.2078125 0.32407407407407407 0.046875 0.02962962962962963
7 0.18125 0.34074074074074073 0.025 0.03333333333333333
7 0.20572916666666666 0.3435185185185185 0.030208333333333334 0.03518518518518519
3 0.12864583333333332 0.2777777777777778 0.034375 0.025925925925925925
3 0.11197916666666667 0.2861111111111111 0.040625 0.020370370370370372
3 0.11458333333333333 0.28888888888888886 0.035416666666666666 0.022222222222222223
0 0.08229166666666667 0.3277777777777778 0.0125 0.03333333333333333
0 0.04739583333333333 0.3574074074074074 0.011458333333333333 0.03333333333333333
0 0.08229166666666667 0.43425925925925923 0.014583333333333334 0.03518518518518519
0 0.027604166666666666 0.5657407407407408 0.017708333333333333 0.06111111111111111
0 0.1703125 0.7388888888888889 0.019791666666666666 0.06296296296296296
0 0.13489583333333333 0.6370370370370371 0.015625 0.044444444444444446
0 0.15 0.5953703703703703 0.016666666666666666 0.05
0 0.11770833333333333 0.5694444444444444 0.014583333333333334 0.05
0 0.12760416666666666 0.5712962962962963 0.011458333333333333 0.03888888888888889
0 0.1328125 0.5731481481481482 0.007291666666666667 0.03888888888888889
1 0.0484375 0.45092592592592595 0.013541666666666667 0.03148148148148148
0 0.22447916666666667 0.5370370370370371 0.013541666666666667 0.05185185185185185
0 0.1859375 0.4203703703703704 0.013541666666666667 0.037037037037037035
1 0.0953125 0.39351851851851855 0.011458333333333333 0.027777777777777776
1 0.1828125 0.3824074074074074 0.011458333333333333 0.027777777777777776
1 0.190625 0.3851851851851852 0.0125 0.022222222222222223
0 0.049479166666666664 0.8703703703703703 0.023958333333333335 0.07037037037037037
0 0.009895833333333333 0.8740740740740741 0.019791666666666666 0.05925925925925926
0 0.06354166666666666 0.8157407407407408 0.020833333333333332 0.06851851851851852
1 0.058333333333333334 0.8083333333333333 0.016666666666666666 0.027777777777777776
1 0.10364583333333334 0.9305555555555556 0.028125 0.053703703703703705
0 0.259375 0.8731481481481481 0.020833333333333332 0.07222222222222222
0 0.2994791666666667 0.8583333333333333 0.015625 0.05740740740740741
0 0.315625 0.9731481481481481 0.01875 0.05
0 0.4197916666666667 0.8240740740740741 0.01875 0.07407407407407407
0 0.3848958333333333 0.9462962962962963 0.015625 0.06666666666666667
0 0.390625 0.8925925925925926 0.020833333333333332 0.06666666666666667
0 0.3776041666666667 0.8972222222222223 0.013541666666666667 0.06111111111111111
0 0.37864583333333335 0.8657407407407407 0.015625 0.053703703703703705
0 0.27708333333333335 0.6537037037037037 0.016666666666666666 0.05555555555555555
1 0.275 0.6481481481481481 0.008333333333333333 0.02962962962962963
0 0.34479166666666666 0.7425925925925926 0.014583333333333334 0.05555555555555555
0 0.3765625 0.7796296296296297 0.013541666666666667 0.06296296296296296
0 0.3880208333333333 0.7916666666666666 0.009375 0.03888888888888889
0 0.39114583333333336 0.7694444444444445 0.015625 0.046296296296296294
0 0.3265625 0.6722222222222223 0.011458333333333333 0.05925925925925926
0 0.31927083333333334 0.6851851851851852 0.009375 0.03333333333333333
0 0.4265625 0.5787037037037037 0.013541666666666667 0.05
0 0.4375 0.5796296296296296 0.0125 0.044444444444444446
0 0.22239583333333332 0.6111111111111112 0.013541666666666667 0.044444444444444446
0 0.4984375 0.5879629629629629 0.013541666666666667 0.05
0 0.5244791666666667 0.6398148148148148 0.013541666666666667 0.046296296296296294
1 0.5328125 0.6537037037037037 0.009375 0.022222222222222223
1 0.5416666666666666 0.6583333333333333 0.010416666666666666 0.020370370370370372
6 0.2953125 0.7888888888888889 0.026041666666666668 0.07777777777777778
0 0.6395833333333333 0.8157407407407408 0.01875 0.08333333333333333
0 0.6442708333333333 0.9444444444444444 0.019791666666666666 0.07777777777777778
1 0.6494791666666667 0.9157407407407407 0.011458333333333333 0.03518518518518519
0 0.6723958333333333 0.8148148148148148 0.017708333333333333 0.07777777777777778
0 0.6588541666666666 0.8694444444444445 0.019791666666666666 0.07222222222222222
0 0.671875 0.8907407407407407 0.016666666666666666 0.08148148148148149
0 0.68125 0.8685185185185185 0.016666666666666666 0.05925925925925926
0 0.33697916666666666 0.5175925925925926 0.009375 0.03888888888888889
0 0.33125 0.5231481481481481 0.008333333333333333 0.027777777777777776
0 0.35104166666666664 0.524074074074074 0.008333333333333333 0.03333333333333333
0 0.3359375 0.549074074074074 0.007291666666666667 0.04259259259259259
1 0.31666666666666665 0.5787037037037037 0.01875 0.03148148148148148
0 0.390625 0.4962962962962963 0.010416666666666666 0.040740740740740744
0 0.38333333333333336 0.487962962962963 0.010416666666666666 0.03888888888888889
0 0.3729166666666667 0.5055555555555555 0.008333333333333333 0.025925925925925925
0 0.06770833333333333 0.3990740740740741 0.0125 0.03518518518518519
0 0.43385416666666665 0.4842592592592593 0.009375 0.03888888888888889
0 0.42552083333333335 0.48703703703703705 0.011458333333333333 0.025925925925925925
0 0.3692708333333333 0.42314814814814816 0.009375 0.03148148148148148
0 0.36666666666666664 0.45092592592592595 0.010416666666666666 0.03518518518518519
0 0.6958333333333333 0.937037037037037 0.022916666666666665 0.07037037037037037
0 0.6385416666666667 0.6731481481481482 0.016666666666666666 0.06481481481481481
0 0.6265625 0.6805555555555556 0.015625 0.06111111111111111
0 0.5614583333333333 0.5972222222222222 0.010416666666666666 0.046296296296296294
0 0.6015625 0.6046296296296296 0.013541666666666667 0.053703703703703705
0 0.6104166666666667 0.6472222222222223 0.0125 0.05740740740740741
0 0.6171875 0.6601851851851852 0.011458333333333333 0.05740740740740741
1 0.5317708333333333 0.5398148148148149 0.013541666666666667 0.03518518518518519
0 0.4161458333333333 0.4351851851851852 0.011458333333333333 0.040740740740740744
0 0.18229166666666666 0.44351851851851853 0.008333333333333333 0.03518518518518519
0 0.17708333333333334 0.45 0.008333333333333333 0.025925925925925925
0 0.18697916666666667 0.44814814814814813 0.007291666666666667 0.025925925925925925
0 0.04739583333333333 0.4009259259259259 0.009375 0.024074074074074074
0 0.05260416666666667 0.40555555555555556 0.005208333333333333 0.022222222222222223
0 0.0578125 0.40185185185185185 0.007291666666666667 0.025925925925925925
0 0.5723958333333333 0.6138888888888889 0.009375 0.04259259259259259
0 0.5796875 0.6305555555555555 0.011458333333333333 0.046296296296296294
0 0.5661458333333333 0.5416666666666666 0.011458333333333333 0.05
0 0.5734375 0.5685185185185185 0.009375 0.04814814814814815
1 0.590625 0.575 0.01875 0.03888888888888889
0 0.6166666666666667 0.5314814814814814 0.0125 0.05185185185185185
0 0.6026041666666667 0.5351851851851852 0.011458333333333333 0.044444444444444446
0 0.5828125 0.5259259259259259 0.011458333333333333 0.040740740740740744
0 0.5927083333333333 0.5324074074074074 0.010416666666666666 0.046296296296296294
1 0.58125 0.5583333333333333 0.0125 0.03888888888888889
0 0.5630208333333333 0.49166666666666664 0.011458333333333333 0.04259259259259259
0 0.5682291666666667 0.4787037037037037 0.009375 0.04259259259259259
0 0.5453125 0.4648148148148148 0.009375 0.040740740740740744
0 0.47604166666666664 0.45 0.008333333333333333 0.03333333333333333
0 0.5270833333333333 0.4666666666666667 0.010416666666666666 0.037037037037037035
0 0.6307291666666667 0.4546296296296296 0.009375 0.04259259259259259
0 0.6078125 0.48333333333333334 0.009375 0.040740740740740744
0 0.6098958333333333 0.4027777777777778 0.009375 0.03148148148148148
0 0.6203125 0.49074074074074076 0.011458333333333333 0.037037037037037035
0 0.6338541666666667 0.4981481481481482 0.011458333333333333 0.037037037037037035
9 0.31302083333333336 0.3638888888888889 0.021875 0.027777777777777776
9 0.340625 0.3675925925925926 0.025 0.027777777777777776
1 0.3848958333333333 0.41203703703703703 0.009375 0.03148148148148148
1 0.390625 0.4148148148148148 0.008333333333333333 0.02962962962962963
1 0.39947916666666666 0.4185185185185185 0.009375 0.03333333333333333
1 0.4083333333333333 0.4148148148148148 0.010416666666666666 0.025925925925925925
1 0.37604166666666666 0.4046296296296296 0.010416666666666666 0.024074074074074074
6 0.43802083333333336 0.43425925925925923 0.030208333333333334 0.03888888888888889
9 0.0875 0.36666666666666664 0.0125 0.03333333333333333
6 0.034375 0.37222222222222223 0.022916666666666665 0.025925925925925925
1 0.4859375 0.4666666666666667 0.011458333333333333 0.02962962962962963
1 0.4942708333333333 0.47314814814814815 0.009375 0.03148148148148148
1 0.4973958333333333 0.4648148148148148 0.009375 0.02962962962962963
1 0.5026041666666666 0.4759259259259259 0.007291666666666667 0.02962962962962963
1 0.5067708333333333 0.4787037037037037 0.009375 0.024074074074074074
0 0.5552083333333333 0.4898148148148148 0.008333333333333333 0.03888888888888889
9 0.5322916666666667 0.49907407407407406 0.020833333333333332 0.024074074074074074
0 0.671875 0.45925925925925926 0.0125 0.02962962962962963
4 0.5494791666666666 0.4009259259259259 0.059375 0.05740740740740741
9 0.065625 0.37222222222222223 0.01875 0.025925925925925925
7 0.15104166666666666 0.31296296296296294 0.025 0.025925925925925925
6 0.1125 0.3398148148148148 0.01875 0.03518518518518519