3 0.8233298538622129 0.6739332096474954 0.07359081419624217 0.15120593692022263
5 0.5203549060542797 0.8450834879406308 0.09812108559498957 0.2690166975881262
1 0.5991649269311065 0.6205936920222634 0.018789144050104383 0.059369202226345084
9 0.6015135699373695 0.6396103896103896 0.019311064718162838 0.07328385899814471
1 0.7473903966597077 0.9424860853432282 0.030271398747390398 0.07606679035250463
1 0.7891440501043842 0.9452690166975881 0.027139874739039668 0.07235621521335807
9 0.747651356993737 0.9485157699443414 0.04018789144050104 0.10111317254174397
9 0.7901878914405011 0.9452690166975881 0.032359081419624215 0.10760667903525047
5 0.3447286012526096 0.6641929499072357 0.14352818371607515 0.12430426716141002
9 0.2839248434237996 0.6354359925788498 0.032359081419624215 0.03525046382189239
9 0.4131002087682672 0.5551948051948052 0.0255741127348643 0.05658627087198516
9 0.4407620041753653 0.5208719851576994 0.03496868475991649 0.04359925788497217
9 0.4405010438413361 0.4939703153988868 0.013569937369519834 0.04730983302411874
3 0.43580375782881003 0.5825602968460112 0.0709812108559499 0.12987012987012986
9 0.45433194154488515 0.4383116883116883 0.02244258872651357 0.039888682745825604
9 0.43684759916492694 0.43413729128014844 0.026096033402922755 0.04267161410018553
9 0.42092901878914407 0.41465677179962895 0.03288100208768267 0.03710575139146568
4 0.5109603340292276 0.4072356215213358 0.04384133611691023 0.07235621521335807
4 0.6124739039665971 0.349721706864564 0.030793319415448852 0.08719851576994433
7 0.514874739039666 0.27736549165120594 0.02870563674321503 0.05009276437847866
7 0.6317849686847599 0.24582560296846012 0.02035490605427975 0.05009276437847866
0 0.5279227557411273 0.16975881261595546 0.005741127348643006 0.027829313543599257
0 0.5331419624217119 0.17068645640074212 0.006784968684759917 0.025974025974025976
3 0.5260960334029228 0.15445269016697588 0.037578288100208766 0.0287569573283859
5 0.44024008350730687 0.11827458256029684 0.043319415448851775 0.05658627087198516
0 0.47312108559498955 0.11688311688311688 0.004697286012526096 0.01855287569573284
9 0.47312108559498955 0.12152133580705009 0.012004175365344467 0.016697588126159554
1 0.5033924843423799 0.11873840445269017 0.004697286012526096 0.016697588126159554
6 0.5 0.11827458256029684 0.020876826722338204 0.026901669758812616
4 0.4968684759916493 0.061224489795918366 0.019832985386221295 0.01855287569573284
1 0.6017745302713987 0.12894248608534323 0.006263048016701462 0.01855287569573284
6 0.6043841336116911 0.13079777365491652 0.017745302713987474 0.012987012987012988
1 0.6497912317327766 0.12894248608534323 0.006263048016701462 0.014842300556586271
4 0.6268267223382046 0.1614100185528757 0.03444676409185804 0.04081632653061224
3 0.6965031315240083 0.1266233766233766 0.014091858037578288 0.026901669758812616
3 0.7210334029227558 0.20222634508348794 0.024530271398747392 0.04081632653061224
1 0.7460855949895616 0.2277365491651206 0.009916492693110648 0.032467532467532464
2 0.7458246346555324 0.23191094619666047 0.007306889352818371 0.029684601113172542
7 0.7202505219206681 0.31493506493506496 0.024008350730688934 0.05844155844155844
5 0.7635699373695198 0.32235621521335805 0.033402922755741124 0.075139146567718
9 0.8376826722338204 0.35946196660482377 0.022964509394572025 0.032467532467532464
9 0.8350730688935282 0.3538961038961039 0.021920668058455117 0.032467532467532464
9 0.9055323590814196 0.34879406307977734 0.019832985386221295 0.03339517625231911
4 0.8567327766179541 0.22031539888682747 0.031837160751565764 0.039888682745825604
2 0.9444154488517745 0.4429499072356215 0.03288100208768267 0.039888682745825604
7 0.9624217118997912 0.4735621521335807 0.06263048016701461 0.07142857142857142
7 0.9684237995824635 0.5176252319109462 0.06210855949895616 0.04823747680890538
9 0.9809498956158664 0.5343228200371057 0.037056367432150315 0.04638218923933209
3 0.9501565762004175 0.5746753246753247 0.09864300626304802 0.09554730983302412
5 0.6998956158663883 0.1507421150278293 0.151356993736952 0.06586270871985157
5 0.7888830897703549 0.16001855287569575 0.13308977035490605 0.08812615955473098
5 0.9227557411273486 0.1767161410018553 0.11899791231732777 0.075139146567718
3 0.8802192066805845 0.14239332096474955 0.04018789144050104 0.039888682745825604
0 0.7176409185803758 0.14285714285714285 0.006263048016701462 0.022263450834879406
0 0.7262526096033403 0.14517625231910947 0.007828810020876827 0.026901669758812616
7 0.7116388308977035 0.13543599257884972 0.009916492693110648 0.027829313543599257
0 0.7210334029227558 0.11641929499072357 0.004697286012526096 0.01948051948051948
0 0.7249478079331941 0.11688311688311688 0.005219206680584551 0.022263450834879406
0 0.7129436325678496 0.11966604823747681 0.005219206680584551 0.02040816326530612
3 0.769572025052192 0.08905380333951762 0.013048016701461378 0.01855287569573284
3 0.7847077244258872 0.11317254174397032 0.01722338204592902 0.02411873840445269
0 0.7343423799582464 0.09554730983302412 0.0041753653444676405 0.014842300556586271
6 0.7617432150313153 0.07606679035250463 0.007828810020876827 0.02040816326530612
7 0.7781837160751566 0.05797773654916512 0.007306889352818371 0.015769944341372914
7 0.7891440501043842 0.04777365491651206 0.006263048016701462 0.013914656771799629
7 0.782098121085595 0.04916512059369202 0.005741127348643006 0.014842300556586271
1 0.7954070981210856 0.044990723562152134 0.003131524008350731 0.01020408163265306
6 0.7948851774530271 0.04823747680890538 0.0041753653444676405 0.00927643784786642
1 0.7831419624217119 0.07328385899814471 0.0036534446764091857 0.011131725417439703
9 0.7828810020876826 0.07653061224489796 0.0041753653444676405 0.012059369202226345
4 0.776356993736952 0.04081632653061224 0.012004175365344467 0.012987012987012988
4 0.7651356993736952 0.041280148423005564 0.011482254697286013 0.015769944341372914
0 0.7716597077244259 0.059369202226345084 0.0026096033402922755 0.016697588126159554
0 0.7700939457202505 0.059369202226345084 0.0036534446764091857 0.014842300556586271
4 0.7917536534446764 0.0287569573283859 0.010438413361169102 0.011131725417439703
7 0.7925365344467641 0.09461966604823747 0.014091858037578288 0.01855287569573284
7 0.8194154488517745 0.10250463821892393 0.019832985386221295 0.032467532467532464
3 0.8358559498956158 0.1038961038961039 0.013048016701461378 0.02411873840445269
3 0.8421189979123174 0.08766233766233766 0.02244258872651357 0.017625231910946195
7 0.8541231732776617 0.09230055658627087 0.02348643006263048 0.023191094619666047
1 0.8606471816283925 0.08998144712430427 0.0041753653444676405 0.01855287569573284
4 0.8350730688935282 0.0663265306122449 0.018789144050104383 0.01948051948051948
4 0.8496868475991649 0.030148423005565864 0.014613778705636743 0.013914656771799629
0 0.7502609603340292 0.08951762523191095 0.004697286012526096 0.013914656771799629