5 0.36142857142857143 0.4854060913705584 0.045714285714285714 0.14086294416243655
3 0.29178571428571426 0.5583756345177665 0.023571428571428573 0.06345177664974619
3 0.26857142857142857 0.36484771573604063 0.024285714285714285 0.06218274111675127
3 0.29392857142857143 0.3020304568527919 0.020714285714285713 0.06345177664974619
3 0.25357142857142856 0.26586294416243655 0.02142857142857143 0.05456852791878172
3 0.2785714285714286 0.1649746192893401 0.02142857142857143 0.050761421319796954
4 0.2557142857142857 0.02918781725888325 0.02142857142857143 0.050761421319796954
4 0.17964285714285713 0.08883248730964467 0.019285714285714285 0.04060913705583756
4 0.03 0.1681472081218274 0.027142857142857142 0.0799492385786802
3 0.008928571428571428 0.31408629441624364 0.017857142857142856 0.05456852791878172
3 0.008928571428571428 0.36738578680203043 0.017857142857142856 0.04949238578680203
3 0.009285714285714286 0.4302030456852792 0.015714285714285715 0.048223350253807105
3 0.012142857142857143 0.49111675126903553 0.02 0.0583756345177665
0 0.0875 0.733502538071066 0.007857142857142858 0.017766497461928935
0 0.06785714285714285 0.7322335025380711 0.007142857142857143 0.02284263959390863
0 0.59 0.8508883248730964 0.005714285714285714 0.01649746192893401
0 0.6082142857142857 0.6491116751269036 0.007857142857142858 0.01903553299492386
0 0.5067857142857143 0.6478426395939086 0.005 0.021573604060913704
0 0.5825 0.565989847715736 0.005 0.015228426395939087
0 0.5507142857142857 0.4612944162436548 0.005714285714285714 0.01903553299492386
0 0.5178571428571429 0.37055837563451777 0.004285714285714286 0.02284263959390863
1 0.4860714285714286 0.36484771573604063 0.007857142857142858 0.01649746192893401
0 0.4614285714285714 0.2887055837563452 0.005714285714285714 0.01649746192893401
0 0.4382142857142857 0.3496192893401015 0.005 0.013959390862944163
0 0.39785714285714285 0.30456852791878175 0.007142857142857143 0.025380710659898477
0 0.4782142857142857 0.2068527918781726 0.0064285714285714285 0.02284263959390863
0 0.47285714285714286 0.21890862944162437 0.01 0.02918781725888325
0 0.4632142857142857 0.22842639593908629 0.005 0.02030456852791878
0 0.4589285714285714 0.20621827411167512 0.009285714285714286 0.01903553299492386
0 0.40785714285714286 0.21637055837563451 0.005714285714285714 0.01649746192893401
0 0.4514285714285714 0.14403553299492386 0.008571428571428572 0.021573604060913704
0 0.44035714285714284 0.09200507614213198 0.007857142857142858 0.024111675126903553
0 0.38785714285714284 0.14086294416243655 0.01 0.02030456852791878
0 0.38535714285714284 0.08565989847715735 0.007857142857142858 0.013959390862944163
0 0.095 0.7385786802030457 0.011428571428571429 0.025380710659898477
0 0.075 0.725253807106599 0.01 0.024111675126903553
0 0.4157142857142857 0.1065989847715736 0.007142857142857143 0.017766497461928935
0 0.4035714285714286 0.11738578680203046 0.007142857142857143 0.01903553299492386
0 0.3925 0.11802030456852793 0.005 0.012690355329949238
0 0.38642857142857145 0.10279187817258884 0.004285714285714286 0.017766497461928935
0 0.38571428571428573 0.11611675126903553 0.005714285714285714 0.013959390862944163
0 0.39357142857142857 0.17449238578680204 0.005714285714285714 0.01903553299492386
0 0.4135714285714286 0.21890862944162437 0.004285714285714286 0.01649746192893401
0 0.4207142857142857 0.2182741116751269 0.007142857142857143 0.017766497461928935
0 0.4278571428571429 0.2151015228426396 0.004285714285714286 0.01903553299492386
0 0.4664285714285714 0.29378172588832485 0.005714285714285714 0.01649746192893401
0 0.4425 0.35596446700507617 0.005 0.01649746192893401
0 0.5539285714285714 0.4714467005076142 0.005 0.021573604060913704
0 0.5857142857142857 0.5761421319796954 0.005714285714285714 0.017766497461928935
0 0.6110714285714286 0.6586294416243654 0.007857142857142858 0.02030456852791878
0 0.6139285714285714 0.6675126903553299 0.009285714285714286 0.02030456852791878
0 0.5114285714285715 0.6484771573604061 0.005714285714285714 0.02284263959390863
0 0.5939285714285715 0.8578680203045685 0.0064285714285714285 0.02030456852791878
0 0.5214285714285715 0.37119289340101524 0.004285714285714286 0.021573604060913704