0 0.02035714285714286 0.04187817258883249 0.007857142857142858 0.012690355329949238
4 0.03678571428571428 0.6034263959390863 0.027857142857142858 0.03680203045685279
3 0.09178571428571429 0.6573604060913706 0.029285714285714286 0.04060913705583756
3 0.030357142857142857 0.6478426395939086 0.029285714285714286 0.04187817258883249
3 0.0067857142857142855 0.7271573604060914 0.013571428571428571 0.048223350253807105
3 0.026785714285714284 0.7633248730964467 0.027857142857142858 0.05456852791878172
3 0.04357142857142857 0.7715736040609137 0.02 0.04568527918781726
3 0.07892857142857143 0.8356598984771574 0.02214285714285714 0.04949238578680203
3 0.09214285714285714 0.8565989847715736 0.022857142857142857 0.04568527918781726
4 0.06428571428571428 0.815989847715736 0.027142857142857142 0.0583756345177665
9 0.12964285714285714 0.9143401015228426 0.015 0.021573604060913704
9 0.13535714285714287 0.9378172588832487 0.017857142857142856 0.015228426395939087
4 0.14821428571428572 0.9727157360406091 0.03642857142857143 0.031725888324873094
3 0.16285714285714287 0.7220812182741116 0.03 0.03807106598984772
3 0.23785714285714285 0.7861675126903553 0.032857142857142856 0.04187817258883249
3 0.2892857142857143 0.8445431472081218 0.03142857142857143 0.03934010152284264
3 0.19071428571428573 0.7728426395939086 0.02857142857142857 0.04060913705583756
4 0.3610714285714286 0.751269035532995 0.035 0.04568527918781726
4 0.4235714285714286 0.8299492385786802 0.03571428571428571 0.04314720812182741
4 0.5914285714285714 0.8001269035532995 0.03142857142857143 0.03426395939086294
9 0.5689285714285715 0.8864213197969543 0.016428571428571428 0.01903553299492386
1 0.5692857142857143 0.8889593908629442 0.007142857142857143 0.013959390862944163
8 0.95 0.9092639593908629 0.1 0.10532994923857868
8 0.8246428571428571 0.4486040609137056 0.05785714285714286 0.03680203045685279
4 0.9253571428571429 0.4282994923857868 0.035 0.031725888324873094
4 0.8725 0.4498730964467005 0.030714285714285715 0.02918781725888325
0 0.7332142857142857 0.39847715736040606 0.007857142857142858 0.01015228426395939
3 0.7667857142857143 0.44923857868020306 0.03357142857142857 0.027918781725888325
3 0.7114285714285714 0.43908629441624364 0.032857142857142856 0.027918781725888325
4 0.6635714285714286 0.43147208121827413 0.03428571428571429 0.030456852791878174
3 0.5357142857142857 0.39149746192893403 0.03428571428571429 0.031725888324873094
8 0.6025 0.407994923857868 0.05357142857142857 0.044416243654822336
0 0.5325 0.2779187817258883 0.005 0.012690355329949238
9 0.6303571428571428 0.141497461928934 0.0064285714285714285 0.02918781725888325
9 0.6403571428571428 0.2315989847715736 0.005 0.021573604060913704
9 0.6267857142857143 0.09454314720812183 0.0064285714285714285 0.031725888324873094