3 0.03566176470588235 0.40065359477124185 0.03455882352941177 0.032679738562091505
4 0.06470588235294118 0.4503267973856209 0.04264705882352941 0.05359477124183006
3 0.05551470588235294 0.4843137254901961 0.04191176470588235 0.040522875816993466
3 0.07022058823529412 0.5281045751633987 0.04191176470588235 0.03137254901960784
3 0.08713235294117647 0.5705882352941176 0.03897058823529412 0.030065359477124184
3 0.34595588235294117 0.5816993464052288 0.02426470588235294 0.047058823529411764
3 0.1264705882352941 0.6745098039215687 0.039705882352941174 0.04183006535947712
0 0.07647058823529412 0.8098039215686275 0.01764705882352941 0.011764705882352941
0 0.13529411764705881 0.9366013071895425 0.014705882352941176 0.0196078431372549
3 0.01875 0.9281045751633987 0.025735294117647058 0.06797385620915032
3 0.05036764705882353 0.8856209150326797 0.02426470588235294 0.0718954248366013
1 0.06801470588235294 0.9640522875816994 0.009558823529411765 0.011764705882352941
9 0.06875 0.9640522875816994 0.013970588235294118 0.0196078431372549
3 0.0875 0.984313725490196 0.030882352941176472 0.03137254901960784
3 0.19191176470588237 0.8895424836601307 0.03823529411764706 0.05359477124183006
1 0.19963235294117648 0.9588235294117647 0.008088235294117648 0.01437908496732026
9 0.20147058823529412 0.9562091503267974 0.011764705882352941 0.022222222222222223
3 0.24338235294117647 0.9477124183006536 0.03676470588235294 0.054901960784313725
3 0.2555147058823529 0.7437908496732026 0.03455882352941177 0.047058823529411764
0 0.3235294117647059 0.8856209150326797 0.007352941176470588 0.009150326797385621
0 0.3261029411764706 0.8928104575163399 0.008088235294117648 0.01045751633986928
1 0.3863970588235294 0.7986928104575164 0.006617647058823529 0.013071895424836602
9 0.3871323529411765 0.7980392156862746 0.011029411764705883 0.01699346405228758
1 0.30220588235294116 0.7261437908496732 0.004411764705882353 0.011764705882352941
9 0.30220588235294116 0.7261437908496732 0.013235294117647059 0.01699346405228758
3 0.4404411764705882 0.8352941176470589 0.03235294117647059 0.054901960784313725
3 0.46433823529411766 0.792156862745098 0.03602941176470588 0.06274509803921569
3 0.49558823529411766 0.7633986928104575 0.030882352941176472 0.06274509803921569
3 0.5073529411764706 0.665359477124183 0.03676470588235294 0.0392156862745098
3 0.43125 0.6915032679738562 0.03455882352941177 0.047058823529411764
3 0.48419117647058824 0.5601307189542484 0.03455882352941177 0.050980392156862744
3 0.4764705882352941 0.4954248366013072 0.03529411764705882 0.047058823529411764
3 0.5533088235294118 0.3503267973856209 0.027205882352941177 0.06274509803921569
3 0.5933823529411765 0.30130718954248364 0.025 0.06143790849673202
3 0.6235294117647059 0.27058823529411763 0.033823529411764704 0.05228758169934641
3 0.6911764705882353 0.19673202614379084 0.029411764705882353 0.058823529411764705
6 0.7069852941176471 0.18169934640522875 0.01838235294117647 0.0392156862745098
3 0.7665441176470589 0.11764705882352941 0.02426470588235294 0.04183006535947712
8 0.9665441176470588 0.036601307189542485 0.06544117647058824 0.07320261437908497
3 0.9838235294117647 0.0803921568627451 0.030882352941176472 0.048366013071895426
1 0.9863970588235295 0.12810457516339868 0.006617647058823529 0.013071895424836602
9 0.9849264705882353 0.13137254901960785 0.011029411764705883 0.0196078431372549
3 0.8463235294117647 0.1627450980392157 0.03676470588235294 0.05359477124183006
1 0.7897058823529411 0.16666666666666666 0.007352941176470588 0.01699346405228758
9 0.7893382352941176 0.16993464052287582 0.013970588235294118 0.02091503267973856
3 0.93125 0.2457516339869281 0.03602941176470588 0.04967320261437908
3 0.9213235294117647 0.2784313725490196 0.033823529411764704 0.05228758169934641
9 0.9029411764705882 0.31241830065359477 0.008823529411764706 0.02091503267973856
9 0.8959558823529412 0.32222222222222224 0.006617647058823529 0.022222222222222223
9 0.8886029411764705 0.3287581699346405 0.0125 0.0196078431372549
2 0.8827205882352941 0.3359477124183007 0.009558823529411765 0.023529411764705882
9 0.8764705882352941 0.3405228758169935 0.007352941176470588 0.02483660130718954
0 0.8466911764705882 0.2601307189542484 0.011029411764705883 0.018300653594771243
3 0.8694852941176471 0.27450980392156865 0.03455882352941177 0.04967320261437908
3 0.8352941176470589 0.23137254901960785 0.033823529411764704 0.047058823529411764
3 0.7591911764705882 0.26405228758169935 0.03455882352941177 0.05228758169934641
3 0.7224264705882353 0.4176470588235294 0.03455882352941177 0.0457516339869281
3 0.6665441176470588 0.4176470588235294 0.03602941176470588 0.0457516339869281
3 0.6830882352941177 0.45816993464052286 0.03676470588235294 0.05359477124183006
9 0.40404411764705883 0.8633986928104576 0.006617647058823529 0.022222222222222223
3 0.4099264705882353 0.8633986928104576 0.008088235294117648 0.022222222222222223
3 0.4172794117647059 0.8542483660130719 0.008088235294117648 0.022222222222222223
3 0.42463235294117646 0.8516339869281045 0.009558823529411765 0.022222222222222223
9 0.6665441176470588 0.615686274509804 0.008088235294117648 0.02091503267973856
9 0.6613970588235294 0.6176470588235294 0.008088235294117648 0.0196078431372549
9 0.7341911764705882 0.4470588235294118 0.006617647058823529 0.026143790849673203
9 0.725 0.4568627450980392 0.007352941176470588 0.022222222222222223
0 0.7746323529411765 0.4666666666666667 0.008088235294117648 0.01568627450980392
0 0.4588235294117647 0.34248366013071896 0.004411764705882353 0.00784313725490196
0 0.4716911764705882 0.3712418300653595 0.005147058823529412 0.01045751633986928
0 0.47573529411764703 0.3764705882352941 0.004411764705882353 0.00784313725490196
0 0.506985294117647 0.47843137254901963 0.0022058823529411764 0.01045751633986928
1 0.5073529411764706 0.5045751633986928 0.0058823529411764705 0.01045751633986928
9 0.506985294117647 0.5045751633986928 0.009558823529411765 0.01568627450980392
0 0.6194852941176471 0.5013071895424837 0.008088235294117648 0.009150326797385621
1 0.6294117647058823 0.5091503267973856 0.0058823529411764705 0.011764705882352941
9 0.6290441176470588 0.5078431372549019 0.009558823529411765 0.01699346405228758
1 0.5775735294117647 0.44313725490196076 0.006617647058823529 0.01568627450980392
9 0.5761029411764705 0.4437908496732026 0.011029411764705883 0.01699346405228758
1 0.5838235294117647 0.40326797385620916 0.004411764705882353 0.011764705882352941
9 0.5827205882352942 0.40588235294117647 0.009558823529411765 0.01437908496732026
1 0.549264705882353 0.44901960784313727 0.007352941176470588 0.011764705882352941
9 0.5488970588235295 0.44901960784313727 0.011029411764705883 0.0196078431372549