3 0.06838235294117648 0.7143790849673203 0.1 0.08758169934640522
3 0.11838235294117647 0.6647058823529411 0.09117647058823529 0.06666666666666667
3 0.16213235294117648 0.6098039215686275 0.08897058823529412 0.058823529411764705
3 0.17647058823529413 0.5738562091503268 0.06764705882352941 0.047058823529411764
3 0.19375 0.545751633986928 0.07720588235294118 0.05620915032679739
3 0.2275735294117647 0.4843137254901961 0.06985294117647059 0.048366013071895426
3 0.24338235294117647 0.434640522875817 0.061764705882352944 0.040522875816993466
3 0.24816176470588236 0.4137254901960784 0.05808823529411765 0.03529411764705882
3 0.2584558823529412 0.39869281045751637 0.05220588235294118 0.0392156862745098
3 0.2735294117647059 0.3843137254901961 0.05 0.0392156862745098
3 0.28198529411764706 0.369281045751634 0.04779411764705882 0.03790849673202614
4 0.10404411764705883 0.39019607843137255 0.04779411764705882 0.07450980392156863
6 0.12610294117647058 0.44248366013071894 0.04044117647058824 0.040522875816993466
4 0.18382352941176472 0.3111111111111111 0.03823529411764706 0.036601307189542485
3 0.19963235294117648 0.29411764705882354 0.0375 0.023529411764705882
3 0.21838235294117647 0.2869281045751634 0.03529411764705882 0.02483660130718954
4 0.23161764705882354 0.2633986928104575 0.033823529411764704 0.030065359477124184
3 0.2400735294117647 0.25620915032679736 0.030147058823529412 0.023529411764705882
3 0.24595588235294116 0.24836601307189543 0.028676470588235293 0.023529411764705882
3 0.2922794117647059 0.3535947712418301 0.04485294117647059 0.030065359477124184
3 0.29705882352941176 0.3464052287581699 0.039705882352941174 0.02875816993464052
3 0.2908088235294118 0.3281045751633987 0.04632352941176471 0.03398692810457516
3 0.30661764705882355 0.31895424836601305 0.041176470588235294 0.02875816993464052
4 0.31213235294117647 0.23529411764705882 0.019852941176470587 0.03398692810457516
0 0.25735294117647056 0.3111111111111111 0.0058823529411764705 0.026143790849673203
0 0.2525735294117647 0.3130718954248366 0.005147058823529412 0.030065359477124184
9 0.25882352941176473 0.2372549019607843 0.011764705882352941 0.011764705882352941
9 0.27058823529411763 0.23790849673202613 0.010294117647058823 0.013071895424836602
4 0.25735294117647056 0.2019607843137255 0.014705882352941176 0.02483660130718954
3 0.2863970588235294 0.20392156862745098 0.016911764705882352 0.023529411764705882
3 0.3044117647058823 0.20588235294117646 0.011764705882352941 0.01699346405228758
4 0.31691176470588234 0.20326797385620915 0.010294117647058823 0.022222222222222223
9 0.3058823529411765 0.27450980392156865 0.014705882352941176 0.01568627450980392
1 0.30514705882352944 0.2679738562091503 0.0058823529411764705 0.02091503267973856
1 0.2786764705882353 0.5869281045751634 0.014705882352941176 0.03398692810457516
3 0.3463235294117647 0.8418300653594771 0.10441176470588236 0.14640522875816994
0 0.3709558823529412 0.8568627450980392 0.015441176470588236 0.07973856209150326
3 0.33897058823529413 0.7372549019607844 0.051470588235294115 0.11241830065359477
4 0.45036764705882354 0.642483660130719 0.03455882352941177 0.10065359477124183
9 0.4319852941176471 0.7437908496732026 0.015441176470588236 0.04967320261437908
1 0.43161764705882355 0.7222222222222222 0.016176470588235296 0.050980392156862744
3 0.3830882352941177 0.3810457516339869 0.041176470588235294 0.0457516339869281
3 0.4290441176470588 0.3509803921568627 0.019852941176470587 0.040522875816993466
3 0.44375 0.3111111111111111 0.016911764705882352 0.02875816993464052
3 0.4389705882352941 0.2954248366013072 0.01764705882352941 0.023529411764705882
0 0.4474264705882353 0.2751633986928105 0.005147058823529412 0.02483660130718954
0 0.44632352941176473 0.2529411764705882 0.004411764705882353 0.0196078431372549
3 0.4588235294117647 0.22483660130718955 0.013235294117647059 0.02091503267973856
1 0.4415441176470588 0.21568627450980393 0.003676470588235294 0.01568627450980392
0 0.44816176470588237 0.21764705882352942 0.003676470588235294 0.01699346405228758
0 0.4496323529411765 0.20784313725490197 0.003676470588235294 0.01045751633986928
4 0.45698529411764705 0.2045751633986928 0.011029411764705883 0.0196078431372549
1 0.4647058823529412 0.23006535947712417 0.004411764705882353 0.01045751633986928
9 0.4647058823529412 0.23594771241830065 0.004411764705882353 0.009150326797385621
1 0.4724264705882353 0.28627450980392155 0.005147058823529412 0.01568627450980392
9 0.4724264705882353 0.2934640522875817 0.005147058823529412 0.01437908496732026
3 0.48823529411764705 0.2196078431372549 0.011764705882352941 0.026143790849673203
3 0.4808823529411765 0.2065359477124183 0.016176470588235296 0.018300653594771243
3 0.46801470588235294 0.16013071895424835 0.008088235294117648 0.01437908496732026
4 0.46911764705882353 0.14836601307189543 0.010294117647058823 0.011764705882352941
3 0.4827205882352941 0.11045751633986928 0.005147058823529412 0.009150326797385621
4 0.49375 0.14313725490196078 0.006617647058823529 0.011764705882352941
0 0.48676470588235293 0.17058823529411765 0.0029411764705882353 0.01437908496732026
0 0.4922794117647059 0.25098039215686274 0.003676470588235294 0.02091503267973856
0 0.47904411764705884 0.15163398692810456 0.0022058823529411764 0.01045751633986928
0 0.4772058823529412 0.13856209150326798 0.0029411764705882353 0.01045751633986928
1 0.5143382352941176 0.18823529411764706 0.003676470588235294 0.01045751633986928
9 0.5143382352941176 0.19281045751633988 0.003676470588235294 0.009150326797385621
3 0.5099264705882353 0.25947712418300656 0.013970588235294118 0.02483660130718954
4 0.5018382352941176 0.28954248366013075 0.013970588235294118 0.032679738562091505
1 0.5183823529411765 0.2777777777777778 0.004411764705882353 0.01437908496732026
9 0.5183823529411765 0.28627450980392155 0.004411764705882353 0.013071895424836602
3 0.5044117647058823 0.3431372549019608 0.01911764705882353 0.030065359477124184
3 0.48566176470588235 0.4300653594771242 0.027205882352941177 0.047058823529411764
6 0.5360294117647059 0.3287581699346405 0.014705882352941176 0.030065359477124184
1 0.5330882352941176 0.3202614379084967 0.0058823529411764705 0.013071895424836602
0 0.5455882352941176 0.365359477124183 0.0058823529411764705 0.032679738562091505
0 0.5544117647058824 0.36797385620915035 0.0058823529411764705 0.032679738562091505
4 0.54375 0.2908496732026144 0.016911764705882352 0.03529411764705882
9 0.55625 0.7542483660130719 0.016911764705882352 0.054901960784313725
1 0.5569852941176471 0.7411764705882353 0.013970588235294118 0.04967320261437908
0 0.5966911764705882 0.8588235294117647 0.015441176470588236 0.07058823529411765
5 0.7529411764705882 0.9777777777777777 0.16029411764705884 0.044444444444444446
5 0.7294117647058823 0.8836601307189542 0.16176470588235295 0.1437908496732026
5 0.68125 0.7058823529411765 0.11397058823529412 0.09934640522875816
0 0.8330882352941177 0.6183006535947713 0.014705882352941176 0.04967320261437908
0 0.8529411764705882 0.6150326797385621 0.010294117647058823 0.048366013071895426
1 0.836764705882353 0.6058823529411764 0.0058823529411764705 0.02483660130718954
1 0.9805147058823529 0.773202614379085 0.011029411764705883 0.02483660130718954
8 0.925 0.596078431372549 0.15 0.11241830065359477
9 0.7915441176470588 0.5124183006535947 0.009558823529411765 0.03398692810457516
9 0.8018382352941177 0.5143790849673202 0.009558823529411765 0.03529411764705882
9 0.7356617647058824 0.4189542483660131 0.006617647058823529 0.030065359477124184
9 0.7205882352941176 0.38235294117647056 0.008823529411764706 0.022222222222222223
9 0.7136029411764706 0.38496732026143793 0.006617647058823529 0.02483660130718954
9 0.6988970588235294 0.38300653594771245 0.009558823529411765 0.023529411764705882
9 0.6952205882352941 0.3738562091503268 0.013970588235294118 0.01568627450980392
9 0.7077205882352942 0.36797385620915035 0.015441176470588236 0.022222222222222223
0 0.6775735294117647 0.31176470588235294 0.006617647058823529 0.030065359477124184
0 0.6584558823529412 0.28366013071895424 0.003676470588235294 0.026143790849673203
0 0.6555147058823529 0.28104575163398693 0.005147058823529412 0.026143790849673203