3 0.49607142857142855 0.5126903553299492 0.017857142857142856 0.0583756345177665
3 0.41035714285714286 0.7817258883248731 0.02214285714285714 0.07614213197969544
3 0.38035714285714284 0.7842639593908629 0.019285714285714285 0.06598984771573604
3 0.40464285714285714 0.9263959390862944 0.02214285714285714 0.08883248730964467
3 0.4317857142857143 0.16116751269035534 0.012142857142857143 0.030456852791878174
3 0.5028571428571429 0.07931472081218274 0.011428571428571429 0.02918781725888325
3 0.4542857142857143 0.060279187817258884 0.007142857142857143 0.021573604060913704
3 0.4546428571428571 0.12436548223350254 0.009285714285714286 0.027918781725888325
4 0.4982142857142857 0.2766497461928934 0.012142857142857143 0.04568527918781726
3 0.4367857142857143 0.41243654822335024 0.016428571428571428 0.04314720812182741
4 0.5189285714285714 0.4213197969543147 0.013571428571428571 0.05583756345177665
3 0.4760714285714286 0.08756345177664974 0.012142857142857143 0.027918781725888325
3 0.4632142857142857 0.023477157360406092 0.010714285714285714 0.021573604060913704
3 0.4467857142857143 0.005076142131979695 0.009285714285714286 0.01015228426395939