4 0.027857142857142858 0.7931472081218274 0.055714285714285716 0.07106598984771574
4 0.14 0.8147208121827412 0.08714285714285715 0.07106598984771574
4 0.25821428571428573 0.833756345177665 0.10357142857142858 0.08375634517766498
4 0.3892857142857143 0.8470812182741116 0.09857142857142857 0.0799492385786802
3 0.5046428571428572 0.8642131979695431 0.09642857142857143 0.07868020304568528
3 0.6157142857142858 0.8845177664974619 0.10142857142857142 0.08121827411167512
0 0.8885714285714286 0.7277918781725888 0.02142857142857143 0.01903553299492386
0 0.9060714285714285 0.6313451776649747 0.025 0.021573604060913704
0 0.41892857142857143 0.22144670050761422 0.013571428571428571 0.03680203045685279
0 0.4228571428571429 0.2703045685279188 0.008571428571428572 0.02030456852791878
0 0.42428571428571427 0.2880710659898477 0.008571428571428572 0.02284263959390863
0 0.42714285714285716 0.30647208121827413 0.008571428571428572 0.01903553299492386
0 0.32107142857142856 0.5786802030456852 0.019285714285714285 0.027918781725888325
0 0.3417857142857143 0.5425126903553299 0.012142857142857143 0.01649746192893401
0 0.3532142857142857 0.506979695431472 0.009285714285714286 0.01903553299492386
0 0.3982142857142857 0.5025380710659898 0.009285714285714286 0.015228426395939087
0 0.38142857142857145 0.4733502538071066 0.011428571428571429 0.017766497461928935
0 0.3921428571428571 0.4606598984771574 0.011428571428571429 0.017766497461928935
0 0.4060714285714286 0.5710659898477157 0.010714285714285714 0.015228426395939087
0 0.4225 0.5482233502538071 0.009285714285714286 0.02030456852791878
0 0.43535714285714283 0.5380710659898477 0.007857142857142858 0.02284263959390863
0 0.41714285714285715 0.5977157360406091 0.008571428571428572 0.030456852791878174
0 0.43214285714285716 0.5843908629441624 0.015714285714285715 0.01903553299492386
0 0.44785714285714284 0.5621827411167513 0.011428571428571429 0.02030456852791878
0 0.4585714285714286 0.6135786802030457 0.011428571428571429 0.02918781725888325
0 0.4907142857142857 0.618020304568528 0.01 0.030456852791878174
0 0.5042857142857143 0.6154822335025381 0.011428571428571429 0.03807106598984772
0 0.5057142857142857 0.43591370558375636 0.014285714285714285 0.01903553299492386
0 0.4114285714285714 0.4168781725888325 0.01 0.01649746192893401
0 0.34285714285714286 0.37182741116751267 0.012857142857142857 0.02284263959390863
0 0.38857142857142857 0.4156091370558376 0.011428571428571429 0.013959390862944163
0 0.4235714285714286 0.4098984771573604 0.007142857142857143 0.017766497461928935
0 0.4207142857142857 0.38261421319796957 0.01 0.01903553299492386
0 0.4132142857142857 0.36484771573604063 0.009285714285714286 0.024111675126903553
0 0.4253571428571429 0.3546954314720812 0.009285714285714286 0.01649746192893401
0 0.4228571428571429 0.3401015228426396 0.005714285714285714 0.017766497461928935
0 0.4160714285714286 0.3229695431472081 0.010714285714285714 0.01903553299492386
0 0.4564285714285714 0.3223350253807107 0.008571428571428572 0.02284263959390863
0 0.4517857142857143 0.3020304568527919 0.0064285714285714285 0.017766497461928935
0 0.5992857142857143 0.3565989847715736 0.012857142857142857 0.030456852791878174
0 0.6171428571428571 0.41878172588832485 0.01 0.017766497461928935
0 0.5596428571428571 0.09961928934010152 0.010714285714285714 0.024111675126903553
0 0.5592857142857143 0.03426395939086294 0.01 0.025380710659898477