0 0.50875 0.6083333333333333 0.0045 0.011333333333333334
0 0.44525 0.49766666666666665 0.0035 0.012666666666666666
9 0.43175 0.4716666666666667 0.0035 0.011333333333333334
2 0.437 0.482 0.003 0.012
2 0.44 0.4553333333333333 0.008 0.006666666666666667
3 0.77275 0.5696666666666667 0.0195 0.034
3 0.7515 0.5166666666666667 0.019 0.03333333333333333
4 0.7245 0.44433333333333336 0.013 0.026
0 0.72025 0.4513333333333333 0.0035 0.012
4 0.716 0.4186666666666667 0.013 0.025333333333333333
3 0.70075 0.18166666666666667 0.0125 0.016666666666666666
8 0.65025 0.04833333333333333 0.0195 0.03266666666666666
8 0.663 0.07633333333333334 0.019 0.03266666666666666
0 0.68925 0.099 0.0035 0.007333333333333333
0 0.6535 0.032 0.003 0.006666666666666667
0 0.66575 0.04 0.0025 0.006666666666666667
3 0.96925 0.903 0.0355 0.06333333333333334
3 0.98975 0.6573333333333333 0.0205 0.036
3 0.9615 0.5986666666666667 0.021 0.025333333333333333
3 0.94475 0.5663333333333334 0.0235 0.03
3 0.9255 0.5333333333333333 0.022 0.02666666666666667
3 0.895 0.476 0.019 0.025333333333333333
3 0.8975 0.433 0.019 0.023333333333333334
3 0.87325 0.435 0.0185 0.023333333333333334
3 0.8855 0.403 0.019 0.024666666666666667
0 0.8525 0.369 0.004 0.01
0 0.85975 0.35633333333333334 0.0035 0.01
0 0.85 0.3466666666666667 0.004 0.009333333333333334
0 0.82675 0.384 0.0055 0.014666666666666666
0 0.832 0.32466666666666666 0.004 0.010666666666666666
0 0.8195 0.309 0.005 0.01
0 0.82575 0.2916666666666667 0.0055 0.01
0 0.81725 0.296 0.0035 0.008
0 0.79525 0.2643333333333333 0.0035 0.008666666666666666
0 0.79625 0.24733333333333332 0.0035 0.009333333333333334
0 0.80575 0.25533333333333336 0.0045 0.009333333333333334
0 0.807 0.2633333333333333 0.006 0.010666666666666666
0 0.80575 0.283 0.0035 0.008666666666666666
0 0.81 0.2743333333333333 0.004 0.008666666666666666
0 0.82 0.27066666666666667 0.004 0.009333333333333334
0 0.81525 0.259 0.0045 0.01
0 0.8095 0.226 0.004 0.008
0 0.80175 0.21366666666666667 0.0045 0.006
0 0.818 0.23833333333333334 0.005 0.01
3 0.8215 0.338 0.015 0.018666666666666668
3 0.80925 0.31733333333333336 0.0155 0.018666666666666668
3 0.7975 0.295 0.015 0.018
0 0.794 0.298 0.004 0.010666666666666666
3 0.78825 0.27566666666666667 0.0135 0.015333333333333332
3 0.77825 0.25766666666666665 0.0135 0.015333333333333332
3 0.77025 0.24266666666666667 0.0125 0.014666666666666666
3 0.7625 0.228 0.013 0.016
3 0.753 0.21133333333333335 0.012 0.014666666666666666
3 0.74575 0.19766666666666666 0.0095 0.011333333333333334
3 0.73875 0.185 0.0105 0.014
3 0.731 0.16966666666666666 0.011 0.012666666666666666
3 0.724 0.15666666666666668 0.011 0.013333333333333334
3 0.74925 0.18566666666666667 0.0115 0.015333333333333332
0 0.74625 0.18566666666666667 0.0035 0.01
3 0.7665 0.4236666666666667 0.019 0.035333333333333335