5 0.9504175365344467 0.7884972170686456 0.049060542797494784 0.06679035250463822
0 0.9830375782881002 0.45686456400742115 0.010960334029227558 0.021335807050092765
0 0.8525574112734864 0.34461966604823746 0.009916492693110648 0.023191094619666047
0 0.8228079331941545 0.3358070500927644 0.007828810020876827 0.01855287569573284
9 0.8068893528183716 0.2945269016697588 0.013569937369519834 0.01948051948051948
9 0.819937369519833 0.27133580705009275 0.014613778705636743 0.01948051948051948
9 0.8410751565762005 0.20640074211502782 0.014091858037578288 0.013914656771799629
1 0.8410751565762005 0.20500927643784786 0.004697286012526096 0.016697588126159554
6 0.8014091858037579 0.13543599257884972 0.015135699373695199 0.022263450834879406
1 0.8058455114822547 0.1261595547309833 0.006263048016701462 0.014842300556586271
9 0.9081419624217119 0.09647495361781076 0.013569937369519834 0.016697588126159554
9 0.9177974947807933 0.08256029684601113 0.012004175365344467 0.014842300556586271
4 0.8460334029227558 0.05844155844155844 0.017745302713987474 0.02411873840445269
3 0.8528183716075156 0.03942486085343228 0.024008350730688934 0.01948051948051948
3 0.8674321503131524 0.022263450834879406 0.015657620041753653 0.02040816326530612
3 0.8776096033402923 0.008348794063079777 0.015135699373695199 0.016697588126159554
4 0.800365344467641 0.04823747680890538 0.013048016701461378 0.027829313543599257
3 0.7896659707724426 0.06307977736549165 0.017745302713987474 0.029684601113172542
5 0.7653966597077244 0.10296846011131726 0.02035490605427975 0.03525046382189239
4 0.8282881002087683 0.006957328385899814 0.016701461377870562 0.013914656771799629
3 0.8097599164926931 0.03525046382189239 0.016179540709812108 0.025974025974025976
4 0.7985386221294363 0.23098330241187384 0.028183716075156576 0.03525046382189239
4 0.7818371607515657 0.2527829313543599 0.030271398747390398 0.032467532467532464
4 0.7713987473903967 0.274582560296846 0.03549060542797495 0.03896103896103896
3 0.7533924843423799 0.3144712430426716 0.030793319415448852 0.04267161410018553
3 0.6975469728601252 0.2189239332096475 0.02348643006263048 0.03525046382189239
4 0.7541753653444676 0.1280148423005566 0.018789144050104383 0.029684601113172542
5 0.7291231732776617 0.15769944341372913 0.0407098121085595 0.07606679035250463
3 0.6625782881002088 0.2722634508348794 0.0255741127348643 0.04359925788497217
9 0.6362212943632568 0.313543599257885 0.012526096033402923 0.012987012987012988
6 0.6239561586638831 0.3334879406307978 0.01826722338204593 0.01948051948051948
9 0.6119519832985386 0.3163265306122449 0.012004175365344467 0.022263450834879406
9 0.6239561586638831 0.30612244897959184 0.005741127348643006 0.02040816326530612
0 0.6260438413361169 0.2787569573283859 0.005741127348643006 0.01948051948051948
1 0.4723382045929019 0.23191094619666047 0.0041753653444676405 0.016697588126159554
3 0.6088204592901879 0.4322820037105751 0.030793319415448852 0.05194805194805195
3 0.5850730688935282 0.575139146567718 0.03444676409185804 0.059369202226345084
5 0.5099164926931107 0.5176252319109462 0.0407098121085595 0.06679035250463822
5 0.39326722338204595 0.6971243042671614 0.10386221294363257 0.17161410018552875
3 0.3786534446764092 0.5153061224489796 0.03496868475991649 0.05844155844155844
5 0.39431106471816285 0.5310760667903525 0.04749478079331942 0.06957328385899815
3 0.21059498956158665 0.7346938775510204 0.05167014613778706 0.07421150278293136
4 0.18319415448851775 0.9188311688311688 0.05741127348643006 0.08812615955473098
4 0.07437369519832986 0.891465677179963 0.055845511482254695 0.08719851576994433