3 0.069 0.8636666666666667 0.127 0.09
3 0.0345 0.9666666666666667 0.068 0.064
5 0.28025 0.4533333333333333 0.0455 0.05333333333333334
0 0.3065 0.42433333333333334 0.007 0.020666666666666667
0 0.315 0.4196666666666667 0.01 0.022
0 0.30975 0.4146666666666667 0.0065 0.02266666666666667
3 0.348 0.4186666666666667 0.052 0.028
1 0.35575 0.46166666666666667 0.0095 0.020666666666666667
5 0.48625 0.3973333333333333 0.0245 0.03333333333333333
3 0.38775 0.8926666666666667 0.0725 0.15066666666666667
3 0.422 0.744 0.055 0.104
0 0.69425 0.855 0.0255 0.04466666666666667
0 0.7835 0.756 0.018 0.05333333333333334
0 0.74825 0.7253333333333334 0.0115 0.037333333333333336
4 0.70675 0.5756666666666667 0.0355 0.07666666666666666
0 0.75575 0.53 0.0105 0.032
0 0.7415 0.5503333333333333 0.01 0.028666666666666667
1 0.73475 0.5476666666666666 0.0075 0.019333333333333334
9 0.737 0.556 0.016 0.03333333333333333
9 0.7385 0.5346666666666666 0.013 0.018666666666666668
0 0.74225 0.4633333333333333 0.0115 0.025333333333333333
0 0.75875 0.4723333333333333 0.0115 0.027333333333333334
0 0.751 0.43266666666666664 0.009 0.025333333333333333
0 0.6935 0.4256666666666667 0.009 0.023333333333333334
6 0.75625 0.4176666666666667 0.0285 0.020666666666666667
9 0.75625 0.4 0.0095 0.018666666666666668
0 0.74 0.407 0.008 0.022
0 0.7305 0.4053333333333333 0.009 0.025333333333333333
6 0.72 0.39166666666666666 0.015 0.024666666666666667
0 0.71625 0.3953333333333333 0.0095 0.024
0 0.74575 0.36866666666666664 0.0075 0.024
0 0.7435 0.346 0.007 0.018666666666666668
0 0.734 0.3293333333333333 0.006 0.02
0 0.73775 0.33166666666666667 0.0055 0.014
1 0.74225 0.31233333333333335 0.0065 0.016666666666666666
3 0.75025 0.332 0.0195 0.02266666666666667
4 0.761 0.31733333333333336 0.018 0.02666666666666667
0 0.76825 0.31033333333333335 0.0055 0.018
0 0.7735 0.30966666666666665 0.005 0.018
0 0.774 0.31733333333333336 0.007 0.024
9 0.74125 0.471 0.0215 0.022
0 0.67325 0.42766666666666664 0.0075 0.023333333333333334
0 0.66175 0.425 0.0075 0.020666666666666667
0 0.66025 0.4176666666666667 0.0075 0.020666666666666667
3 0.5635 0.7183333333333334 0.045 0.11
9 0.569 0.6123333333333333 0.017 0.03666666666666667
9 0.58725 0.6136666666666667 0.0185 0.038
3 0.5795 0.5653333333333334 0.032 0.06533333333333333
4 0.46625 0.6063333333333333 0.0395 0.06466666666666666
3 0.53575 0.5743333333333334 0.0355 0.05533333333333333
3 0.57625 0.5113333333333333 0.0295 0.04533333333333334
1 0.55425 0.514 0.0095 0.029333333333333333
9 0.554 0.5173333333333333 0.01 0.028
0 0.553 0.49166666666666664 0.009 0.026
3 0.589 0.477 0.047 0.042
3 0.5915 0.45766666666666667 0.046 0.03133333333333333
0 0.6315 0.43633333333333335 0.006 0.022
0 0.614 0.43366666666666664 0.009 0.024666666666666667
1 0.6015 0.442 0.01 0.021333333333333333
2 0.60125 0.446 0.0235 0.017333333333333333
0 0.49 0.551 0.012 0.03133333333333333
1 0.50375 0.5523333333333333 0.0075 0.015333333333333332
0 0.50525 0.5396666666666666 0.0075 0.016666666666666666
0 0.509 0.537 0.012 0.024666666666666667
0 0.50675 0.526 0.0075 0.02
6 0.51 0.5093333333333333 0.01 0.021333333333333333
5 0.4815 0.5253333333333333 0.034 0.064
0 0.50775 0.494 0.0095 0.025333333333333333
1 0.49975 0.5003333333333333 0.0085 0.019333333333333334
0 0.49125 0.491 0.0075 0.023333333333333334
3 0.534 0.44266666666666665 0.027 0.036
0 0.554 0.44066666666666665 0.006 0.024
0 0.5615 0.44033333333333335 0.006 0.023333333333333334
0 0.569 0.444 0.006 0.025333333333333333
0 0.5895 0.42533333333333334 0.009 0.018666666666666668
0 0.56425 0.403 0.0085 0.022
3 0.586 0.4066666666666667 0.02 0.02666666666666667
3 0.5895 0.383 0.035 0.022
0 0.6055 0.36333333333333334 0.008 0.017333333333333333
9 0.602 0.366 0.01 0.013333333333333334
9 0.592 0.3606666666666667 0.008 0.016
3 0.52625 0.40166666666666667 0.0255 0.027333333333333334
3 0.53375 0.38333333333333336 0.0225 0.02666666666666667
3 0.53475 0.35933333333333334 0.0165 0.024
4 0.538 0.33166666666666667 0.016 0.024666666666666667
3 0.468 0.32466666666666666 0.024 0.02
4 0.5435 0.318 0.013 0.02
3 0.54725 0.311 0.0165 0.015333333333333332
0 0.605 0.351 0.006 0.015333333333333332
3 0.58625 0.3363333333333333 0.0145 0.019333333333333334
6 0.601 0.33866666666666667 0.008 0.016
1 0.6005 0.3373333333333333 0.008 0.017333333333333333
4 0.5885 0.321 0.015 0.023333333333333334
3 0.58775 0.31033333333333335 0.0135 0.015333333333333332
3 0.58775 0.294 0.0125 0.017333333333333333
3 0.57125 0.296 0.0125 0.017333333333333333
3 0.54925 0.2996666666666667 0.0135 0.012666666666666666
3 0.55075 0.288 0.0105 0.014666666666666666
3 0.55325 0.2826666666666667 0.0125 0.013333333333333334