3 0.47125 0.8756666666666667 0.1085 0.22866666666666666
3 0.29125 0.691 0.1345 0.11533333333333333
3 0.27475 0.5883333333333334 0.1325 0.10466666666666667
3 0.26225 0.421 0.0905 0.09666666666666666
3 0.32425 0.922 0.1765 0.14266666666666666
3 0.64925 0.537 0.1355 0.07133333333333333
5 0.72225 0.6466666666666666 0.1915 0.12533333333333332
5 0.2235 0.318 0.163 0.13866666666666666
5 0.488 0.18633333333333332 0.125 0.08733333333333333
5 0.4505 0.11733333333333333 0.157 0.092
4 0.30525 0.7846666666666666 0.1645 0.12266666666666666
4 0.5165 0.33866666666666667 0.077 0.084
4 0.461 0.2713333333333333 0.105 0.076
4 0.401 0.225 0.049 0.086
4 0.6385 0.45766666666666667 0.119 0.09
4 0.61825 0.38133333333333336 0.0835 0.058666666666666666
4 0.22375 0.17833333333333334 0.0725 0.07133333333333333
4 0.19025 0.09166666666666666 0.0585 0.06333333333333334
4 0.3545 0.042 0.075 0.04933333333333333
3 0.9385 0.9306666666666666 0.121 0.12266666666666666
5 0.2685 0.5056666666666667 0.112 0.11133333333333334
5 0.188 0.286 0.12 0.08933333333333333
3 0.2305 0.23366666666666666 0.08 0.06733333333333333
3 0.425 0.06833333333333333 0.07 0.043333333333333335
0 0.11975 0.15866666666666668 0.0175 0.05466666666666667
1 0.13625 0.15033333333333335 0.0175 0.034
7 0.9345 0.7073333333333334 0.106 0.10666666666666667