0 0.1417857142857143 0.2036802030456853 0.002142857142857143 0.008883248730964468
0 0.14 0.2017766497461929 0.002857142857142857 0.01015228426395939
0 0.061785714285714284 0.9168781725888325 0.0035714285714285713 0.006345177664974619
0 0.060714285714285714 0.9124365482233503 0.004285714285714286 0.007614213197969543
4 0.21428571428571427 0.9314720812182741 0.02 0.015228426395939087
3 0.35214285714285715 0.7804568527918782 0.012857142857142857 0.02284263959390863
3 0.36428571428571427 0.7766497461928934 0.014285714285714285 0.027918781725888325
3 0.37642857142857145 0.7760152284263959 0.014285714285714285 0.0266497461928934
3 0.39 0.7791878172588832 0.014285714285714285 0.027918781725888325
3 0.4085714285714286 0.7804568527918782 0.014285714285714285 0.027918781725888325
3 0.42178571428571426 0.7836294416243654 0.015 0.02918781725888325
3 0.43642857142857144 0.7848984771573604 0.014285714285714285 0.02918781725888325
3 0.44821428571428573 0.7791878172588832 0.012142857142857143 0.025380710659898477
3 0.49392857142857144 0.6516497461928934 0.015 0.02918781725888325
3 0.4657142857142857 0.6484771573604061 0.015714285714285715 0.027918781725888325
4 0.36607142857142855 0.6472081218274112 0.015 0.030456852791878174
4 0.3535714285714286 0.649746192893401 0.014285714285714285 0.027918781725888325
4 0.3221428571428571 0.6434010152284264 0.014285714285714285 0.030456852791878174
4 0.3375 0.6434010152284264 0.015 0.025380710659898477
3 0.47785714285714287 0.7829949238578681 0.017142857142857144 0.03299492385786802
3 0.5353571428571429 0.7899746192893401 0.016428571428571428 0.03426395939086294
3 0.5817857142857142 0.7937817258883249 0.017857142857142856 0.03426395939086294
3 0.5960714285714286 0.6611675126903553 0.016428571428571428 0.030456852791878174
3 0.58 0.6592639593908629 0.015714285714285715 0.0266497461928934
3 0.5660714285714286 0.6579949238578681 0.013571428571428571 0.0266497461928934
3 0.5535714285714286 0.6611675126903553 0.015714285714285715 0.030456852791878174
3 0.4085714285714286 0.6484771573604061 0.017142857142857144 0.03299492385786802
3 0.3939285714285714 0.6459390862944162 0.013571428571428571 0.025380710659898477
4 0.3825 0.6491116751269036 0.013571428571428571 0.0266497461928934
3 0.4375 0.6478426395939086 0.015 0.02918781725888325
3 0.45107142857142857 0.6472081218274112 0.016428571428571428 0.030456852791878174
4 0.8357142857142857 0.9828680203045685 0.01 0.0266497461928934
4 0.8242857142857143 0.9828680203045685 0.01 0.02918781725888325
4 0.8121428571428572 0.9828680203045685 0.01 0.02918781725888325
4 0.7775 0.9822335025380711 0.010714285714285714 0.030456852791878174
3 0.8 0.9828680203045685 0.01 0.031725888324873094
3 0.7889285714285714 0.9822335025380711 0.012142857142857143 0.030456852791878174
3 0.7667857142857143 0.9841370558375635 0.009285714285714286 0.02918781725888325
3 0.7557142857142857 0.9828680203045685 0.01 0.031725888324873094
3 0.7439285714285714 0.9815989847715736 0.010714285714285714 0.03426395939086294
3 0.7335714285714285 0.9815989847715736 0.008571428571428572 0.02918781725888325
4 0.7232142857142857 0.9809644670050761 0.009285714285714286 0.030456852791878174
3 0.7110714285714286 0.9803299492385786 0.009285714285714286 0.03426395939086294
4 0.7007142857142857 0.9809644670050761 0.01 0.03299492385786802
4 0.6767857142857143 0.9790609137055838 0.009285714285714286 0.03426395939086294
4 0.6221428571428571 0.9822335025380711 0.008571428571428572 0.03299492385786802
3 0.6442857142857142 0.9847715736040609 0.007142857142857143 0.027918781725888325
3 0.6557142857142857 0.983502538071066 0.008571428571428572 0.030456852791878174
3 0.5996428571428571 0.9803299492385786 0.012142857142857143 0.03426395939086294
3 0.5767857142857142 0.9822335025380711 0.007857142857142858 0.03299492385786802
3 0.5546428571428571 0.9854060913705583 0.009285714285714286 0.0266497461928934