3 0.0625 0.34517766497461927 0.035 0.02284263959390863
3 0.10107142857142858 0.40609137055837563 0.03357142857142857 0.025380710659898477
3 0.21428571428571427 0.3496192893401015 0.032857142857142856 0.0266497461928934
8 0.02214285714285714 0.47017766497461927 0.03428571428571429 0.11294416243654823
5 0.16071428571428573 0.05203045685279188 0.03857142857142857 0.048223350253807105
0 0.27214285714285713 0.1199238578680203 0.004285714285714286 0.01649746192893401
3 0.355 0.21637055837563451 0.014285714285714285 0.03426395939086294
3 0.3985714285714286 0.1351522842639594 0.014285714285714285 0.031725888324873094
9 0.3942857142857143 0.3020304568527919 0.005714285714285714 0.02030456852791878
1 0.3939285714285714 0.30076142131979694 0.005 0.015228426395939087
4 0.4617857142857143 0.05520304568527919 0.015 0.03680203045685279
4 0.49357142857142855 0.13007614213197968 0.014285714285714285 0.03934010152284264
4 0.44357142857142856 0.3464467005076142 0.014285714285714285 0.04060913705583756
4 0.49714285714285716 0.3496192893401015 0.014285714285714285 0.03934010152284264
4 0.38107142857142856 0.35786802030456855 0.03642857142857143 0.03299492385786802
3 0.3217857142857143 0.41941624365482233 0.03357142857142857 0.0266497461928934
3 0.49142857142857144 0.3686548223350254 0.03142857142857143 0.0266497461928934
3 0.4546428571428571 0.4302030456852792 0.03357142857142857 0.027918781725888325
3 0.9896428571428572 0.07931472081218274 0.017857142857142856 0.03934010152284264
5 0.9453571428571429 0.2982233502538071 0.029285714285714286 0.06598984771573604
3 0.9539285714285715 0.3800761421319797 0.03357142857142857 0.031725888324873094
3 0.8703571428571428 0.45875634517766495 0.035 0.0266497461928934
3 0.6692857142857143 0.3813451776649746 0.03428571428571429 0.0266497461928934
3 0.5914285714285714 0.44416243654822335 0.03428571428571429 0.027918781725888325
4 0.745 0.3883248730964467 0.03428571428571429 0.030456852791878174
4 0.7078571428571429 0.4543147208121827 0.037142857142857144 0.030456852791878174
8 0.6357142857142857 0.41053299492385786 0.047142857142857146 0.03680203045685279
3 0.5289285714285714 0.2468274111675127 0.012142857142857143 0.04187817258883249
4 0.6103571428571428 0.3236040609137056 0.010714285714285714 0.04314720812182741
8 0.6364285714285715 0.3153553299492386 0.015714285714285715 0.06725888324873096
4 0.5521428571428572 0.6535532994923858 0.014285714285714285 0.050761421319796954
8 0.6842857142857143 0.7220812182741116 0.02 0.08375634517766498
5 0.6507142857142857 0.7779187817258884 0.022857142857142857 0.1065989847715736
5 0.26 0.9187817258883249 0.02142857142857143 0.09390862944162437
3 0.3339285714285714 0.5780456852791879 0.016428571428571428 0.046954314720812185
3 0.4328571428571429 0.5107868020304569 0.012857142857142857 0.04949238578680203