3 0.39448529411764705 0.6640522875816993 0.14191176470588235 0.16993464052287582
3 0.21875 0.6751633986928105 0.15220588235294116 0.21045751633986928
3 0.4496323529411765 0.44575163398692813 0.09926470588235294 0.11764705882352941
3 0.27205882352941174 0.3287581699346405 0.10147058823529412 0.11895424836601307
3 0.37830882352941175 0.27124183006535946 0.09044117647058823 0.0718954248366013
3 0.5632352941176471 0.27058823529411763 0.07794117647058824 0.09411764705882353
4 0.5191176470588236 0.2019607843137255 0.07205882352941176 0.07973856209150326
9 0.5569852941176471 0.1503267973856209 0.02426470588235294 0.04183006535947712
9 0.6672794117647058 0.16209150326797386 0.016911764705882352 0.03137254901960784
3 0.6415441176470589 0.12810457516339868 0.06985294117647059 0.04967320261437908
4 0.6738970588235295 0.1084967320261438 0.05808823529411765 0.06013071895424837
6 0.7419117647058824 0.11503267973856209 0.027941176470588237 0.0392156862745098
9 0.7808823529411765 0.10980392156862745 0.013235294117647059 0.03137254901960784
1 0.78125 0.10261437908496732 0.008088235294117648 0.032679738562091505
1 0.7849264705882353 0.10326797385620914 0.008088235294117648 0.023529411764705882
9 0.7893382352941176 0.07973856209150326 0.013970588235294118 0.03137254901960784
0 0.6257352941176471 0.08235294117647059 0.010294117647058823 0.036601307189542485
2 0.7194852941176471 0.08562091503267974 0.013970588235294118 0.022222222222222223
2 0.7253676470588235 0.07908496732026143 0.01838235294117647 0.02483660130718954
3 0.6904411764705882 0.3718954248366013 0.07941176470588235 0.09542483660130718
0 0.18088235294117647 0.4287581699346405 0.020588235294117647 0.0784313725490196
0 0.3176470588235294 0.257516339869281 0.010294117647058823 0.06274509803921569
1 0.31433823529411764 0.24640522875816995 0.008088235294117648 0.030065359477124184