3 0.4308823529411765 0.6098039215686275 0.03235294117647059 0.048366013071895426
3 0.5139705882352941 0.5248366013071896 0.023529411764705882 0.03529411764705882
3 0.4786764705882353 0.4143790849673203 0.020588235294117647 0.03137254901960784
3 0.44816176470588237 0.38823529411764707 0.01838235294117647 0.026143790849673203
3 0.5558823529411765 0.3843137254901961 0.014705882352941176 0.02091503267973856
3 0.5426470588235294 0.3509803921568627 0.013235294117647059 0.0196078431372549
8 0.4253676470588235 0.3196078431372549 0.027205882352941177 0.03790849673202614
5 0.6974264705882353 0.32745098039215687 0.021323529411764706 0.048366013071895426
5 0.7713235294117647 0.25947712418300656 0.039705882352941174 0.02483660130718954
5 0.5051470588235294 0.2326797385620915 0.011764705882352941 0.00784313725490196
5 0.5481617647058824 0.21045751633986928 0.013970588235294118 0.018300653594771243
5 0.9514705882352941 0.2751633986928105 0.04264705882352941 0.03529411764705882
3 0.9202205882352941 0.27712418300653596 0.025735294117647058 0.01568627450980392
3 0.649264705882353 0.19084967320261437 0.0029411764705882353 0.00522875816993464
3 0.6033088235294117 0.17320261437908496 0.003676470588235294 0.006535947712418301
3 0.611764705882353 0.18104575163398692 0.0029411764705882353 0.00392156862745098
3 0.6169117647058824 0.18823529411764706 0.0029411764705882353 0.00522875816993464
3 0.6125 0.19934640522875818 0.0029411764705882353 0.006535947712418301
3 0.6125 0.20784313725490197 0.0029411764705882353 0.00522875816993464
8 0.5966911764705882 0.20261437908496732 0.006617647058823529 0.013071895424836602
8 0.5897058823529412 0.19477124183006536 0.0058823529411764705 0.013071895424836602
8 0.6275735294117647 0.20588235294117646 0.006617647058823529 0.01437908496732026
4 0.5783088235294118 0.30980392156862746 0.011029411764705883 0.02091503267973856
3 0.5352941176470588 0.2908496732026144 0.008823529411764706 0.011764705882352941