4 0.20325 0.8916666666666667 0.0855 0.17933333333333334
3 0.24825 0.7273333333333334 0.0585 0.108
1 0.31075 0.755 0.0135 0.04466666666666667
2 0.3095 0.7626666666666667 0.016 0.037333333333333336
0 0.15175 0.6996666666666667 0.0185 0.04466666666666667
0 0.16525 0.705 0.0155 0.043333333333333335
3 0.302 0.5396666666666666 0.039 0.07266666666666667
3 0.31875 0.43533333333333335 0.0305 0.05466666666666667
1 0.36475 0.328 0.0075 0.024
1 0.36575 0.265 0.0065 0.020666666666666667
2 0.365 0.33466666666666667 0.008 0.021333333333333333
2 0.36525 0.27166666666666667 0.0065 0.018
1 0.39575 0.12833333333333333 0.0045 0.015333333333333332
1 0.3955 0.12133333333333333 0.005 0.013333333333333334
1 0.40475 0.092 0.0035 0.013333333333333334
1 0.4085 0.077 0.004 0.015333333333333332
0 0.418 0.07533333333333334 0.003 0.012
0 0.4015 0.076 0.003 0.016
0 0.35325 0.11166666666666666 0.0045 0.016666666666666666
9 0.39625 0.134 0.0045 0.012
9 0.39525 0.12533333333333332 0.0055 0.010666666666666666
2 0.4045 0.09566666666666666 0.004 0.012666666666666666
2 0.4085 0.081 0.005 0.015333333333333332
2 0.3485 0.195 0.016 0.012666666666666666
3 0.37875 0.15266666666666667 0.0165 0.02266666666666667
3 0.38175 0.13233333333333333 0.0145 0.023333333333333334
3 0.41075 0.13533333333333333 0.0165 0.02666666666666667
4 0.3945 0.07066666666666667 0.011 0.016
4 0.4 0.043666666666666666 0.012 0.016666666666666666
1 0.41 0.043 0.003 0.007333333333333333
1 0.41475 0.042 0.0025 0.010666666666666666
1 0.41475 0.008 0.0015 0.006666666666666667
1 0.41975 0.009 0.0025 0.008666666666666666
2 0.40975 0.04566666666666667 0.0025 0.007333333333333333
2 0.4145 0.045 0.003 0.008666666666666666
2 0.4145 0.010333333333333333 0.002 0.008666666666666666
2 0.41975 0.011 0.0025 0.008666666666666666
4 0.37525 0.061 0.0225 0.020666666666666667
3 0.3325 0.12633333333333333 0.03 0.018
3 0.33825 0.10066666666666667 0.0125 0.018666666666666668
4 0.329 0.09 0.024 0.016
3 0.34275 0.083 0.0275 0.016666666666666666
3 0.33125 0.07233333333333333 0.0145 0.015333333333333332
4 0.34875 0.07766666666666666 0.0185 0.024666666666666667
0 0.98925 0.7536666666666667 0.0215 0.042
3 0.9075 0.6773333333333333 0.078 0.09733333333333333
4 0.84175 0.548 0.0685 0.08933333333333333
1 0.75275 0.45866666666666667 0.0125 0.028
2 0.75175 0.4663333333333333 0.0115 0.03
4 0.762 0.403 0.053 0.06333333333333334
2 0.66475 0.22066666666666668 0.0135 0.012
3 0.638 0.20666666666666667 0.024 0.024
4 0.62475 0.18033333333333335 0.0205 0.028666666666666667
4 0.60225 0.13833333333333334 0.0165 0.019333333333333334
3 0.58775 0.112 0.0145 0.017333333333333333
4 0.57 0.076 0.014 0.016
3 0.566 0.06666666666666667 0.01 0.012
3 0.531 0.005 0.008 0.01