9 0.17285714285714285 0.9619289340101523 0.04428571428571428 0.07360406091370558
9 0.16071428571428573 0.9428934010152284 0.047142857142857146 0.06598984771573604
9 0.1475 0.9251269035532995 0.045 0.07106598984771574
9 0.12607142857142858 0.7639593908629442 0.035 0.050761421319796954
9 0.16607142857142856 0.6998730964467005 0.035 0.04949238578680203
1 0.07071428571428572 0.6097715736040609 0.02857142857142857 0.03426395939086294
0 0.23714285714285716 0.5996192893401016 0.015714285714285715 0.03680203045685279
0 0.24535714285714286 0.7722081218274112 0.010714285714285714 0.024111675126903553
0 0.26107142857142857 0.9371827411167513 0.013571428571428571 0.04187817258883249
0 0.2710714285714286 0.7144670050761421 0.009285714285714286 0.025380710659898477
3 0.21107142857142858 0.15418781725888325 0.05357142857142857 0.07233502538071065
0 0.14821428571428572 0.4137055837563452 0.012142857142857143 0.03807106598984772
0 0.37107142857142855 0.48921319796954316 0.010714285714285714 0.03426395939086294
0 0.37285714285714283 0.4815989847715736 0.014285714285714285 0.03426395939086294
0 0.3942857142857143 0.5291878172588832 0.01 0.030456852791878174
0 0.4182142857142857 0.5114213197969543 0.010714285714285714 0.03299492385786802
0 0.2732142857142857 0.125 0.010714285714285714 0.03680203045685279
0 0.4735714285714286 0.36548223350253806 0.01 0.04060913705583756
0 0.49714285714285716 0.39086294416243655 0.008571428571428572 0.03299492385786802
3 0.8289285714285715 0.19289340101522842 0.04642857142857143 0.07614213197969544
8 0.9392857142857143 0.6326142131979695 0.07714285714285714 0.1865482233502538