0 0.2554801670146138 0.29730983302411873 0.013048016701461378 0.030612244897959183
6 0.2578288100208768 0.2634508348794063 0.03444676409185804 0.03896103896103896
9 0.3781315240083507 0.9114100185528757 0.03496868475991649 0.07328385899814471
0 0.4091858037578288 0.9128014842300557 0.016701461377870562 0.07792207792207792
0 0.42693110647181626 0.9081632653061225 0.017745302713987474 0.07235621521335807
0 0.4410229645093946 0.9243970315398887 0.014613778705636743 0.05102040816326531
6 0.42458246346555323 0.8951762523191095 0.08194154488517745 0.08905380333951762
0 0.43919624217118997 0.8650278293135436 0.019311064718162838 0.05102040816326531
1 0.46529227557411273 0.8752319109461967 0.027661795407098122 0.05658627087198516
9 0.479384133611691 0.9285714285714286 0.031837160751565764 0.1038961038961039
0 0.558455114822547 0.7142857142857143 0.014613778705636743 0.04638218923933209
6 0.5587160751565762 0.7207792207792207 0.02661795407098121 0.09647495361781076
9 0.5456680584551148 0.6196660482374768 0.02035490605427975 0.061224489795918366
0 0.5441022964509394 0.536178107606679 0.012004175365344467 0.04267161410018553
9 0.5425365344467641 0.5459183673469388 0.014091858037578288 0.04916512059369202
7 0.49765135699373697 0.5255102040816326 0.029749478079331943 0.07142857142857142
6 0.505741127348643 0.47031539888682744 0.022964509394572025 0.07977736549165121
4 0.6351774530271399 0.426252319109462 0.033402922755741124 0.06771799628942486
1 0.6346555323590815 0.5709647495361782 0.012526096033402923 0.04359925788497217
9 0.6338726513569938 0.5797773654916512 0.015135699373695199 0.04638218923933209
1 0.5994258872651357 0.41883116883116883 0.009916492693110648 0.030612244897959183
9 0.5989039665970772 0.426252319109462 0.010960334029227558 0.03432282003710575
0 0.5347077244258872 0.40816326530612246 0.009916492693110648 0.04452690166975881
1 0.5096555323590815 0.4090909090909091 0.006784968684759917 0.022263450834879406
1 0.5078288100208769 0.4044526901669759 0.010438413361169102 0.03339517625231911
9 0.5086116910229646 0.4090909090909091 0.010960334029227558 0.03525046382189239
7 0.5370563674321504 0.25139146567717996 0.013569937369519834 0.03525046382189239
1 0.5978601252609603 0.25092764378478666 0.005741127348643006 0.01948051948051948
1 0.5441022964509394 0.23330241187384043 0.006784968684759917 0.01948051948051948
1 0.5341858037578288 0.20222634508348794 0.005741127348643006 0.02040816326530612
1 0.5253131524008351 0.2077922077922078 0.0036534446764091857 0.01855287569573284
9 0.5975991649269311 0.25556586270871984 0.007306889352818371 0.021335807050092765
6 0.534446764091858 0.20500927643784786 0.007306889352818371 0.012987012987012988
6 0.5268789144050104 0.21289424860853431 0.008872651356993737 0.013914656771799629
9 0.543580375782881 0.2388682745825603 0.007828810020876827 0.017625231910946195
9 0.5495824634655533 0.18738404452690166 0.005219206680584551 0.016697588126159554
9 0.581419624217119 0.16883116883116883 0.0041753653444676405 0.012987012987012988
9 0.5506263048016702 0.1572356215213358 0.005219206680584551 0.013914656771799629
0 0.5495824634655533 0.18274582560296845 0.005219206680584551 0.014842300556586271
0 0.5816805845511482 0.16558441558441558 0.004697286012526096 0.013914656771799629
0 0.550365344467641 0.15352504638218925 0.004697286012526096 0.013914656771799629
0 0.5775052192066806 0.20315398886827457 0.006784968684759917 0.02411873840445269
5 0.5681106471816284 0.1326530612244898 0.013048016701461378 0.025974025974025976
0 0.5381002087682673 0.12894248608534323 0.0041753653444676405 0.01855287569573284
5 0.5848121085594989 0.12105751391465677 0.014091858037578288 0.03432282003710575
4 0.5704592901878914 0.11131725417439703 0.012526096033402923 0.02040816326530612
7 0.5430584551148225 0.09925788497217068 0.005741127348643006 0.016697588126159554
7 0.5540187891440501 0.10018552875695733 0.006784968684759917 0.014842300556586271
5 0.5451461377870563 0.08998144712430427 0.008872651356993737 0.016697588126159554
3 0.543580375782881 0.08348794063079777 0.006784968684759917 0.014842300556586271
1 0.5647181628392485 0.07560296846011132 0.003131524008350731 0.01020408163265306
1 0.5579331941544885 0.08116883116883117 0.003131524008350731 0.008348794063079777
1 0.5553235908141962 0.08580705009276438 0.003131524008350731 0.008348794063079777
1 0.5529749478079332 0.07699443413729128 0.0026096033402922755 0.00927643784786642
1 0.5683716075156576 0.06586270871985157 0.0020876826722338203 0.0055658627087198514
1 0.5662839248434238 0.06029684601113173 0.003131524008350731 0.0055658627087198514
1 0.5553235908141962 0.05844155844155844 0.0020876826722338203 0.0055658627087198514
6 0.5553235908141962 0.059369202226345084 0.0041753653444676405 0.0055658627087198514
6 0.5660229645093946 0.06307977736549165 0.0036534446764091857 0.0074211502782931356
9 0.5683716075156576 0.06679035250463822 0.003131524008350731 0.0055658627087198514
9 0.56419624217119 0.07560296846011132 0.0041753653444676405 0.008348794063079777
9 0.5579331941544885 0.08256029684601113 0.003131524008350731 0.0055658627087198514
9 0.5524530271398748 0.07884972170686456 0.0036534446764091857 0.0074211502782931356
9 0.5555845511482255 0.08905380333951762 0.0036534446764091857 0.0074211502782931356
1 0.5683716075156576 0.08951762523191095 0.003131524008350731 0.008348794063079777
9 0.5720250521920668 0.08998144712430427 0.003131524008350731 0.0074211502782931356
5 0.5704592901878914 0.09601113172541743 0.007306889352818371 0.013914656771799629
5 0.7254697286012526 0.9397031539888683 0.07411273486430063 0.11873840445269017
3 0.6839770354906054 0.11781076066790352 0.02244258872651357 0.01855287569573284
5 0.8301148225469729 0.16743970315398887 0.07254697286012526 0.05473098330241188
3 0.8966597077244259 0.19758812615955473 0.03444676409185804 0.027829313543599257
3 0.9702505219206681 0.21335807050092764 0.03653444676409186 0.03153988868274583