1 0.39464285714285713 0.9175126903553299 0.007857142857142858 0.03299492385786802
4 0.45107142857142857 0.7633248730964467 0.016428571428571428 0.05710659898477157
4 0.19535714285714287 0.758248730964467 0.023571428571428573 0.01903553299492386
4 0.19357142857142856 0.7144670050761421 0.022857142857142857 0.03553299492385787
4 0.2057142857142857 0.6954314720812182 0.025714285714285714 0.03807106598984772
3 0.21857142857142858 0.6852791878172588 0.02142857142857143 0.030456852791878174
3 0.23142857142857143 0.6681472081218274 0.02142857142857143 0.02918781725888325
4 0.2417857142857143 0.6510152284263959 0.023571428571428573 0.03553299492385787
4 0.31392857142857145 0.5786802030456852 0.029285714285714286 0.03553299492385787
3 0.37464285714285717 0.6256345177664975 0.025 0.02030456852791878
3 0.38392857142857145 0.5977157360406091 0.02642857142857143 0.02284263959390863
4 0.3842857142857143 0.5253807106598984 0.011428571428571429 0.027918781725888325
3 0.3817857142857143 0.5006345177664975 0.010714285714285714 0.021573604060913704
0 0.37785714285714284 0.4860406091370558 0.002857142857142857 0.012690355329949238
0 0.39107142857142857 0.49555837563451777 0.005 0.008883248730964468
3 0.38285714285714284 0.475253807106599 0.008571428571428572 0.021573604060913704
3 0.3842857142857143 0.4447969543147208 0.01 0.021573604060913704
4 0.3821428571428571 0.42258883248730966 0.01 0.02030456852791878
1 0.18107142857142858 0.5323604060913706 0.005 0.008883248730964468
0 0.16714285714285715 0.5539340101522843 0.005714285714285714 0.01649746192893401
1 0.15821428571428572 0.5406091370558376 0.005 0.007614213197969543
1 0.20642857142857143 0.4467005076142132 0.007142857142857143 0.007614213197969543
1 0.21964285714285714 0.4352791878172589 0.005 0.007614213197969543
1 0.2978571428571429 0.3737309644670051 0.004285714285714286 0.011421319796954314
4 0.3742857142857143 0.29378172588832485 0.008571428571428572 0.01649746192893401
4 0.3875 0.2906091370558376 0.009285714285714286 0.017766497461928935
3 0.37607142857142856 0.1567258883248731 0.005 0.011421319796954314
3 0.4139285714285714 0.1732233502538071 0.0064285714285714285 0.011421319796954314
0 0.3475 0.0901015228426396 0.002142857142857143 0.01015228426395939
0 0.3492857142857143 0.09263959390862944 0.0014285714285714286 0.01015228426395939
4 0.39464285714285713 0.09390862944162437 0.009285714285714286 0.012690355329949238
4 0.4685714285714286 0.2836294416243655 0.008571428571428572 0.01903553299492386
4 0.4714285714285714 0.315989847715736 0.008571428571428572 0.017766497461928935
3 0.45607142857142857 0.3464467005076142 0.016428571428571428 0.017766497461928935
3 0.445 0.37880710659898476 0.018571428571428572 0.01649746192893401
3 0.5464285714285714 0.34073604060913704 0.011428571428571429 0.01903553299492386
5 0.5910714285714286 0.29949238578680204 0.012142857142857143 0.025380710659898477
8 0.5539285714285714 0.3032994923857868 0.013571428571428571 0.05583756345177665
8 0.8857142857142857 0.5406091370558376 0.054285714285714284 0.04060913705583756
1 0.9696428571428571 0.3369289340101523 0.002142857142857143 0.006345177664974619
1 0.9146428571428571 0.35279187817258884 0.0035714285714285713 0.012690355329949238
1 0.8621428571428571 0.25761421319796957 0.005714285714285714 0.005076142131979695
1 0.87 0.2645939086294416 0.005714285714285714 0.006345177664974619
1 0.9078571428571428 0.3356598984771574 0.007142857142857143 0.006345177664974619
1 0.8964285714285715 0.34073604060913704 0.005714285714285714 0.0038071065989847717
0 0.8953571428571429 0.3039340101522843 0.0035714285714285713 0.008883248730964468