1 0.4812108559498956 0.7569573283858998 0.019832985386221295 0.07792207792207792
9 0.4822546972860125 0.7708719851576994 0.04801670146137787 0.0686456400742115
7 0.607776617954071 0.46660482374768086 0.05688935281837161 0.10946196660482375
3 0.5931628392484343 0.37569573283859 0.0767223382045929 0.08719851576994433
6 0.555062630480167 0.3144712430426716 0.042275574112734866 0.03896103896103896
4 0.5639352818371608 0.23469387755102042 0.07045929018789145 0.09647495361781076
4 0.43997912317327764 0.19573283858998144 0.06784968684759916 0.08348794063079777
5 0.05793319415448852 0.09230055658627087 0.06680584551148225 0.06586270871985157
3 0.1484864300626305 0.12198515769944342 0.06837160751565761 0.07142857142857142
3 0.3048016701461378 0.1679035250463822 0.07828810020876827 0.08905380333951762
3 0.26461377870563674 0.03942486085343228 0.05636743215031315 0.041743970315398886
3 0.3585594989561587 0.05983302411873841 0.059498956158663886 0.05287569573283859
3 0.4462421711899791 0.0839517625231911 0.06680584551148225 0.05287569573283859
3 0.5169624217118998 0.10018552875695733 0.07150313152400835 0.055658627087198514
7 0.5772442588726514 0.14239332096474955 0.037578288100208766 0.05844155844155844
1 0.6388308977035491 0.11038961038961038 0.011482254697286013 0.03710575139146568
0 0.6542275574112735 0.11410018552875696 0.009916492693110648 0.025974025974025976
0 0.7069415448851775 0.14007421150278293 0.009916492693110648 0.03896103896103896
0 0.7210334029227558 0.1396103896103896 0.009916492693110648 0.04916512059369202
0 0.7406054279749478 0.14100185528756956 0.010438413361169102 0.04638218923933209
0 0.7395615866388309 0.13358070500927643 0.009394572025052192 0.04452690166975881
0 0.7278183716075156 0.1280148423005566 0.010960334029227558 0.05009276437847866
0 0.7168580375782881 0.1284786641929499 0.015135699373695199 0.05102040816326531
3 0.6983298538622129 0.11270871985157699 0.06263048016701461 0.075139146567718
6 0.7967118997912317 0.14981447124304267 0.055845511482254695 0.05102040816326531
6 0.7296450939457203 0.3784786641929499 0.055323590814196244 0.08719851576994433
7 0.7734864300626305 0.30936920222634506 0.054279749478079335 0.0862708719851577
1 0.7588726513569938 0.3821892393320965 0.017745302713987474 0.04638218923933209
1 0.778705636743215 0.4095547309833024 0.019832985386221295 0.041743970315398886
1 0.7948851774530271 0.4327458256029685 0.015657620041753653 0.041743970315398886
0 0.8118475991649269 0.40166975881261596 0.02348643006263048 0.06679035250463822
1 0.7930584551148225 0.3919294990723562 0.02139874739039666 0.032467532467532464
6 0.7711377870563675 0.4550092764378479 0.061064718162839246 0.0640074211502783
6 0.7241649269311065 0.5088126159554731 0.03392484342379958 0.11781076066790352
6 0.7369519832985386 0.6628014842300557 0.07306889352818371 0.10482374768089053
0 0.7609603340292276 0.5867346938775511 0.017745302713987474 0.06029684601113173
0 0.8194154488517745 0.6108534322820037 0.026096033402922755 0.06215213358070501
1 0.7620041753653445 0.5691094619666048 0.017745302713987474 0.038033395176252316
6 0.8063674321503131 0.562152133580705 0.05845511482254697 0.10946196660482375
1 0.9235386221294363 0.3423005565862709 0.012004175365344467 0.03710575139146568
1 0.9258872651356994 0.33766233766233766 0.019832985386221295 0.05380333951762523
1 0.9292797494780793 0.3385899814471243 0.019311064718162838 0.04452690166975881
9 0.9240605427974948 0.3474025974025974 0.030793319415448852 0.06029684601113173
9 0.9882567849686847 0.07374768089053803 0.02035490605427975 0.045454545454545456
0 0.9739039665970772 0.09415584415584416 0.011482254697286013 0.041743970315398886
0 0.9799060542797495 0.10204081632653061 0.012004175365344467 0.03710575139146568
1 0.9561586638830898 0.16326530612244897 0.016701461377870562 0.03525046382189239
0 0.9509394572025052 0.14795918367346939 0.009394572025052192 0.045454545454545456
1 0.9723382045929019 0.15352504638218925 0.024008350730688934 0.04359925788497217
6 0.9389352818371608 0.14795918367346939 0.031315240083507306 0.0640074211502783
6 0.9809498956158664 0.15584415584415584 0.02870563674321503 0.055658627087198514
6 0.909446764091858 0.8460111317254174 0.08402922755741127 0.15584415584415584
0 0.9681628392484343 0.7866419294990723 0.03653444676409186 0.0686456400742115
0 0.9770354906054279 0.7653061224489796 0.017745302713987474 0.061224489795918366
0 0.9830375782881002 0.7778293135435993 0.027661795407098122 0.06586270871985157
0 0.9825156576200418 0.8070500927643784 0.03288100208768267 0.07421150278293136