5 0.5705882352941176 0.949673202614379 0.05 0.10065359477124183
3 0.6746323529411765 0.8699346405228758 0.07867647058823529 0.06405228758169934
9 0.7323529411764705 0.9065359477124183 0.013235294117647059 0.050980392156862744
4 0.5775735294117647 0.8013071895424837 0.05955882352941176 0.11764705882352941
3 0.6290441176470588 0.738562091503268 0.06985294117647059 0.054901960784313725
3 0.4863970588235294 0.8856209150326797 0.030147058823529412 0.09803921568627451
3 0.40845588235294117 0.7751633986928105 0.030147058823529412 0.09934640522875816
5 0.5661764705882353 0.6601307189542484 0.04411764705882353 0.12549019607843137
9 0.6253676470588235 0.6620915032679738 0.022794117647058822 0.02483660130718954
9 0.6363970588235294 0.6150326797385621 0.022794117647058822 0.02483660130718954
9 0.6209558823529412 0.5830065359477125 0.013970588235294118 0.02875816993464052
9 0.6283088235294118 0.5647058823529412 0.019852941176470587 0.023529411764705882
3 0.49779411764705883 0.5888888888888889 0.025 0.06405228758169934
5 0.6018382352941176 0.4627450980392157 0.06397058823529411 0.05751633986928104
3 0.5930147058823529 0.43856209150326797 0.04338235294117647 0.02483660130718954
3 0.5830882352941177 0.4196078431372549 0.04264705882352941 0.03398692810457516
3 0.6790441176470589 0.38496732026143793 0.019852941176470587 0.040522875816993466
3 0.50625 0.44248366013071894 0.021323529411764706 0.0457516339869281
3 0.5988970588235294 0.39281045751633986 0.04338235294117647 0.03790849673202614
3 0.5698529411764706 0.373202614379085 0.041176470588235294 0.032679738562091505
4 0.5933823529411765 0.35228758169934643 0.047058823529411764 0.040522875816993466
3 0.6018382352941176 0.33725490196078434 0.03897058823529412 0.03137254901960784
3 0.6297794117647059 0.3215686274509804 0.04044117647058824 0.03137254901960784
0 0.6893382352941176 0.30915032679738563 0.008088235294117648 0.027450980392156862
3 0.5852941176470589 0.32287581699346407 0.041176470588235294 0.02875816993464052
3 0.5915441176470588 0.30130718954248364 0.04191176470588235 0.03529411764705882
3 0.5731617647058823 0.28823529411764703 0.0375 0.027450980392156862
3 0.58125 0.27450980392156865 0.03897058823529412 0.02875816993464052
3 0.5930147058823529 0.25882352941176473 0.03602941176470588 0.02875816993464052
3 0.5860294117647059 0.24509803921568626 0.041176470588235294 0.027450980392156862
3 0.5930147058823529 0.23006535947712417 0.0375 0.02875816993464052
9 0.6738970588235295 0.22156862745098038 0.011029411764705883 0.01699346405228758
3 0.6654411764705882 0.18758169934640523 0.014705882352941176 0.032679738562091505
4 0.6455882352941177 0.18104575163398692 0.016176470588235296 0.030065359477124184
3 0.6014705882352941 0.19607843137254902 0.03529411764705882 0.023529411764705882
3 0.5988970588235294 0.18235294117647058 0.03308823529411765 0.022222222222222223
6 0.6871323529411765 0.14640522875816994 0.015441176470588236 0.02091503267973856
1 0.6860294117647059 0.14444444444444443 0.007352941176470588 0.0196078431372549
0 0.65625 0.14640522875816994 0.003676470588235294 0.02091503267973856
0 0.6525735294117647 0.1437908496732026 0.003676470588235294 0.018300653594771243
0 0.6488970588235294 0.1450980392156863 0.005147058823529412 0.018300653594771243
3 0.6709558823529411 0.12549019607843137 0.015441176470588236 0.02091503267973856
4 0.6547794117647059 0.12026143790849673 0.016911764705882352 0.026143790849673203
3 0.6389705882352941 0.1261437908496732 0.014705882352941176 0.02483660130718954
3 0.6220588235294118 0.12549019607843137 0.01911764705882353 0.026143790849673203
0 0.611764705882353 0.1261437908496732 0.004411764705882353 0.0196078431372549
0 0.6066176470588235 0.1300653594771242 0.0058823529411764705 0.0196078431372549
3 0.6084558823529411 0.15751633986928104 0.030147058823529412 0.02483660130718954
3 0.5893382352941177 0.13594771241830064 0.015441176470588236 0.026143790849673203
0 0.6507352941176471 0.09673202614379085 0.0029411764705882353 0.01568627450980392
0 0.649264705882353 0.0934640522875817 0.004411764705882353 0.01699346405228758
0 0.638235294117647 0.10588235294117647 0.0029411764705882353 0.018300653594771243
0 0.6011029411764706 0.07908496732026143 0.003676470588235294 0.0196078431372549
0 0.5716911764705882 0.10980392156862745 0.003676470588235294 0.018300653594771243
0 0.5691176470588235 0.1065359477124183 0.0058823529411764705 0.0196078431372549
3 0.5595588235294118 0.15294117647058825 0.030882352941176472 0.026143790849673203
3 0.5511029411764706 0.12745098039215685 0.013970588235294118 0.0196078431372549
0 0.5470588235294118 0.10980392156862745 0.004411764705882353 0.01568627450980392
0 0.5397058823529411 0.15294117647058825 0.004411764705882353 0.018300653594771243
0 0.5452205882352941 0.09607843137254903 0.003676470588235294 0.0196078431372549
3 0.5485294117647059 0.03398692810457516 0.011764705882352941 0.02091503267973856
3 0.5488970588235295 0.01895424836601307 0.009558823529411765 0.01699346405228758
8 0.525 0.027450980392156862 0.016176470588235296 0.047058823529411764
3 0.5150735294117647 0.09215686274509804 0.0125 0.0196078431372549
3 0.53125 0.1287581699346405 0.01838235294117647 0.02483660130718954
3 0.5172794117647059 0.169281045751634 0.013970588235294118 0.02483660130718954
3 0.5202205882352942 0.20261437908496732 0.013970588235294118 0.023529411764705882
4 0.49963235294117647 0.18496732026143792 0.015441176470588236 0.032679738562091505
3 0.4922794117647059 0.00392156862745098 0.0125 0.00784313725490196
6 0.4797794117647059 0.00718954248366013 0.006617647058823529 0.011764705882352941
4 0.46838235294117647 0.01764705882352941 0.011764705882352941 0.022222222222222223
3 0.4389705882352941 0.006535947712418301 0.010294117647058823 0.013071895424836602
3 0.47610294117647056 0.04183006535947712 0.009558823529411765 0.02091503267973856
3 0.45808823529411763 0.0457516339869281 0.010294117647058823 0.018300653594771243
6 0.4470588235294118 0.049019607843137254 0.010294117647058823 0.01437908496732026
5 0.4676470588235294 0.07516339869281045 0.013235294117647059 0.032679738562091505
5 0.46911764705882353 0.10130718954248366 0.016176470588235296 0.03790849673202614
3 0.4415441176470588 0.09084967320261438 0.027205882352941177 0.022222222222222223
0 0.4713235294117647 0.12810457516339868 0.0029411764705882353 0.018300653594771243
0 0.4742647058823529 0.13856209150326798 0.004411764705882353 0.018300653594771243
6 0.48308823529411765 0.1607843137254902 0.008823529411764706 0.02091503267973856
1 0.4834558823529412 0.16013071895424835 0.005147058823529412 0.01437908496732026
0 0.4650735294117647 0.14967320261437908 0.005147058823529412 0.022222222222222223
1 0.4625 0.15555555555555556 0.004411764705882353 0.01045751633986928
0 0.4474264705882353 0.12287581699346405 0.003676470588235294 0.018300653594771243
0 0.4426470588235294 0.12091503267973856 0.0058823529411764705 0.022222222222222223
9 0.46433823529411766 0.17516339869281045 0.005147058823529412 0.018300653594771243
9 0.41360294117647056 0.23006535947712417 0.015441176470588236 0.01568627450980392
2 0.41875 0.19084967320261437 0.011029411764705883 0.013071895424836602
9 0.4227941176470588 0.18235294117647058 0.010294117647058823 0.01437908496732026
2 0.42058823529411765 0.169281045751634 0.011764705882352941 0.011764705882352941
0 0.4360294117647059 0.17777777777777778 0.0029411764705882353 0.018300653594771243
0 0.4588235294117647 0.19673202614379084 0.0029411764705882353 0.022222222222222223
0 0.46286764705882355 0.19411764705882353 0.003676470588235294 0.01699346405228758
3 0.4698529411764706 0.20588235294117646 0.01764705882352941 0.030065359477124184
0 0.43419117647058825 0.27124183006535946 0.005147058823529412 0.027450980392156862
4 0.4426470588235294 0.2758169934640523 0.020588235294117647 0.044444444444444446
3 0.4768382352941177 0.3287581699346405 0.01838235294117647 0.043137254901960784
0 0.40661764705882353 0.2758169934640523 0.004411764705882353 0.018300653594771243
0 0.4011029411764706 0.30392156862745096 0.005147058823529412 0.0196078431372549
4 0.4172794117647059 0.30196078431372547 0.03602941176470588 0.0392156862745098
3 0.42573529411764705 0.35490196078431374 0.016176470588235296 0.043137254901960784
3 0.3897058823529412 0.36209150326797385 0.04411764705882353 0.036601307189542485
3 0.3860294117647059 0.403921568627451 0.041176470588235294 0.03398692810457516
4 0.42169117647058824 0.41830065359477125 0.030147058823529412 0.06535947712418301
0 0.43419117647058825 0.39019607843137255 0.005147058823529412 0.0196078431372549
0 0.42830882352941174 0.3895424836601307 0.005147058823529412 0.02091503267973856
6 0.3628676470588235 0.534640522875817 0.013970588235294118 0.044444444444444446
3 0.9691176470588235 0.28431372549019607 0.03529411764705882 0.040522875816993466
3 0.913235294117647 0.28366013071895424 0.022058823529411766 0.04183006535947712
3 0.91875 0.3607843137254902 0.04338235294117647 0.0392156862745098
3 0.8823529411764706 0.38823529411764707 0.04852941176470588 0.044444444444444446
3 0.775 0.3836601307189543 0.03823529411764706 0.040522875816993466
3 0.8481617647058823 0.44640522875816996 0.021323529411764706 0.048366013071895426
3 0.8753676470588235 0.4516339869281046 0.022794117647058822 0.043137254901960784
2 0.9382352941176471 0.34248366013071896 0.011764705882352941 0.018300653594771243
4 0.9915441176470589 0.43594771241830066 0.016911764705882352 0.030065359477124184