8 0.021785714285714287 0.25253807106598986 0.04214285714285714 0.030456852791878174
3 0.056428571428571425 0.23604060913705585 0.017142857142857144 0.007614213197969543
3 0.07678571428571429 0.2296954314720812 0.015 0.01015228426395939
3 0.08142857142857143 0.23286802030456852 0.014285714285714285 0.011421319796954314
4 0.08178571428571428 0.24048223350253808 0.027857142857142858 0.01649746192893401
5 0.0925 0.2398477157360406 0.025 0.02284263959390863
5 0.10892857142857143 0.24238578680203046 0.02214285714285714 0.02030456852791878
5 0.10107142857142858 0.2265228426395939 0.025 0.01649746192893401
4 0.15321428571428572 0.2201776649746193 0.013571428571428571 0.011421319796954314
3 0.12428571428571429 0.22906091370558376 0.014285714285714285 0.011421319796954314
4 0.13892857142857143 0.2182741116751269 0.015 0.01015228426395939
8 0.15535714285714286 0.20621827411167512 0.035 0.024111675126903553
8 0.235 0.19098984771573604 0.03428571428571429 0.02918781725888325
8 0.2392857142857143 0.2182741116751269 0.02857142857142857 0.02030456852791878
4 0.2621428571428571 0.20114213197969544 0.014285714285714285 0.011421319796954314
5 0.28285714285714286 0.18972081218274112 0.018571428571428572 0.013959390862944163
3 0.29678571428571426 0.1947969543147208 0.013571428571428571 0.008883248730964468
3 0.19964285714285715 0.21446700507614214 0.013571428571428571 0.01015228426395939
3 0.1682142857142857 0.2233502538071066 0.015 0.012690355329949238
3 0.15321428571428572 0.23921319796954316 0.015 0.011421319796954314
4 0.1525 0.2315989847715736 0.013571428571428571 0.008883248730964468
4 0.17642857142857143 0.2131979695431472 0.012857142857142857 0.01015228426395939
3 0.19321428571428573 0.22525380710659898 0.013571428571428571 0.008883248730964468
4 0.20607142857142857 0.20748730964467005 0.013571428571428571 0.008883248730964468
4 0.31035714285714283 0.1884517766497462 0.012142857142857143 0.008883248730964468
3 0.30964285714285716 0.18210659898477158 0.012142857142857143 0.008883248730964468
3 0.3264285714285714 0.1884517766497462 0.012857142857142857 0.008883248730964468
4 0.35428571428571426 0.17893401015228427 0.012857142857142857 0.007614213197969543
3 0.38607142857142857 0.17893401015228427 0.010714285714285714 0.01015228426395939
3 0.3925 0.17385786802030456 0.010714285714285714 0.01015228426395939
3 0.3982142857142857 0.19606598984771573 0.009285714285714286 0.008883248730964468
3 0.38142857142857145 0.16687817258883247 0.011428571428571429 0.011421319796954314
3 0.3892857142857143 0.1516497461928934 0.004285714285714286 0.011421319796954314
3 0.39571428571428574 0.13959390862944163 0.004285714285714286 0.007614213197969543
3 0.41464285714285715 0.17893401015228427 0.013571428571428571 0.01015228426395939
0 0.37142857142857144 0.2817258883248731 0.002857142857142857 0.012690355329949238
0 0.375 0.28616751269035534 0.002857142857142857 0.008883248730964468
1 0.4225 0.5031725888324873 0.002142857142857143 0.006345177664974619
1 0.4032142857142857 0.39784263959390864 0.002142857142857143 0.006345177664974619
1 0.43535714285714283 0.5209390862944162 0.0035714285714285713 0.006345177664974619
1 0.3792857142857143 0.274746192893401 0.002857142857142857 0.006345177664974619
2 0.37892857142857145 0.2766497461928934 0.0035714285714285713 0.01015228426395939
2 0.4035714285714286 0.39847715736040606 0.004285714285714286 0.01015228426395939
2 0.4225 0.5050761421319797 0.0035714285714285713 0.01015228426395939
2 0.43535714285714283 0.524746192893401 0.005 0.011421319796954314
0 0.4035714285714286 0.43591370558375636 0.002857142857142857 0.011421319796954314
8 0.3603571428571429 0.05266497461928934 0.007857142857142858 0.01903553299492386
3 0.36464285714285716 0.06535532994923858 0.007857142857142858 0.011421319796954314
3 0.37642857142857145 0.017766497461928935 0.004285714285714286 0.01015228426395939
4 0.38035714285714284 0.0266497461928934 0.005 0.012690355329949238
4 0.3917857142857143 0.04251269035532995 0.0035714285714285713 0.008883248730964468
4 0.3964285714285714 0.05710659898477157 0.005714285714285714 0.012690355329949238
3 0.3871428571428571 0.044416243654822336 0.004285714285714286 0.007614213197969543
3 0.39714285714285713 0.04187817258883249 0.004285714285714286 0.005076142131979695
4 0.4007142857142857 0.07804568527918782 0.008571428571428572 0.008883248730964468
3 0.38535714285714284 0.08058375634517767 0.009285714285714286 0.0038071065989847717
3 0.37535714285714283 0.07804568527918782 0.010714285714285714 0.008883248730964468
3 0.42607142857142855 0.0983502538071066 0.0064285714285714285 0.008883248730964468
3 0.4332142857142857 0.11357868020304568 0.0064285714285714285 0.008883248730964468
3 0.4417857142857143 0.14593908629441624 0.0064285714285714285 0.01015228426395939
5 0.4075 0.09898477157360407 0.009285714285714286 0.02030456852791878
3 0.40964285714285714 0.11865482233502538 0.005 0.008883248730964468
3 0.4139285714285714 0.12944162436548223 0.0064285714285714285 0.012690355329949238
5 0.42178571428571426 0.1281725888324873 0.009285714285714286 0.017766497461928935
3 0.4203571428571429 0.15038071065989847 0.007857142857142858 0.011421319796954314
3 0.42928571428571427 0.1484771573604061 0.005714285714285714 0.01015228426395939
3 0.425 0.14213197969543148 0.005714285714285714 0.01015228426395939
3 0.41892857142857143 0.1446700507614213 0.005 0.01015228426395939
3 0.4546428571428571 0.15609137055837563 0.012142857142857143 0.01015228426395939
3 0.46285714285714286 0.1916243654822335 0.008571428571428572 0.012690355329949238
3 0.47535714285714287 0.2151015228426396 0.009285714285714286 0.013959390862944163
3 0.5067857142857143 0.27093908629441626 0.009285714285714286 0.01649746192893401
8 0.44642857142857145 0.2151015228426396 0.015714285714285715 0.03934010152284264
8 0.41892857142857143 0.2201776649746193 0.013571428571428571 0.031725888324873094
8 0.43107142857142855 0.22461928934010153 0.015 0.03807106598984772
3 0.4232142857142857 0.20939086294416243 0.007857142857142858 0.02030456852791878
8 0.4307142857142857 0.20431472081218274 0.01 0.02030456852791878
1 0.43464285714285716 0.16243654822335024 0.002142857142857143 0.005076142131979695
9 0.43464285714285716 0.1649746192893401 0.005 0.005076142131979695
4 0.44357142857142856 0.2366751269035533 0.007142857142857143 0.01649746192893401
4 0.45571428571428574 0.29441624365482233 0.008571428571428572 0.017766497461928935
8 0.4442857142857143 0.2614213197969543 0.01 0.025380710659898477
3 0.44642857142857145 0.24619289340101522 0.005714285714285714 0.01015228426395939
3 0.43785714285714283 0.2506345177664975 0.005714285714285714 0.013959390862944163
3 0.4303571428571429 0.25571065989847713 0.007857142857142858 0.013959390862944163
3 0.43535714285714283 0.2696700507614213 0.0064285714285714285 0.011421319796954314
3 0.44 0.28045685279187815 0.005714285714285714 0.012690355329949238
3 0.44642857142857145 0.29885786802030456 0.007142857142857143 0.013959390862944163
3 0.4635714285714286 0.3134517766497462 0.008571428571428572 0.015228426395939087
3 0.46964285714285714 0.3350253807106599 0.009285714285714286 0.015228426395939087
3 0.5221428571428571 0.2233502538071066 0.014285714285714285 0.012690355329949238
3 0.5189285714285714 0.4631979695431472 0.010714285714285714 0.017766497461928935
3 0.5142857142857142 0.4873096446700508 0.01 0.017766497461928935
3 0.6996428571428571 0.8147208121827412 0.023571428571428573 0.04060913705583756
3 0.5725 0.1833756345177665 0.009285714285714286 0.013959390862944163
3 0.5771428571428572 0.1814720812182741 0.01 0.015228426395939087
4 0.6146428571428572 0.35786802030456855 0.012142857142857143 0.012690355329949238
3 0.6121428571428571 0.35215736040609136 0.011428571428571429 0.008883248730964468
3 0.625 0.3800761421319797 0.015714285714285715 0.013959390862944163
3 0.6492857142857142 0.41243654822335024 0.015714285714285715 0.012690355329949238
0 0.6114285714285714 0.4251269035532995 0.002857142857142857 0.012690355329949238
0 0.6142857142857143 0.4251269035532995 0.002857142857142857 0.01015228426395939
0 0.975 0.6116751269035533 0.004285714285714286 0.015228426395939087