3 0.2990605427974948 0.5273654916512059 0.015657620041753653 0.06029684601113173
3 0.32045929018789143 0.5241187384044527 0.014613778705636743 0.0575139146567718
0 0.36221294363256784 0.2815398886827458 0.0041753653444676405 0.012059369202226345
9 0.37839248434237993 0.2815398886827458 0.003131524008350731 0.013914656771799629
0 0.3778705636743215 0.2699443413729128 0.0041753653444676405 0.00927643784786642
0 0.45120041753653445 0.16280148423005567 0.0026096033402922755 0.013914656771799629
6 0.35255741127348644 0.09183673469387756 0.02348643006263048 0.02040816326530612
5 0.3246346555323591 0.12244897959183673 0.04488517745302714 0.029684601113172542
0 0.4561586638830898 0.4772727272727273 0.0041753653444676405 0.01948051948051948
3 0.3134133611691023 0.6377551020408163 0.03914405010438413 0.03432282003710575
3 0.31524008350730687 0.7059369202226345 0.038622129436325675 0.03710575139146568
3 0.06315240083507306 0.8882189239332097 0.03444676409185804 0.0640074211502783
3 0.11951983298538622 0.8896103896103896 0.04592901878914405 0.07421150278293136
5 0.5795929018789144 0.5162337662337663 0.06315240083507306 0.05658627087198516
5 0.5824634655532359 0.4652133580705009 0.06263048016701461 0.05473098330241188
5 0.5795929018789144 0.41883116883116883 0.06210855949895616 0.045454545454545456
5 0.5775052192066806 0.3678107606679035 0.06210855949895616 0.04730983302411874
5 0.5822025052192067 0.3228200371057514 0.05897703549060543 0.04823747680890538
3 0.7400835073068893 0.04406307977736549 0.026096033402922755 0.023191094619666047
3 0.8478601252609603 0.03432282003710575 0.03392484342379958 0.03339517625231911
3 0.9018789144050104 0.20037105751391465 0.026096033402922755 0.03710575139146568
3 0.9399791231732777 0.03525046382189239 0.031315240083507306 0.022263450834879406
5 0.9608559498956158 0.24211502782931354 0.024008350730688934 0.0686456400742115
5 0.8799582463465553 0.15816326530612246 0.04488517745302714 0.0287569573283859
5 0.7886221294363257 0.3455473098330241 0.031315240083507306 0.036178107606679034
5 0.8791753653444676 0.34369202226345086 0.031837160751565764 0.075139146567718
5 0.9287578288100209 0.37708719851576994 0.02035490605427975 0.06029684601113173
3 0.8943110647181628 0.5593692022263451 0.02244258872651357 0.06493506493506493