8 0.09 0.03934010152284264 0.047142857142857146 0.04060913705583756
3 0.16357142857142856 0.04314720812182741 0.017142857142857144 0.02030456852791878
3 0.19178571428571428 0.03489847715736041 0.016428571428571428 0.01903553299492386
3 0.3375 0.16878172588832488 0.019285714285714285 0.017766497461928935
5 0.2592857142857143 0.16878172588832488 0.04285714285714286 0.04060913705583756
3 0.19107142857142856 0.1319796954314721 0.017857142857142856 0.015228426395939087
3 0.19535714285714287 0.14974619289340102 0.020714285714285713 0.02030456852791878
3 0.16142857142857142 0.07931472081218274 0.011428571428571429 0.024111675126903553
4 0.24 0.12055837563451777 0.02 0.02284263959390863
4 0.27785714285714286 0.13959390862944163 0.017142857142857144 0.02030456852791878
3 0.27714285714285714 0.12880710659898478 0.02142857142857143 0.01649746192893401
3 0.3267857142857143 0.14593908629441624 0.020714285714285713 0.02030456852791878
8 0.31 0.15038071065989847 0.032857142857142856 0.03680203045685279
0 0.2575 0.2506345177664975 0.002142857142857143 0.013959390862944163
3 0.10642857142857143 0.8718274111675127 0.025714285714285714 0.05583756345177665
5 0.16464285714285715 0.858502538071066 0.04357142857142857 0.12563451776649745
4 0.5235714285714286 0.6637055837563451 0.015714285714285715 0.048223350253807105
4 0.22214285714285714 0.4397208121827411 0.017142857142857144 0.03426395939086294
5 0.2714285714285714 0.46446700507614214 0.02142857142857143 0.07360406091370558
3 0.5175 0.5913705583756346 0.013571428571428571 0.04314720812182741
3 0.4967857142857143 0.565989847715736 0.010714285714285714 0.04060913705583756
3 0.5035714285714286 0.4143401015228426 0.012857142857142857 0.031725888324873094
3 0.4875 0.46256345177664976 0.012142857142857143 0.03426395939086294
4 0.49178571428571427 0.5101522842639594 0.012142857142857143 0.04060913705583756
4 0.51 0.47017766497461927 0.011428571428571429 0.03934010152284264
8 0.5142857142857142 0.5145939086294417 0.014285714285714285 0.06218274111675127
4 0.48392857142857143 0.4118020304568528 0.012142857142857143 0.031725888324873094
3 0.5785714285714286 0.217005076142132 0.008571428571428572 0.030456852791878174
4 0.5492857142857143 0.1935279187817259 0.008571428571428572 0.031725888324873094
4 0.5514285714285714 0.15736040609137056 0.008571428571428572 0.027918781725888325
3 0.585 0.09454314720812183 0.01 0.021573604060913704
3 0.5796428571428571 0.14911167512690354 0.009285714285714286 0.024111675126903553
3 0.5789285714285715 0.1884517766497462 0.009285714285714286 0.024111675126903553
3 0.5646428571428571 0.14276649746192893 0.007857142857142858 0.01903553299492386
3 0.5639285714285714 0.08439086294416244 0.007857142857142858 0.01903553299492386
4 0.5532142857142858 0.06916243654822335 0.0064285714285714285 0.031725888324873094
5 0.565 0.1065989847715736 0.011428571428571429 0.04568527918781726
5 0.565 0.17956852791878172 0.012857142857142857 0.07233502538071065
3 0.38357142857142856 0.048223350253807105 0.01 0.025380710659898477
8 0.38821428571428573 0.07677664974619289 0.015 0.03934010152284264
3 0.36 0.1618020304568528 0.018571428571428572 0.01903553299492386
4 0.34035714285714286 0.1967005076142132 0.020714285714285713 0.02284263959390863
4 0.36357142857142855 0.1802030456852792 0.02142857142857143 0.025380710659898477
3 0.3925 0.19225888324873097 0.020714285714285713 0.01903553299492386
3 0.3921428571428571 0.1782994923857868 0.02 0.01903553299492386
3 0.41892857142857143 0.2100253807106599 0.02214285714285714 0.0266497461928934
3 0.4517857142857143 0.20939086294416243 0.020714285714285713 0.02030456852791878
3 0.47535714285714287 0.2398477157360406 0.017857142857142856 0.02284263959390863
4 0.48214285714285715 0.22525380710659898 0.02142857142857143 0.0266497461928934
3 0.45 0.22842639593908629 0.02142857142857143 0.02284263959390863
8 0.42214285714285715 0.18972081218274112 0.02857142857142857 0.03426395939086294