3 0.5067857142857143 0.692258883248731 0.02214285714285714 0.0850253807106599
3 0.5085714285714286 0.8128172588832487 0.025714285714285714 0.09517766497461928
3 0.4589285714285714 0.8064720812182741 0.025 0.0901015228426396
3 0.4639285714285714 0.6935279187817259 0.02642857142857143 0.07487309644670051
3 0.5996428571428571 0.1548223350253807 0.016428571428571428 0.03553299492385787
4 0.5857142857142857 0.217005076142132 0.017142857142857144 0.048223350253807105
4 0.5864285714285714 0.08565989847715735 0.012857142857142857 0.03426395939086294
3 0.4525 0.949238578680203 0.030714285714285715 0.09898477157360407
0 0.19678571428571429 0.9511421319796954 0.012142857142857143 0.03426395939086294
0 0.2067857142857143 0.35596446700507617 0.005 0.021573604060913704
0 0.41285714285714287 0.4784263959390863 0.005714285714285714 0.025380710659898477
0 0.40535714285714286 0.47081218274111675 0.0035714285714285713 0.017766497461928935
0 0.3942857142857143 0.5532994923857868 0.008571428571428572 0.025380710659898477
0 0.39285714285714285 0.5913705583756346 0.005714285714285714 0.027918781725888325
0 0.38607142857142857 0.600253807106599 0.007857142857142858 0.025380710659898477
0 0.44857142857142857 0.3362944162436548 0.005714285714285714 0.02284263959390863
4 0.2575 0.39784263959390864 0.03785714285714286 0.03426395939086294
0 0.08571428571428572 0.5126903553299492 0.01 0.025380710659898477
0 0.3742857142857143 0.5958121827411168 0.007142857142857143 0.0266497461928934
0 0.15964285714285714 0.9879441624365483 0.012142857142857143 0.021573604060913704
0 0.0775 0.9860406091370558 0.012142857142857143 0.025380710659898477
0 0.83 0.4263959390862944 0.01 0.025380710659898477
0 0.7217857142857143 0.38261421319796957 0.005 0.024111675126903553
0 0.7253571428571428 0.37880710659898476 0.0064285714285714285 0.01903553299492386
0 0.5196428571428572 0.3096446700507614 0.007857142857142858 0.02284263959390863
0 0.7060714285714286 0.4022842639593909 0.010714285714285714 0.025380710659898477
0 0.7792857142857142 0.8096446700507615 0.01 0.030456852791878174
0 0.7871428571428571 0.8134517766497462 0.007142857142857143 0.027918781725888325
0 0.40964285714285714 0.46890862944162437 0.005 0.01649746192893401
1 0.37607142857142856 0.5926395939086294 0.0035714285714285713 0.01015228426395939
0 0.34964285714285714 0.35850253807106597 0.007857142857142858 0.01903553299492386
0 0.3517857142857143 0.3534263959390863 0.0064285714285714285 0.01903553299492386
0 0.41964285714285715 0.35406091370558374 0.007857142857142858 0.02284263959390863
0 0.20535714285714285 0.35152284263959394 0.005 0.02284263959390863
0 0.5478571428571428 0.2950507614213198 0.005714285714285714 0.024111675126903553
0 0.4660714285714286 0.13324873096446702 0.005 0.02284263959390863
4 0.5528571428571428 0.011421319796954314 0.011428571428571429 0.02284263959390863