3 0.7521428571428571 0.5 0.02857142857142857 0.116751269035533
3 0.6746428571428571 0.4949238578680203 0.027857142857142858 0.09644670050761421
3 0.5714285714285714 0.5145939086294417 0.025714285714285714 0.11294416243654823
3 0.5142857142857142 0.4993654822335025 0.027142857142857142 0.0901015228426396
3 0.4760714285714286 0.5279187817258884 0.029285714285714286 0.1065989847715736
3 0.6360714285714286 0.7423857868020305 0.02642857142857143 0.10406091370558376
3 0.5657142857142857 0.7474619289340102 0.027142857142857142 0.1065989847715736
3 0.5196428571428572 0.7455583756345178 0.04214285714285714 0.08248730964467005
3 0.2525 0.18274111675126903 0.05785714285714286 0.04314720812182741
3 0.24 0.4473350253807107 0.05142857142857143 0.046954314720812185
3 0.04285714285714286 0.44352791878172587 0.06857142857142857 0.05710659898477157
3 0.4160714285714286 0.623730964467005 0.05785714285714286 0.05456852791878172
3 0.42892857142857144 0.6859137055837563 0.062142857142857146 0.05964467005076142
3 0.41285714285714287 0.7392131979695431 0.05714285714285714 0.07487309644670051
3 0.3482142857142857 0.5323604060913706 0.025 0.10279187817258884
3 0.31535714285714284 0.5444162436548223 0.02642857142857143 0.10152284263959391
3 0.28464285714285714 0.5355329949238579 0.025 0.09898477157360407
3 0.22178571428571428 0.5380710659898477 0.02642857142857143 0.09898477157360407
3 0.18785714285714286 0.5431472081218274 0.03 0.10406091370558376
3 0.15571428571428572 0.5266497461928934 0.025714285714285714 0.09137055837563451
3 0.12607142857142858 0.5304568527918782 0.02642857142857143 0.09390862944162437
3 0.09214285714285714 0.5336294416243654 0.03 0.10279187817258884
3 0.06 0.5374365482233503 0.027142857142857142 0.08248730964467005
3 0.02857142857142857 0.5355329949238579 0.02857142857142857 0.10406091370558376
3 0.0275 0.758248730964467 0.047857142857142855 0.09771573604060914
3 0.0625 0.7607868020304569 0.04071428571428572 0.09771573604060914
3 0.09964285714285714 0.758248730964467 0.047857142857142855 0.10532994923857868
3 0.18678571428571428 0.7392131979695431 0.055 0.10279187817258884
3 0.2375 0.7493654822335025 0.045 0.0901015228426396
3 0.35892857142857143 0.7538071065989848 0.052142857142857144 0.09644670050761421
4 0.30392857142857144 0.7607868020304569 0.039285714285714285 0.08756345177664974
3 0.26964285714285713 0.7436548223350253 0.03357142857142857 0.10406091370558376
4 0.38821428571428573 0.5571065989847716 0.04642857142857143 0.09644670050761421
3 0.2517857142857143 0.5336294416243654 0.03214285714285714 0.09771573604060914
4 0.14035714285714285 0.7525380710659898 0.06357142857142857 0.10406091370558376
3 0.33785714285714286 0.18781725888324874 0.055714285714285716 0.048223350253807105
4 0.07571428571428572 0.1833756345177665 0.05285714285714286 0.044416243654822336
4 0.5989285714285715 0.741751269035533 0.02214285714285714 0.09263959390862944
4 0.7917857142857143 0.5266497461928934 0.02642857142857143 0.09390862944162437
3 0.8453571428571428 0.7455583756345178 0.03214285714285714 0.10025380710659898
3 0.8807142857142857 0.7423857868020305 0.027142857142857142 0.09898477157360407
3 0.9203571428571429 0.7442893401015228 0.029285714285714286 0.0901015228426396
0 0.4207142857142857 0.40609137055837563 0.008571428571428572 0.017766497461928935
0 0.4117857142857143 0.41814720812182743 0.007857142857142858 0.01649746192893401