4 0.2882142857142857 0.08439086294416244 0.013571428571428571 0.02918781725888325
4 0.2885714285714286 0.12119289340101523 0.014285714285714285 0.02918781725888325
4 0.3292857142857143 0.1700507614213198 0.014285714285714285 0.030456852791878174
4 0.45964285714285713 0.407994923857868 0.017857142857142856 0.03680203045685279
4 0.37892857142857145 0.24555837563451777 0.016428571428571428 0.02918781725888325
8 0.4471428571428571 0.4168781725888325 0.024285714285714285 0.04949238578680203
8 0.4089285714285714 0.342005076142132 0.02214285714285714 0.044416243654822336
3 0.4282142857142857 0.37817258883248733 0.016428571428571428 0.027918781725888325
3 0.435 0.4651015228426396 0.015714285714285715 0.0266497461928934
3 0.43964285714285717 0.37055837563451777 0.015 0.030456852791878174
4 0.3675 0.9619289340101523 0.017857142857142856 0.050761421319796954
4 0.3867857142857143 0.8889593908629442 0.012142857142857143 0.03426395939086294
3 0.38535714285714284 0.9486040609137056 0.012142857142857143 0.031725888324873094
3 0.4067857142857143 0.8724619289340102 0.015 0.031725888324873094
4 0.35464285714285715 0.8477157360406091 0.012142857142857143 0.04314720812182741
3 0.39964285714285713 0.7677664974619289 0.016428571428571428 0.04060913705583756
5 0.405 0.8128172588832487 0.03142857142857143 0.0799492385786802
4 0.42142857142857143 0.8134517766497462 0.014285714285714285 0.04314720812182741
4 0.44142857142857145 0.75 0.018571428571428572 0.04314720812182741
8 0.4182142857142857 0.7055837563451777 0.023571428571428573 0.0583756345177665
3 0.42678571428571427 0.7436548223350253 0.015 0.04314720812182741
3 0.5632142857142857 0.08439086294416244 0.017857142857142856 0.031725888324873094
3 0.5167857142857143 0.0717005076142132 0.015 0.03934010152284264
8 0.55 0.16941624365482233 0.011428571428571429 0.044416243654822336
8 0.5657142857142857 0.4549492385786802 0.014285714285714285 0.05964467005076142
8 0.5667857142857143 0.5513959390862944 0.016428571428571428 0.05964467005076142
8 0.64 0.7550761421319797 0.03 0.050761421319796954
3 0.5896428571428571 0.7290609137055838 0.017857142857142856 0.03426395939086294
3 0.5882142857142857 0.6218274111675127 0.016428571428571428 0.03299492385786802
3 0.5475 0.506979695431472 0.009285714285714286 0.03934010152284264
4 0.5482142857142858 0.6186548223350253 0.013571428571428571 0.044416243654822336
8 0.7267857142857143 0.8807106598984772 0.039285714285714285 0.06598984771573604
8 0.6896428571428571 0.7887055837563451 0.03357142857142857 0.05710659898477157
3 0.7292857142857143 0.7848984771573604 0.012857142857142857 0.03680203045685279
3 0.7621428571428571 0.6224619289340102 0.011428571428571429 0.031725888324873094
3 0.7410714285714286 0.6142131979695431 0.013571428571428571 0.03299492385786802
4 0.7921428571428571 0.5697969543147208 0.014285714285714285 0.04060913705583756
5 0.7471428571428571 0.8052030456852792 0.024285714285714285 0.0850253807106599
3 0.7978571428571428 0.4543147208121827 0.011428571428571429 0.03299492385786802
4 0.8196428571428571 0.3248730964467005 0.009285714285714286 0.030456852791878174
4 0.7782142857142857 0.44225888324873097 0.012142857142857143 0.031725888324873094
5 0.7760714285714285 0.3597715736040609 0.020714285714285713 0.06472081218274112
3 0.8232142857142857 0.02601522842639594 0.009285714285714286 0.024111675126903553
4 0.8164285714285714 0.18083756345177665 0.008571428571428572 0.0266497461928934
4 0.8367857142857142 0.19733502538071065 0.009285714285714286 0.031725888324873094
4 0.8064285714285714 0.13895939086294415 0.007142857142857143 0.02918781725888325
3 0.8475 0.007614213197969543 0.009285714285714286 0.015228426395939087
3 0.8614285714285714 0.044416243654822336 0.008571428571428572 0.02284263959390863
3 0.8478571428571429 0.0799492385786802 0.008571428571428572 0.027918781725888325
3 0.8525 0.20812182741116753 0.0064285714285714285 0.025380710659898477
4 0.86 0.1281725888324873 0.01 0.03299492385786802
0 0.9678571428571429 0.32741116751269034 0.004285714285714286 0.007614213197969543
0 0.9707142857142858 0.30774111675126903 0.004285714285714286 0.008883248730964468
0 0.98 0.3616751269035533 0.005714285714285714 0.007614213197969543
0 0.9453571428571429 0.3946700507614213 0.0064285714285714285 0.01015228426395939
0 0.9789285714285715 0.2893401015228426 0.0035714285714285713 0.007614213197969543
0 0.9692857142857143 0.2899746192893401 0.007142857142857143 0.011421319796954314
0 0.9371428571428572 0.3953045685279188 0.004285714285714286 0.011421319796954314