9 0.10360125260960334 0.4976808905380334 0.0255741127348643 0.01948051948051948
9 0.09786012526096033 0.5296846011131725 0.02661795407098121 0.01855287569573284
1 0.18136743215031315 0.4684601113172542 0.013048016701461378 0.016697588126159554
1 0.18319415448851775 0.4489795918367347 0.013569937369519834 0.01855287569573284
1 0.18867432150313151 0.42857142857142855 0.010960334029227558 0.016697588126159554
1 0.19180584551148225 0.4141929499072356 0.008872651356993737 0.012059369202226345
1 0.19598121085594988 0.40584415584415584 0.009916492693110648 0.013914656771799629
1 0.2132045929018789 0.4137291280148423 0.009916492693110648 0.02040816326530612
0 0.20746346555323592 0.4842300556586271 0.014091858037578288 0.022263450834879406
0 0.20772442588726514 0.5208719851576994 0.011482254697286013 0.02504638218923933
1 0.21189979123173278 0.4652133580705009 0.009394572025052192 0.017625231910946195
1 0.21737995824634657 0.44063079777365494 0.009916492693110648 0.014842300556586271
1 0.21946764091858037 0.4267161410018553 0.009916492693110648 0.014842300556586271
3 0.3061064718162839 0.4452690166975881 0.029749478079331943 0.09461966604823747
1 0.3400313152400835 0.4420222634508349 0.008872651356993737 0.023191094619666047
9 0.35829853862212946 0.41465677179962895 0.007828810020876827 0.03525046382189239
0 0.3794363256784969 0.5422077922077922 0.008350730688935281 0.023191094619666047
1 0.4791231732776618 0.4907235621521336 0.008350730688935281 0.02040816326530612
1 0.47677453027139877 0.4550092764378479 0.010960334029227558 0.021335807050092765
1 0.5106993736951984 0.45222634508348797 0.007828810020876827 0.017625231910946195
3 0.444937369519833 0.46382189239332094 0.024530271398747392 0.10204081632653061
4 0.5373173277661796 0.46382189239332094 0.027661795407098122 0.10760667903525047
3 0.5798538622129437 0.46567717996289426 0.025052192066805846 0.09090909090909091
3 0.6403966597077244 0.47263450834879406 0.025052192066805846 0.07699443413729128
3 0.7424321503131524 0.47866419294990725 0.031837160751565764 0.10204081632653061
7 0.791231732776618 0.4652133580705009 0.031315240083507306 0.06029684601113173
2 0.8134133611691023 0.4772727272727273 0.015135699373695199 0.0287569573283859
3 0.8196764091858038 0.3432282003710575 0.027661795407098122 0.07421150278293136
3 0.8368997912317327 0.4332096474953618 0.031837160751565764 0.08534322820037106
4 0.8917014613778705 0.3334879406307978 0.042275574112734866 0.07884972170686456
3 0.9125782881002088 0.43413729128014844 0.04018789144050104 0.09090909090909091
3 0.9906054279749478 0.4424860853432282 0.017745302713987474 0.08905380333951762
9 0.07750521920668059 0.5524118738404453 0.027661795407098122 0.017625231910946195
9 0.07411273486430063 0.4976808905380334 0.025052192066805846 0.017625231910946195
4 0.09916492693110647 0.4299628942486085 0.038622129436325675 0.075139146567718
3 0.03940501043841336 0.3232838589981447 0.042275574112734866 0.08070500927643785
0 0.018528183716075158 0.5644712430426716 0.013048016701461378 0.023191094619666047
0 0.027400835073068893 0.5278293135435993 0.019311064718162838 0.027829313543599257
0 0.031315240083507306 0.5482374768089053 0.013569937369519834 0.022263450834879406
1 0.0407098121085595 0.5278293135435993 0.014613778705636743 0.01855287569573284
1 0.05036534446764092 0.4939703153988868 0.013048016701461378 0.023191094619666047
1 0.06263048016701461 0.449443413729128 0.012526096033402923 0.021335807050092765
1 0.06602296450939457 0.4332096474953618 0.015135699373695199 0.02040816326530612