5 0.45407098121085593 0.16326530612244897 0.11377870563674322 0.14100185528756956
9 0.4707724425887265 0.2527829313543599 0.025052192066805846 0.039888682745825604
7 0.4329331941544885 0.24165120593692022 0.043319415448851775 0.05844155844155844
4 0.41492693110647183 0.2922077922077922 0.05741127348643006 0.06493506493506493
3 0.40213987473903967 0.4290352504638219 0.07045929018789145 0.06957328385899815
0 0.5234864300626305 0.37430426716141 0.009394572025052192 0.03432282003710575
5 0.3966597077244259 0.5329313543599258 0.09081419624217119 0.09740259740259741
3 0.3903966597077244 0.609925788497217 0.06993736951983298 0.08070500927643785
3 0.331419624217119 0.6493506493506493 0.07620041753653445 0.08905380333951762
5 0.30845511482254695 0.7560296846011132 0.1304801670146138 0.15584415584415584
3 0.2985386221294363 0.8687384044526901 0.08350730688935282 0.09740259740259741
3 0.2716597077244259 0.9577922077922078 0.0861169102296451 0.08070500927643785
3 0.5717640918580376 0.8645640074211502 0.08402922755741127 0.09833024118738404
4 0.5850730688935282 0.7602040816326531 0.06784968684759916 0.0862708719851577
3 0.6127348643006263 0.6892393320964749 0.07620041753653445 0.09276437847866419
3 0.6145615866388309 0.608534322820037 0.07776617954070981 0.08163265306122448
4 0.6871085594989561 0.23840445269016697 0.054801670146137786 0.07421150278293136
4 0.6844989561586639 0.19341372912801486 0.06837160751565761 0.06586270871985157
6 0.7627870563674322 0.3297773654916512 0.04123173277661795 0.04359925788497217
6 0.7606993736951984 0.237012987012987 0.04123173277661795 0.04730983302411874
4 0.6975469728601252 0.11920222634508348 0.06837160751565761 0.0862708719851577
4 0.704070981210856 0.06679035250463822 0.06993736951983298 0.07421150278293136
7 0.7969728601252609 0.06586270871985157 0.032359081419624215 0.03525046382189239
6 0.805062630480167 0.03710575139146568 0.04123173277661795 0.03896103896103896
4 0.7160751565762005 0.016233766233766232 0.06680584551148225 0.030612244897959183
6 0.8661273486430062 0.1614100185528757 0.03496868475991649 0.04452690166975881
0 0.8888308977035491 0.17578849721706866 0.010438413361169102 0.038033395176252316
5 0.8833507306889353 0.041743970315398886 0.030793319415448852 0.08163265306122448
6 0.8653444676409185 0.3042671614100185 0.04175365344467641 0.059369202226345084