7 0.5224425887265136 0.6873840445269017 0.011482254697286013 0.03710575139146568
1 0.5232254697286013 0.6897031539888683 0.004697286012526096 0.017625231910946195
3 0.55741127348643 0.4253246753246753 0.009394572025052192 0.017625231910946195
3 0.5636743215031316 0.46985157699443414 0.010438413361169102 0.01948051948051948
5 0.5655010438413361 0.5445269016697588 0.009916492693110648 0.029684601113172542
5 0.5352296450939458 0.24118738404452691 0.005741127348643006 0.014842300556586271
6 0.6343945720250522 0.589517625231911 0.02870563674321503 0.0287569573283859
9 0.6803235908141962 0.6813543599257885 0.01826722338204593 0.01948051948051948
3 0.7025052192066806 0.9039888682745826 0.04697286012526096 0.041743970315398886
6 0.7032881002087683 0.8631725417439703 0.01722338204592902 0.04916512059369202
7 0.5908141962421712 0.6103896103896104 0.010438413361169102 0.025974025974025976
9 0.5190501043841336 0.6266233766233766 0.005741127348643006 0.017625231910946195
5 0.56758872651357 0.3395176252319109 0.008872651356993737 0.02411873840445269
3 0.18710855949895616 0.3427643784786642 0.012004175365344467 0.012059369202226345
1 0.5193110647181628 0.6219851576994434 0.0041753653444676405 0.017625231910946195