3 0.4853571428571429 0.876269035532995 0.023571428571428573 0.11548223350253807
3 0.4367857142857143 0.866751269035533 0.02642857142857143 0.10913705583756345
3 0.4853571428571429 0.7214467005076142 0.025 0.10025380710659898
3 0.5257142857142857 0.733502538071066 0.03 0.1065989847715736
3 0.5667857142857143 0.7303299492385786 0.02642857142857143 0.09517766497461928
3 0.44142857142857145 0.7227157360406091 0.02857142857142857 0.09263959390862944
3 0.49357142857142855 0.46573604060913704 0.05285714285714286 0.04060913705583756
3 0.6817857142857143 0.7125634517766497 0.039285714285714285 0.10025380710659898
3 0.23035714285714284 0.3147208121827411 0.05071428571428571 0.03807106598984772
3 0.5185714285714286 0.08565989847715735 0.018571428571428572 0.04949238578680203
4 0.7432142857142857 0.5964467005076142 0.05928571428571429 0.06345177664974619
3 0.3117857142857143 0.31916243654822335 0.04214285714285714 0.03934010152284264
0 0.38321428571428573 0.9213197969543148 0.012142857142857143 0.02030456852791878
0 0.3625 0.6687817258883249 0.012142857142857143 0.02030456852791878
0 0.3678571428571429 0.6548223350253807 0.008571428571428572 0.02030456852791878
3 0.6203571428571428 0.03616751269035533 0.017857142857142856 0.05710659898477157
4 0.5907142857142857 0.03362944162436548 0.015714285714285715 0.05964467005076142
8 0.5032142857142857 0.20558375634517767 0.035 0.10913705583756345
0 0.16357142857142856 0.2639593908629442 0.01 0.027918781725888325
0 0.3517857142857143 0.2563451776649746 0.0064285714285714285 0.02284263959390863
0 0.3807142857142857 0.25444162436548223 0.007142857142857143 0.024111675126903553
0 0.4357142857142857 0.21256345177664976 0.007142857142857143 0.021573604060913704
0 0.43892857142857145 0.21256345177664976 0.005 0.01903553299492386
0 0.44571428571428573 0.21763959390862944 0.005714285714285714 0.021573604060913704
0 0.3767857142857143 0.2512690355329949 0.0064285714285714285 0.025380710659898477
0 0.3439285714285714 0.2468274111675127 0.009285714285714286 0.021573604060913704
0 0.6157142857142858 0.12753807106598986 0.007142857142857143 0.01903553299492386
0 0.6125 0.13451776649746192 0.007857142857142858 0.02284263959390863
0 0.5439285714285714 0.21763959390862944 0.0064285714285714285 0.02918781725888325
0 0.6860714285714286 0.2296954314720812 0.007857142857142858 0.025380710659898477
2 0.7321428571428571 0.36928934010152287 0.017142857142857144 0.02030456852791878
1 0.735 0.3623096446700508 0.01 0.01903553299492386
0 0.8271428571428572 0.35913705583756345 0.007142857142857143 0.025380710659898477
0 0.8282142857142857 0.35152284263959394 0.007857142857142858 0.027918781725888325
0 0.8225 0.6383248730964467 0.007857142857142858 0.025380710659898477
0 0.83 0.6357868020304569 0.01 0.02030456852791878
0 0.8153571428571429 0.6357868020304569 0.010714285714285714 0.02284263959390863
3 0.42964285714285716 0.9892131979695431 0.027857142857142858 0.01903553299492386
0 0.44892857142857145 0.0133248730964467 0.0064285714285714285 0.01903553299492386
0 0.3157142857142857 0.7474619289340102 0.005714285714285714 0.012690355329949238
0 0.32142857142857145 0.7442893401015228 0.007142857142857143 0.01649746192893401
0 0.3175 0.7265228426395939 0.010714285714285714 0.011421319796954314
0 0.9617857142857142 0.4219543147208122 0.010714285714285714 0.01903553299492386
0 0.9607142857142857 0.41624365482233505 0.005714285714285714 0.012690355329949238
0 0.9628571428571429 0.4149746192893401 0.014285714285714285 0.02030456852791878