3 0.6025 0.559010152284264 0.060714285714285714 0.09517766497461928
3 0.7578571428571429 0.4346446700507614 0.07 0.05964467005076142
0 0.8467857142857143 0.7709390862944162 0.020714285714285713 0.044416243654822336
3 0.8096428571428571 0.09073604060913705 0.04642857142857143 0.046954314720812185
0 0.6014285714285714 0.17639593908629442 0.01 0.03553299492385787
0 0.5957142857142858 0.15038071065989847 0.007142857142857143 0.031725888324873094
0 0.6567857142857143 0.13959390862944163 0.009285714285714286 0.03299492385786802
0 0.6657142857142857 0.13324873096446702 0.008571428571428572 0.030456852791878174
0 0.49642857142857144 0.4815989847715736 0.01 0.03934010152284264
0 0.4567857142857143 0.5076142131979695 0.010714285714285714 0.03553299492385787
0 0.44785714285714284 0.5063451776649747 0.007142857142857143 0.04060913705583756
0 0.31642857142857145 0.5920050761421319 0.011428571428571429 0.046954314720812185
0 0.31892857142857145 0.5812182741116751 0.012142857142857143 0.04568527918781726
0 0.2307142857142857 0.4282994923857868 0.012857142857142857 0.04187817258883249
0 0.2317857142857143 0.38261421319796957 0.012142857142857143 0.03934010152284264
3 0.28714285714285714 0.17893401015228427 0.05714285714285714 0.050761421319796954
4 0.3707142857142857 0.20558375634517767 0.05714285714285714 0.06598984771573604
3 0.4575 0.24111675126903553 0.05357142857142857 0.050761421319796954
0 0.38142857142857145 0.1313451776649746 0.007142857142857143 0.02918781725888325