3 0.095 0.5996666666666667 0.112 0.146
3 0.4855 0.7456666666666667 0.139 0.14733333333333334
3 0.44025 0.8386666666666667 0.1475 0.15866666666666668
6 0.37975 0.9493333333333334 0.1075 0.10133333333333333
3 0.6555 0.38366666666666666 0.113 0.09
3 0.699 0.2813333333333333 0.104 0.08133333333333333
3 0.72825 0.22833333333333333 0.0965 0.074
3 0.7515 0.17966666666666667 0.102 0.074
3 0.762 0.12433333333333334 0.094 0.07266666666666667
3 0.795 0.093 0.089 0.06733333333333333
3 0.8015 0.059333333333333335 0.088 0.064
9 0.19575 0.43466666666666665 0.0305 0.04933333333333333
9 0.1835 0.4513333333333333 0.038 0.050666666666666665