8 0.38857142857142857 0.2233502538071066 0.017142857142857144 0.02284263959390863
3 0.3992857142857143 0.23604060913705585 0.007142857142857143 0.007614213197969543
3 0.4057142857142857 0.2398477157360406 0.007142857142857143 0.01015228426395939
3 0.41214285714285714 0.2436548223350254 0.007142857142857143 0.007614213197969543
3 0.41964285714285715 0.25 0.007857142857142858 0.01015228426395939
3 0.41714285714285715 0.2315989847715736 0.007142857142857143 0.008883248730964468
3 0.4082142857142857 0.21763959390862944 0.010714285714285714 0.006345177664974619
3 0.37464285714285717 0.2887055837563452 0.013571428571428571 0.01649746192893401
3 0.3632142857142857 0.35913705583756345 0.012142857142857143 0.015228426395939087
8 0.435 0.2969543147208122 0.022857142857142857 0.03553299492385787
5 0.4835714285714286 0.26649746192893403 0.011428571428571429 0.015228426395939087
5 0.5014285714285714 0.2880710659898477 0.014285714285714285 0.017766497461928935
5 0.5128571428571429 0.29885786802030456 0.012857142857142857 0.01903553299492386
3 0.525 0.3096446700507614 0.017142857142857144 0.012690355329949238
3 0.5417857142857143 0.3286802030456853 0.010714285714285714 0.012690355329949238
4 0.5525 0.3356598984771574 0.009285714285714286 0.01649746192893401
4 0.5582142857142857 0.3464467005076142 0.007857142857142858 0.02030456852791878
4 0.5617857142857143 0.3616751269035533 0.009285714285714286 0.017766497461928935
3 0.6164285714285714 0.3889593908629442 0.024285714285714285 0.01903553299492386
8 0.5160714285714286 0.39213197969543145 0.04642857142857143 0.03299492385786802
8 0.5817857142857142 0.3756345177664975 0.05928571428571429 0.04314720812182741
8 0.6485714285714286 0.3686548223350254 0.04285714285714286 0.02918781725888325
8 0.7060714285714286 0.3597715736040609 0.039285714285714285 0.02918781725888325
0 0.6814285714285714 0.3565989847715736 0.004285714285714286 0.012690355329949238
0 0.6832142857142857 0.35723350253807107 0.0035714285714285713 0.013959390862944163
0 0.675 0.39784263959390864 0.002857142857142857 0.01649746192893401
0 0.5764285714285714 0.41751269035532995 0.004285714285714286 0.017766497461928935
4 0.3717857142857143 0.4200507614213198 0.030714285714285715 0.027918781725888325
9 0.39035714285714285 0.4137055837563452 0.012142857142857143 0.01015228426395939
9 0.39571428571428574 0.41814720812182743 0.005714285714285714 0.01649746192893401
9 0.4025 0.41624365482233505 0.009285714285714286 0.015228426395939087
9 0.4057142857142857 0.4143401015228426 0.007142857142857143 0.01903553299492386
9 0.41 0.4130710659898477 0.01 0.01903553299492386
9 0.4157142857142857 0.41243654822335024 0.008571428571428572 0.017766497461928935
9 0.42 0.4137055837563452 0.007142857142857143 0.012690355329949238
9 0.42464285714285716 0.41243654822335024 0.0064285714285714285 0.012690355329949238
9 0.42928571428571427 0.41053299492385786 0.007142857142857143 0.01649746192893401
9 0.43392857142857144 0.41116751269035534 0.0064285714285714285 0.017766497461928935
9 0.43892857142857145 0.41053299492385786 0.0064285714285714285 0.01649746192893401
9 0.4442857142857143 0.40926395939086296 0.011428571428571429 0.01649746192893401
9 0.45 0.407994923857868 0.007142857142857143 0.01649746192893401
9 0.45535714285714285 0.4067258883248731 0.0064285714285714285 0.01903553299492386
9 0.4585714285714286 0.40609137055837563 0.007142857142857143 0.017766497461928935
9 0.4632142857142857 0.40482233502538073 0.007857142857142858 0.017766497461928935
0 0.4614285714285714 0.3876903553299492 0.002857142857142857 0.013959390862944163
9 0.47214285714285714 0.4029187817258883 0.008571428571428572 0.01903553299492386
9 0.4757142857142857 0.4029187817258883 0.005714285714285714 0.01649746192893401
9 0.48142857142857143 0.4022842639593909 0.007142857142857143 0.017766497461928935
0 0.4185714285714286 0.3902284263959391 0.002857142857142857 0.008883248730964468
0 0.4114285714285714 0.5475888324873096 0.004285714285714286 0.021573604060913704
3 0.6639285714285714 0.9600253807106599 0.027857142857142858 0.07233502538071065
3 0.6253571428571428 0.8166243654822335 0.023571428571428573 0.05456852791878172
3 0.6196428571428572 0.6567258883248731 0.017857142857142856 0.03680203045685279
0 0.7017857142857142 0.7703045685279187 0.005 0.025380710659898477
0 0.7075 0.7709390862944162 0.005 0.024111675126903553
0 0.7225 0.5983502538071066 0.0035714285714285713 0.01649746192893401
0 0.7221428571428572 0.5958121827411168 0.002857142857142857 0.01903553299492386
9 0.6714285714285714 0.5545685279187818 0.004285714285714286 0.017766497461928935
0 0.5425 0.5532994923857868 0.0035714285714285713 0.015228426395939087
0 0.5442857142857143 0.5475888324873096 0.002857142857142857 0.01903553299492386
0 0.6164285714285714 0.5374365482233503 0.002857142857142857 0.01903553299492386
0 0.6221428571428571 0.5380710659898477 0.002857142857142857 0.02030456852791878
0 0.6321428571428571 0.5209390862944162 0.004285714285714286 0.01649746192893401
9 0.6757142857142857 0.5545685279187818 0.004285714285714286 0.017766497461928935
2 0.7125 0.5774111675126904 0.005 0.015228426395939087
2 0.7075 0.5653553299492385 0.005 0.01649746192893401
0 0.6110714285714286 0.48286802030456855 0.0035714285714285713 0.01903553299492386
0 0.6157142857142858 0.48413705583756345 0.002857142857142857 0.013959390862944163
9 0.6232142857142857 0.45875634517766495 0.0064285714285714285 0.013959390862944163
0 0.46035714285714285 0.6275380710659898 0.0035714285714285713 0.021573604060913704
0 0.4635714285714286 0.6288071065989848 0.004285714285714286 0.01903553299492386
0 0.4542857142857143 0.6579949238578681 0.004285714285714286 0.021573604060913704
0 0.4492857142857143 0.6611675126903553 0.004285714285714286 0.02030456852791878
0 0.45357142857142857 0.7404822335025381 0.005714285714285714 0.0266497461928934
0 0.44535714285714284 0.7785532994923858 0.0035714285714285713 0.024111675126903553
0 0.4407142857142857 0.7734771573604061 0.004285714285714286 0.024111675126903553
0 0.45785714285714285 0.5805837563451777 0.004285714285714286 0.01903553299492386
0 0.46 0.5564720812182741 0.004285714285714286 0.01903553299492386
0 0.46964285714285714 0.5824873096446701 0.0035714285714285713 0.02030456852791878
0 0.5717857142857142 0.34454314720812185 0.002142857142857143 0.011421319796954314
9 0.6367857142857143 0.5063451776649747 0.005 0.017766497461928935
0 0.6517857142857143 0.5399746192893401 0.0035714285714285713 0.01649746192893401