3 0.5485714285714286 0.6218274111675127 0.012857142857142857 0.03553299492385787
3 0.5564285714285714 0.508248730964467 0.012857142857142857 0.031725888324873094
3 0.5007142857142857 0.5520304568527918 0.012857142857142857 0.027918781725888325
3 0.4446428571428571 0.5095177664974619 0.009285714285714286 0.031725888324873094
3 0.42214285714285715 0.575507614213198 0.012857142857142857 0.03680203045685279
3 0.4635714285714286 0.6821065989847716 0.015714285714285715 0.046954314720812185
3 0.5503571428571429 0.8838832487309645 0.016428571428571428 0.05203045685279188
3 0.5235714285714286 0.9352791878172588 0.018571428571428572 0.06345177664974619
3 0.5010714285714286 0.6947969543147208 0.015 0.044416243654822336
3 0.4757142857142857 0.39720812182741116 0.011428571428571429 0.025380710659898477
3 0.5110714285714286 0.3680203045685279 0.010714285714285714 0.02284263959390863
3 0.4925 0.3546954314720812 0.010714285714285714 0.021573604060913704
3 0.6196428571428572 0.23730964467005075 0.009285714285714286 0.017766497461928935
3 0.4446428571428571 0.3464467005076142 0.009285714285714286 0.02284263959390863
3 0.42928571428571427 0.27918781725888325 0.008571428571428572 0.02284263959390863
3 0.455 0.24936548223350255 0.01 0.01649746192893401
3 0.4589285714285714 0.28109137055837563 0.009285714285714286 0.01649746192893401
3 0.45 0.22398477157360405 0.008571428571428572 0.01903553299492386
3 0.43607142857142855 0.2233502538071066 0.009285714285714286 0.017766497461928935
3 0.42928571428571427 0.18972081218274112 0.008571428571428572 0.01903553299492386
3 0.44 0.24746192893401014 0.008571428571428572 0.017766497461928935
3 0.4635714285714286 0.3483502538071066 0.008571428571428572 0.0266497461928934
3 0.4675 0.4676395939086294 0.010714285714285714 0.03680203045685279
3 0.5507142857142857 0.7576142131979695 0.017142857142857144 0.04568527918781726
3 0.2789285714285714 0.16434010152284265 0.012142857142857143 0.013959390862944163
3 0.2864285714285714 0.17449238578680204 0.017142857142857144 0.01649746192893401
3 0.2985714285714286 0.1802030456852792 0.015714285714285715 0.015228426395939087
3 0.3221428571428571 0.20939086294416243 0.018571428571428572 0.012690355329949238
3 0.33714285714285713 0.2550761421319797 0.02 0.012690355329949238
3 0.3335714285714286 0.2639593908629442 0.02142857142857143 0.015228426395939087
3 0.3292857142857143 0.29314720812182743 0.022857142857142857 0.02284263959390863
3 0.32285714285714284 0.3039340101522843 0.024285714285714285 0.01903553299492386
4 0.49857142857142855 0.8324873096446701 0.015714285714285715 0.050761421319796954
4 0.5353571428571429 0.47779187817258884 0.012142857142857143 0.02918781725888325
5 0.47035714285714286 0.3083756345177665 0.010714285714285714 0.03553299492385787
5 0.5228571428571429 0.5348984771573604 0.012857142857142857 0.046954314720812185
5 0.525 0.7112944162436549 0.02142857142857143 0.07233502538071065
3 0.4957142857142857 0.9873096446700508 0.02142857142857143 0.02284263959390863
3 0.7478571428571429 0.014593908629441625 0.008571428571428572 0.011421319796954314
3 0.8146428571428571 0.007614213197969543 0.0064285714285714285 0.012690355329949238
3 0.6860714285714286 0.09263959390862944 0.007857142857142858 0.012690355329949238
3 0.6867857142857143 0.10977157360406091 0.0064285714285714285 0.013959390862944163
3 0.7064285714285714 0.12880710659898478 0.005714285714285714 0.011421319796954314
3 0.6660714285714285 0.41624365482233505 0.009285714285714286 0.02030456852791878
0 0.23642857142857143 0.2963197969543147 0.004285714285714286 0.011421319796954314
0 0.27964285714285714 0.22081218274111675 0.0035714285714285713 0.017766497461928935
3 0.22642857142857142 0.024111675126903553 0.011428571428571429 0.01015228426395939
3 0.23785714285714285 0.028553299492385786 0.011428571428571429 0.008883248730964468
3 0.2625 0.04187817258883249 0.012142857142857143 0.007614213197969543
3 0.25892857142857145 0.03934010152284264 0.012142857142857143 0.01015228426395939
3 0.25535714285714284 0.03807106598984772 0.012142857142857143 0.01015228426395939
3 0.25142857142857145 0.03489847715736041 0.011428571428571429 0.008883248730964468
4 0.215 0.01967005076142132 0.008571428571428572 0.008883248730964468
3 0.18892857142857142 0.008883248730964468 0.009285714285714286 0.007614213197969543
0 0.9589285714285715 0.7868020304568528 0.009285714285714286 0.017766497461928935
0 0.9307142857142857 0.7081218274111675 0.007142857142857143 0.015228426395939087
0 0.9264285714285714 0.6979695431472082 0.005714285714285714 0.017766497461928935
0 0.9135714285714286 0.5748730964467005 0.007142857142857143 0.017766497461928935