0 0.10214285714285715 0.0532994923857868 0.004285714285714286 0.02030456852791878
1 0.15821428571428572 0.010786802030456852 0.005 0.01649746192893401
0 0.1657142857142857 0.011421319796954314 0.004285714285714286 0.015228426395939087
4 0.11285714285714285 0.10977157360406091 0.017142857142857144 0.04187817258883249
9 0.14035714285714285 0.12626903553299493 0.0064285714285714285 0.021573604060913704
9 0.1467857142857143 0.12309644670050761 0.0064285714285714285 0.02284263959390863
4 0.18321428571428572 0.13007614213197968 0.035 0.03426395939086294
4 0.18892857142857142 0.14086294416243655 0.035 0.03299492385786802
3 0.19035714285714286 0.15418781725888325 0.030714285714285715 0.02918781725888325
3 0.18535714285714286 0.18210659898477158 0.017857142857142856 0.02918781725888325
4 0.19357142857142856 0.2100253807106599 0.017142857142857144 0.03426395939086294
3 0.12785714285714286 0.21573604060913706 0.03142857142857143 0.02284263959390863
3 0.1757142857142857 0.28109137055837563 0.025714285714285714 0.044416243654822336
9 0.12785714285714286 0.34517766497461927 0.02142857142857143 0.025380710659898477
9 0.12892857142857142 0.33248730964467005 0.02214285714285714 0.02284263959390863
9 0.12571428571428572 0.3229695431472081 0.022857142857142857 0.021573604060913704
9 0.12428571428571429 0.3083756345177665 0.024285714285714285 0.027918781725888325
9 0.12285714285714286 0.38261421319796957 0.011428571428571429 0.02918781725888325
9 0.115 0.3965736040609137 0.01 0.03680203045685279
9 0.10607142857142857 0.4022842639593909 0.010714285714285714 0.030456852791878174
9 0.095 0.4029187817258883 0.01 0.031725888324873094
9 0.08321428571428571 0.41053299492385786 0.010714285714285714 0.03426395939086294
4 0.02892857142857143 0.45050761421319796 0.05785714285714286 0.07614213197969544
3 0.009642857142857142 0.5431472081218274 0.019285714285714285 0.0532994923857868
3 0.008214285714285714 0.6059644670050761 0.016428571428571428 0.06979695431472081
3 0.03857142857142857 0.5279187817258884 0.027142857142857142 0.06091370558375635
3 0.06714285714285714 0.5298223350253807 0.025714285714285714 0.05964467005076142
4 0.039285714285714285 0.5881979695431472 0.03 0.07487309644670051
0 0.18964285714285714 0.5901015228426396 0.009285714285714286 0.03299492385786802
0 0.19607142857142856 0.5932741116751269 0.010714285714285714 0.031725888324873094
8 0.34785714285714286 0.9619289340101523 0.13428571428571429 0.07360406091370558
8 0.5364285714285715 0.8711928934010152 0.15857142857142856 0.1916243654822335
0 0.9032142857142857 0.9200507614213198 0.012142857142857143 0.03299492385786802
0 0.7335714285714285 0.6649746192893401 0.01 0.030456852791878174
0 0.7332142857142857 0.6535532994923858 0.007857142857142858 0.030456852791878174
8 0.7085714285714285 0.7506345177664975 0.10428571428571429 0.11548223350253807
8 0.845 0.6554568527918782 0.09571428571428571 0.10532994923857868
5 0.48892857142857143 0.5862944162436549 0.029285714285714286 0.11421319796954314
0 0.2810714285714286 0.6954314720812182 0.007857142857142858 0.025380710659898477
0 0.29214285714285715 0.7220812182741116 0.007142857142857143 0.02284263959390863
0 0.29714285714285715 0.7189086294416244 0.008571428571428572 0.021573604060913704
0 0.30107142857142855 0.6865482233502538 0.005 0.02284263959390863
0 0.3082142857142857 0.5970812182741116 0.007857142857142858 0.0266497461928934
0 0.3067857142857143 0.5875634517766497 0.005 0.02284263959390863
0 0.31857142857142856 0.4854060913705584 0.005714285714285714 0.02918781725888325
0 0.32857142857142857 0.43781725888324874 0.007142857142857143 0.025380710659898477
0 0.3196428571428571 0.4289340101522843 0.0064285714285714285 0.02030456852791878
0 0.32 0.20431472081218274 0.004285714285714286 0.017766497461928935
0 0.2785714285714286 0.05583756345177665 0.002857142857142857 0.017766497461928935
0 0.28035714285714286 0.10913705583756345 0.005 0.017766497461928935
0 0.2739285714285714 0.07677664974619289 0.0035714285714285713 0.013959390862944163
0 0.2925 0.09644670050761421 0.005 0.02030456852791878
0 0.2864285714285714 0.1148477157360406 0.004285714285714286 0.01649746192893401
4 0.33714285714285713 0.0932741116751269 0.014285714285714285 0.0266497461928934
4 0.43142857142857144 0.08946700507614214 0.015714285714285715 0.03680203045685279
5 0.43857142857142856 0.04568527918781726 0.024285714285714285 0.03553299492385787
5 0.45571428571428574 0.07931472081218274 0.02142857142857143 0.044416243654822336
4 0.47285714285714286 0.11357868020304568 0.02857142857142857 0.02918781725888325
3 0.49714285714285716 0.1802030456852792 0.02 0.03299492385786802
4 0.5146428571428572 0.21383248730964466 0.017857142857142856 0.044416243654822336
4 0.5235714285714286 0.26015228426395937 0.014285714285714285 0.050761421319796954
4 0.4664285714285714 0.35913705583756345 0.015714285714285715 0.04568527918781726
4 0.5239285714285714 0.32043147208121825 0.015 0.046954314720812185
4 0.5242857142857142 0.3699238578680203 0.017142857142857144 0.046954314720812185
0 0.5292857142857142 0.17576142131979697 0.004285714285714286 0.021573604060913704
0 0.5325 0.17703045685279187 0.0035714285714285713 0.01649746192893401