8 0.4967857142857143 0.7690355329949239 0.055 0.20812182741116753
4 0.5567857142857143 0.5006345177664975 0.04357142857142857 0.04187817258883249
4 0.1767857142857143 0.01903553299492386 0.010714285714285714 0.015228426395939087
3 0.2392857142857143 0.011421319796954314 0.01 0.015228426395939087
3 0.30214285714285716 0.010786802030456852 0.008571428571428572 0.013959390862944163
8 0.35535714285714287 0.015862944162436547 0.012142857142857143 0.02918781725888325
3 0.32107142857142856 0.02728426395939086 0.012142857142857143 0.013959390862944163
8 0.1675 0.05520304568527919 0.027857142857142858 0.05456852791878172
3 0.19464285714285715 0.004441624365482234 0.0064285714285714285 0.008883248730964468
4 0.205 0.02728426395939086 0.007142857142857143 0.011421319796954314
3 0.24464285714285713 0.03616751269035533 0.010714285714285714 0.01649746192893401
4 0.11928571428571429 0.08819796954314721 0.014285714285714285 0.01649746192893401
4 0.13357142857142856 0.10215736040609137 0.012857142857142857 0.01903553299492386
4 0.10857142857142857 0.11802030456852793 0.014285714285714285 0.017766497461928935
3 0.09535714285714286 0.15101522842639595 0.017857142857142856 0.017766497461928935
3 0.14357142857142857 0.11357868020304568 0.011428571428571429 0.01649746192893401
3 0.15964285714285714 0.10786802030456853 0.010714285714285714 0.015228426395939087
4 0.13 0.15926395939086294 0.015714285714285715 0.021573604060913704
3 0.1725 0.12436548223350254 0.012142857142857143 0.015228426395939087
3 0.19785714285714287 0.10088832487309644 0.01 0.01903553299492386
3 0.2367857142857143 0.07487309644670051 0.009285714285714286 0.017766497461928935
4 0.008571428571428572 0.28743654822335024 0.017142857142857144 0.0266497461928934
3 0.02035714285714286 0.2899746192893401 0.019285714285714285 0.021573604060913704
3 0.0375 0.2893401015228426 0.020714285714285713 0.025380710659898477
3 0.05357142857142857 0.2969543147208122 0.02 0.02284263959390863
3 0.009285714285714286 0.43718274111675126 0.018571428571428572 0.03934010152284264
3 0.115 0.23286802030456852 0.017142857142857144 0.02918781725888325
3 0.12535714285714286 0.2772842639593909 0.016428571428571428 0.0266497461928934
0 0.11464285714285714 0.20050761421319796 0.0064285714285714285 0.017766497461928935
4 0.10607142857142857 0.27918781725888325 0.017857142857142856 0.03553299492385787
8 0.0825 0.5 0.027857142857142858 0.116751269035533
8 0.2225 0.1567258883248731 0.02214285714285714 0.06725888324873096
8 0.18571428571428572 0.41624365482233505 0.03142857142857143 0.10913705583756345
8 0.16071428571428573 0.541243654822335 0.047142857142857146 0.13324873096446702
8 0.11857142857142858 0.8026649746192893 0.06 0.1916243654822335
0 0.024285714285714285 0.8635786802030457 0.012857142857142857 0.021573604060913704
0 0.047142857142857146 0.8559644670050761 0.007142857142857143 0.021573604060913704
0 0.04928571428571429 0.8426395939086294 0.008571428571428572 0.02030456852791878
1 0.0525 0.8261421319796954 0.0064285714285714285 0.015228426395939087
1 0.05857142857142857 0.8236040609137056 0.005714285714285714 0.012690355329949238
1 0.06 0.7925126903553299 0.005714285714285714 0.01649746192893401
1 0.06321428571428571 0.800761421319797 0.0064285714285714285 0.017766497461928935
0 0.0625 0.7779187817258884 0.007857142857142858 0.015228426395939087
0 0.06892857142857142 0.7785532994923858 0.0064285714285714285 0.01903553299492386
0 0.07285714285714286 0.7607868020304569 0.007142857142857143 0.01649746192893401
1 0.06785714285714285 0.7493654822335025 0.008571428571428572 0.011421319796954314
1 0.06678571428571428 0.756979695431472 0.0064285714285714285 0.011421319796954314
0 0.075 0.7366751269035533 0.008571428571428572 0.0266497461928934
0 0.07607142857142857 0.743020304568528 0.007857142857142858 0.0266497461928934
0 0.07821428571428571 0.7277918781725888 0.0064285714285714285 0.021573604060913704
0 0.08071428571428571 0.7189086294416244 0.007142857142857143 0.0266497461928934
0 0.08321428571428571 0.7081218274111675 0.0064285714285714285 0.027918781725888325
0 0.08821428571428572 0.6941624365482234 0.0064285714285714285 0.012690355329949238
0 0.09035714285714286 0.6776649746192893 0.009285714285714286 0.017766497461928935
0 0.09285714285714286 0.6732233502538071 0.008571428571428572 0.01649746192893401
4 0.6432142857142857 0.7347715736040609 0.055 0.0532994923857868
4 0.6807142857142857 0.8229695431472082 0.05714285714285714 0.05710659898477157
4 0.6914285714285714 0.8692893401015228 0.06 0.0583756345177665
4 0.7096428571428571 0.916243654822335 0.062142857142857146 0.06345177664974619
4 0.5435714285714286 0.4676395939086294 0.041428571428571426 0.03680203045685279
4 0.5135714285714286 0.37817258883248733 0.03857142857142857 0.03553299492385787
3 0.5339285714285714 0.4447969543147208 0.03642857142857143 0.031725888324873094
3 0.5242857142857142 0.41243654822335024 0.037142857142857144 0.030456852791878174
4 0.5103571428571428 0.3629441624365482 0.03642857142857143 0.030456852791878174
4 0.4967857142857143 0.3236040609137056 0.035 0.03299492385786802
4 0.47928571428571426 0.2823604060913706 0.032857142857142856 0.02918781725888325
3 0.48964285714285716 0.3083756345177665 0.030714285714285715 0.025380710659898477
3 0.4835714285714286 0.2969543147208122 0.03142857142857143 0.02284263959390863
4 0.4732142857142857 0.25888324873096447 0.03214285714285714 0.030456852791878174
4 0.4521428571428571 0.23286802030456852 0.017142857142857144 0.031725888324873094
4 0.4407142857142857 0.20304568527918782 0.015714285714285715 0.030456852791878174
4 0.42464285714285716 0.15545685279187818 0.016428571428571428 0.0266497461928934
4 0.41785714285714287 0.13642131979695432 0.014285714285714285 0.0266497461928934
3 0.4342857142857143 0.1833756345177665 0.014285714285714285 0.021573604060913704
4 0.5057142857142857 0.20304568527918782 0.024285714285714285 0.030456852791878174
3 0.4967857142857143 0.18591370558375633 0.027857142857142858 0.024111675126903553
4 0.49607142857142855 0.16687817258883247 0.029285714285714286 0.0266497461928934
4 0.48928571428571427 0.1567258883248731 0.027142857142857142 0.02918781725888325
0 0.4432142857142857 0.08312182741116751 0.0064285714285714285 0.021573604060913704
3 0.43964285714285717 0.03807106598984772 0.027857142857142858 0.027918781725888325
3 0.4710714285714286 0.10723350253807107 0.029285714285714286 0.0266497461928934
3 0.4717857142857143 0.12880710659898478 0.025 0.024111675126903553
4 0.47964285714285715 0.13895939086294415 0.02642857142857143 0.024111675126903553
4 0.48964285714285716 0.157994923857868 0.029285714285714286 0.0266497461928934
4 0.5139285714285714 0.07296954314720812 0.019285714285714285 0.0266497461928934
4 0.5132142857142857 0.11230964467005077 0.02214285714285714 0.02918781725888325
4 0.5285714285714286 0.1065989847715736 0.022857142857142857 0.03807106598984772
3 0.5482142857142858 0.06852791878172589 0.020714285714285713 0.02284263959390863
4 0.5628571428571428 0.061548223350253804 0.02142857142857143 0.031725888324873094
4 0.5785714285714286 0.05710659898477157 0.024285714285714285 0.027918781725888325
3 0.5939285714285715 0.056472081218274114 0.017857142857142856 0.0266497461928934
3 0.6142857142857143 0.010786802030456852 0.02 0.01903553299492386
4 0.6107142857142858 0.05139593908629442 0.02142857142857143 0.02918781725888325
4 0.6246428571428572 0.04758883248730964 0.023571428571428573 0.0266497461928934
4 0.6371428571428571 0.044416243654822336 0.027142857142857142 0.027918781725888325
4 0.6528571428571428 0.03807106598984772 0.024285714285714285 0.03807106598984772
4 0.6721428571428572 0.03299492385786802 0.02142857142857143 0.03553299492385787
4 0.7303571428571428 0.013959390862944163 0.027857142857142858 0.027918781725888325
4 0.7475 0.015862944162436547 0.019285714285714285 0.02918781725888325
4 0.7164285714285714 0.01713197969543147 0.02 0.02918781725888325
4 0.7021428571428572 0.025380710659898477 0.02 0.030456852791878174
3 0.6857142857142857 0.02728426395939086 0.022857142857142857 0.03426395939086294
0 0.24607142857142858 0.4206852791878173 0.005 0.01649746192893401
0 0.2417857142857143 0.4346446700507614 0.0035714285714285713 0.01649746192893401
0 0.2292857142857143 0.5241116751269036 0.005714285714285714 0.02030456852791878
3 0.3632142857142857 0.10152284263959391 0.009285714285714286 0.017766497461928935
3 0.3653571428571429 0.11802030456852793 0.009285714285714286 0.017766497461928935
3 0.3514285714285714 0.12055837563451777 0.01 0.02030456852791878
3 0.37357142857142855 0.13959390862944163 0.011428571428571429 0.02030456852791878
3 0.36142857142857143 0.15545685279187818 0.01 0.01903553299492386
3 0.37892857142857145 0.1618020304568528 0.010714285714285714 0.021573604060913704
3 0.3703571428571429 0.18781725888324874 0.013571428571428571 0.02284263959390863
3 0.3867857142857143 0.19416243654822335 0.013571428571428571 0.02284263959390863
3 0.3757142857142857 0.217005076142132 0.014285714285714285 0.02284263959390863
3 0.3892857142857143 0.27347715736040606 0.014285714285714285 0.0266497461928934
8 0.40785714285714286 0.3362944162436548 0.022857142857142857 0.0583756345177665
3 0.42678571428571427 0.41941624365482233 0.019285714285714285 0.03680203045685279
4 0.44607142857142856 0.41751269035532995 0.017857142857142856 0.03553299492385787
4 0.5132142857142857 0.15418781725888325 0.019285714285714285 0.02918781725888325
4 0.515 0.19035532994923857 0.018571428571428572 0.03299492385786802
4 0.5492857142857143 0.10913705583756345 0.017142857142857144 0.02284263959390863
4 0.5625 0.10215736040609137 0.023571428571428573 0.02918781725888325
4 0.5735714285714286 0.09771573604060914 0.02142857142857143 0.027918781725888325
4 0.5453571428571429 0.14593908629441624 0.023571428571428573 0.030456852791878174
4 0.5625 0.13959390862944163 0.023571428571428573 0.03553299492385787
4 0.5728571428571428 0.13388324873096447 0.02857142857142857 0.031725888324873094
4 0.5882142857142857 0.1351522842639594 0.02214285714285714 0.02918781725888325
4 0.6075 0.13007614213197968 0.025 0.02918781725888325
4 0.59 0.09771573604060914 0.02 0.030456852791878174
4 0.61 0.09390862944162437 0.02142857142857143 0.027918781725888325
4 0.6225 0.0901015228426396 0.02214285714285714 0.030456852791878174
4 0.6378571428571429 0.08439086294416244 0.022857142857142857 0.031725888324873094
4 0.6346428571428572 0.11738578680203046 0.025 0.02918781725888325
4 0.6485714285714286 0.11738578680203046 0.024285714285714285 0.02918781725888325
4 0.6517857142857143 0.07804568527918782 0.025 0.03426395939086294
4 0.6703571428571429 0.07550761421319797 0.02214285714285714 0.0266497461928934
3 0.6789285714285714 0.10723350253807107 0.02642857142857143 0.0266497461928934
3 0.6939285714285715 0.10025380710659898 0.02642857142857143 0.03299492385786802
3 0.6853571428571429 0.06979695431472081 0.017857142857142856 0.02284263959390863
4 0.6989285714285715 0.06535532994923858 0.019285714285714285 0.03680203045685279
4 0.7107142857142857 0.09390862944162437 0.02 0.03299492385786802
3 0.7271428571428571 0.0932741116751269 0.017142857142857144 0.03680203045685279
4 0.7385714285714285 0.0901015228426396 0.022857142857142857 0.027918781725888325
3 0.7110714285714286 0.06345177664974619 0.019285714285714285 0.030456852791878174
4 0.725 0.05583756345177665 0.022857142857142857 0.030456852791878174
4 0.7646428571428572 0.0799492385786802 0.020714285714285713 0.030456852791878174
4 0.7803571428571429 0.07868020304568528 0.019285714285714285 0.027918781725888325
4 0.7896428571428571 0.07804568527918782 0.020714285714285713 0.0266497461928934
4 0.7996428571428571 0.0399746192893401 0.020714285714285713 0.0266497461928934
3 0.7421428571428571 0.05266497461928934 0.02 0.0266497461928934
3 0.7567857142857143 0.050761421319796954 0.02214285714285714 0.027918781725888325
3 0.7671428571428571 0.044416243654822336 0.02142857142857143 0.030456852791878174