3 0.5382142857142858 0.5583756345177665 0.023571428571428573 0.07360406091370558
0 0.4164285714285714 0.6776649746192893 0.005714285714285714 0.03299492385786802
0 0.5607142857142857 0.6345177664974619 0.005714285714285714 0.030456852791878174
0 0.5678571428571428 0.6408629441624365 0.005714285714285714 0.027918781725888325
0 0.5728571428571428 0.6116751269035533 0.007142857142857143 0.027918781725888325
0 0.5410714285714285 0.2969543147208122 0.005 0.02284263959390863
0 0.43 0.34517766497461927 0.004285714285714286 0.025380710659898477
0 0.43214285714285716 0.2626903553299492 0.004285714285714286 0.025380710659898477
0 0.4392857142857143 0.2303299492385787 0.004285714285714286 0.021573604060913704
0 0.44142857142857145 0.18527918781725888 0.004285714285714286 0.017766497461928935
0 0.45357142857142857 0.14784263959390864 0.002857142857142857 0.01649746192893401
0 0.4682142857142857 0.16116751269035534 0.005 0.02030456852791878
0 0.49857142857142855 0.14720812182741116 0.002857142857142857 0.017766497461928935
0 0.4692857142857143 0.12626903553299493 0.002857142857142857 0.01649746192893401
0 0.5014285714285714 0.07360406091370558 0.002857142857142857 0.015228426395939087
0 0.5017857142857143 0.12309644670050761 0.0035714285714285713 0.017766497461928935
0 0.48142857142857143 0.1446700507614213 0.004285714285714286 0.015228426395939087
0 0.4789285714285714 0.13324873096446702 0.0035714285714285713 0.017766497461928935
0 0.48214285714285715 0.13388324873096447 0.002857142857142857 0.01649746192893401
0 0.48392857142857143 0.12880710659898478 0.0035714285714285713 0.01649746192893401
0 0.4875 0.12753807106598986 0.0035714285714285713 0.01649746192893401
0 0.5467857142857143 0.1567258883248731 0.0035714285714285713 0.01649746192893401
0 0.5471428571428572 0.16053299492385786 0.004285714285714286 0.011421319796954314
0 0.5096428571428572 0.1281725888324873 0.002142857142857143 0.007614213197969543
0 0.5117857142857143 0.12436548223350254 0.0035714285714285713 0.017766497461928935
0 0.5082142857142857 0.09200507614213198 0.0035714285714285713 0.01649746192893401
0 0.5153571428571428 0.10406091370558376 0.0035714285714285713 0.017766497461928935
0 0.5167857142857143 0.116751269035533 0.0035714285714285713 0.017766497461928935
0 0.5196428571428572 0.1199238578680203 0.0035714285714285713 0.01649746192893401
0 0.5207142857142857 0.1148477157360406 0.004285714285714286 0.01903553299492386
0 0.5242857142857142 0.116751269035533 0.002857142857142857 0.017766497461928935
0 0.5332142857142858 0.10977157360406091 0.0035714285714285713 0.01649746192893401
0 0.5446428571428571 0.10596446700507614 0.0035714285714285713 0.01649746192893401