3 0.4882142857142857 0.4352791878172589 0.015 0.04314720812182741
3 0.45071428571428573 0.7398477157360406 0.024285714285714285 0.07106598984771574
3 0.5514285714285714 0.5678934010152284 0.02142857142857143 0.06725888324873096
3 0.5307142857142857 0.33185279187817257 0.015714285714285715 0.044416243654822336
3 0.5517857142857143 0.1916243654822335 0.013571428571428571 0.03553299492385787
3 0.36964285714285716 0.13071065989847716 0.023571428571428573 0.02284263959390863
3 0.5082142857142857 0.08883248730964467 0.010714285714285714 0.025380710659898477
3 0.5260714285714285 0.13769035532994925 0.009285714285714286 0.024111675126903553
3 0.5285714285714286 0.21256345177664976 0.014285714285714285 0.03934010152284264
3 0.5239285714285714 0.0850253807106599 0.010714285714285714 0.02284263959390863
3 0.5421428571428571 0.10406091370558376 0.011428571428571429 0.02284263959390863
3 0.5042857142857143 0.06408629441624365 0.01 0.01903553299492386
3 0.5171428571428571 0.014593908629441625 0.01 0.021573604060913704
3 0.48892857142857143 0.12563451776649745 0.02642857142857143 0.025380710659898477
3 0.5860714285714286 0.4168781725888325 0.020714285714285713 0.04949238578680203
4 0.6160714285714286 0.6535532994923858 0.027857142857142858 0.07614213197969544
4 0.5460714285714285 0.743020304568528 0.025 0.0850253807106599
4 0.4592857142857143 0.4206852791878173 0.017142857142857144 0.044416243654822336
4 0.5678571428571428 0.2772842639593909 0.015714285714285715 0.044416243654822336
8 0.505 0.031725888324873094 0.012857142857142857 0.03807106598984772
8 0.6521428571428571 0.9073604060913706 0.03142857142857143 0.1218274111675127