3 0.10735294117647058 0.8764705882352941 0.15441176470588236 0.12679738562091503
4 0.20147058823529412 0.9673202614379085 0.08529411764705883 0.06535947712418301
4 0.21102941176470588 0.5111111111111111 0.10735294117647058 0.08627450980392157
3 0.24154411764705883 0.4241830065359477 0.09485294117647058 0.0718954248366013
9 0.10661764705882353 0.4503267973856209 0.03676470588235294 0.048366013071895426
6 0.10073529411764706 0.41633986928104577 0.01911764705882353 0.050980392156862744
4 0.48051470588235295 0.7980392156862746 0.0625 0.17124183006535948
0 0.5977941176470588 0.9169934640522875 0.020588235294117647 0.08758169934640522
4 0.649264705882353 0.9065359477124183 0.06764705882352941 0.1869281045751634
3 0.8602941176470589 0.722875816993464 0.11176470588235295 0.08888888888888889
4 0.7533088235294118 0.5359477124183006 0.05514705882352941 0.10718954248366012
3 0.8106617647058824 0.5483660130718955 0.06985294117647059 0.1111111111111111
3 0.8738970588235294 0.5359477124183006 0.07279411764705883 0.12810457516339868
3 0.9382352941176471 0.5392156862745098 0.0838235294117647 0.1084967320261438
3 0.6893382352941176 0.4392156862745098 0.04926470588235294 0.10718954248366012
3 0.7496323529411765 0.43137254901960786 0.05367647058823529 0.10457516339869281
3 0.8018382352941177 0.44052287581699345 0.05367647058823529 0.09411764705882353
3 0.8441176470588235 0.42287581699346405 0.06764705882352941 0.10326797385620914
3 0.9011029411764706 0.426797385620915 0.0713235294117647 0.10065359477124183
1 0.36470588235294116 0.3869281045751634 0.013235294117647059 0.047058823529411764
2 0.36433823529411763 0.40522875816993464 0.0125 0.0392156862745098
4 0.31286764705882353 0.2633986928104575 0.06838235294117648 0.05359477124183006
2 0.20294117647058824 0.2581699346405229 0.023529411764705882 0.032679738562091505
9 0.23970588235294119 0.19215686274509805 0.023529411764705882 0.03398692810457516
2 0.24485294117647058 0.19019607843137254 0.01911764705882353 0.032679738562091505
2 0.25220588235294117 0.18888888888888888 0.01764705882352941 0.02483660130718954
3 0.3202205882352941 0.22745098039215686 0.06985294117647059 0.047058823529411764
6 0.2727941176470588 0.16209150326797386 0.026470588235294117 0.03137254901960784
3 0.3625 0.1111111111111111 0.058823529411764705 0.04183006535947712
4 0.3165441176470588 0.03398692810457516 0.0375 0.04967320261437908
4 0.2783088235294118 0.03202614379084967 0.04191176470588235 0.040522875816993466
3 0.5198529411764706 0.19607843137254902 0.029411764705882353 0.05228758169934641
1 0.5503676470588236 0.3627450980392157 0.0125 0.03790849673202614
9 0.55 0.37777777777777777 0.011764705882352941 0.04183006535947712
1 0.54375 0.24183006535947713 0.011029411764705883 0.036601307189542485
1 0.5433823529411764 0.2503267973856209 0.008823529411764706 0.032679738562091505
9 0.5441176470588235 0.2522875816993464 0.011764705882352941 0.036601307189542485
0 0.5819852941176471 0.2875816993464052 0.008088235294117648 0.044444444444444446
4 0.618014705882353 0.15816993464052287 0.030147058823529412 0.06797385620915032
4 0.6334558823529411 0.23921568627450981 0.03455882352941177 0.054901960784313725
3 0.6772058823529412 0.2437908496732026 0.033823529411764704 0.05359477124183006
4 0.6588235294117647 0.18627450980392157 0.033823529411764704 0.048366013071895426
4 0.6952205882352941 0.1843137254901961 0.03308823529411765 0.06013071895424837
4 0.7194852941176471 0.2372549019607843 0.0375 0.05620915032679739
3 0.7308823529411764 0.18366013071895426 0.03823529411764706 0.058823529411764705
3 0.7573529411764706 0.23790849673202613 0.039705882352941174 0.054901960784313725
4 0.768014705882353 0.17777777777777778 0.04485294117647059 0.06535947712418301
4 0.7970588235294118 0.23529411764705882 0.04411764705882353 0.05228758169934641
4 0.8036764705882353 0.17647058823529413 0.041176470588235294 0.06274509803921569
5 0.8345588235294118 0.22941176470588234 0.039705882352941174 0.06666666666666667
4 0.8308823529411765 0.09084967320261438 0.029411764705882353 0.043137254901960784
5 0.6165441176470589 0.056862745098039215 0.05514705882352941 0.048366013071895426
5 0.6051470588235294 0.026143790849673203 0.052941176470588235 0.044444444444444446
0 0.549264705882353 0.01699346405228758 0.0058823529411764705 0.03137254901960784
4 0.7779411764705882 0.01699346405228758 0.04411764705882353 0.03398692810457516
3 0.8191176470588235 0.016339869281045753 0.027941176470588237 0.032679738562091505
1 0.5389705882352941 0.01045751633986928 0.0058823529411764705 0.02091503267973856
9 0.5389705882352941 0.013071895424836602 0.0058823529411764705 0.026143790849673203
3 0.46801470588235294 0.00980392156862745 0.03455882352941177 0.0196078431372549