0 0.56975 0.028333333333333332 0.0185 0.056666666666666664
0 0.5565 0.08833333333333333 0.019 0.07933333333333334
0 0.5515 0.207 0.019 0.06733333333333333
0 0.35 0.38 0.034 0.07066666666666667
0 0.60475 0.469 0.0285 0.06866666666666667
0 0.572 0.633 0.03 0.051333333333333335
0 0.59225 0.614 0.0205 0.036
0 0.6365 0.6573333333333333 0.032 0.048
0 0.625 0.5973333333333334 0.028 0.04533333333333334
0 0.6735 0.47933333333333333 0.032 0.06133333333333333
0 0.684 0.5486666666666666 0.037 0.06
0 0.77675 0.574 0.0275 0.07466666666666667
0 0.73425 0.592 0.0445 0.052
1 0.45175 0.522 0.0335 0.058666666666666666
1 0.46 0.31366666666666665 0.03 0.062
1 0.434 0.11933333333333333 0.025 0.052
1 0.44175 0.10633333333333334 0.0185 0.03933333333333333
1 0.405 0.397 0.028 0.05
9 0.408 0.404 0.03 0.09466666666666666
9 0.466 0.338 0.02 0.076
9 0.4545 0.5396666666666666 0.025 0.09
9 0.61725 0.5456666666666666 0.0405 0.094
9 0.436 0.14333333333333334 0.02 0.088
0 0.62625 0.13566666666666666 0.0235 0.08466666666666667
0 0.6275 0.117 0.032 0.078
1 0.621 0.059333333333333335 0.035 0.052
1 0.6205 0.03766666666666667 0.037 0.054
0 0.698 0.15 0.022 0.084
0 0.7035 0.17166666666666666 0.022 0.062
0 0.731 0.17066666666666666 0.02 0.06133333333333333
1 0.65375 0.44066666666666665 0.0285 0.05733333333333333
1 0.71875 0.81 0.0535 0.04533333333333334
1 0.55075 0.8713333333333333 0.0195 0.028
1 0.581 0.7316666666666667 0.036 0.056666666666666664
0 0.5465 0.86 0.034 0.06533333333333333
0 0.69675 0.8903333333333333 0.0345 0.04066666666666666
0 0.71325 0.947 0.0445 0.042
0 0.81675 0.853 0.0545 0.06466666666666666
9 0.58475 0.7393333333333333 0.0465 0.10933333333333334
0 0.34125 0.8316666666666667 0.0435 0.046
1 0.41775 0.8633333333333333 0.0395 0.06133333333333333
9 0.41375 0.8576666666666667 0.0255 0.12733333333333333
2 0.29625 0.966 0.0705 0.058666666666666666
7 0.309 0.383 0.055 0.14866666666666667
6 0.15075 0.39566666666666667 0.0885 0.11266666666666666
6 0.13625 0.23666666666666666 0.1005 0.06933333333333333
9 0.2305 0.23866666666666667 0.061 0.04533333333333334
9 0.06625 0.3883333333333333 0.0685 0.05266666666666667