5 0.06285714285714286 0.2823604060913706 0.09428571428571429 0.2017766497461929
0 0.09428571428571429 0.8483502538071066 0.02 0.046954314720812185
0 0.4092857142857143 0.7030456852791879 0.012857142857142857 0.03807106598984772
0 0.4225 0.7043147208121827 0.012142857142857143 0.04060913705583756
0 0.43142857142857144 0.7144670050761421 0.01 0.025380710659898477
0 0.45071428571428573 0.6472081218274112 0.008571428571428572 0.03807106598984772
1 0.5346428571428572 0.7709390862944162 0.015 0.024111675126903553
1 0.5382142857142858 0.6967005076142132 0.012142857142857143 0.025380710659898477
0 0.5153571428571428 0.5114213197969543 0.007857142857142858 0.02030456852791878
0 0.4725 0.49619289340101524 0.010714285714285714 0.03553299492385787
1 0.5232142857142857 0.4593908629441624 0.010714285714285714 0.02284263959390863
0 0.4907142857142857 0.4815989847715736 0.01 0.03934010152284264
0 0.49785714285714283 0.48096446700507617 0.008571428571428572 0.03553299492385787
0 0.4932142857142857 0.38071065989847713 0.007857142857142858 0.030456852791878174
0 0.485 0.3217005076142132 0.008571428571428572 0.03680203045685279
0 0.20607142857142857 0.5031725888324873 0.010714285714285714 0.03426395939086294
0 0.2789285714285714 0.43591370558375636 0.010714285714285714 0.04187817258883249
0 0.26357142857142857 0.35596446700507617 0.012857142857142857 0.04187817258883249
0 0.29428571428571426 0.28553299492385786 0.01 0.02030456852791878
0 0.2817857142857143 0.25888324873096447 0.009285714285714286 0.030456852791878174
0 0.2810714285714286 0.2880710659898477 0.017857142857142856 0.03553299492385787
0 0.3339285714285714 0.4403553299492386 0.012142857142857143 0.027918781725888325
0 0.3246428571428571 0.4403553299492386 0.007857142857142858 0.03807106598984772
1 0.46035714285714285 0.43083756345177665 0.009285714285714286 0.02918781725888325
1 0.4632142857142857 0.4213197969543147 0.012142857142857143 0.027918781725888325
0 0.4617857142857143 0.33185279187817257 0.007857142857142858 0.0266497461928934
0 0.3457142857142857 0.3477157360406091 0.007142857142857143 0.030456852791878174
0 0.3607142857142857 0.3229695431472081 0.004285714285714286 0.031725888324873094
0 0.35892857142857143 0.29441624365482233 0.010714285714285714 0.030456852791878174
0 0.3825 0.3616751269035533 0.009285714285714286 0.03807106598984772
0 0.36214285714285716 0.36548223350253806 0.007142857142857143 0.025380710659898477
0 0.3560714285714286 0.35913705583756345 0.0064285714285714285 0.025380710659898477
0 0.3475 0.3616751269035533 0.009285714285714286 0.030456852791878174
0 0.3507142857142857 0.2512690355329949 0.008571428571428572 0.03299492385786802
0 0.37892857142857145 0.3134517766497462 0.009285714285714286 0.030456852791878174
0 0.3678571428571429 0.31789340101522845 0.007142857142857143 0.011421319796954314
0 0.3682142857142857 0.3102791878172589 0.0064285714285714285 0.013959390862944163
0 0.38142857142857145 0.08058375634517767 0.007142857142857143 0.031725888324873094
0 0.36678571428571427 0.09898477157360407 0.007857142857142858 0.030456852791878174
0 0.3917857142857143 0.15228426395939088 0.005 0.02284263959390863
0 0.3792857142857143 0.217005076142132 0.007142857142857143 0.030456852791878174
0 0.36642857142857144 0.2398477157360406 0.005714285714285714 0.03553299492385787
1 0.3703571428571429 0.24492385786802032 0.005 0.017766497461928935
0 0.39571428571428574 0.26078680203045684 0.01 0.03426395939086294
0 0.40535714285714286 0.25888324873096447 0.009285714285714286 0.03299492385786802
0 0.37107142857142855 0.217005076142132 0.007857142857142858 0.027918781725888325
1 0.39 0.1034263959390863 0.007142857142857143 0.021573604060913704
0 0.39285714285714285 0.10215736040609137 0.005714285714285714 0.031725888324873094
0 0.39285714285714285 0.09263959390862944 0.005714285714285714 0.027918781725888325
0 0.48964285714285716 0.20241116751269037 0.007857142857142858 0.03680203045685279
0 0.4828571428571429 0.20114213197969544 0.004285714285714286 0.031725888324873094
0 0.4667857142857143 0.22525380710659898 0.0064285714285714285 0.021573604060913704
0 0.4710714285714286 0.19035532994923857 0.0064285714285714285 0.030456852791878174
0 0.5132142857142857 0.1618020304568528 0.007857142857142858 0.031725888324873094
0 0.49964285714285717 0.08756345177664974 0.0064285714285714285 0.03553299492385787
0 0.48892857142857143 0.09390862944162437 0.007857142857142858 0.030456852791878174
0 0.4767857142857143 0.11104060913705584 0.0064285714285714285 0.031725888324873094
0 0.4725 0.11104060913705584 0.005 0.03426395939086294
0 0.49 0.17449238578680204 0.007142857142857143 0.02918781725888325
0 0.4828571428571429 0.1751269035532995 0.007142857142857143 0.030456852791878174
0 0.47285714285714286 0.1713197969543147 0.005714285714285714 0.02284263959390863
0 0.46464285714285714 0.18210659898477158 0.0035714285714285713 0.013959390862944163
0 0.4592857142857143 0.1865482233502538 0.007142857142857143 0.025380710659898477
0 0.4667857142857143 0.11865482233502538 0.005 0.013959390862944163
0 0.4692857142857143 0.15038071065989847 0.005714285714285714 0.021573604060913704
1 0.1725 0.49428934010152287 0.009285714285714286 0.01903553299492386
0 0.16964285714285715 0.4860406091370558 0.013571428571428571 0.04060913705583756
0 0.4625 0.10469543147208121 0.007857142857142858 0.024111675126903553
0 0.47035714285714286 0.02728426395939086 0.005 0.024111675126903553