3 0.28125 0.4843137254901961 0.08014705882352942 0.06405228758169934
3 0.3327205882352941 0.6934640522875817 0.05073529411764706 0.12418300653594772
3 0.49117647058823527 0.7660130718954249 0.052941176470588235 0.13333333333333333
3 0.5716911764705882 0.7915032679738562 0.05661764705882353 0.12941176470588237
3 0.4742647058823529 0.3366013071895425 0.023529411764705882 0.043137254901960784
3 0.47757352941176473 0.2673202614379085 0.022794117647058822 0.032679738562091505
3 0.11985294117647059 0.38823529411764707 0.05 0.05228758169934641
3 0.3738970588235294 0.3437908496732026 0.025735294117647058 0.047058823529411764
3 0.41544117647058826 0.33725490196078434 0.025 0.04967320261437908
3 0.6238970588235294 0.30522875816993467 0.02426470588235294 0.03790849673202614
3 0.5088235294117647 0.19411764705882353 0.013235294117647059 0.027450980392156862
3 0.41691176470588237 0.18627450980392157 0.011764705882352941 0.02483660130718954
3 0.43272058823529413 0.19673202614379084 0.013970588235294118 0.03529411764705882
3 0.4308823529411765 0.23594771241830065 0.020588235294117647 0.030065359477124184
3 0.43161764705882355 0.26143790849673204 0.016176470588235296 0.03137254901960784
3 0.4264705882352941 0.296078431372549 0.023529411764705882 0.03790849673202614
3 0.38382352941176473 0.3065359477124183 0.025 0.03790849673202614
3 0.3952205882352941 0.2758169934640523 0.021323529411764706 0.0392156862745098
3 0.38786764705882354 0.20392156862745098 0.019852941176470587 0.036601307189542485
3 0.39705882352941174 0.19019607843137254 0.011764705882352941 0.027450980392156862
3 0.4011029411764706 0.16339869281045752 0.013970588235294118 0.03137254901960784
3 0.40698529411764706 0.13594771241830064 0.015441176470588236 0.026143790849673203
3 0.41102941176470587 0.11764705882352941 0.013235294117647059 0.023529411764705882
3 0.2584558823529412 0.3261437908496732 0.028676470588235293 0.050980392156862744
3 0.2827205882352941 0.26666666666666666 0.01838235294117647 0.03398692810457516
8 0.44191176470588234 0.13660130718954247 0.022058823529411766 0.048366013071895426
3 0.5919117647058824 0.2261437908496732 0.020588235294117647 0.0392156862745098
3 0.7084558823529412 0.34967320261437906 0.05514705882352941 0.040522875816993466
3 0.9665441176470588 0.46013071895424834 0.05808823529411765 0.047058823529411764
3 0.9040441176470588 0.9470588235294117 0.09632352941176471 0.10588235294117647
3 0.5073529411764706 0.1477124183006536 0.011764705882352941 0.02091503267973856
6 0.12169117647058823 0.43333333333333335 0.04779411764705882 0.03790849673202614
6 0.18198529411764705 0.4241830065359477 0.05661764705882353 0.032679738562091505
6 0.06544117647058824 0.39477124183006534 0.029411764705882353 0.044444444444444446
6 0.1161764705882353 0.5686274509803921 0.025 0.06013071895424837
6 0.1488970588235294 0.5738562091503268 0.03455882352941177 0.08104575163398693
0 0.73125 0.6065359477124183 0.015441176470588236 0.05228758169934641
0 0.7452205882352941 0.5993464052287582 0.008088235294117648 0.0457516339869281
1 0.6720588235294118 0.9594771241830066 0.023529411764705882 0.06274509803921569
0 0.27058823529411763 0.41633986928104577 0.010294117647058823 0.040522875816993466
0 0.1610294117647059 0.5594771241830065 0.014705882352941176 0.06013071895424837
0 0.12352941176470589 0.5444444444444444 0.010294117647058823 0.030065359477124184
0 0.13272058823529412 0.5594771241830065 0.0125 0.047058823529411764
0 0.17830882352941177 0.4222222222222222 0.008088235294117648 0.0392156862745098
0 0.10330882352941176 0.5516339869281046 0.011029411764705883 0.044444444444444446
2 0.12205882352941176 0.32745098039215687 0.01764705882352941 0.022222222222222223
9 0.3338235294117647 0.3888888888888889 0.011764705882352941 0.01437908496732026
1 0.33492647058823527 0.38300653594771245 0.008088235294117648 0.0392156862745098
9 0.6705882352941176 0.9738562091503268 0.023529411764705882 0.05228758169934641
4 0.1889705882352941 0.3535947712418301 0.05588235294117647 0.05620915032679739
3 0.20698529411764705 0.3235294117647059 0.05367647058823529 0.05620915032679739
0 0.31323529411764706 0.2084967320261438 0.008823529411764706 0.02483660130718954
3 0.32426470588235295 0.19281045751633988 0.01764705882352941 0.02483660130718954
3 0.5191176470588236 0.23202614379084968 0.01911764705882353 0.032679738562091505
3 0.41801470588235295 0.0934640522875817 0.008088235294117648 0.01437908496732026
3 0.42316176470588235 0.08366013071895424 0.011029411764705883 0.01568627450980392
3 0.42463235294117646 0.07712418300653595 0.009558823529411765 0.02091503267973856
3 0.5330882352941176 0.0803921568627451 0.010294117647058823 0.01699346405228758
3 0.3011029411764706 0.17450980392156862 0.015441176470588236 0.027450980392156862
3 0.3375 0.12745098039215685 0.033823529411764704 0.02483660130718954
3 0.3338235294117647 0.17908496732026144 0.020588235294117647 0.02875816993464052
3 0.3426470588235294 0.1627450980392157 0.014705882352941176 0.027450980392156862
3 0.35073529411764703 0.15555555555555556 0.01911764705882353 0.023529411764705882
3 0.45330882352941176 0.049019607843137254 0.006617647058823529 0.011764705882352941
3 0.45036764705882354 0.0392156862745098 0.005147058823529412 0.013071895424836602
3 0.4547794117647059 0.034640522875816995 0.008088235294117648 0.011764705882352941
9 0.6716911764705882 0.24052287581699347 0.005147058823529412 0.023529411764705882
9 0.6834558823529412 0.24836601307189543 0.009558823529411765 0.02091503267973856
9 0.6915441176470588 0.28431372549019607 0.016911764705882352 0.0196078431372549
9 0.6856617647058824 0.28104575163398693 0.016911764705882352 0.018300653594771243
3 0.44227941176470587 0.1130718954248366 0.0125 0.02483660130718954
1 0.4261029411764706 0.11437908496732026 0.005147058823529412 0.01437908496732026
9 0.4264705882352941 0.12287581699346405 0.007352941176470588 0.013071895424836602
0 0.5025735294117647 0.11895424836601307 0.005147058823529412 0.018300653594771243