0 0.22107142857142856 0.07360406091370558 0.007857142857142858 0.025380710659898477
0 0.2332142857142857 0.11104060913705584 0.0064285714285714285 0.024111675126903553
0 0.2367857142857143 0.1034263959390863 0.0064285714285714285 0.021573604060913704
0 0.26107142857142857 0.1218274111675127 0.007857142857142858 0.025380710659898477
0 0.26964285714285713 0.11611675126903553 0.009285714285714286 0.02918781725888325
0 0.2914285714285714 0.12626903553299493 0.005714285714285714 0.02918781725888325
0 0.29464285714285715 0.12309644670050761 0.0064285714285714285 0.027918781725888325
3 0.29285714285714287 0.36738578680203043 0.05142857142857143 0.05710659898477157
0 0.26964285714285713 0.42956852791878175 0.010714285714285714 0.02918781725888325
0 0.28035714285714286 0.43210659898477155 0.009285714285714286 0.01903553299492386
0 0.26285714285714284 0.4651015228426396 0.01 0.0266497461928934
0 0.28714285714285714 0.5241116751269036 0.008571428571428572 0.025380710659898477
0 0.3053571428571429 0.506979695431472 0.0064285714285714285 0.021573604060913704
0 0.31142857142857144 0.49428934010152287 0.007142857142857143 0.02918781725888325
0 0.32571428571428573 0.5348984771573604 0.008571428571428572 0.0266497461928934
0 0.3532142857142857 0.5475888324873096 0.0064285714285714285 0.0266497461928934
0 0.3610714285714286 0.5291878172588832 0.010714285714285714 0.030456852791878174
0 0.3678571428571429 0.5057106598984772 0.008571428571428572 0.024111675126903553
0 0.295 0.549492385786802 0.007142857142857143 0.02284263959390863
0 0.30392857142857144 0.557741116751269 0.007857142857142858 0.0266497461928934
0 0.30857142857142855 0.5513959390862944 0.008571428571428572 0.031725888324873094
0 0.32142857142857145 0.5881979695431472 0.01 0.02918781725888325
0 0.33214285714285713 0.6300761421319797 0.007142857142857143 0.0266497461928934
0 0.34 0.623730964467005 0.008571428571428572 0.0266497461928934
0 0.35428571428571426 0.6059644670050761 0.007142857142857143 0.0266497461928934
0 0.37642857142857145 0.6364213197969543 0.008571428571428572 0.03426395939086294
0 0.36 0.692258883248731 0.01 0.03680203045685279
1 0.33464285714285713 0.8305837563451777 0.007857142857142858 0.01903553299492386
0 0.33785714285714286 0.8058375634517766 0.011428571428571429 0.027918781725888325
0 0.3339285714285714 0.7550761421319797 0.009285714285714286 0.030456852791878174
1 0.335 0.75 0.004285714285714286 0.015228426395939087
0 0.4589285714285714 0.6027918781725888 0.010714285714285714 0.025380710659898477
0 0.41964285714285715 0.6199238578680203 0.0064285714285714285 0.024111675126903553
0 0.4014285714285714 0.6624365482233503 0.011428571428571429 0.025380710659898477
0 0.415 0.6592639593908629 0.01 0.031725888324873094
0 0.4442857142857143 0.6453045685279187 0.008571428571428572 0.0266497461928934
0 0.4325 0.6618020304568528 0.009285714285714286 0.02918781725888325
0 0.43464285714285716 0.6548223350253807 0.007857142857142858 0.027918781725888325
0 0.3703571428571429 0.700507614213198 0.007857142857142858 0.027918781725888325
0 0.3775 0.7074873096446701 0.007857142857142858 0.031725888324873094
0 0.38285714285714284 0.7043147208121827 0.007142857142857143 0.02030456852791878
0 0.38571428571428573 0.8178934010152284 0.011428571428571429 0.0266497461928934
0 0.4085714285714286 0.6878172588832487 0.008571428571428572 0.027918781725888325
0 0.40464285714285714 0.6973350253807107 0.010714285714285714 0.03426395939086294
0 0.40785714285714286 0.7696700507614214 0.007142857142857143 0.0266497461928934
0 0.4042857142857143 0.7817258883248731 0.007142857142857143 0.02030456852791878
0 0.4546428571428571 0.8413705583756346 0.007857142857142858 0.027918781725888325
0 0.44392857142857145 0.7106598984771574 0.010714285714285714 0.025380710659898477
0 0.44392857142857145 0.8572335025380711 0.0064285714285714285 0.021573604060913704
0 0.35892857142857143 0.8972081218274112 0.009285714285714286 0.025380710659898477
0 0.3632142857142857 0.9048223350253807 0.015 0.030456852791878174
1 0.9710714285714286 0.7956852791878173 0.009285714285714286 0.02030456852791878
0 0.9932142857142857 0.741751269035533 0.013571428571428571 0.0266497461928934
0 0.9903571428571428 0.7239847715736041 0.019285714285714285 0.01903553299492386
0 0.9771428571428571 0.7258883248730964 0.015714285714285715 0.025380710659898477
0 0.9671428571428572 0.7328680203045685 0.01 0.01903553299492386
0 0.9639285714285715 0.7201776649746193 0.015 0.024111675126903553
0 0.9492857142857143 0.7354060913705583 0.014285714285714285 0.024111675126903553
0 0.9460714285714286 0.725253807106599 0.016428571428571428 0.0266497461928934
0 0.9753571428571428 0.6389593908629442 0.015 0.021573604060913704
0 0.9753571428571428 0.6453045685279187 0.015 0.0266497461928934
0 0.9414285714285714 0.7030456852791879 0.017142857142857144 0.02284263959390863
0 0.9425 0.6928934010152284 0.017857142857142856 0.025380710659898477
0 0.9317857142857143 0.692258883248731 0.015 0.0266497461928934
0 0.8871428571428571 0.6871827411167513 0.012857142857142857 0.024111675126903553
0 0.8875 0.6719543147208121 0.015 0.0266497461928934
0 0.8939285714285714 0.6694162436548223 0.017857142857142856 0.03680203045685279
0 0.9146428571428571 0.6782994923857868 0.015 0.031725888324873094
0 0.9178571428571428 0.6694162436548223 0.014285714285714285 0.02918781725888325
0 0.9260714285714285 0.6535532994923858 0.015 0.027918781725888325
1 0.965 0.5431472081218274 0.015714285714285715 0.03553299492385787
1 0.9214285714285714 0.5215736040609137 0.017142857142857144 0.03553299492385787
1 0.9307142857142857 0.47588832487309646 0.017142857142857144 0.02284263959390863
2 0.9317857142857143 0.48286802030456855 0.012142857142857143 0.031725888324873094
9 0.9235714285714286 0.5177664974619289 0.02 0.04060913705583756
9 0.9660714285714286 0.5374365482233503 0.020714285714285713 0.046954314720812185
3 0.9814285714285714 0.47017766497461927 0.037142857142857144 0.07233502538071065
3 0.9832142857142857 0.3115482233502538 0.03357142857142857 0.06979695431472081
3 0.9564285714285714 0.3889593908629442 0.04 0.0799492385786802
3 0.8825 0.45558375634517767 0.04071428571428572 0.07868020304568528
3 0.9135714285714286 0.37055837563451777 0.03571428571428571 0.06852791878172589
0 0.8560714285714286 0.5634517766497462 0.013571428571428571 0.025380710659898477
0 0.8514285714285714 0.5260152284263959 0.011428571428571429 0.0266497461928934
0 0.85 0.5323604060913706 0.012857142857142857 0.0266497461928934
0 0.8146428571428571 0.5406091370558376 0.012142857142857143 0.030456852791878174
0 0.8039285714285714 0.5317258883248731 0.009285714285714286 0.025380710659898477
0 0.7489285714285714 0.6529187817258884 0.010714285714285714 0.031725888324873094
0 0.6514285714285715 0.6364213197969543 0.011428571428571429 0.024111675126903553
0 0.7160714285714286 0.5628172588832487 0.012142857142857143 0.031725888324873094
0 0.5789285714285715 0.6072335025380711 0.015 0.024111675126903553
0 0.5825 0.618020304568528 0.012142857142857143 0.025380710659898477
0 0.5167857142857143 0.5869289340101523 0.010714285714285714 0.0266497461928934
0 0.5267857142857143 0.5901015228426396 0.009285714285714286 0.025380710659898477
0 0.47 0.29124365482233505 0.007142857142857143 0.024111675126903553
0 0.5571428571428572 0.3052030456852792 0.005714285714285714 0.024111675126903553
0 0.5582142857142857 0.32741116751269034 0.0064285714285714285 0.027918781725888325
0 0.5764285714285714 0.30647208121827413 0.005714285714285714 0.024111675126903553
0 0.5971428571428572 0.3331218274111675 0.005714285714285714 0.02918781725888325
0 0.6178571428571429 0.33375634517766495 0.008571428571428572 0.02284263959390863
0 0.6196428571428572 0.3236040609137056 0.0064285714285714285 0.02284263959390863
0 0.6471428571428571 0.35088832487309646 0.007142857142857143 0.031725888324873094
0 0.6260714285714286 0.35215736040609136 0.0064285714285714285 0.0266497461928934
0 0.6217857142857143 0.3756345177664975 0.009285714285714286 0.025380710659898477
0 0.6160714285714286 0.38388324873096447 0.0064285714285714285 0.024111675126903553
0 0.6303571428571428 0.36928934010152287 0.0064285714285714285 0.027918781725888325
0 0.6396428571428572 0.3870558375634518 0.009285714285714286 0.027918781725888325
0 0.6378571428571429 0.37182741116751267 0.007142857142857143 0.025380710659898477
0 0.6378571428571429 0.35279187817258884 0.007142857142857143 0.027918781725888325
0 0.6382142857142857 0.35152284263959394 0.010714285714285714 0.027918781725888325
0 0.6471428571428571 0.3680203045685279 0.007142857142857143 0.03299492385786802
0 0.6489285714285714 0.39276649746192893 0.010714285714285714 0.031725888324873094
0 0.6167857142857143 0.4365482233502538 0.010714285714285714 0.025380710659898477
0 0.6203571428571428 0.4447969543147208 0.007857142857142858 0.0266497461928934
0 0.6578571428571428 0.3743654822335025 0.01 0.03299492385786802
0 0.6617857142857143 0.36484771573604063 0.010714285714285714 0.0266497461928934
0 0.6710714285714285 0.37182741116751267 0.010714285714285714 0.027918781725888325
0 0.6621428571428571 0.39403553299492383 0.007142857142857143 0.02918781725888325
0 0.6675 0.39149746192893403 0.009285714285714286 0.0266497461928934
0 0.6710714285714285 0.41751269035532995 0.010714285714285714 0.025380710659898477
0 0.6714285714285714 0.4276649746192893 0.008571428571428572 0.025380710659898477
0 0.6939285714285715 0.407994923857868 0.007857142857142858 0.021573604060913704
0 0.705 0.4067258883248731 0.008571428571428572 0.0266497461928934
0 0.6928571428571428 0.4498730964467005 0.01 0.031725888324873094
0 0.6982142857142857 0.44543147208121825 0.012142857142857143 0.025380710659898477
0 0.7017857142857142 0.4746192893401015 0.010714285714285714 0.030456852791878174
0 0.7064285714285714 0.501269035532995 0.007142857142857143 0.030456852791878174
0 0.7764285714285715 0.5418781725888325 0.01 0.02284263959390863
0 0.7932142857142858 0.5342639593908629 0.010714285714285714 0.027918781725888325