3 0.328 0.4023333333333333 0.081 0.08466666666666667
3 0.4105 0.25366666666666665 0.074 0.04066666666666666
3 0.50225 0.253 0.0675 0.042
3 0.6105 0.22533333333333333 0.04 0.030666666666666665
3 0.61425 0.24966666666666668 0.0745 0.043333333333333335
3 0.455 0.15866666666666668 0.058 0.030666666666666665
3 0.59075 0.17366666666666666 0.0635 0.03933333333333333
3 0.571 0.5216666666666666 0.13 0.06866666666666667
3 0.59875 0.583 0.1085 0.07266666666666667
3 0.60225 0.6533333333333333 0.1315 0.09066666666666667
3 0.60975 0.757 0.1555 0.09
3 0.61825 0.8526666666666667 0.1745 0.11466666666666667
3 0.61725 0.9583333333333334 0.2055 0.08333333333333333
9 0.26275 0.8686666666666667 0.0365 0.08533333333333333
9 0.23925 0.8543333333333333 0.0415 0.086
9 0.228 0.8183333333333334 0.033 0.08333333333333333
9 0.267 0.7346666666666667 0.02 0.064
9 0.24375 0.728 0.0305 0.07466666666666667
3 0.3615 0.24033333333333334 0.066 0.03933333333333333
3 0.79625 0.22266666666666668 0.0725 0.044
3 0.9505 0.222 0.075 0.042666666666666665
3 0.946 0.17266666666666666 0.067 0.03333333333333333
0 0.80725 0.12533333333333332 0.0115 0.030666666666666665
9 0.90575 0.15033333333333335 0.0235 0.016666666666666666
1 0.90825 0.145 0.0125 0.026
8 0.788 0.06766666666666667 0.048 0.056666666666666664
5 0.73875 0.062 0.0525 0.05333333333333334
5 0.74875 0.043 0.0365 0.03
5 0.70175 0.021 0.0355 0.028666666666666667
3 0.2055 0.15433333333333332 0.06 0.03133333333333333