8 0.23464285714285715 0.6072335025380711 0.04214285714285714 0.07487309644670051
4 0.10392857142857143 0.1618020304568528 0.010714285714285714 0.01649746192893401
0 0.19678571428571429 0.6510152284263959 0.0035714285714285713 0.01015228426395939
0 0.255 0.5564720812182741 0.002857142857142857 0.013959390862944163
0 0.2739285714285714 0.5323604060913706 0.002142857142857143 0.006345177664974619
0 0.2764285714285714 0.5253807106598984 0.002857142857142857 0.01015228426395939
3 0.2325 0.506979695431472 0.016428571428571428 0.01903553299492386
4 0.28785714285714287 0.4517766497461929 0.014285714285714285 0.017766497461928935
4 0.3 0.4251269035532995 0.014285714285714285 0.015228426395939087
4 0.355 0.3623096446700508 0.012857142857142857 0.01903553299492386
4 0.36892857142857144 0.3604060913705584 0.010714285714285714 0.012690355329949238
3 0.3457142857142857 0.3813451776649746 0.014285714285714285 0.013959390862944163
8 0.3607142857142857 0.4168781725888325 0.037142857142857144 0.05710659898477157
0 0.38035714285714284 0.37944162436548223 0.002142857142857143 0.01015228426395939
3 0.3707142857142857 0.5723350253807107 0.012857142857142857 0.02030456852791878
4 0.38785714285714284 0.6421319796954315 0.014285714285714285 0.03299492385786802
8 0.4735714285714286 0.6230964467005076 0.02 0.08629441624365482
5 0.6867857142857143 0.9644670050761421 0.019285714285714285 0.06345177664974619
4 0.7235714285714285 0.9581218274111675 0.017142857142857144 0.048223350253807105
4 0.8017857142857143 0.8083756345177665 0.029285714285714286 0.025380710659898477
4 0.7960714285714285 0.7887055837563451 0.030714285714285715 0.024111675126903553
4 0.7953571428571429 0.7677664974619289 0.027857142857142858 0.025380710659898477
4 0.7842857142857143 0.7220812182741116 0.027142857142857142 0.025380710659898477
3 0.7192857142857143 0.7208121827411168 0.011428571428571429 0.03553299492385787
3 0.7021428571428572 0.6224619289340102 0.011428571428571429 0.02918781725888325
3 0.7039285714285715 0.5666243654822335 0.012142857142857143 0.0266497461928934
3 0.6878571428571428 0.5031725888324873 0.011428571428571429 0.024111675126903553
4 0.7567857142857143 0.5894670050761421 0.025 0.021573604060913704
4 0.7521428571428571 0.5666243654822335 0.022857142857142857 0.021573604060913704
3 0.7475 0.550761421319797 0.020714285714285713 0.017766497461928935
3 0.7446428571428572 0.5285532994923858 0.020714285714285713 0.01649746192893401
4 0.7407142857142858 0.5044416243654822 0.022857142857142857 0.01903553299492386
4 0.7385714285714285 0.4936548223350254 0.022857142857142857 0.017766497461928935
4 0.7335714285714285 0.4631979695431472 0.02142857142857143 0.017766497461928935
3 0.735 0.48223350253807107 0.02 0.015228426395939087
3 0.7307142857142858 0.45241116751269034 0.02 0.013959390862944163
3 0.7275 0.44289340101522845 0.019285714285714285 0.012690355329949238
4 0.7260714285714286 0.43147208121827413 0.020714285714285713 0.017766497461928935
4 0.7235714285714285 0.4118020304568528 0.02142857142857143 0.01903553299492386
4 0.7110714285714286 0.3883248730964467 0.010714285714285714 0.02284263959390863
4 0.7064285714285714 0.3635786802030457 0.01 0.021573604060913704
3 0.7025 0.34390862944162437 0.007857142857142858 0.017766497461928935
4 0.6982142857142857 0.3210659898477157 0.009285714285714286 0.02284263959390863
4 0.6942857142857143 0.30076142131979694 0.01 0.02030456852791878
8 0.6725 0.39847715736040606 0.017857142857142856 0.06598984771573604
3 0.6775 0.37055837563451777 0.009285714285714286 0.02030456852791878
3 0.6735714285714286 0.34517766497461927 0.008571428571428572 0.02030456852791878
3 0.6703571428571429 0.31852791878172587 0.0064285714285714285 0.017766497461928935
3 0.6642857142857143 0.29441624365482233 0.007142857142857143 0.015228426395939087
3 0.6628571428571428 0.2753807106598985 0.005714285714285714 0.017766497461928935
8 0.6521428571428571 0.26903553299492383 0.012857142857142857 0.0532994923857868
4 0.5978571428571429 0.41814720812182743 0.007142857142857143 0.021573604060913704
4 0.4828571428571429 0.4016497461928934 0.01 0.021573604060913704
4 0.43714285714285717 0.4035532994923858 0.011428571428571429 0.02030456852791878
4 0.4207142857142857 0.3870558375634518 0.012857142857142857 0.015228426395939087
4 0.4182142857142857 0.3629441624365482 0.010714285714285714 0.02030456852791878
4 0.40714285714285714 0.3934010152284264 0.011428571428571429 0.02030456852791878
3 0.42142857142857143 0.4118020304568528 0.011428571428571429 0.01903553299492386
3 0.43 0.3610406091370558 0.01 0.01649746192893401
8 0.4575 0.3470812182741117 0.015 0.031725888324873094
3 0.4514285714285714 0.3286802030456853 0.008571428571428572 0.015228426395939087
4 0.445 0.3217005076142132 0.008571428571428572 0.013959390862944163
4 0.42857142857142855 0.34073604060913704 0.01 0.01649746192893401
4 0.43785714285714283 0.3401015228426396 0.01 0.017766497461928935
3 0.4342857142857143 0.3217005076142132 0.007142857142857143 0.011421319796954314
8 0.44785714285714284 0.2633248730964467 0.02857142857142857 0.03426395939086294
4 0.49214285714285716 0.2550761421319797 0.008571428571428572 0.015228426395939087
3 0.525 0.2569796954314721 0.007142857142857143 0.013959390862944163
3 0.4592857142857143 0.2315989847715736 0.007142857142857143 0.013959390862944163
3 0.48035714285714287 0.2100253807106599 0.009285714285714286 0.011421319796954314
3 0.4903571428571429 0.2265228426395939 0.009285714285714286 0.013959390862944163
3 0.5046428571428572 0.19098984771573604 0.007857142857142858 0.013959390862944163
4 0.5035714285714286 0.1649746192893401 0.007142857142857143 0.015228426395939087
3 0.5057142857142857 0.1434010152284264 0.005714285714285714 0.01015228426395939
3 0.5275 0.15418781725888325 0.0064285714285714285 0.011421319796954314
4 0.5289285714285714 0.10469543147208121 0.0064285714285714285 0.011421319796954314
4 0.5378571428571428 0.11611675126903553 0.007142857142857143 0.008883248730964468
4 0.5707142857142857 0.116751269035533 0.007142857142857143 0.012690355329949238
4 0.5621428571428572 0.11548223350253807 0.005714285714285714 0.012690355329949238
3 0.5846428571428571 0.09898477157360407 0.005 0.012690355329949238
8 0.6935714285714286 0.09898477157360407 0.02142857142857143 0.03807106598984772
3 0.6160714285714286 0.13451776649746192 0.0064285714285714285 0.012690355329949238
3 0.6092857142857143 0.10596446700507614 0.005714285714285714 0.011421319796954314
3 0.5882142857142857 0.06598984771573604 0.005 0.012690355329949238
8 0.5717857142857142 0.02982233502538071 0.007857142857142858 0.01649746192893401
3 0.5582142857142857 0.04949238578680203 0.0064285714285714285 0.01015228426395939
4 0.5353571428571429 0.06345177664974619 0.0064285714285714285 0.01015228426395939
4 0.5464285714285714 0.06979695431472081 0.005714285714285714 0.01015228426395939
8 0.5614285714285714 0.06345177664974619 0.005714285714285714 0.012690355329949238
3 0.5489285714285714 0.028553299492385786 0.005 0.008883248730964468
3 0.5585714285714286 0.02982233502538071 0.005714285714285714 0.008883248730964468
3 0.5653571428571429 0.008883248730964468 0.005 0.007614213197969543
3 0.6446428571428572 0.1814720812182741 0.0064285714285714285 0.01015228426395939
0 0.5664285714285714 0.5888324873096447 0.002857142857142857 0.01015228426395939
0 0.5707142857142857 0.5678934010152284 0.002857142857142857 0.008883248730964468
0 0.5667857142857143 0.557741116751269 0.002142857142857143 0.011421319796954314
0 0.5746428571428571 0.5666243654822335 0.002142857142857143 0.008883248730964468
0 0.5782142857142857 0.4980964467005076 0.0035714285714285713 0.008883248730964468
0 0.5696428571428571 0.5038071065989848 0.002142857142857143 0.007614213197969543
0 0.5728571428571428 0.4619289340101523 0.002857142857142857 0.007614213197969543
3 0.7785714285714286 0.24492385786802032 0.01 0.02030456852791878
4 0.8121428571428572 0.23921319796954316 0.014285714285714285 0.0266497461928934
4 0.8353571428571429 0.23921319796954316 0.012142857142857143 0.021573604060913704
3 0.8453571428571428 0.23921319796954316 0.010714285714285714 0.021573604060913704
4 0.8667857142857143 0.23540609137055837 0.015 0.0266497461928934
4 0.8785714285714286 0.23413705583756345 0.015714285714285715 0.024111675126903553
4 0.9239285714285714 0.2303299492385787 0.017857142857142856 0.021573604060913704
4 0.9464285714285714 0.22525380710659898 0.014285714285714285 0.021573604060913704
3 0.9578571428571429 0.2265228426395939 0.014285714285714285 0.024111675126903553
3 0.7428571428571429 0.35723350253807107 0.018571428571428572 0.01649746192893401
4 0.7482142857142857 0.3743654822335025 0.019285714285714285 0.017766497461928935
3 0.7767857142857143 0.27220812182741116 0.010714285714285714 0.021573604060913704
3 0.7882142857142858 0.2703045685279188 0.012142857142857143 0.017766497461928935
4 0.8317857142857142 0.2633248730964467 0.013571428571428571 0.021573604060913704
4 0.8971428571428571 0.2569796954314721 0.012857142857142857 0.024111675126903553
3 0.9192857142857143 0.25444162436548223 0.012857142857142857 0.01903553299492386
4 0.9425 0.2512690355329949 0.013571428571428571 0.02030456852791878
3 0.9314285714285714 0.25317258883248733 0.012857142857142857 0.01903553299492386
4 0.9517857142857142 0.25317258883248733 0.012142857142857143 0.01903553299492386
3 0.9646428571428571 0.2506345177664975 0.015 0.024111675126903553
3 0.9442857142857143 0.27284263959390864 0.014285714285714285 0.02284263959390863
4 0.8725 0.28109137055837563 0.013571428571428571 0.01903553299492386
4 0.7592857142857142 0.3134517766497462 0.012857142857142857 0.02284263959390863
4 0.7582142857142857 0.3343908629441624 0.012142857142857143 0.021573604060913704
4 0.7678571428571429 0.33375634517766495 0.014285714285714285 0.02284263959390863
3 0.7796428571428572 0.3362944162436548 0.010714285714285714 0.017766497461928935
4 0.7907142857142857 0.33248730964467005 0.011428571428571429 0.02030456852791878
4 0.7914285714285715 0.31091370558375636 0.012857142857142857 0.02030456852791878
4 0.8035714285714286 0.31091370558375636 0.011428571428571429 0.02284263959390863
3 0.7735714285714286 0.31218274111675126 0.01 0.02030456852791878
3 0.7825 0.31281725888324874 0.010714285714285714 0.01903553299492386
4 0.8257142857142857 0.31091370558375636 0.012857142857142857 0.017766497461928935
3 0.8342857142857143 0.3096446700507614 0.011428571428571429 0.017766497461928935
4 0.8460714285714286 0.30710659898477155 0.012142857142857143 0.017766497461928935
4 0.9125 0.2969543147208122 0.015 0.02284263959390863
4 0.9457142857142857 0.3401015228426396 0.012857142857142857 0.02030456852791878
4 0.8392857142857143 0.3496192893401015 0.012857142857142857 0.01903553299492386
4 0.8496428571428571 0.350253807106599 0.010714285714285714 0.017766497461928935
4 0.8185714285714286 0.35215736040609136 0.012857142857142857 0.01903553299492386
4 0.7960714285714285 0.3546954314720812 0.015 0.01649746192893401
3 0.8057142857142857 0.3534263959390863 0.014285714285714285 0.01649746192893401
4 0.015357142857142857 0.7842639593908629 0.020714285714285713 0.027918781725888325