3 0.28285714285714286 0.6434010152284264 0.027142857142857142 0.05583756345177665
3 0.3057142857142857 0.6307106598984772 0.03 0.05583756345177665
3 0.33285714285714285 0.6154822335025381 0.03 0.0532994923857868
3 0.35428571428571426 0.5977157360406091 0.03142857142857143 0.05583756345177665
3 0.3782142857142857 0.5812182741116751 0.029285714285714286 0.0532994923857868
3 0.4425 0.5425126903553299 0.027857142857142858 0.046954314720812185
4 0.22357142857142856 0.4581218274111675 0.02142857142857143 0.04568527918781726
4 0.24285714285714285 0.4397208121827411 0.022857142857142857 0.044416243654822336
3 0.26285714285714284 0.4270304568527919 0.02 0.044416243654822336
3 0.3025 0.40545685279187815 0.023571428571428573 0.044416243654822336
4 0.32107142857142856 0.39847715736040606 0.023571428571428573 0.04568527918781726
3 0.3578571428571429 0.37944162436548223 0.02 0.03807106598984772
3 0.405 0.46383248730964466 0.025714285714285714 0.044416243654822336
3 0.4235714285714286 0.45241116751269034 0.025714285714285714 0.044416243654822336
4 0.4275 0.34581218274111675 0.02214285714285714 0.03934010152284264
3 0.45821428571428574 0.33121827411167515 0.025 0.03553299492385787
3 0.4732142857142857 0.3197969543147208 0.020714285714285713 0.030456852791878174
3 0.5021428571428571 0.5025380710659898 0.03142857142857143 0.04568527918781726
3 0.5410714285714285 0.48223350253807107 0.02642857142857143 0.03807106598984772
3 0.5578571428571428 0.4682741116751269 0.027142857142857142 0.03807106598984772
3 0.5767857142857142 0.45748730964467005 0.030714285714285715 0.04187817258883249
3 0.6439285714285714 0.4137055837563452 0.030714285714285715 0.03807106598984772
3 0.6596428571428572 0.4010152284263959 0.029285714285714286 0.04060913705583756
3 0.6439285714285714 0.4498730964467005 0.019285714285714285 0.03426395939086294
3 0.6296428571428572 0.45875634517766495 0.019285714285714285 0.03426395939086294
3 0.6139285714285714 0.46954314720812185 0.02214285714285714 0.03553299492385787
3 0.5807142857142857 0.49428934010152287 0.02 0.03680203045685279
3 0.5628571428571428 0.5044416243654822 0.02142857142857143 0.03934010152284264
3 0.5439285714285714 0.5190355329949239 0.016428571428571428 0.03553299492385787
3 0.5278571428571428 0.5298223350253807 0.022857142857142857 0.03680203045685279
3 0.48857142857142855 0.5552030456852792 0.02 0.03934010152284264
3 0.4710714285714286 0.5678934010152284 0.020714285714285713 0.046954314720812185
3 0.45071428571428573 0.5793147208121827 0.022857142857142857 0.03934010152284264
3 0.42607142857142855 0.5964467005076142 0.019285714285714285 0.04314720812182741
3 0.40714285714285714 0.608502538071066 0.02142857142857143 0.04187817258883249
3 0.3867857142857143 0.6211928934010152 0.02214285714285714 0.044416243654822336
3 0.3628571428571429 0.6421319796954315 0.02142857142857143 0.04060913705583756
3 0.2882142857142857 0.6947969543147208 0.020714285714285713 0.03426395939086294
3 0.2914285714285714 0.7258883248730964 0.02142857142857143 0.03807106598984772
3 0.3442857142857143 0.692258883248731 0.018571428571428572 0.031725888324873094
3 0.29642857142857143 0.7588832487309645 0.018571428571428572 0.03553299492385787
3 0.3264285714285714 0.7379441624365483 0.02142857142857143 0.03426395939086294
3 0.3464285714285714 0.7227157360406091 0.02142857142857143 0.03934010152284264
3 0.36642857142857144 0.7100253807106599 0.018571428571428572 0.03426395939086294
3 0.3492857142857143 0.756979695431472 0.02 0.03426395939086294
3 0.3921428571428571 0.6884517766497462 0.02142857142857143 0.03934010152284264
3 0.4107142857142857 0.6776649746192893 0.02 0.03553299492385787
3 0.4142857142857143 0.7068527918781726 0.018571428571428572 0.03299492385786802
3 0.4307142857142857 0.690989847715736 0.02 0.03680203045685279
3 0.4307142857142857 0.666243654822335 0.02 0.030456852791878174
3 0.4275 0.633248730964467 0.02214285714285714 0.03553299492385787
3 0.45035714285714284 0.6173857868020305 0.023571428571428573 0.03680203045685279
3 0.45285714285714285 0.6478426395939086 0.02142857142857143 0.03426395939086294
3 0.4525 0.6802030456852792 0.02214285714285714 0.03299492385786802
3 0.47 0.6338832487309645 0.02 0.031725888324873094
3 0.4689285714285714 0.6027918781725888 0.020714285714285713 0.03299492385786802
3 0.4689285714285714 0.6643401015228426 0.019285714285714285 0.03426395939086294
3 0.48678571428571427 0.6484771573604061 0.019285714285714285 0.03299492385786802
3 0.48714285714285716 0.6205583756345178 0.02 0.03299492385786802
3 0.5260714285714285 0.5634517766497462 0.017857142857142856 0.030456852791878174
3 0.5421428571428571 0.5520304568527918 0.018571428571428572 0.03299492385786802
3 0.5614285714285714 0.5374365482233503 0.017142857142857144 0.031725888324873094
3 0.5096428571428572 0.6046954314720813 0.019285714285714285 0.03426395939086294
3 0.5267857142857143 0.5945431472081218 0.019285714285714285 0.02918781725888325
3 0.5425 0.583756345177665 0.019285714285714285 0.030456852791878174
3 0.5271428571428571 0.623730964467005 0.018571428571428572 0.0266497461928934
3 0.5946428571428571 0.5450507614213198 0.016428571428571428 0.031725888324873094
3 0.5614285714285714 0.5697969543147208 0.018571428571428572 0.025380710659898477
3 0.5785714285714286 0.5545685279187818 0.018571428571428572 0.030456852791878174
3 0.6128571428571429 0.5031725888324873 0.02142857142857143 0.02918781725888325
3 0.6292857142857143 0.49428934010152287 0.017142857142857144 0.031725888324873094
3 0.6607142857142857 0.4682741116751269 0.02 0.027918781725888325
3 0.6146428571428572 0.5329949238578681 0.019285714285714285 0.030456852791878174
3 0.6278571428571429 0.5234771573604061 0.018571428571428572 0.031725888324873094
3 0.5939285714285715 0.5767766497461929 0.016428571428571428 0.02918781725888325
3 0.5635714285714286 0.5958121827411168 0.017142857142857144 0.02918781725888325
3 0.6125 0.5615482233502538 0.017857142857142856 0.031725888324873094
3 0.6296428571428572 0.5520304568527918 0.017857142857142856 0.030456852791878174
3 0.6414285714285715 0.541243654822335 0.015714285714285715 0.031725888324873094
3 0.655 0.5279187817258884 0.017142857142857144 0.027918781725888325