3 0.5003571428571428 0.6681472081218274 0.025 0.09517766497461928
3 0.3892857142857143 0.7024111675126904 0.04857142857142857 0.04187817258883249
3 0.4017857142857143 0.6376903553299492 0.056428571428571425 0.044416243654822336
3 0.4032142857142857 0.5843908629441624 0.045 0.04187817258883249
3 0.6485714285714286 0.8743654822335025 0.06285714285714286 0.0532994923857868
3 0.6425 0.7741116751269036 0.05357142857142857 0.04060913705583756
3 0.6425 0.7258883248730964 0.055 0.04314720812182741
3 0.6364285714285715 0.6738578680203046 0.05 0.03807106598984772
3 0.6364285714285715 0.6313451776649747 0.041428571428571426 0.03934010152284264
3 0.6360714285714286 0.5869289340101523 0.052142857142857144 0.03680203045685279
3 0.6321428571428571 0.5463197969543148 0.04428571428571428 0.04187817258883249
4 0.6332142857142857 0.5044416243654822 0.04214285714285714 0.03934010152284264
3 0.6282142857142857 0.4733502538071066 0.04642857142857143 0.03807106598984772
3 0.6282142857142857 0.35088832487309646 0.03642857142857143 0.031725888324873094
3 0.6207142857142857 0.17956852791878172 0.04 0.03426395939086294
3 0.445 0.27411167512690354 0.04 0.03299492385786802
3 0.3989285714285714 0.39276649746192893 0.039285714285714285 0.03426395939086294
3 0.38142857142857145 0.25571065989847713 0.022857142857142857 0.04949238578680203
3 0.3578571428571429 0.2639593908629442 0.027142857142857142 0.05583756345177665
3 0.30357142857142855 0.2684010152284264 0.032857142857142856 0.04949238578680203
3 0.2375 0.4486040609137056 0.04071428571428572 0.03680203045685279
3 0.29892857142857143 0.43591370558375636 0.04357142857142857 0.03426395939086294
3 0.3175 0.7588832487309645 0.05357142857142857 0.06598984771573604
3 0.4492857142857143 0.24048223350253808 0.04 0.031725888324873094
3 0.45071428571428573 0.18527918781725888 0.037142857142857144 0.03553299492385787
3 0.45321428571428574 0.1351522842639594 0.035 0.03426395939086294
3 0.4492857142857143 0.21890862944162437 0.037142857142857144 0.02918781725888325
3 0.455 0.1148477157360406 0.032857142857142856 0.02918781725888325
3 0.6196428571428572 0.06852791878172589 0.03214285714285714 0.025380710659898477
3 0.6221428571428571 0.233502538071066 0.037142857142857144 0.030456852791878174
3 0.6260714285714286 0.25888324873096447 0.03642857142857143 0.030456852791878174
3 0.6260714285714286 0.28426395939086296 0.03214285714285714 0.03299492385786802
5 0.35714285714285715 0.41814720812182743 0.045714285714285714 0.05203045685279188
5 0.36678571428571427 0.868020304568528 0.06357142857142857 0.04568527918781726
3 0.6196428571428572 0.02982233502538071 0.03785714285714286 0.0266497461928934
0 0.21607142857142858 0.37119289340101524 0.007857142857142858 0.024111675126903553
0 0.205 0.37944162436548223 0.007142857142857143 0.017766497461928935
4 0.1457142857142857 0.38261421319796957 0.04857142857142857 0.04187817258883249
4 0.07821428571428571 0.39276649746192893 0.03642857142857143 0.03426395939086294
6 0.5007142857142857 0.07614213197969544 0.01 0.03553299492385787
0 0.6267857142857143 0.09581218274111675 0.005 0.021573604060913704
3 0.4085714285714286 0.5355329949238579 0.05714285714285714 0.048223350253807105
0 0.37714285714285717 0.5488578680203046 0.008571428571428572 0.02918781725888325
0 0.4207142857142857 0.5488578680203046 0.008571428571428572 0.03426395939086294