3 0.4011029411764706 0.6130718954248366 0.06544117647058824 0.17254901960784313
3 0.2595588235294118 0.31633986928104574 0.061764705882352944 0.09411764705882353
3 0.16948529411764707 0.2699346405228758 0.08014705882352942 0.10065359477124183
3 0.19191176470588237 0.19869281045751633 0.041176470588235294 0.06797385620915032
4 0.04007352941176471 0.5751633986928104 0.07867647058823529 0.34248366013071896
3 0.23933823529411766 0.526797385620915 0.06544117647058824 0.17254901960784313
9 0.5823529411764706 0.8941176470588236 0.0661764705882353 0.08627450980392157
1 0.042279411764705885 0.10392156862745099 0.015441176470588236 0.043137254901960784
1 0.07463235294117647 0.05620915032679739 0.013970588235294118 0.036601307189542485
9 0.04632352941176471 0.11895424836601307 0.016176470588235296 0.036601307189542485
9 0.07720588235294118 0.0738562091503268 0.011764705882352941 0.030065359477124184
0 0.1610294117647059 0.134640522875817 0.011764705882352941 0.0392156862745098
6 0.1698529411764706 0.14575163398692811 0.029411764705882353 0.05359477124183006
0 0.46433823529411766 0.742483660130719 0.019852941176470587 0.08888888888888889
0 0.5018382352941176 0.703921568627451 0.019852941176470587 0.06928104575163399
0 0.4753676470588235 0.6895424836601307 0.01838235294117647 0.06666666666666667
0 0.538235294117647 0.5464052287581699 0.014705882352941176 0.0784313725490196
0 0.5599264705882353 0.5202614379084968 0.013970588235294118 0.07581699346405228
0 0.5238970588235294 0.46862745098039216 0.016911764705882352 0.07450980392156863
0 0.549264705882353 0.43529411764705883 0.023529411764705882 0.07058823529411765
0 0.5617647058823529 0.4241830065359477 0.013235294117647059 0.06405228758169934
0 0.5716911764705882 0.434640522875817 0.009558823529411765 0.058823529411764705
0 0.4577205882352941 0.33725490196078434 0.0125 0.08104575163398693
0 0.40588235294117647 0.30522875816993467 0.011764705882352941 0.058823529411764705
0 0.5264705882352941 0.3026143790849673 0.011764705882352941 0.058823529411764705
0 0.40588235294117647 0.33202614379084966 0.013235294117647059 0.06535947712418301
0 0.42058823529411765 0.31241830065359477 0.013235294117647059 0.07058823529411765
0 0.42720588235294116 0.23529411764705882 0.010294117647058823 0.06274509803921569
0 0.40294117647058825 0.14052287581699346 0.008823529411764706 0.043137254901960784
0 0.3327205882352941 0.12222222222222222 0.008088235294117648 0.048366013071895426
1 0.5915441176470588 0.6091503267973856 0.021323529411764706 0.04967320261437908
1 0.555514705882353 0.5398692810457516 0.0125 0.03398692810457516
1 0.6371323529411764 0.4477124183006536 0.016911764705882352 0.0718954248366013
1 0.6764705882352942 0.46797385620915033 0.023529411764705882 0.0392156862745098
0 0.6801470588235294 0.44313725490196076 0.01764705882352941 0.07058823529411765
1 0.8051470588235294 0.33202614379084966 0.01764705882352941 0.05228758169934641
1 0.3845588235294118 0.2980392156862745 0.014705882352941176 0.02875816993464052
1 0.37058823529411766 0.32941176470588235 0.014705882352941176 0.04967320261437908
1 0.31580882352941175 0.2130718954248366 0.016911764705882352 0.03398692810457516
1 0.4261029411764706 0.16339869281045752 0.013970588235294118 0.03137254901960784
1 0.45625 0.21633986928104576 0.015441176470588236 0.040522875816993466
1 0.49375 0.2607843137254902 0.015441176470588236 0.040522875816993466
1 0.5283088235294118 0.17320261437908496 0.015441176470588236 0.03790849673202614
1 0.518014705882353 0.09607843137254903 0.0125 0.03529411764705882
0 0.5970588235294118 0.10196078431372549 0.011764705882352941 0.05228758169934641
0 0.638235294117647 0.09607843137254903 0.011764705882352941 0.058823529411764705
1 0.5658088235294118 0.044444444444444446 0.011029411764705883 0.03137254901960784
1 0.5220588235294118 0.22091503267973855 0.014705882352941176 0.047058823529411764
0 0.6507352941176471 0.21830065359477124 0.014705882352941176 0.06013071895424837
0 0.625 0.19738562091503267 0.014705882352941176 0.06013071895424837
0 0.586764705882353 0.06862745098039216 0.007352941176470588 0.030065359477124184
0 0.6029411764705882 0.07908496732026143 0.007352941176470588 0.030065359477124184
0 0.5985294117647059 0.0738562091503268 0.007352941176470588 0.03529411764705882
6 0.5011029411764706 0.7803921568627451 0.08602941176470588 0.18823529411764706
6 0.37720588235294117 0.3359477124183007 0.054411764705882354 0.07058823529411765
6 0.3246323529411765 0.3032679738562091 0.06397058823529411 0.09934640522875816
6 0.3150735294117647 0.22875816993464052 0.03897058823529412 0.0392156862745098
6 0.34705882352941175 0.269281045751634 0.04264705882352941 0.05228758169934641
6 0.50625 0.2928104575163399 0.06397058823529411 0.07058823529411765
6 0.6764705882352942 0.5359477124183006 0.0838235294117647 0.10457516339869281
6 0.6933823529411764 0.49607843137254903 0.08529411764705883 0.08235294117647059
6 0.8610294117647059 0.5699346405228758 0.07647058823529412 0.06013071895424837
9 0.9856617647058824 0.5712418300653594 0.028676470588235293 0.07058823529411765
9 0.9363970588235294 0.569281045751634 0.06102941176470588 0.06143790849673202
1 0.8808823529411764 0.5248366013071896 0.020588235294117647 0.06143790849673202
1 0.8959558823529412 0.5437908496732026 0.019852941176470587 0.06013071895424837
1 0.9128676470588235 0.5490196078431373 0.01838235294117647 0.06274509803921569
1 0.9180147058823529 0.526797385620915 0.028676470588235293 0.054901960784313725
1 0.9044117647058824 0.4843137254901961 0.016176470588235296 0.06143790849673202
1 0.8860294117647058 0.4849673202614379 0.016176470588235296 0.06013071895424837
1 0.8761029411764706 0.492156862745098 0.019852941176470587 0.030065359477124184
1 0.893014705882353 0.4993464052287582 0.015441176470588236 0.02091503267973856
1 0.9121323529411764 0.49607843137254903 0.015441176470588236 0.03529411764705882
1 0.9261029411764706 0.49869281045751634 0.015441176470588236 0.05620915032679739
1 0.9264705882352942 0.4888888888888889 0.01764705882352941 0.06013071895424837
9 0.8007352941176471 0.3464052287581699 0.033823529411764704 0.036601307189542485
1 0.7720588235294118 0.4738562091503268 0.016176470588235296 0.040522875816993466
2 0.8985294117647059 0.403921568627451 0.04264705882352941 0.07058823529411765
2 0.98125 0.3535947712418301 0.03161764705882353 0.05620915032679739
2 0.5573529411764706 0.5562091503267974 0.027941176470588237 0.030065359477124184
9 0.6349264705882353 0.45359477124183006 0.04338235294117647 0.05228758169934641
2 0.5654411764705882 0.09542483660130718 0.020588235294117647 0.03137254901960784
6 0.4933823529411765 0.1084967320261438 0.025 0.044444444444444446
2 0.5176470588235295 0.11372549019607843 0.010294117647058823 0.02875816993464052
9 0.524264705882353 0.0542483660130719 0.016176470588235296 0.032679738562091505
9 0.5375 0.07124183006535947 0.016176470588235296 0.030065359477124184
9 0.5503676470588236 0.08366013071895424 0.021323529411764706 0.03398692810457516
9 0.6091911764705882 0.13529411764705881 0.021323529411764706 0.03529411764705882
9 0.6143382352941177 0.12549019607843137 0.021323529411764706 0.02875816993464052
2 0.675 0.13398692810457516 0.016176470588235296 0.03529411764705882
2 0.6573529411764706 0.14183006535947712 0.010294117647058823 0.030065359477124184
2 0.6477941176470589 0.13856209150326798 0.010294117647058823 0.03137254901960784
2 0.4647058823529412 0.17516339869281045 0.01911764705882353 0.0392156862745098
9 0.6654411764705882 0.22941176470588234 0.016176470588235296 0.040522875816993466
3 0.6227941176470588 0.9718954248366013 0.10735294117647058 0.05620915032679739
9 0.9301470588235294 0.8647058823529412 0.033823529411764704 0.08496732026143791
0 0.8308823529411765 0.7666666666666667 0.01764705882352941 0.07712418300653595
0 0.85 0.8032679738562092 0.01911764705882353 0.08758169934640522
0 0.8672794117647059 0.8287581699346406 0.01838235294117647 0.07058823529411765