4 0.5782142857142857 0.7151015228426396 0.023571428571428573 0.0901015228426396
3 0.5910714285714286 0.49682741116751267 0.019285714285714285 0.05964467005076142
3 0.5578571428571428 0.35786802030456855 0.017142857142857144 0.0532994923857868
3 0.5614285714285714 0.08756345177664974 0.011428571428571429 0.03299492385786802
8 0.14785714285714285 0.8883248730964467 0.09857142857142857 0.07868020304568528
3 0.44107142857142856 0.9809644670050761 0.030714285714285715 0.03553299492385787
3 0.01892857142857143 0.9054568527918782 0.03785714285714286 0.05203045685279188
3 0.4635714285714286 0.01649746192893401 0.011428571428571429 0.02284263959390863
3 0.5564285714285714 0.010786802030456852 0.01 0.021573604060913704
0 0.3871428571428571 0.39213197969543145 0.005714285714285714 0.025380710659898477
0 0.38142857142857145 0.39086294416243655 0.005714285714285714 0.030456852791878174
0 0.4 0.274746192893401 0.004285714285714286 0.021573604060913704
0 0.4014285714285714 0.2626903553299492 0.004285714285714286 0.02030456852791878
0 0.6889285714285714 0.7595177664974619 0.007857142857142858 0.031725888324873094
0 0.7546428571428572 0.6484771573604061 0.007857142857142858 0.030456852791878174
0 0.6875 0.5799492385786802 0.0064285714285714285 0.02030456852791878
0 0.6742857142857143 0.6097715736040609 0.005714285714285714 0.02918781725888325
0 0.6789285714285714 0.6110406091370558 0.0035714285714285713 0.021573604060913704
0 0.6825 0.6027918781725888 0.0064285714285714285 0.030456852791878174
0 0.655 0.45875634517766495 0.005714285714285714 0.024111675126903553
0 0.6492857142857142 0.45748730964467005 0.005714285714285714 0.01903553299492386
0 0.6453571428571429 0.45114213197969544 0.007857142857142858 0.024111675126903553
4 0.6103571428571428 0.13324873096446702 0.02642857142857143 0.03553299492385787