0 0.8514705882352941 0.8202614379084967 0.023529411764705882 0.06143790849673202
0 0.8727941176470588 0.8464052287581699 0.014705882352941176 0.06405228758169934
0 0.8860294117647058 0.85359477124183 0.011764705882352941 0.047058823529411764
0 0.7794117647058824 0.8209150326797385 0.023529411764705882 0.07320261437908497
0 0.7922794117647058 0.838562091503268 0.021323529411764706 0.06666666666666667
1 0.7224264705882353 0.8006535947712419 0.027205882352941177 0.05620915032679739
1 0.6033088235294117 0.6980392156862745 0.016911764705882352 0.054901960784313725
1 0.34963235294117645 0.4084967320261438 0.009558823529411765 0.03790849673202614
1 0.5095588235294117 0.05032679738562092 0.004411764705882353 0.01437908496732026
1 0.5948529411764706 0.08562091503267974 0.004411764705882353 0.01699346405228758
0 0.5911764705882353 0.05620915032679739 0.004411764705882353 0.018300653594771243
0 0.6 0.09084967320261438 0.0029411764705882353 0.022222222222222223
0 0.606985294117647 0.08562091503267974 0.005147058823529412 0.0196078431372549
0 0.6073529411764705 0.0915032679738562 0.0029411764705882353 0.018300653594771243
0 0.6139705882352942 0.08888888888888889 0.0029411764705882353 0.018300653594771243
0 0.6143382352941177 0.10522875816993464 0.003676470588235294 0.01699346405228758
0 0.6470588235294118 0.09934640522875816 0.0029411764705882353 0.02091503267973856
0 0.7588235294117647 0.43333333333333335 0.011764705882352941 0.048366013071895426
0 0.7683823529411765 0.434640522875817 0.008823529411764706 0.03790849673202614
2 0.8944852941176471 0.49084967320261436 0.013970588235294118 0.043137254901960784
2 0.9044117647058824 0.4869281045751634 0.013235294117647059 0.040522875816993466
9 0.7235294117647059 0.8091503267973856 0.027941176470588237 0.08888888888888889
9 0.7393382352941177 0.3287581699346405 0.01838235294117647 0.030065359477124184
9 0.7558823529411764 0.3287581699346405 0.022058823529411766 0.02483660130718954
9 0.7150735294117647 0.23398692810457516 0.01838235294117647 0.018300653594771243
9 0.7198529411764706 0.24052287581699347 0.01764705882352941 0.02091503267973856
9 0.5095588235294117 0.05620915032679739 0.004411764705882353 0.013071895424836602
2 0.600735294117647 0.707843137254902 0.027941176470588237 0.050980392156862744
2 0.35 0.4196078431372549 0.010294117647058823 0.036601307189542485
3 0.7952205882352941 0.9699346405228758 0.13161764705882353 0.06013071895424837
3 0.6084558823529411 0.7803921568627451 0.10955882352941176 0.12026143790849673
3 0.7143382352941177 0.6745098039215687 0.10220588235294117 0.07058823529411765
3 0.7022058823529411 0.6137254901960785 0.09117647058823529 0.06928104575163399
3 0.6823529411764706 0.47058823529411764 0.075 0.054901960784313725
3 0.6018382352941176 0.5248366013071896 0.0375 0.07450980392156863
3 0.4742647058823529 0.8320261437908497 0.052941176470588235 0.1477124183006536
3 0.3941176470588235 0.7745098039215687 0.05 0.1607843137254902
3 0.4238970588235294 0.5424836601307189 0.03897058823529412 0.09673202614379085
3 0.5672794117647059 0.4411764705882353 0.04338235294117647 0.06143790849673202
3 0.5827205882352942 0.3915032679738562 0.027205882352941177 0.058823529411764705
3 0.5455882352941176 0.22287581699346407 0.020588235294117647 0.03529411764705882
3 0.4143382352941177 0.43790849673202614 0.03602941176470588 0.07581699346405228
3 0.4959558823529412 0.4019607843137255 0.028676470588235293 0.05620915032679739
3 0.41360294117647056 0.3673202614379085 0.030147058823529412 0.06797385620915032
3 0.2897058823529412 0.30196078431372547 0.03235294117647059 0.044444444444444446
3 0.325 0.5071895424836601 0.041176470588235294 0.10196078431372549
3 0.6551470588235294 0.37973856209150325 0.054411764705882354 0.048366013071895426
3 0.7224264705882353 0.27712418300653596 0.05514705882352941 0.044444444444444446
3 0.6080882352941176 0.21633986928104576 0.045588235294117645 0.03529411764705882
3 0.59375 0.17908496732026144 0.04191176470588235 0.02875816993464052
3 0.6525735294117647 0.13660130718954247 0.0375 0.02483660130718954
3 0.5330882352941176 0.13202614379084968 0.016176470588235296 0.02875816993464052
3 0.575 0.13725490196078433 0.03529411764705882 0.023529411764705882
3 0.48161764705882354 0.08169934640522876 0.011764705882352941 0.022222222222222223
3 0.5301470588235294 0.10457516339869281 0.016176470588235296 0.023529411764705882
3 0.49411764705882355 0.050980392156862744 0.011764705882352941 0.023529411764705882
3 0.5970588235294118 0.03398692810457516 0.020588235294117647 0.01568627450980392
3 0.5643382352941176 0.03594771241830065 0.013970588235294118 0.01699346405228758
3 0.586764705882353 0.01764705882352941 0.023529411764705882 0.01699346405228758
3 0.631985294117647 0.29150326797385623 0.05367647058823529 0.036601307189542485
3 0.6216911764705882 0.2725490196078431 0.04485294117647059 0.032679738562091505
3 0.6183823529411765 0.2503267973856209 0.052941176470588235 0.03529411764705882
3 0.5908088235294118 0.16470588235294117 0.03455882352941177 0.023529411764705882
3 0.5709558823529411 0.12418300653594772 0.03161764705882353 0.02091503267973856
3 0.5617647058823529 0.09019607843137255 0.027941176470588237 0.023529411764705882
3 0.5691176470588235 0.09607843137254903 0.03235294117647059 0.022222222222222223
3 0.5827205882352942 0.006535947712418301 0.021323529411764706 0.013071895424836602
3 0.3625 0.9339869281045752 0.05588235294117647 0.13202614379084968
4 0.48125 0.5411764705882353 0.03602941176470588 0.08366013071895424
4 0.3845588235294118 0.3477124183006536 0.030882352941176472 0.07320261437908497
4 0.569485294117647 0.11633986928104575 0.0375 0.02875816993464052
4 0.643014705882353 0.3202614379084967 0.06544117647058824 0.054901960784313725
4 0.6261029411764706 0.09215686274509804 0.03602941176470588 0.030065359477124184
4 0.5400735294117647 0.06405228758169934 0.03308823529411765 0.026143790849673203
5 0.4827205882352941 0.018300653594771243 0.015441176470588236 0.036601307189542485
5 0.43272058823529413 0.3058823529411765 0.021323529411764706 0.08366013071895424
5 0.5709558823529411 0.10326797385620914 0.04191176470588235 0.03137254901960784
3 0.38676470588235295 0.6457516339869281 0.05 0.11764705882352941
5 0.4852941176470588 0.24248366013071895 0.033823529411764704 0.1503267973856209