0 0.01425 0.715 0.0285 0.062
0 0.00725 0.684 0.0145 0.058666666666666666
3 0.155 0.512 0.081 0.11866666666666667
4 0.19825 0.4136666666666667 0.0605 0.09933333333333333
2 0.09025 0.461 0.0245 0.03933333333333333
4 0.206 0.04466666666666667 0.024 0.028
3 0.152 0.18233333333333332 0.074 0.04466666666666667
3 0.3125 0.2643333333333333 0.05 0.05266666666666667
3 0.114 0.225 0.082 0.06066666666666667
3 0.1855 0.139 0.076 0.04066666666666666
3 0.2755 0.25533333333333336 0.039 0.050666666666666665
3 0.3845 0.164 0.026 0.037333333333333336
3 0.3115 0.18466666666666667 0.029 0.034666666666666665
3 0.3295 0.14433333333333334 0.025 0.03133333333333333
3 0.3395 0.122 0.026 0.03333333333333333
3 0.3465 0.10966666666666666 0.023 0.026
3 0.35825 0.08266666666666667 0.0195 0.02266666666666667
3 0.363 0.07133333333333333 0.018 0.02266666666666667
3 0.3675 0.06166666666666667 0.018 0.020666666666666667
3 0.37275 0.051 0.0165 0.019333333333333334
3 0.375 0.043 0.015 0.016666666666666666
3 0.379 0.034333333333333334 0.015 0.020666666666666667
3 0.3825 0.028333333333333332 0.014 0.018
4 0.38575 0.019666666666666666 0.0135 0.019333333333333334
3 0.38875 0.015666666666666666 0.0125 0.015333333333333332
5 0.4265 0.006333333333333333 0.011 0.012666666666666666
0 0.4235 0.384 0.017 0.04933333333333333
3 0.73525 0.852 0.1095 0.20666666666666667
3 0.933 0.6446666666666667 0.106 0.13733333333333334
3 0.919 0.5026666666666667 0.061 0.084
3 0.85875 0.43766666666666665 0.0555 0.07666666666666666
3 0.81375 0.384 0.0585 0.06
3 0.8875 0.3476666666666667 0.096 0.058
3 0.87175 0.30433333333333334 0.0935 0.051333333333333335
9 0.9695 0.291 0.029 0.028666666666666667
9 0.99175 0.23666666666666666 0.0165 0.017333333333333333
9 0.9895 0.20633333333333334 0.015 0.024666666666666667
9 0.94875 0.21766666666666667 0.0275 0.027333333333333334
9 0.96825 0.18866666666666668 0.0165 0.02266666666666667
9 0.94325 0.20266666666666666 0.0235 0.02
2 0.95125 0.19866666666666666 0.0185 0.021333333333333333
2 0.93175 0.15833333333333333 0.0115 0.020666666666666667
3 0.701 0.414 0.061 0.072
3 0.752 0.271 0.046 0.048666666666666664
3 0.627 0.24666666666666667 0.037 0.04
3 0.70125 0.21033333333333334 0.0385 0.038
3 0.57975 0.191 0.0295 0.03266666666666666
3 0.58075 0.15966666666666668 0.0255 0.03133333333333333
3 0.5295 0.13666666666666666 0.024 0.028
3 0.55675 0.108 0.0205 0.024
1 0.63675 0.167 0.0095 0.023333333333333334
9 0.6375 0.17333333333333334 0.009 0.024
3 0.6855 0.18233333333333332 0.033 0.03133333333333333
4 0.674 0.15833333333333333 0.031 0.038
3 0.65175 0.14466666666666667 0.0355 0.032
3 0.64375 0.133 0.0395 0.026
3 0.64225 0.11966666666666667 0.0285 0.024666666666666667
4 0.6265 0.102 0.022 0.02666666666666667
4 0.61875 0.09166666666666666 0.0175 0.024666666666666667
3 0.60325 0.07733333333333334 0.0235 0.024
0 0.60075 0.082 0.0065 0.02266666666666667
0 0.595 0.08166666666666667 0.006 0.023333333333333334
3 0.58475 0.048 0.0175 0.017333333333333333
3 0.579 0.03866666666666667 0.015 0.016
3 0.5735 0.03233333333333333 0.017 0.015333333333333332
0 0.59375 0.02266666666666667 0.0045 0.016
0 0.58875 0.02266666666666667 0.0045 0.016
0 0.57675 0.019 0.0045 0.015333333333333332
3 0.51225 0.008333333333333333 0.0115 0.015333333333333332
8 0.5395 0.015666666666666666 0.019 0.03133333333333333
0 0.55225 0.016 0.0025 0.013333333333333334
0 0.5535 0.024 0.003 0.013333333333333334
1 0.5595 0.007333333333333333 0.003 0.009333333333333334
2 0.5595 0.011333333333333334 0.004 0.009333333333333334
1 0.56175 0.015666666666666666 0.0045 0.012666666666666666
1 0.56225 0.025 0.0035 0.008666666666666666
9 0.56225 0.027666666666666666 0.0045 0.011333333333333334
9 0.56175 0.018333333333333333 0.0055 0.011333333333333334
4 0.88825 0.26 0.0795 0.050666666666666665
4 0.86625 0.249 0.0795 0.051333333333333335
3 0.8575 0.23366666666666666 0.062 0.035333333333333335
4 0.83525 0.21833333333333332 0.0725 0.046
4 0.81425 0.20466666666666666 0.0595 0.042666666666666665
5 0.79725 0.19166666666666668 0.0615 0.04066666666666666
5 0.77175 0.168 0.0605 0.037333333333333336
3 0.89125 0.17066666666666666 0.0605 0.034666666666666665
3 0.87575 0.15733333333333333 0.0595 0.036
4 0.85025 0.13566666666666666 0.0645 0.03933333333333333
5 0.81275 0.10833333333333334 0.0485 0.03
4 0.80675 0.1 0.0415 0.02666666666666667
1 0.7525 0.062 0.008 0.017333333333333333
2 0.75025 0.06466666666666666 0.0145 0.013333333333333334
3 0.6385 0.007333333333333333 0.023 0.012
3 0.63975 0.009666666666666667 0.0235 0.011333333333333334
3 0.64075 0.011666666666666667 0.0245 0.011333333333333334
3 0.63975 0.013333333333333334 0.0235 0.012
3 0.70125 0.04733333333333333 0.0155 0.017333333333333333
3 0.715 0.031 0.03 0.019333333333333334
3 0.7525 0.151 0.059 0.027333333333333334
3 0.739 0.13966666666666666 0.05 0.026
3 0.7325 0.13233333333333333 0.051 0.024666666666666667
4 0.72675 0.12166666666666667 0.0525 0.03133333333333333
3 0.7115 0.11266666666666666 0.048 0.02266666666666667
4 0.69825 0.10133333333333333 0.0355 0.028
4 0.70025 0.092 0.0515 0.030666666666666665
3 0.68675 0.08933333333333333 0.0385 0.024
4 0.6775 0.08333333333333333 0.037 0.02666666666666667
3 0.6745 0.077 0.034 0.019333333333333334
4 0.67525 0.07233333333333333 0.0345 0.023333333333333334