9 0.18860294117647058 0.2627450980392157 0.016911764705882352 0.023529411764705882
9 0.20330882352941176 0.24901960784313726 0.016911764705882352 0.022222222222222223
9 0.16139705882352942 0.3130718954248366 0.016911764705882352 0.022222222222222223
9 0.15845588235294117 0.2973856209150327 0.021323529411764706 0.0196078431372549
0 0.20551470588235293 0.30392156862745096 0.006617647058823529 0.03529411764705882
3 0.3290441176470588 0.17058823529411765 0.03161764705882353 0.02483660130718954
3 0.3125 0.19019607843137254 0.03235294117647059 0.027450980392156862
3 0.2963235294117647 0.2568627450980392 0.025 0.03529411764705882
3 0.28345588235294117 0.2849673202614379 0.030147058823529412 0.036601307189542485
3 0.2625 0.3196078431372549 0.029411764705882353 0.040522875816993466
3 0.23455882352941176 0.27647058823529413 0.029411764705882353 0.0457516339869281
3 0.19375 0.4143790849673203 0.04191176470588235 0.054901960784313725
3 0.1463235294117647 0.5091503267973856 0.04411764705882353 0.08235294117647059
3 0.35110294117647056 0.3431372549019608 0.03308823529411765 0.05620915032679739
3 0.3069852941176471 0.5006535947712418 0.05367647058823529 0.08366013071895424
3 0.36875 0.30718954248366015 0.027205882352941177 0.05228758169934641
3 0.375 0.27058823529411763 0.022058823529411766 0.0392156862745098
3 0.38419117647058826 0.2411764705882353 0.022794117647058822 0.03529411764705882
3 0.39338235294117646 0.21176470588235294 0.01911764705882353 0.03137254901960784
3 0.3977941176470588 0.1954248366013072 0.01911764705882353 0.03529411764705882
3 0.40955882352941175 0.16993464052287582 0.016176470588235296 0.023529411764705882
3 0.41213235294117645 0.1568627450980392 0.013970588235294118 0.023529411764705882
3 0.41654411764705884 0.1477124183006536 0.015441176470588236 0.02091503267973856
3 0.41948529411764707 0.1300653594771242 0.011029411764705883 0.022222222222222223
3 0.42720588235294116 0.10915032679738562 0.011764705882352941 0.0196078431372549
3 0.4297794117647059 0.10392156862745099 0.011029411764705883 0.0196078431372549
3 0.43529411764705883 0.06797385620915032 0.01911764705882353 0.01568627450980392
3 0.4647058823529412 0.08823529411764706 0.008823529411764706 0.01699346405228758
3 0.45955882352941174 0.09803921568627451 0.011764705882352941 0.02091503267973856
3 0.4650735294117647 0.11960784313725491 0.013970588235294118 0.022222222222222223
3 0.4948529411764706 0.2326797385620915 0.01911764705882353 0.03398692810457516
3 0.5011029411764706 0.20522875816993463 0.01838235294117647 0.02875816993464052
3 0.46691176470588236 0.041176470588235294 0.007352941176470588 0.011764705882352941
3 0.4702205882352941 0.022222222222222223 0.005147058823529412 0.01045751633986928
3 0.45845588235294116 0.015032679738562092 0.006617647058823529 0.009150326797385621
3 0.4511029411764706 0.03398692810457516 0.008088235294117648 0.01045751633986928
3 0.3915441176470588 0.3352941176470588 0.027205882352941177 0.0457516339869281
3 0.3698529411764706 0.41045751633986927 0.033823529411764704 0.06013071895424837
3 0.4102941176470588 0.4339869281045752 0.033823529411764704 0.07058823529411765
3 0.40698529411764706 0.4993464052287582 0.03602941176470588 0.07581699346405228
3 0.04375 0.7098039215686275 0.08455882352941177 0.13333333333333333
3 0.3408088235294118 0.5313725490196078 0.04191176470588235 0.08235294117647059
3 0.38786764705882354 0.6124183006535948 0.04632352941176471 0.10588235294117647
3 0.30330882352941174 0.6470588235294118 0.05514705882352941 0.10980392156862745
3 0.3533088235294118 0.7581699346405228 0.05514705882352941 0.1437908496732026
3 0.26433823529411765 0.7849673202614379 0.06985294117647059 0.1450980392156863
3 0.1625 0.9084967320261438 0.09558823529411764 0.1830065359477124
4 0.18639705882352942 0.3535947712418301 0.04926470588235294 0.058823529411764705
0 0.30514705882352944 0.3084967320261438 0.007352941176470588 0.036601307189542485
0 0.29669117647058824 0.3032679738562091 0.009558823529411765 0.036601307189542485
0 0.28345588235294117 0.361437908496732 0.011029411764705883 0.043137254901960784
0 0.27536764705882355 0.338562091503268 0.008088235294117648 0.0392156862745098
2 0.2867647058823529 0.3673202614379085 0.0058823529411764705 0.03137254901960784
3 0.41654411764705884 0.19477124183006536 0.005147058823529412 0.02875816993464052
3 0.4091911764705882 0.1934640522875817 0.005147058823529412 0.026143790849673203
1 0.4102941176470588 0.24901960784313726 0.007352941176470588 0.027450980392156862
9 0.4102941176470588 0.2542483660130719 0.0058823529411764705 0.022222222222222223
9 0.43713235294117647 0.13071895424836602 0.005147058823529412 0.01045751633986928
9 0.4338235294117647 0.1261437908496732 0.004411764705882353 0.011764705882352941
9 0.4441176470588235 0.09281045751633987 0.004411764705882353 0.01045751633986928
9 0.45 0.05947712418300653 0.0029411764705882353 0.009150326797385621
9 0.4547794117647059 0.0457516339869281 0.0022058823529411764 0.00522875816993464
9 0.4514705882352941 0.041176470588235294 0.0029411764705882353 0.006535947712418301
3 0.44669117647058826 0.05163398692810457 0.006617647058823529 0.011764705882352941
1 0.4363970588235294 0.12549019607843137 0.003676470588235294 0.013071895424836602
1 0.43419117647058825 0.12156862745098039 0.003676470588235294 0.013071895424836602
1 0.4441176470588235 0.08888888888888889 0.004411764705882353 0.01045751633986928
1 0.45036764705882354 0.056862745098039215 0.003676470588235294 0.009150326797385621
1 0.4547794117647059 0.04379084967320261 0.003676470588235294 0.006535947712418301
1 0.45183823529411765 0.038562091503267976 0.003676470588235294 0.006535947712418301
3 0.5647058823529412 0.1130718954248366 0.008823529411764706 0.0196078431372549
3 0.5536764705882353 0.07908496732026143 0.0058823529411764705 0.011764705882352941
3 0.5334558823529412 0.22156862745098038 0.016911764705882352 0.030065359477124184
3 0.5393382352941176 0.30915032679738563 0.021323529411764706 0.0457516339869281
3 0.5522058823529412 0.4045751633986928 0.029411764705882353 0.050980392156862744
3 0.6716911764705882 0.3954248366013072 0.04044117647058824 0.0718954248366013
3 0.6529411764705882 0.2647058823529412 0.03529411764705882 0.032679738562091505
3 0.7602941176470588 0.6228758169934641 0.054411764705882354 0.09542483660130718
3 0.9536764705882353 0.7967320261437908 0.09264705882352942 0.09803921568627451
0 0.9419117647058823 0.6124183006535948 0.016176470588235296 0.06143790849673202
0 0.9088235294117647 0.6019607843137255 0.022058823529411766 0.058823529411764705
0 0.7786764705882353 0.40588235294117647 0.010294117647058823 0.048366013071895426
0 0.6952205882352941 0.39215686274509803 0.009558823529411765 0.044444444444444446
9 0.8691176470588236 0.5496732026143791 0.030882352941176472 0.03529411764705882
9 0.8580882352941176 0.5366013071895425 0.025 0.03790849673202614
9 0.8283088235294118 0.45359477124183006 0.013970588235294118 0.036601307189542485
9 0.8036764705882353 0.42745098039215684 0.010294117647058823 0.036601307189542485
0 0.5963235294117647 0.20261437908496732 0.004411764705882353 0.023529411764705882
9 0.7084558823529412 0.2758169934640523 0.016911764705882352 0.02091503267973856
9 0.7297794117647058 0.3058823529411765 0.0125 0.03137254901960784
9 0.7172794117647059 0.29477124183006537 0.01838235294117647 0.022222222222222223
9 0.5992647058823529 0.18758169934640523 0.004411764705882353 0.011764705882352941
1 0.5992647058823529 0.1803921568627451 0.004411764705882353 0.013071895424836602
9 0.5897058823529412 0.1843137254901961 0.0058823529411764705 0.01568627450980392
1 0.5897058823529412 0.17647058823529413 0.004411764705882353 0.018300653594771243