3 0.37265135699373697 0.27968460111317256 0.0511482254697286 0.04359925788497217
3 0.6633611691022965 0.15398886827458255 0.04384133611691023 0.04267161410018553
3 0.7760960334029228 0.18877551020408162 0.04697286012526096 0.036178107606679034
3 0.29436325678496866 0.30612244897959184 0.05219206680584551 0.04638218923933209
3 0.2528705636743215 0.23747680890538034 0.049582463465553235 0.04267161410018553
3 0.08402922755741127 0.18181818181818182 0.049060542797494784 0.04081632653061224
3 0.1798016701461378 0.21335807050092764 0.049582463465553235 0.05009276437847866
5 0.18815240083507306 0.24907235621521337 0.13308977035490605 0.10482374768089053
5 0.055845511482254695 0.19619666048237477 0.11169102296450939 0.11595547309833024
3 0.8280271398747391 0.20037105751391465 0.048538622129436326 0.04267161410018553
8 0.9585073068893528 0.3515769944341373 0.08194154488517745 0.08348794063079777
0 0.35151356993736954 0.563543599257885 0.007828810020876827 0.023191094619666047
0 0.37082463465553234 0.537569573283859 0.006784968684759917 0.02504638218923933
1 0.36769311064718163 0.512987012987013 0.008872651356993737 0.02040816326530612
9 0.3705636743215031 0.5162337662337663 0.016701461377870562 0.013914656771799629
0 0.6393528183716075 0.6386827458256029 0.010438413361169102 0.023191094619666047
0 0.6372651356993737 0.6298701298701299 0.009394572025052192 0.02411873840445269
1 0.6427453027139874 0.6043599257884972 0.009916492693110648 0.021335807050092765
1 0.6829331941544885 0.5867346938775511 0.009916492693110648 0.01948051948051948
9 0.6432672233820459 0.6071428571428571 0.01826722338204593 0.013914656771799629
9 0.6831941544885177 0.5890538033395176 0.019832985386221295 0.016697588126159554
9 0.8697807933194155 0.3970315398886827 0.007828810020876827 0.029684601113172542
9 0.9418058455114823 0.2782931354359926 0.02244258872651357 0.01855287569573284
9 0.9050104384133612 0.28014842300556586 0.018789144050104383 0.016697588126159554
9 0.8851774530271399 0.2602040816326531 0.019832985386221295 0.017625231910946195
9 0.8397703549060542 0.25742115027829315 0.018789144050104383 0.015769944341372914
1 0.9454592901878914 0.2750463821892393 0.009916492693110648 0.01948051948051948
1 0.9081419624217119 0.27736549165120594 0.010438413361169102 0.02040816326530612
1 0.8883089770354906 0.25788497217068646 0.010438413361169102 0.01855287569573284
1 0.8421189979123174 0.2527829313543599 0.009916492693110648 0.017625231910946195
1 0.8713465553235908 0.39007421150278293 0.006784968684759917 0.021335807050092765
1 0.7857515657620042 0.22448979591836735 0.007828810020876827 0.022263450834879406
6 0.787839248434238 0.23144712430426717 0.02870563674321503 0.023191094619666047
9 0.6354384133611691 0.17717996289424862 0.015135699373695199 0.01855287569573284
1 0.6380480167014614 0.1725417439703154 0.006784968684759917 0.02040816326530612
1 0.6362212943632568 0.17207792207792208 0.006263048016701462 0.01020408163265306
0 0.41049060542797494 0.09554730983302412 0.006784968684759917 0.025974025974025976
0 0.4167536534446764 0.09322820037105752 0.005741127348643006 0.023191094619666047