3 0.42464285714285716 0.9524111675126904 0.023571428571428573 0.07487309644670051
3 0.43642857142857144 0.807741116751269 0.022857142857142857 0.06472081218274112
3 0.4185714285714286 0.6598984771573604 0.02142857142857143 0.05583756345177665
5 0.38857142857142857 0.6725888324873096 0.02142857142857143 0.0583756345177665
3 0.39464285714285713 0.5621827411167513 0.017857142857142856 0.04568527918781726
3 0.5546428571428571 0.559010152284264 0.025 0.046954314720812185
5 0.47964285714285715 0.3604060913705584 0.020714285714285713 0.048223350253807105
5 0.3067857142857143 0.07296954314720812 0.013571428571428571 0.03934010152284264
3 0.3196428571428571 0.030456852791878174 0.010714285714285714 0.017766497461928935
4 0.3267857142857143 0.10723350253807107 0.010714285714285714 0.024111675126903553
3 0.29928571428571427 0.03934010152284264 0.008571428571428572 0.017766497461928935
0 0.27964285714285714 0.07677664974619289 0.0035714285714285713 0.01649746192893401
0 0.9192857142857143 0.6871827411167513 0.01 0.024111675126903553
0 0.91 0.7074873096446701 0.007142857142857143 0.024111675126903553
0 0.9903571428571428 0.6408629441624365 0.010714285714285714 0.025380710659898477