3 0.9231617647058824 0.9464052287581699 0.08602941176470588 0.10718954248366012
3 0.8183823529411764 0.5973856209150327 0.051470588235294115 0.0784313725490196
4 0.7580882352941176 0.5673202614379085 0.054411764705882354 0.09673202614379085
8 0.7602941176470588 0.4326797385620915 0.0838235294117647 0.15947712418300652
6 0.6871323529411765 0.3366013071895425 0.04338235294117647 0.06928104575163399
3 0.6672794117647058 0.2751633986928105 0.027205882352941177 0.040522875816993466
3 0.7496323529411765 0.27450980392156865 0.03602941176470588 0.02875816993464052
3 0.8779411764705882 0.2496732026143791 0.039705882352941174 0.03398692810457516
3 0.5503676470588236 0.2 0.016911764705882352 0.03137254901960784
6 0.5389705882352941 0.09477124183006536 0.013235294117647059 0.027450980392156862
4 0.5569852941176471 0.06405228758169934 0.008088235294117648 0.01568627450980392
3 0.49669117647058825 0.08758169934640522 0.011029411764705883 0.018300653594771243
3 0.4915441176470588 0.11241830065359477 0.0125 0.023529411764705882
3 0.4863970588235294 0.060784313725490195 0.008088235294117648 0.01699346405228758
3 0.49375 0.01895424836601307 0.011029411764705883 0.011764705882352941
3 0.46948529411764706 0.01699346405228758 0.008088235294117648 0.01045751633986928
5 0.5150735294117647 0.01699346405228758 0.0125 0.023529411764705882
3 0.4959558823529412 0.006535947712418301 0.005147058823529412 0.00784313725490196
3 0.4099264705882353 0.14836601307189543 0.027205882352941177 0.0196078431372549
5 0.33897058823529413 0.16797385620915034 0.06323529411764706 0.040522875816993466
3 0.13198529411764706 0.1411764705882353 0.03161764705882353 0.02091503267973856
3 0.07720588235294118 0.13986928104575164 0.03529411764705882 0.023529411764705882
5 0.02426470588235294 0.13333333333333333 0.04411764705882353 0.03398692810457516
3 0.08161764705882353 0.265359477124183 0.026470588235294117 0.02875816993464052
3 0.20073529411764707 0.1588235294117647 0.030882352941176472 0.02483660130718954
0 0.8183823529411764 0.45555555555555555 0.010294117647058823 0.03529411764705882
2 0.8183823529411764 0.46339869281045754 0.010294117647058823 0.032679738562091505
0 0.805514705882353 0.45359477124183006 0.006617647058823529 0.03398692810457516
2 0.8029411764705883 0.46405228758169936 0.010294117647058823 0.03398692810457516
5 0.8408088235294118 0.16470588235294117 0.08161764705882353 0.05751633986928104
4 0.8926470588235295 0.12810457516339868 0.025 0.02091503267973856
3 0.8764705882352941 0.12091503267973856 0.023529411764705882 0.01699346405228758
3 0.868014705882353 0.11699346405228758 0.022794117647058822 0.01437908496732026
3 0.8591911764705882 0.11176470588235295 0.021323529411764706 0.01437908496732026
3 0.8529411764705882 0.1084967320261438 0.023529411764705882 0.018300653594771243
3 0.8419117647058824 0.09738562091503268 0.022058823529411766 0.0196078431372549
3 0.8915441176470589 0.10915032679738562 0.019852941176470587 0.011764705882352941
3 0.8834558823529411 0.1065359477124183 0.021323529411764706 0.011764705882352941
3 0.8661764705882353 0.09607843137254903 0.026470588235294117 0.01437908496732026
4 0.8580882352941176 0.08888888888888889 0.022058823529411766 0.013071895424836602
4 0.8496323529411764 0.08562091503267974 0.022794117647058822 0.01437908496732026
3 0.8102941176470588 0.03986928104575163 0.020588235294117647 0.011764705882352941
4 0.8216911764705882 0.044444444444444446 0.016911764705882352 0.013071895424836602
3 0.8444852941176471 0.052941176470588235 0.019852941176470587 0.01437908496732026
4 0.8393382352941177 0.050980392156862744 0.01838235294117647 0.013071895424836602
4 0.8334558823529412 0.049019607843137254 0.01838235294117647 0.011764705882352941
3 0.8647058823529412 0.060784313725490195 0.020588235294117647 0.011764705882352941
3 0.8716911764705882 0.06339869281045751 0.025735294117647058 0.011764705882352941
4 0.8786764705882353 0.06666666666666667 0.01911764705882353 0.01568627450980392
3 0.8816176470588235 0.0738562091503268 0.020588235294117647 0.01437908496732026
3 0.8900735294117647 0.07647058823529412 0.019852941176470587 0.01437908496732026
4 0.9014705882352941 0.17777777777777778 0.03529411764705882 0.026143790849673203
3 0.9860294117647059 0.19215686274509805 0.027941176470588237 0.02091503267973856
3 0.975735294117647 0.18562091503267975 0.033823529411764704 0.018300653594771243
3 0.9639705882352941 0.17320261437908496 0.033823529411764704 0.0196078431372549
3 0.950735294117647 0.16405228758169935 0.033823529411764704 0.0196078431372549
3 0.9110294117647059 0.13725490196078433 0.030882352941176472 0.018300653594771243
3 0.9235294117647059 0.1450980392156863 0.030882352941176472 0.018300653594771243
3 0.9272058823529412 0.1287581699346405 0.029411764705882353 0.01437908496732026
3 0.9397058823529412 0.13660130718954247 0.029411764705882353 0.01437908496732026
3 0.9183823529411764 0.12483660130718954 0.029411764705882353 0.01437908496732026
3 0.899264705882353 0.11960784313725491 0.029411764705882353 0.01437908496732026
3 0.9742647058823529 0.1111111111111111 0.029411764705882353 0.01568627450980392
3 0.9625 0.1065359477124183 0.029411764705882353 0.0196078431372549
3 0.95 0.10065359477124183 0.029411764705882353 0.01568627450980392
3 0.9904411764705883 0.12352941176470589 0.01911764705882353 0.01699346405228758
3 0.9011029411764706 0.0803921568627451 0.027205882352941177 0.01437908496732026
9 0.9275735294117647 0.09019607843137255 0.009558823529411765 0.00784313725490196