3 0.936 0.22533333333333333 0.021 0.025333333333333333
3 0.90225 0.249 0.0215 0.028666666666666667
3 0.88725 0.25366666666666665 0.0255 0.03266666666666666
0 0.8925 0.266 0.009 0.028
0 0.918 0.2896666666666667 0.01 0.034
1 0.908 0.2663333333333333 0.009 0.020666666666666667
1 0.87675 0.2826666666666667 0.0095 0.02
1 0.88025 0.2783333333333333 0.0095 0.022
6 0.9045 0.2773333333333333 0.015 0.02666666666666667
9 0.8765 0.2866666666666667 0.013 0.021333333333333333
1 0.88925 0.305 0.0135 0.024666666666666667
0 0.93625 0.2806666666666667 0.0115 0.029333333333333333
5 0.947 0.2926666666666667 0.034 0.06666666666666667
4 0.8265 0.265 0.063 0.04066666666666666
4 0.82575 0.289 0.0295 0.043333333333333335
4 0.7525 0.3396666666666667 0.044 0.05266666666666667
5 0.88525 0.47433333333333333 0.1495 0.08866666666666667
5 0.5155 0.479 0.123 0.09133333333333334
0 0.52325 0.5256666666666666 0.0225 0.06466666666666666
0 0.53175 0.523 0.0105 0.038
0 0.59325 0.46066666666666667 0.0145 0.06533333333333333
1 0.37825 0.7143333333333334 0.0365 0.08066666666666666
1 0.18675 0.6376666666666667 0.0335 0.06866666666666667
1 0.1255 0.613 0.031 0.06066666666666667
9 0.38175 0.7403333333333333 0.0605 0.059333333333333335
3 0.4725 0.8806666666666667 0.242 0.23866666666666667
1 0.5285 0.647 0.019 0.07266666666666667
0 0.58025 0.6326666666666667 0.0225 0.08266666666666667
0 0.5695 0.667 0.03 0.08466666666666667
0 0.6475 0.6083333333333333 0.02 0.08866666666666667
0 0.6675 0.615 0.019 0.08466666666666667
2 0.5305 0.6796666666666666 0.056 0.06733333333333333
1 0.765 0.6316666666666667 0.031 0.056666666666666664
1 0.7785 0.41 0.02 0.044
1 0.8055 0.43866666666666665 0.019 0.04666666666666667
1 0.793 0.458 0.019 0.048
3 0.909 0.6563333333333333 0.12 0.13933333333333334
0 0.80425 0.7516666666666667 0.0245 0.08733333333333333
0 0.82425 0.767 0.0295 0.11266666666666666
9 0.9155 0.8036666666666666 0.09 0.074
4 0.965 0.37633333333333335 0.07 0.066