0 0.3917857142857143 0.020939086294416244 0.002142857142857143 0.01649746192893401
4 0.4203571428571429 0.006979695431472081 0.007857142857142858 0.013959390862944163
4 0.43107142857142855 0.006345177664974619 0.007857142857142858 0.012690355329949238
3 0.43607142857142855 0.013959390862944163 0.007857142857142858 0.012690355329949238
3 0.42928571428571427 0.015228426395939087 0.007142857142857143 0.012690355329949238
0 0.4232142857142857 0.02284263959390863 0.002142857142857143 0.007614213197969543
0 0.4575 0.021573604060913704 0.002142857142857143 0.012690355329949238
3 0.41714285714285715 0.07804568527918782 0.008571428571428572 0.013959390862944163
3 0.42714285714285716 0.07487309644670051 0.01 0.012690355329949238
3 0.4421428571428571 0.07360406091370558 0.01 0.012690355329949238
3 0.495 0.05520304568527919 0.014285714285714285 0.011421319796954314
8 0.5267857142857143 0.04631979695431472 0.035 0.021573604060913704
4 0.4810714285714286 0.06408629441624365 0.009285714285714286 0.01903553299492386
8 0.49892857142857144 0.08629441624365482 0.023571428571428573 0.04060913705583756
0 0.42428571428571427 0.1313451776649746 0.002857142857142857 0.011421319796954314
0 0.42892857142857144 0.14022842639593908 0.0035714285714285713 0.01649746192893401
0 0.4342857142857143 0.17449238578680204 0.002857142857142857 0.011421319796954314
0 0.4357142857142857 0.19035532994923857 0.002857142857142857 0.012690355329949238
3 0.45785714285714285 0.17956852791878172 0.01 0.01903553299492386
0 0.5639285714285714 0.17385786802030456 0.0035714285714285713 0.015228426395939087
0 0.5703571428571429 0.1802030456852792 0.0035714285714285713 0.012690355329949238
0 0.5728571428571428 0.17893401015228427 0.004285714285714286 0.012690355329949238
0 0.5775 0.17956852791878172 0.0035714285714285713 0.011421319796954314
5 0.6 0.30774111675126903 0.022857142857142857 0.05203045685279188
5 0.6153571428571428 0.35913705583756345 0.020714285714285713 0.050761421319796954
3 0.6314285714285715 0.4029187817258883 0.03142857142857143 0.03426395939086294
3 0.6532142857142857 0.4879441624365482 0.023571428571428573 0.03680203045685279
4 0.6707142857142857 0.5355329949238579 0.018571428571428572 0.050761421319796954
4 0.6775 0.5970812182741116 0.017857142857142856 0.05964467005076142
4 0.6746428571428571 0.6763959390862944 0.017857142857142856 0.05583756345177665
4 0.6717857142857143 0.7436548223350253 0.019285714285714285 0.06091370558375635
0 0.7010714285714286 0.7195431472081218 0.005 0.025380710659898477
0 0.7071428571428572 0.8991116751269036 0.007142857142857143 0.0266497461928934
0 0.44 0.8483502538071066 0.005714285714285714 0.0266497461928934
0 0.43857142857142856 0.8039340101522843 0.004285714285714286 0.031725888324873094
0 0.42642857142857143 0.7392131979695431 0.005714285714285714 0.0266497461928934
0 0.45071428571428573 0.6579949238578681 0.005714285714285714 0.021573604060913704
0 0.4664285714285714 0.6548223350253807 0.004285714285714286 0.02284263959390863
1 0.45071428571428573 0.641497461928934 0.004285714285714286 0.01903553299492386
0 0.45 0.6376903553299492 0.004285714285714286 0.021573604060913704
0 0.45571428571428574 0.6053299492385786 0.004285714285714286 0.02030456852791878
0 0.46035714285714285 0.6027918781725888 0.0035714285714285713 0.02030456852791878
8 0.5317857142857143 0.6611675126903553 0.019285714285714285 0.08375634517766498
3 0.5171428571428571 0.8477157360406091 0.02142857142857143 0.06598984771573604
8 0.4739285714285714 0.9657360406091371 0.03785714285714286 0.06598984771573604
0 0.4539285714285714 0.46573604060913704 0.0035714285714285713 0.02284263959390863
3 0.48428571428571426 0.2956852791878173 0.011428571428571429 0.025380710659898477
3 0.017857142857142856 0.9600253807106599 0.03571428571428571 0.07741116751269035
4 0.04964285714285714 0.942258883248731 0.04071428571428572 0.10786802030456853
3 0.08464285714285714 0.9460659898477157 0.03214285714285714 0.08756345177664974
4 0.12214285714285714 0.9314720812182741 0.03571428571428571 0.09390862944162437
3 0.01 0.8857868020304569 0.02 0.07868020304568528
3 0.03464285714285714 0.875 0.03785714285714286 0.0799492385786802
3 0.06928571428571428 0.8616751269035533 0.03571428571428571 0.07868020304568528
3 0.09964285714285714 0.8597715736040609 0.030714285714285715 0.06725888324873096
3 0.1332142857142857 0.8515228426395939 0.03214285714285714 0.08121827411167512
3 0.16071428571428573 0.8604060913705583 0.03 0.07360406091370558
3 0.009642857142857142 0.7480964467005076 0.019285714285714285 0.08248730964467005
3 0.05964285714285714 0.7258883248730964 0.027857142857142858 0.07106598984771574
9 0.07571428571428572 0.7398477157360406 0.014285714285714285 0.04060913705583756
9 0.09 0.7373096446700508 0.012857142857142857 0.03807106598984772
9 0.19678571428571429 0.7081218274111675 0.012142857142857143 0.03807106598984772
9 0.20892857142857144 0.7036802030456852 0.010714285714285714 0.03680203045685279
9 0.21928571428571428 0.7036802030456852 0.011428571428571429 0.03426395939086294
9 0.2282142857142857 0.6986040609137056 0.009285714285714286 0.044416243654822336
9 0.2392857142857143 0.684010152284264 0.011428571428571429 0.03553299492385787
9 0.24928571428571428 0.6364213197969543 0.022857142857142857 0.024111675126903553
9 0.25214285714285717 0.6161167512690355 0.024285714285714285 0.024111675126903553
9 0.25142857142857145 0.6065989847715736 0.02142857142857143 0.025380710659898477
9 0.24964285714285714 0.5862944162436549 0.025 0.02030456852791878
4 0.13214285714285715 0.7468274111675127 0.07 0.07233502538071065
3 0.2507142857142857 0.35406091370558374 0.015714285714285715 0.03553299492385787
4 0.2710714285714286 0.3483502538071066 0.016428571428571428 0.04187817258883249
3 0.26821428571428574 0.475253807106599 0.03357142857142857 0.0266497461928934
9 0.27464285714285713 0.4593908629441624 0.017857142857142856 0.017766497461928935
9 0.2732142857142857 0.45050761421319796 0.019285714285714285 0.02284263959390863
9 0.29464285714285715 0.37246192893401014 0.0064285714285714285 0.021573604060913704
9 0.30142857142857143 0.3699238578680203 0.007142857142857143 0.024111675126903553
9 0.3382142857142857 0.3616751269035533 0.015 0.015228426395939087
9 0.35 0.37055837563451777 0.015714285714285715 0.015228426395939087
4 0.3339285714285714 0.38451776649746194 0.03357142857142857 0.030456852791878174
4 0.3382142857142857 0.39784263959390864 0.03357142857142857 0.031725888324873094
3 0.3375 0.4143401015228426 0.030714285714285715 0.0266497461928934
0 0.3464285714285714 0.4232233502538071 0.004285714285714286 0.021573604060913704
3 0.3289285714285714 0.44543147208121825 0.016428571428571428 0.03299492385786802
3 0.30357142857142855 0.5634517766497462 0.024285714285714285 0.048223350253807105
4 0.3342857142857143 0.4796954314720812 0.02 0.03299492385786802
1 0.24964285714285714 0.23540609137055837 0.0035714285714285713 0.013959390862944163
0 0.25785714285714284 0.27347715736040606 0.002857142857142857 0.011421319796954314
1 0.26107142857142857 0.23604060913705585 0.0035714285714285713 0.015228426395939087
0 0.3032142857142857 0.2620558375634518 0.0035714285714285713 0.013959390862944163
0 0.3314285714285714 0.25444162436548223 0.002857142857142857 0.013959390862944163
0 0.33214285714285713 0.24936548223350255 0.004285714285714286 0.013959390862944163
1 0.32535714285714284 0.24936548223350255 0.0035714285714285713 0.006345177664974619
1 0.3375 0.21129441624365483 0.0035714285714285713 0.011421319796954314
1 0.33964285714285714 0.21065989847715735 0.0035714285714285713 0.012690355329949238
0 0.3682142857142857 0.10025380710659898 0.002142857142857143 0.012690355329949238
0 0.33321428571428574 0.11357868020304568 0.0035714285714285713 0.011421319796954314
0 0.3925 0.0532994923857868 0.002142857142857143 0.007614213197969543