3 0.016785714285714286 0.26078680203045684 0.02642857142857143 0.02918781725888325
3 0.07964285714285714 0.29251269035532995 0.030714285714285715 0.03680203045685279
4 0.021785714285714287 0.2969543147208122 0.035 0.048223350253807105
8 0.09035714285714286 0.3762690355329949 0.04642857142857143 0.05710659898477157
0 0.16464285714285715 0.30710659898477155 0.005 0.012690355329949238
4 0.23857142857142857 0.48350253807106597 0.03 0.03807106598984772
3 0.25535714285714284 0.5653553299492385 0.03357142857142857 0.046954314720812185
5 0.015 0.5025380710659898 0.027142857142857142 0.03807106598984772
3 0.40035714285714286 0.6529187817258884 0.03357142857142857 0.044416243654822336
0 0.42142857142857143 0.09073604060913705 0.004285714285714286 0.011421319796954314
0 0.41964285714285715 0.10088832487309644 0.0035714285714285713 0.013959390862944163
0 0.5460714285714285 0.07614213197969544 0.0035714285714285713 0.015228426395939087
0 0.5428571428571428 0.0850253807106599 0.002857142857142857 0.01015228426395939
3 0.5207142857142857 0.22144670050761422 0.024285714285714285 0.031725888324873094
0 0.5592857142857143 0.010786802030456852 0.002857142857142857 0.013959390862944163
3 0.6721428571428572 0.03616751269035533 0.02 0.0266497461928934
3 0.6089285714285714 0.1916243654822335 0.020714285714285713 0.03299492385786802
0 0.6185714285714285 0.342005076142132 0.005714285714285714 0.011421319796954314
0 0.5875 0.39720812182741116 0.0064285714285714285 0.012690355329949238
0 0.6071428571428571 0.37055837563451777 0.004285714285714286 0.017766497461928935
0 0.6282142857142857 0.3604060913705584 0.0035714285714285713 0.015228426395939087
0 0.6242857142857143 0.5571065989847716 0.005714285714285714 0.015228426395939087
0 0.6335714285714286 0.5710659898477157 0.004285714285714286 0.017766497461928935
0 0.6 0.4847715736040609 0.004285714285714286 0.012690355329949238
0 0.6375 0.567258883248731 0.005 0.015228426395939087
0 0.6039285714285715 0.4815989847715736 0.0035714285714285713 0.011421319796954314
3 0.6028571428571429 0.8616751269035533 0.037142857142857144 0.048223350253807105
3 0.5792857142857143 0.8026649746192893 0.03571428571428571 0.046954314720812185
3 0.5628571428571428 0.7144670050761421 0.03 0.03807106598984772
4 0.6996428571428571 0.8521573604060914 0.017857142857142856 0.06472081218274112
0 0.6139285714285714 0.5266497461928934 0.005 0.015228426395939087
3 0.7257142857142858 0.47779187817258884 0.011428571428571429 0.044416243654822336
3 0.7157142857142857 0.2823604060913706 0.012857142857142857 0.03680203045685279
0 0.5764285714285714 0.008883248730964468 0.002857142857142857 0.015228426395939087
0 0.585 0.008883248730964468 0.002857142857142857 0.012690355329949238
0 0.5664285714285714 0.006979695431472081 0.002857142857142857 0.013959390862944163
0 0.5878571428571429 0.005710659898477157 0.004285714285714286 0.011421319796954314
3 0.8992857142857142 0.06281725888324872 0.014285714285714285 0.031725888324873094
3 0.8432142857142857 0.3032994923857868 0.012142857142857143 0.03807106598984772
0 0.9425 0.48413705583756345 0.0064285714285714285 0.011421319796954314
0 0.9385714285714286 0.47906091370558374 0.01 0.013959390862944163
3 0.8435714285714285 0.5621827411167513 0.015714285714285715 0.048223350253807105
3 0.8414285714285714 0.5038071065989848 0.014285714285714285 0.048223350253807105
3 0.8385714285714285 0.6313451776649747 0.018571428571428572 0.05710659898477157
4 0.8632142857142857 0.5513959390862944 0.013571428571428571 0.04949238578680203
5 0.8642857142857143 0.6383248730964467 0.03 0.10152284263959391
0 0.8539285714285715 0.7696700507614214 0.005 0.013959390862944163
0 0.8496428571428571 0.7703045685279187 0.005 0.007614213197969543
0 0.9246428571428571 0.6598984771573604 0.0064285714285714285 0.015228426395939087
0 0.9232142857142858 0.675761421319797 0.005 0.011421319796954314
0 0.9317857142857143 0.3870558375634518 0.0035714285714285713 0.015228426395939087