5 0.04321428571428571 0.9010152284263959 0.08642857142857142 0.19289340101522842
3 0.09857142857142857 0.7607868020304569 0.04428571428571428 0.07233502538071065
3 0.2292857142857143 0.8401015228426396 0.04428571428571428 0.11928934010152284
3 0.25214285714285717 0.7315989847715736 0.03142857142857143 0.09263959390862944
3 0.17857142857142858 0.5469543147208121 0.037142857142857144 0.06345177664974619
0 0.1875 0.4206852791878173 0.005 0.01903553299492386
0 0.19035714285714286 0.41624365482233505 0.0064285714285714285 0.02284263959390863
0 0.19642857142857142 0.4200507614213198 0.005714285714285714 0.017766497461928935
5 0.26142857142857145 0.29949238578680204 0.037142857142857144 0.07106598984771574
3 0.2910714285714286 0.24238578680203046 0.019285714285714285 0.03299492385786802
3 0.3003571428571429 0.2131979695431472 0.019285714285714285 0.030456852791878174
3 0.3092857142857143 0.1884517766497462 0.018571428571428572 0.024111675126903553
4 0.34785714285714286 0.013959390862944163 0.022857142857142857 0.025380710659898477
3 0.3271428571428571 0.01649746192893401 0.02142857142857143 0.02030456852791878
3 0.4742857142857143 0.7144670050761421 0.041428571428571426 0.11928934010152284
3 0.5464285714285714 0.1065989847715736 0.017142857142857144 0.03553299492385787
3 0.6714285714285714 0.07106598984771574 0.02 0.04314720812182741
5 0.7675 0.39784263959390864 0.07071428571428572 0.17893401015228427
0 0.9685714285714285 0.7531725888324873 0.012857142857142857 0.031725888324873094
1 0.9810714285714286 0.7595177664974619 0.010714285714285714 0.031725888324873094
0 0.9942857142857143 0.7741116751269036 0.008571428571428572 0.025380710659898477
0 0.9571428571428572 0.6884517766497462 0.012857142857142857 0.01903553299492386
0 0.8778571428571429 0.48286802030456855 0.008571428571428572 0.02918781725888325
0 0.8914285714285715 0.45241116751269034 0.008571428571428572 0.02918781725888325
0 0.9571428571428572 0.46383248730964466 0.01 0.01649746192893401
0 0.9592857142857143 0.47017766497461927 0.008571428571428572 0.01649746192893401
1 0.8782142857142857 0.40609137055837563 0.005 0.02030456852791878
1 0.8735714285714286 0.40482233502538073 0.007142857142857143 0.030456852791878174
0 0.8939285714285714 0.3883248730964467 0.005 0.02030456852791878
0 0.8875 0.3953045685279188 0.009285714285714286 0.021573604060913704
0 0.8882142857142857 0.38578680203045684 0.005 0.02030456852791878
0 0.8614285714285714 0.315989847715736 0.007142857142857143 0.02030456852791878
1 0.8085714285714286 0.37944162436548223 0.008571428571428572 0.017766497461928935
0 0.7875 0.23477157360406092 0.009285714285714286 0.017766497461928935
0 0.7760714285714285 0.2982233502538071 0.009285714285714286 0.015228426395939087
0 0.7528571428571429 0.06408629441624365 0.004285714285714286 0.01903553299492386
0 0.7560714285714286 0.06345177664974619 0.0035714285714285713 0.017766497461928935
0 0.7803571428571429 0.06218274111675127 0.0035714285714285713 0.017766497461928935
1 0.825 0.37182741116751267 0.008571428571428572 0.015228426395939087