0 0.72825 0.02033333333333333 0.0035 0.018
0 0.72625 0.021 0.0075 0.015333333333333332
3 0.056 0.5823333333333334 0.105 0.066
4 0.11075 0.5113333333333333 0.0865 0.084
3 0.13725 0.4543333333333333 0.0875 0.06733333333333333
4 0.1525 0.394 0.075 0.06
3 0.16725 0.3586666666666667 0.0775 0.050666666666666665
3 0.1845 0.32766666666666666 0.069 0.04466666666666667
3 0.19425 0.2946666666666667 0.0685 0.04133333333333333
3 0.20725 0.26466666666666666 0.0655 0.03866666666666667
3 0.21725 0.234 0.0595 0.03866666666666667
3 0.2245 0.21166666666666667 0.05 0.03266666666666666
3 0.23475 0.19566666666666666 0.0585 0.035333333333333335
3 0.23525 0.18 0.0555 0.030666666666666665
3 0.25275 0.16333333333333333 0.0485 0.028
3 0.24975 0.147 0.0455 0.026
3 0.259 0.13166666666666665 0.043 0.026
3 0.264 0.11466666666666667 0.039 0.024
3 0.265 0.09566666666666666 0.023 0.027333333333333334
3 0.28425 0.06966666666666667 0.0305 0.022
3 0.30375 0.007 0.0155 0.014
3 0.36975 0.018333333333333333 0.0105 0.018
4 0.36975 0.008 0.0255 0.014666666666666666
3 0.36475 0.041 0.0275 0.018
3 0.365 0.051333333333333335 0.028 0.02
3 0.36725 0.06166666666666667 0.0275 0.020666666666666667
3 0.45425 0.938 0.1675 0.12266666666666666
3 0.47575 0.753 0.1325 0.13666666666666666
5 0.4515 0.6223333333333333 0.138 0.13133333333333333
4 0.37975 0.6 0.1075 0.112
3 0.39525 0.5293333333333333 0.1155 0.08266666666666667
3 0.392 0.46266666666666667 0.091 0.07466666666666667
3 0.3585 0.38333333333333336 0.067 0.058666666666666666
3 0.34725 0.337 0.0715 0.058
3 0.293 0.5036666666666667 0.062 0.09933333333333333
3 0.36775 0.22133333333333333 0.0275 0.037333333333333336
3 0.364 0.18 0.042 0.03333333333333333
3 0.36725 0.15433333333333332 0.0455 0.03
3 0.367 0.12366666666666666 0.041 0.027333333333333334
3 0.366 0.07933333333333334 0.016 0.02266666666666667