3 0.3930062630480167 0.827922077922078 0.05323590814196242 0.06957328385899815
5 0.33089770354906056 0.75139146567718 0.05219206680584551 0.07606679035250463
5 0.2450417536534447 0.6428571428571429 0.061064718162839246 0.07235621521335807
5 0.3322025052192067 0.5974025974025974 0.11847599164926931 0.14656771799628943
3 0.9493736951983298 0.9554730983302412 0.03653444676409186 0.08719851576994433
0 0.9778183716075156 0.8636363636363636 0.015135699373695199 0.03153988868274583
1 0.9639874739039666 0.898886827458256 0.015657620041753653 0.029684601113172542
3 0.8363778705636743 0.8548237476808905 0.04540709812108559 0.08441558441558442
4 0.6745824634655533 0.762987012987013 0.03288100208768267 0.06586270871985157
6 0.7625260960334029 0.45269016697588127 0.021920668058455117 0.029684601113172542
9 0.7758350730688935 0.42115027829313545 0.013048016701461378 0.02040816326530612
5 0.7335594989561587 0.39888682745825604 0.07150313152400835 0.061224489795918366
5 0.8139352818371608 0.1767161410018553 0.019311064718162838 0.06957328385899815
0 0.8087160751565762 0.20500927643784786 0.005741127348643006 0.016697588126159554
5 0.8731732776617954 0.12384044526901669 0.017745302713987474 0.05658627087198516
5 0.9783402922755741 0.137291280148423 0.042275574112734866 0.061224489795918366
5 0.9478079331941545 0.08487940630797773 0.016701461377870562 0.039888682745825604
0 0.9136221294363257 0.09461966604823747 0.005741127348643006 0.012987012987012988
0 0.9175365344467641 0.09601113172541743 0.005219206680584551 0.012059369202226345
5 0.8932672233820459 0.08070500927643785 0.02139874739039666 0.04638218923933209
3 0.6122129436325678 0.6688311688311688 0.03966597077244259 0.06307977736549165
3 0.583768267223382 0.7402597402597403 0.031837160751565764 0.0686456400742115
9 0.541231732776618 0.6961966604823747 0.014613778705636743 0.0287569573283859
6 0.5420146137787056 0.6349721706864564 0.03288100208768267 0.039888682745825604
3 0.4877348643006263 0.62291280148423 0.03288100208768267 0.05473098330241188
9 0.49399791231732776 0.5575139146567718 0.013048016701461378 0.01855287569573284
7 0.4410229645093946 0.6145640074211502 0.026096033402922755 0.05102040816326531
3 0.47390396659707723 0.5769944341372912 0.03653444676409186 0.04638218923933209
0 0.44467640918580376 0.5598330241187384 0.008350730688935281 0.0287569573283859
6 0.45694154488517746 0.5060296846011132 0.02139874739039666 0.036178107606679034
0 0.4308455114822547 0.5092764378478665 0.006784968684759917 0.02411873840445269
0 0.45224425887265135 0.48283858998144713 0.006784968684759917 0.023191094619666047
3 0.39509394572025053 0.5092764378478665 0.03966597077244259 0.04267161410018553
5 0.4068371607515658 0.46614100185528756 0.031837160751565764 0.039888682745825604
1 0.30088726513569936 0.6743970315398887 0.008872651356993737 0.01855287569573284
9 0.30193110647181626 0.6790352504638218 0.010960334029227558 0.02040816326530612
3 0.267223382045929 0.45454545454545453 0.030271398747390398 0.04638218923933209
4 0.28757828810020875 0.4230055658627087 0.033402922755741124 0.03710575139146568
6 0.3058455114822547 0.400278293135436 0.015657620041753653 0.01948051948051948
9 0.3155010438413361 0.40213358070500926 0.009916492693110648 0.015769944341372914
3 0.25417536534446766 0.38636363636363635 0.031315240083507306 0.038033395176252316
3 0.17562630480167016 0.562152133580705 0.07150313152400835 0.08163265306122448
3 0.1315240083507307 0.5097402597402597 0.06367432150313153 0.05473098330241188
5 0.12447807933194155 0.49860853432282004 0.04645093945720251 0.045454545454545456
1 0.21894572025052192 0.3696660482374768 0.006784968684759917 0.012059369202226345
6 0.16753653444676408 0.37244897959183676 0.029227557411273485 0.0287569573283859
4 0.1487473903966597 0.30287569573283857 0.028183716075156576 0.026901669758812616
7 0.17066805845511482 0.2782931354359926 0.017745302713987474 0.025974025974025976
5 0.05036534446764092 0.4271799628942486 0.049582463465553235 0.045454545454545456
6 0.119258872651357 0.26159554730983303 0.015135699373695199 0.01855287569573284
0 0.11403966597077245 0.2564935064935065 0.004697286012526096 0.015769944341372914
1 0.10725469728601253 0.2564935064935065 0.005741127348643006 0.015769944341372914
9 0.1080375782881002 0.2592764378478664 0.009394572025052192 0.013914656771799629
4 0.07881002087682672 0.2597402597402597 0.026096033402922755 0.02411873840445269
9 0.02687891440501044 0.25092764378478666 0.013048016701461378 0.015769944341372914
6 0.033663883089770356 0.25463821892393323 0.013048016701461378 0.017625231910946195
1 0.06028183716075156 0.23469387755102042 0.005741127348643006 0.016697588126159554
3 0.06002087682672234 0.22820037105751392 0.027139874739039668 0.02040816326530612
9 0.0652400835073069 0.21567717996289426 0.010438413361169102 0.012059369202226345
7 0.050887265135699376 0.22263450834879406 0.016179540709812108 0.02040816326530612
6 0.04879958246346555 0.20640074211502782 0.02035490605427975 0.015769944341372914
6 0.022181628392484342 0.20918367346938777 0.02139874739039666 0.01948051948051948
0 0.04175365344467641 0.1906307977736549 0.0041753653444676405 0.015769944341372914
9 0.18815240083507306 0.3102968460111317 0.012004175365344467 0.012059369202226345
6 0.16962421711899792 0.3144712430426716 0.020876826722338204 0.01855287569573284