3 0.5255741127348643 0.9605751391465677 0.028183716075156576 0.075139146567718
4 0.5326200417536534 0.5180890538033395 0.02035490605427975 0.039888682745825604
4 0.5592379958246346 0.37105751391465674 0.010960334029227558 0.02411873840445269
8 0.5715031315240083 0.19805194805194806 0.009394572025052192 0.026901669758812616
3 0.5892484342379958 0.13589981447124305 0.0041753653444676405 0.008348794063079777
3 0.5835073068893528 0.11641929499072357 0.0041753653444676405 0.008348794063079777
4 0.7742693110647182 0.7175324675324676 0.03914405010438413 0.041743970315398886
3 0.7609603340292276 0.8116883116883117 0.04592901878914405 0.04823747680890538
3 0.6620563674321504 0.7342300556586271 0.05167014613778706 0.039888682745825604
4 0.6578810020876826 0.7968460111317254 0.04645093945720251 0.04823747680890538
3 0.6654488517745303 0.9012059369202227 0.05219206680584551 0.04916512059369202
3 0.7813152400835073 0.9860853432282004 0.059498956158663886 0.025974025974025976
0 0.5352296450939458 0.47217068645640076 0.004697286012526096 0.02040816326530612
0 0.5725469728601252 0.31261595547309834 0.0041753653444676405 0.016697588126159554
1 0.590553235908142 0.35667903525046385 0.0036534446764091857 0.008348794063079777
1 0.6015135699373695 0.35946196660482377 0.004697286012526096 0.008348794063079777
9 0.5910751565762005 0.36363636363636365 0.005741127348643006 0.00927643784786642
9 0.6015135699373695 0.3678107606679035 0.004697286012526096 0.008348794063079777
9 0.8110647181628392 0.9216141001855288 0.021920668058455117 0.030612244897959183
0 0.7664405010438413 0.9587198515769945 0.008872651356993737 0.030612244897959183
0 0.7661795407098121 0.9276437847866419 0.009394572025052192 0.025974025974025976
9 0.7881002087682673 0.9429499072356216 0.020876826722338204 0.026901669758812616