0 0.08714285714285715 0.18274111675126903 0.01 0.025380710659898477
8 0.10642857142857143 0.39276649746192893 0.14714285714285713 0.22208121827411167
8 0.2357142857142857 0.20875634517766498 0.08142857142857143 0.12563451776649745
8 0.32607142857142857 0.07868020304568528 0.06642857142857143 0.1065989847715736
0 0.1432142857142857 0.27093908629441626 0.009285714285714286 0.031725888324873094
0 0.15142857142857144 0.2760152284263959 0.012857142857142857 0.02918781725888325
0 0.23142857142857143 0.48096446700507617 0.011428571428571429 0.03553299492385787
0 0.2889285714285714 0.39784263959390864 0.009285714285714286 0.03680203045685279
0 0.36 0.28109137055837563 0.005714285714285714 0.031725888324873094
0 0.3939285714285714 0.24238578680203046 0.007857142857142858 0.04060913705583756
0 0.16964285714285715 0.9695431472081218 0.010714285714285714 0.025380710659898477
0 0.21392857142857144 0.8439086294416244 0.013571428571428571 0.030456852791878174
0 0.3067857142857143 0.7563451776649747 0.007857142857142858 0.03299492385786802
9 0.2875 0.5329949238578681 0.016428571428571428 0.03807106598984772
0 0.32035714285714284 0.7182741116751269 0.012142857142857143 0.027918781725888325
0 0.3382142857142857 0.7309644670050761 0.007857142857142858 0.025380710659898477
0 0.44285714285714284 0.8312182741116751 0.01 0.02284263959390863
0 0.40285714285714286 0.7449238578680203 0.011428571428571429 0.027918781725888325
0 0.4067857142857143 0.7373096446700508 0.010714285714285714 0.025380710659898477
4 0.6875 0.9454314720812182 0.06642857142857143 0.1065989847715736
8 0.7928571428571428 0.7823604060913706 0.16142857142857142 0.25
8 0.9046428571428572 0.5767766497461929 0.09214285714285714 0.18908629441624367
3 0.9907142857142858 0.4847715736040609 0.018571428571428572 0.07614213197969544
4 0.9432142857142857 0.49555837563451777 0.03357142857142857 0.06472081218274112
0 0.9292857142857143 0.4543147208121827 0.012857142857142857 0.025380710659898477
0 0.9214285714285714 0.3610406091370558 0.01 0.024111675126903553
0 0.9267857142857143 0.36548223350253806 0.009285714285714286 0.02284263959390863
0 0.8407142857142857 0.4479695431472081 0.008571428571428572 0.025380710659898477
0 0.8753571428571428 0.4143401015228426 0.009285714285714286 0.024111675126903553
0 0.8792857142857143 0.42449238578680204 0.008571428571428572 0.021573604060913704
0 0.8857142857142857 0.4086294416243655 0.01 0.02030456852791878
0 0.8885714285714286 0.4143401015228426 0.008571428571428572 0.024111675126903553
1 0.5121428571428571 0.5678934010152284 0.014285714285714285 0.024111675126903553
9 0.48714285714285716 0.675761421319797 0.018571428571428572 0.044416243654822336
9 0.4667857142857143 0.6370558375634517 0.015 0.03807106598984772
9 0.40035714285714286 0.6700507614213198 0.016428571428571428 0.03299492385786802
9 0.42464285714285716 0.6440355329949239 0.019285714285714285 0.04187817258883249
0 0.37785714285714284 0.5856598984771574 0.007142857142857143 0.024111675126903553
0 0.03892857142857143 0.8813451776649747 0.02214285714285714 0.03426395939086294
0 0.06035714285714286 0.8058375634517766 0.017857142857142856 0.030456852791878174
0 0.16607142857142856 0.6586294416243654 0.010714285714285714 0.03299492385786802
0 0.3167857142857143 0.03616751269035533 0.009285714285714286 0.0266497461928934
0 0.3392857142857143 0.010786802030456852 0.005714285714285714 0.021573604060913704
0 0.3342857142857143 0.00951776649746193 0.005714285714285714 0.01903553299492386
9 0.38035714285714284 0.6821065989847716 0.02214285714285714 0.046954314720812185
9 0.3896428571428571 0.6738578680203046 0.016428571428571428 0.050761421319796954