3 0.691 0.809 0.209 0.20066666666666666
3 0.21025 0.6273333333333333 0.1605 0.148
3 0.25325 0.5296666666666666 0.1455 0.13266666666666665
3 0.0985 0.3883333333333333 0.123 0.106
3 0.263 0.31733333333333336 0.116 0.1
4 0.32025 0.25233333333333335 0.1115 0.094
3 0.461 0.323 0.136 0.11666666666666667
3 0.5975 0.4246666666666667 0.106 0.15333333333333332
4 0.75625 0.5446666666666666 0.1375 0.19466666666666665
3 0.8665 0.5643333333333334 0.136 0.17666666666666667
3 0.197 0.20666666666666667 0.065 0.08266666666666667
3 0.1175 0.17466666666666666 0.061 0.08266666666666667
3 0.04625 0.146 0.0565 0.076
3 0.096 0.071 0.093 0.07533333333333334
3 0.05625 0.03333333333333333 0.0965 0.06666666666666667
0 0.4885 0.22933333333333333 0.016 0.058666666666666666
9 0.5895 0.228 0.03 0.044
9 0.64125 0.243 0.0415 0.043333333333333335
2 0.50975 0.191 0.0195 0.048666666666666664
2 0.521 0.20433333333333334 0.025 0.048666666666666664
9 0.2405 0.07566666666666666 0.036 0.043333333333333335
9 0.2895 0.10766666666666666 0.031 0.035333333333333335
0 0.847 0.4716666666666667 0.023 0.056666666666666664
2 0.93975 0.5056666666666667 0.0415 0.05