4 0.67175 0.97 0.1045 0.06
4 0.17475 0.4103333333333333 0.0325 0.022
4 0.52225 0.7323333333333333 0.0405 0.07133333333333333
4 0.5815 0.6573333333333333 0.045 0.05466666666666667
4 0.9065 0.361 0.027 0.018
4 0.85075 0.3313333333333333 0.0215 0.016
3 0.53 0.44266666666666665 0.028 0.025333333333333333
9 0.42275 0.4676666666666667 0.0105 0.015333333333333332
3 0.02225 0.4483333333333333 0.0275 0.024666666666666667
3 0.06475 0.48833333333333334 0.0255 0.028666666666666667
3 0.078 0.43733333333333335 0.033 0.02
3 0.09775 0.43733333333333335 0.0235 0.02666666666666667
3 0.073 0.414 0.039 0.02
3 0.11575 0.399 0.0365 0.020666666666666667
3 0.16125 0.4063333333333333 0.0335 0.018
3 0.17225 0.38266666666666665 0.0305 0.021333333333333333
3 0.1775 0.6593333333333333 0.052 0.050666666666666665
3 0.73925 0.8623333333333333 0.0995 0.07533333333333334
3 0.63725 0.8316666666666667 0.0735 0.09133333333333334
3 0.74 0.7526666666666667 0.07 0.050666666666666665
3 0.7465 0.7016666666666667 0.077 0.04733333333333333
3 0.793 0.408 0.028 0.017333333333333333
3 0.67675 0.543 0.0425 0.04066666666666666
3 0.66 0.5676666666666667 0.048 0.038
3 0.64075 0.59 0.0475 0.044
3 0.5535 0.7003333333333334 0.049 0.06466666666666666
3 0.47625 0.7576666666666667 0.0505 0.06866666666666667
3 0.4295 0.7763333333333333 0.052 0.08333333333333333
3 0.71525 0.934 0.1215 0.09466666666666666
3 0.8135 0.5953333333333334 0.034 0.042666666666666665
3 0.82725 0.5483333333333333 0.0505 0.034
3 0.8365 0.5233333333333333 0.047 0.030666666666666665
3 0.8495 0.48933333333333334 0.042 0.028
3 0.87075 0.44333333333333336 0.0215 0.024
3 0.88 0.424 0.034 0.02
3 0.881 0.4106666666666667 0.033 0.017333333333333333
3 0.8855 0.39966666666666667 0.032 0.016666666666666666
3 0.90425 0.376 0.0165 0.016
3 0.92275 0.3383333333333333 0.0125 0.014
3 0.8645 0.31633333333333336 0.012 0.011333333333333334
3 0.838 0.3456666666666667 0.017 0.016666666666666666
3 0.766 0.429 0.024 0.023333333333333334
3 0.757 0.4483333333333333 0.033 0.022
3 0.7465 0.4643333333333333 0.037 0.026
3 0.73375 0.475 0.0395 0.024666666666666667
3 0.73025 0.49133333333333334 0.0425 0.02666666666666667
3 0.7095 0.5016666666666667 0.044 0.034
3 0.70325 0.517 0.0455 0.034
3 0.6905 0.5283333333333333 0.038 0.03133333333333333
1 0.798 0.4483333333333333 0.006 0.015333333333333332
9 0.79725 0.45366666666666666 0.0055 0.012666666666666666
6 0.9515 0.25466666666666665 0.006 0.008
3 0.60225 0.6323333333333333 0.0475 0.05533333333333333
3 0.62275 0.6143333333333333 0.0445 0.046
3 0.41875 0.308 0.0125 0.010666666666666666
3 0.4245 0.319 0.015 0.011333333333333334
3 0.44275 0.31333333333333335 0.0145 0.010666666666666666
3 0.44375 0.3263333333333333 0.0155 0.011333333333333334
3 0.4615 0.31933333333333336 0.018 0.012
3 0.47725 0.314 0.0165 0.012
3 0.41225 0.31033333333333335 0.0135 0.011333333333333334
3 0.41075 0.32766666666666666 0.0145 0.012666666666666666
3 0.491 0.31 0.017 0.010666666666666666
3 0.51375 0.29133333333333333 0.0085 0.009333333333333334
3 0.5075 0.2816666666666667 0.014 0.008666666666666666
3 0.49825 0.2856666666666667 0.0165 0.008666666666666666
3 0.496 0.29633333333333334 0.013 0.01
3 0.4875 0.2886666666666667 0.012 0.010666666666666666
3 0.43125 0.246 0.0115 0.006666666666666667
3 0.43825 0.25 0.0115 0.006666666666666667