0 0.4636029411764706 0.8156862745098039 0.015441176470588236 0.0915032679738562
0 0.27426470588235297 0.9633986928104575 0.022058823529411766 0.07320261437908497
0 0.4647058823529412 0.7862745098039216 0.01911764705882353 0.09542483660130718
0 0.5400735294117647 0.6928104575163399 0.022794117647058822 0.08627450980392157
0 0.5136029411764705 0.5725490196078431 0.019852941176470587 0.07058823529411765
0 0.5838235294117647 0.5333333333333333 0.016176470588235296 0.06797385620915032
0 0.6106617647058824 0.5254901960784314 0.019852941176470587 0.07058823529411765
0 0.63125 0.4830065359477124 0.013970588235294118 0.06405228758169934
0 0.5996323529411764 0.47908496732026146 0.013970588235294118 0.06405228758169934
0 0.5952205882352941 0.5130718954248366 0.013970588235294118 0.06928104575163399
0 0.5580882352941177 0.4993464052287582 0.01764705882352941 0.06274509803921569
0 0.5261029411764706 0.4973856209150327 0.0125 0.0718954248366013
0 0.675 0.38758169934640524 0.007352941176470588 0.06405228758169934
0 0.6455882352941177 0.3183006535947712 0.011764705882352941 0.058823529411764705
0 0.6349264705882353 0.3150326797385621 0.009558823529411765 0.047058823529411764
0 0.5988970588235294 0.35228758169934643 0.009558823529411765 0.05620915032679739
0 0.5977941176470588 0.33464052287581697 0.010294117647058823 0.05228758169934641
0 0.5514705882352942 0.3980392156862745 0.008823529411764706 0.05620915032679739
3 0.5 0.26405228758169935 0.06470588235294118 0.054901960784313725
3 0.47794117647058826 0.2477124183006536 0.058823529411764705 0.050980392156862744
2 0.4698529411764706 0.28888888888888886 0.01764705882352941 0.02875816993464052
1 0.46948529411764706 0.2777777777777778 0.008088235294117648 0.032679738562091505
0 0.39558823529411763 0.2627450980392157 0.008823529411764706 0.04967320261437908
3 0.4485294117647059 0.23006535947712417 0.06911764705882353 0.054901960784313725
3 0.4202205882352941 0.2169934640522876 0.06544117647058824 0.05228758169934641
3 0.39705882352941174 0.2 0.05588235294117647 0.044444444444444446
3 0.7158088235294118 0.25359477124183005 0.04632352941176471 0.06535947712418301
4 0.9378676470588235 0.36209150326797385 0.04926470588235294 0.09411764705882353
3 0.8797794117647059 0.3535947712418301 0.04191176470588235 0.07450980392156863
4 0.8209558823529411 0.3 0.04926470588235294 0.09542483660130718
3 0.9694852941176471 0.28104575163398693 0.06102941176470588 0.05228758169934641
3 0.9363970588235294 0.2549019607843137 0.07573529411764705 0.054901960784313725
3 0.89375 0.23790849673202613 0.06544117647058824 0.04967320261437908
3 0.8602941176470589 0.21568627450980393 0.058823529411764705 0.05228758169934641
3 0.8319852941176471 0.2065359477124183 0.05514705882352941 0.04183006535947712
3 0.8077205882352941 0.19215686274509805 0.06102941176470588 0.04183006535947712
0 0.7779411764705882 0.21045751633986928 0.007352941176470588 0.0392156862745098
0 0.76875 0.2065359477124183 0.011029411764705883 0.0392156862745098
0 0.7610294117647058 0.1954248366013072 0.011764705882352941 0.030065359477124184
0 0.774264705882353 0.18366013071895426 0.004411764705882353 0.032679738562091505
3 0.7727941176470589 0.1758169934640523 0.054411764705882354 0.03790849673202614
3 0.7363970588235295 0.16339869281045752 0.04632352941176471 0.04183006535947712
3 0.6875 0.1437908496732026 0.039705882352941174 0.036601307189542485
1 0.6591911764705882 0.14967320261437908 0.008088235294117648 0.032679738562091505
9 0.6584558823529412 0.1568627450980392 0.008088235294117648 0.023529411764705882
0 0.6566176470588235 0.14313725490196078 0.007352941176470588 0.03529411764705882
0 0.6529411764705882 0.1411764705882353 0.0058823529411764705 0.03398692810457516
3 0.6665441176470588 0.22745098039215686 0.04779411764705882 0.06013071895424837
3 0.6334558823529411 0.2196078431372549 0.04191176470588235 0.047058823529411764
3 0.6036764705882353 0.20392156862745098 0.047058823529411764 0.054901960784313725
3 0.5669117647058823 0.19411764705882353 0.041176470588235294 0.0457516339869281
4 0.6106617647058824 0.16601307189542483 0.04044117647058824 0.05751633986928104
3 0.5830882352941177 0.16209150326797386 0.039705882352941174 0.0392156862745098
3 0.5408088235294117 0.17647058823529413 0.04632352941176471 0.054901960784313725
3 0.5522058823529412 0.15359477124183007 0.04411764705882353 0.0457516339869281
3 0.5018382352941176 0.1758169934640523 0.04485294117647059 0.0457516339869281
3 0.518014705882353 0.14901960784313725 0.05073529411764706 0.0392156862745098
3 0.49816176470588236 0.13986928104575164 0.04779411764705882 0.0392156862745098
3 0.6084558823529411 0.11764705882352941 0.04485294117647059 0.03398692810457516
0 0.5819852941176471 0.12222222222222222 0.006617647058823529 0.032679738562091505
0 0.5738970588235294 0.11503267973856209 0.005147058823529412 0.026143790849673203
0 0.5661764705882353 0.11764705882352941 0.004411764705882353 0.026143790849673203
0 0.569485294117647 0.11045751633986928 0.006617647058823529 0.032679738562091505
0 0.5801470588235295 0.10196078431372549 0.004411764705882353 0.023529411764705882
3 0.5922794117647059 0.09738562091503268 0.01838235294117647 0.032679738562091505
3 0.5625 0.09673202614379085 0.026470588235294117 0.03137254901960784
3 0.5253676470588236 0.09803921568627451 0.028676470588235293 0.03137254901960784
3 0.5025735294117647 0.1065359477124183 0.03308823529411765 0.030065359477124184
3 0.4650735294117647 0.10392156862745099 0.03455882352941177 0.030065359477124184
3 0.43713235294117647 0.1065359477124183 0.03602941176470588 0.03790849673202614
3 0.43676470588235294 0.14444444444444443 0.051470588235294115 0.03529411764705882
0 0.4658088235294118 0.16470588235294117 0.006617647058823529 0.036601307189542485
0 0.46139705882352944 0.15098039215686274 0.006617647058823529 0.032679738562091505
0 0.45698529411764705 0.17124183006535948 0.006617647058823529 0.0392156862745098
0 0.45294117647058824 0.1784313725490196 0.007352941176470588 0.03529411764705882
0 0.44669117647058826 0.17450980392156862 0.006617647058823529 0.040522875816993466
0 0.34448529411764706 0.24444444444444444 0.008088235294117648 0.04967320261437908
0 0.3150735294117647 0.234640522875817 0.009558823529411765 0.0457516339869281
0 0.3084558823529412 0.24052287581699347 0.005147058823529412 0.03137254901960784
3 0.39742647058823527 0.1111111111111111 0.03455882352941177 0.03137254901960784
3 0.3713235294117647 0.11699346405228758 0.033823529411764704 0.030065359477124184
3 0.34448529411764706 0.12091503267973856 0.04191176470588235 0.03529411764705882
5 0.34705882352941175 0.1542483660130719 0.047058823529411764 0.047058823529411764
0 0.3573529411764706 0.15816993464052287 0.0058823529411764705 0.03398692810457516
0 0.26948529411764705 0.2261437908496732 0.008088235294117648 0.04183006535947712
0 0.29191176470588237 0.20392156862745098 0.0058823529411764705 0.047058823529411764
1 0.2746323529411765 0.2019607843137255 0.009558823529411765 0.032679738562091505
0 0.2610294117647059 0.2019607843137255 0.010294117647058823 0.0457516339869281
0 0.24705882352941178 0.20784313725490197 0.010294117647058823 0.044444444444444446
1 0.23713235294117646 0.1980392156862745 0.008088235294117648 0.030065359477124184
1 0.22794117647058823 0.19477124183006536 0.007352941176470588 0.03137254901960784
1 0.2213235294117647 0.19150326797385622 0.007352941176470588 0.027450980392156862
0 0.18823529411764706 0.19215686274509805 0.007352941176470588 0.0392156862745098
0 0.22242647058823528 0.1588235294117647 0.008088235294117648 0.040522875816993466
0 0.23713235294117646 0.15947712418300652 0.006617647058823529 0.036601307189542485
0 0.2511029411764706 0.14836601307189543 0.006617647058823529 0.03529411764705882
4 0.28345588235294117 0.1607843137254902 0.03161764705882353 0.047058823529411764
0 0.29044117647058826 0.17124183006535948 0.0058823529411764705 0.03398692810457516
6 0.20220588235294118 0.15294117647058825 0.027941176470588237 0.03137254901960784
3 0.6441176470588236 0.06339869281045751 0.03823529411764706 0.030065359477124184
0 0.606985294117647 0.044444444444444446 0.003676470588235294 0.02875816993464052
3 0.5073529411764706 0.027450980392156862 0.025 0.023529411764705882
3 0.5904411764705882 0.013071895424836602 0.025 0.02091503267973856
0 0.01213235294117647 0.07254901960784314 0.006617647058823529 0.030065359477124184
0 0.008455882352941176 0.07058823529411765 0.006617647058823529 0.026143790849673203
0 0.05 0.06470588235294118 0.007352941176470588 0.027450980392156862
0 0.05698529411764706 0.06405228758169934 0.006617647058823529 0.02875816993464052
0 0.060294117647058824 0.06535947712418301 0.007352941176470588 0.03137254901960784
2 0.10698529411764705 0.06797385620915032 0.011029411764705883 0.02091503267973856
2 0.12316176470588236 0.06666666666666667 0.013970588235294118 0.02091503267973856
9 0.14522058823529413 0.06339869281045751 0.009558823529411765 0.022222222222222223
0 0.15441176470588236 0.05751633986928104 0.004411764705882353 0.02875816993464052
0 0.16029411764705884 0.05751633986928104 0.0058823529411764705 0.026143790849673203
0 0.1650735294117647 0.05751633986928104 0.005147058823529412 0.03137254901960784
1 0.2213235294117647 0.03790849673202614 0.0058823529411764705 0.01568627450980392
0 0.22977941176470587 0.03725490196078431 0.005147058823529412 0.022222222222222223
1 0.2386029411764706 0.038562091503267976 0.006617647058823529 0.01699346405228758
9 0.30551470588235297 0.045098039215686274 0.013970588235294118 0.0196078431372549
3 0.7816176470588235 0.2875816993464052 0.039705882352941174 0.06797385620915032