3 0.08525 0.569 0.0685 0.03666666666666667
3 0.114 0.542 0.056 0.028
3 0.13625 0.5173333333333333 0.0525 0.024
0 0.0855 0.533 0.013 0.027333333333333334
3 0.1295 0.418 0.034 0.014666666666666666
3 0.045 0.411 0.036 0.016666666666666666
3 0.067 0.4063333333333333 0.028 0.011333333333333334
0 0.053 0.38433333333333336 0.005 0.012666666666666666
0 0.04875 0.38166666666666665 0.0035 0.012666666666666666
3 0.11675 0.378 0.0225 0.010666666666666666
8 0.14425 0.3606666666666667 0.0275 0.02266666666666667
8 0.1975 0.3636666666666667 0.025 0.023333333333333334
3 0.235 0.363 0.021 0.008666666666666666
3 0.2395 0.358 0.019 0.008
3 0.256 0.34833333333333333 0.017 0.007333333333333333
1 0.1395 0.385 0.003 0.008666666666666666
9 0.13925 0.389 0.0035 0.007333333333333333
3 0.274 0.3396666666666667 0.016 0.007333333333333333
3 0.25375 0.409 0.0145 0.014
3 0.30675 0.31333333333333335 0.0085 0.004
3 0.3495 0.31633333333333336 0.01 0.004666666666666667
3 0.36375 0.317 0.0115 0.004666666666666667
3 0.3615 0.31333333333333335 0.009 0.004
3 0.5305 0.5986666666666667 0.035 0.05466666666666667
3 0.859 0.681 0.072 0.058
0 0.80475 0.5653333333333334 0.0085 0.029333333333333333
1 0.76875 0.6063333333333333 0.0105 0.024666666666666667
1 0.718 0.5533333333333333 0.007 0.018666666666666668
1 0.715 0.5546666666666666 0.005 0.02
2 0.7675 0.611 0.013 0.03133333333333333
9 0.7175 0.5623333333333334 0.01 0.018
3 0.588 0.4806666666666667 0.025 0.021333333333333333
0 0.64 0.4593333333333333 0.004 0.016
0 0.633 0.44766666666666666 0.002 0.015333333333333332
0 0.6395 0.45 0.003 0.017333333333333333
3 0.45875 0.41833333333333333 0.0125 0.016666666666666666
3 0.516 0.417 0.015 0.014
3 0.5335 0.401 0.011 0.011333333333333334
3 0.5205 0.382 0.019 0.010666666666666666
5 0.51725 0.36766666666666664 0.0165 0.020666666666666667
0 0.4565 0.336 0.002 0.006666666666666667
5 0.4865 0.3423333333333333 0.01 0.012666666666666666
5 0.45375 0.324 0.0095 0.009333333333333334
4 0.40825 0.31433333333333335 0.0045 0.007333333333333333
3 0.4075 0.31933333333333336 0.004 0.005333333333333333
4 0.405 0.322 0.004 0.005333333333333333
3 0.43075 0.31733333333333336 0.0075 0.004
3 0.4365 0.32033333333333336 0.004 0.006
3 0.4395 0.31833333333333336 0.005 0.004666666666666667
3 0.409 0.307 0.003 0.0033333333333333335
4 0.416 0.303 0.003 0.004666666666666667