4 0.09928571428571428 0.02728426395939086 0.045714285714285714 0.05456852791878172
3 0.18678571428571428 0.9435279187817259 0.06357142857142857 0.06472081218274112
4 0.17357142857142857 0.8800761421319797 0.06142857142857143 0.06218274111675127
3 0.19142857142857142 0.8388324873096447 0.06428571428571428 0.05583756345177665
3 0.20142857142857143 0.7893401015228426 0.05714285714285714 0.06345177664974619
3 0.21357142857142858 0.7392131979695431 0.05714285714285714 0.05710659898477157
3 0.23142857142857143 0.7030456852791879 0.055714285714285716 0.06091370558375635
3 0.24678571428571427 0.6484771573604061 0.05785714285714286 0.0532994923857868
3 0.2575 0.6008883248730964 0.052142857142857144 0.05203045685279188
3 0.2642857142857143 0.5545685279187818 0.05142857142857143 0.050761421319796954
3 0.2735714285714286 0.5171319796954315 0.04428571428571428 0.044416243654822336
3 0.2810714285714286 0.4815989847715736 0.05071428571428571 0.05203045685279188
3 0.29428571428571426 0.45748730964467005 0.04857142857142857 0.04949238578680203
3 0.33785714285714286 0.40545685279187815 0.041428571428571426 0.05456852791878172
3 0.30357142857142855 0.42385786802030456 0.047142857142857146 0.0532994923857868
3 0.3414285714285714 0.3756345177664975 0.047142857142857146 0.04060913705583756
3 0.3467857142857143 0.3489847715736041 0.045 0.04060913705583756
3 0.33285714285714285 0.47017766497461927 0.03 0.06725888324873096
3 0.2814285714285714 0.6814720812182741 0.037142857142857144 0.09390862944162437
3 0.3125 0.5425126903553299 0.03214285714285714 0.0850253807106599
3 0.5053571428571428 0.37817258883248733 0.030714285714285715 0.08121827411167512
3 0.5317857142857143 0.3883248730964467 0.02642857142857143 0.07106598984771574
3 0.6067857142857143 0.25571065989847713 0.03642857142857143 0.06725888324873096
3 0.6382142857142857 0.33121827411167515 0.04214285714285714 0.06852791878172589
3 0.6310714285714286 0.23540609137055837 0.029285714285714286 0.05964467005076142
3 0.6796428571428571 0.2569796954314721 0.03785714285714286 0.06725888324873096
3 0.6735714285714286 0.3102791878172589 0.032857142857142856 0.06472081218274112
3 0.7428571428571429 0.49555837563451777 0.045714285714285714 0.0901015228426396
3 0.7914285714285715 0.5729695431472082 0.047142857142857146 0.0901015228426396
3 0.8410714285714286 0.6624365482233503 0.04928571428571429 0.09137055837563451
3 0.825 0.4885786802030457 0.05 0.09644670050761421
3 0.9725 0.7315989847715736 0.05071428571428571 0.11040609137055837
8 0.56 0.13261421319796954 0.06571428571428571 0.16370558375634517
8 0.7217857142857143 0.3864213197969543 0.065 0.10279187817258884
4 0.595 0.15926395939086294 0.03142857142857143 0.07741116751269035
4 0.5442857142857143 0.1998730964467005 0.03142857142857143 0.07233502538071065
4 0.7242857142857143 0.32550761421319796 0.03857142857142857 0.07741116751269035
4 0.6942857142857143 0.407994923857868 0.04285714285714286 0.0799492385786802
4 0.8817857142857143 0.5691624365482234 0.05071428571428571 0.09771573604060914
5 0.9078571428571428 0.7595177664974619 0.05857142857142857 0.13071065989847716
4 0.8464285714285714 0.5907360406091371 0.047142857142857146 0.10025380710659898
4 0.9175 0.7106598984771574 0.056428571428571425 0.10406091370558376
3 0.9821428571428571 0.8178934010152284 0.03571428571428571 0.08248730964467005
5 0.1275 0.11738578680203046 0.04928571428571429 0.09263959390862944