3 0.5926470588235294 0.9124183006535947 0.04264705882352941 0.09673202614379085
3 0.2775735294117647 0.6457516339869281 0.03308823529411765 0.06274509803921569
9 0.5389705882352941 0.8705882352941177 0.013235294117647059 0.047058823529411764
0 0.5389705882352941 0.85359477124183 0.013235294117647059 0.047058823529411764
3 0.6422794117647059 0.47058823529411764 0.013970588235294118 0.023529411764705882
8 0.6238970588235294 0.4222222222222222 0.01838235294117647 0.04183006535947712
3 0.6150735294117647 0.40980392156862744 0.011029411764705883 0.022222222222222223
8 0.48970588235294116 0.4084967320261438 0.054411764705882354 0.040522875816993466
8 0.4485294117647059 0.39477124183006534 0.05588235294117647 0.044444444444444446
4 0.5102941176470588 0.40522875816993464 0.023529411764705882 0.02091503267973856
3 0.5481617647058824 0.4065359477124183 0.02426470588235294 0.018300653594771243
4 0.575 0.40784313725490196 0.025 0.02091503267973856
3 0.5786764705882353 0.4045751633986928 0.025 0.0196078431372549
3 0.6018382352941176 0.3954248366013072 0.011029411764705883 0.01699346405228758
3 0.6047794117647058 0.38496732026143793 0.011029411764705883 0.01437908496732026
5 0.6238970588235294 0.37254901960784315 0.016911764705882352 0.026143790849673203
5 0.6375 0.3535947712418301 0.020588235294117647 0.03790849673202614
5 0.6529411764705882 0.33137254901960783 0.010294117647058823 0.022222222222222223
3 0.6125 0.3464052287581699 0.016176470588235296 0.01568627450980392
7 0.6371323529411764 0.3941176470588235 0.006617647058823529 0.0196078431372549
3 0.7761029411764706 0.3738562091503268 0.021323529411764706 0.018300653594771243
3 0.5577205882352941 0.3581699346405229 0.019852941176470587 0.01568627450980392
3 0.5647058823529412 0.34967320261437906 0.01911764705882353 0.01437908496732026
3 0.5283088235294118 0.35751633986928105 0.019852941176470587 0.01437908496732026
4 0.5014705882352941 0.34967320261437906 0.01911764705882353 0.01699346405228758
3 0.4889705882352941 0.3535947712418301 0.01911764705882353 0.011764705882352941
6 0.5977941176470588 0.3464052287581699 0.008823529411764706 0.01045751633986928
1 0.5966911764705882 0.34444444444444444 0.003676470588235294 0.009150326797385621
4 0.7047794117647059 0.3411764705882353 0.015441176470588236 0.013071895424836602
4 0.6996323529411764 0.3241830065359477 0.009558823529411765 0.01045751633986928
3 0.6591911764705882 0.3065359477124183 0.006617647058823529 0.009150326797385621
3 0.6573529411764706 0.2928104575163399 0.004411764705882353 0.00784313725490196
5 0.6283088235294118 0.30718954248366015 0.025735294117647058 0.03137254901960784
2 0.2386029411764706 0.5712418300653594 0.006617647058823529 0.023529411764705882
1 0.23897058823529413 0.5640522875816993 0.008823529411764706 0.030065359477124184
3 0.30551470588235297 0.4418300653594771 0.016911764705882352 0.02875816993464052
3 0.34705882352941175 0.4150326797385621 0.014705882352941176 0.027450980392156862
3 0.3275735294117647 0.40980392156862744 0.015441176470588236 0.022222222222222223
5 0.1547794117647059 0.4588235294117647 0.025735294117647058 0.06274509803921569
3 0.19705882352941176 0.47058823529411764 0.039705882352941174 0.03137254901960784
5 0.08933823529411765 0.5745098039215686 0.09632352941176471 0.06666666666666667
5 0.057352941176470586 0.6326797385620915 0.07941176470588235 0.047058823529411764
3 0.04926470588235294 0.4869281045751634 0.04411764705882353 0.03529411764705882
5 0.22389705882352942 0.41241830065359475 0.0713235294117647 0.040522875816993466
5 0.20477941176470588 0.41241830065359475 0.07279411764705883 0.040522875816993466
5 0.23897058823529413 0.40522875816993464 0.06764705882352941 0.036601307189542485
3 0.2922794117647059 0.38496732026143793 0.027205882352941177 0.0196078431372549
3 0.3014705882352941 0.37712418300653594 0.011764705882352941 0.01699346405228758
0 0.2893382352941177 0.365359477124183 0.003676470588235294 0.01699346405228758
8 0.3533088235294118 0.3686274509803922 0.025735294117647058 0.04967320261437908
5 0.325 0.3633986928104575 0.020588235294117647 0.05228758169934641
8 0.39044117647058824 0.34901960784313724 0.03676470588235294 0.0392156862745098
3 0.3323529411764706 0.338562091503268 0.008823529411764706 0.01568627450980392
0 0.2698529411764706 0.361437908496732 0.004411764705882353 0.01699346405228758
3 0.2702205882352941 0.35947712418300654 0.019852941176470587 0.01568627450980392
3 0.23529411764705882 0.3633986928104575 0.025 0.01568627450980392
3 0.21286764705882352 0.36666666666666664 0.027205882352941177 0.01699346405228758
3 0.06213235294117647 0.4137254901960784 0.0125 0.022222222222222223
3 0.25441176470588234 0.34183006535947713 0.01764705882352941 0.01437908496732026
5 0.07647058823529412 0.34248366013071896 0.041176470588235294 0.054901960784313725
3 0.18419117647058825 0.3660130718954248 0.022794117647058822 0.018300653594771243
3 0.21286764705882352 0.3287581699346405 0.019852941176470587 0.01437908496732026
3 0.21433823529411763 0.3261437908496732 0.019852941176470587 0.011764705882352941
3 0.32536764705882354 0.3352941176470588 0.008088235294117648 0.011764705882352941
3 0.3286764705882353 0.32745098039215687 0.008823529411764706 0.011764705882352941
4 0.3327205882352941 0.3202614379084967 0.008088235294117648 0.01568627450980392
3 0.3301470588235294 0.3104575163398693 0.007352941176470588 0.011764705882352941
0 0.31691176470588234 0.31437908496732025 0.0029411764705882353 0.011764705882352941
3 0.3352941176470588 0.3026143790849673 0.007352941176470588 0.009150326797385621
3 0.3492647058823529 0.3045751633986928 0.0058823529411764705 0.01045751633986928
6 0.3547794117647059 0.3196078431372549 0.006617647058823529 0.011764705882352941
3 0.36323529411764705 0.3006535947712418 0.007352941176470588 0.00784313725490196
3 0.3448529411764706 0.27647058823529413 0.0058823529411764705 0.009150326797385621
3 0.36764705882352944 0.27712418300653596 0.004411764705882353 0.00784313725490196
5 0.32941176470588235 0.28366013071895424 0.008823529411764706 0.023529411764705882
3 0.34852941176470587 0.269281045751634 0.004411764705882353 0.00522875816993464
5 0.33088235294117646 0.2673202614379085 0.008823529411764706 0.022222222222222223
3 0.3422794117647059 0.2549019607843137 0.003676470588235294 0.00784313725490196
3 0.3452205882352941 0.2522875816993464 0.003676470588235294 0.00784313725490196
3 0.34558823529411764 0.2457516339869281 0.004411764705882353 0.00522875816993464
3 0.3474264705882353 0.24248366013071895 0.003676470588235294 0.00392156862745098