0 0.38569937369519836 0.05241187384044527 0.009394572025052192 0.03432282003710575
4 0.46868475991649267 0.02829313543599258 0.04801670146137787 0.05658627087198516
6 0.5253131524008351 0.05009276437847866 0.031837160751565764 0.03153988868274583
6 0.47573068893528186 0.09740259740259741 0.04123173277661795 0.04081632653061224
3 0.4585073068893528 0.2717996289424861 0.07254697286012526 0.0575139146567718
3 0.331419624217119 0.33070500927643787 0.032359081419624215 0.10296846011131726
0 0.35829853862212946 0.4104823747680891 0.010960334029227558 0.036178107606679034
6 0.38230688935281837 0.5069573283858998 0.016179540709812108 0.0640074211502783
4 0.28653444676409184 0.601113172541744 0.04488517745302714 0.10760667903525047
6 0.3170668058455115 0.5941558441558441 0.02139874739039666 0.07699443413729128
4 0.4342379958246347 0.7787569573283859 0.0824634655532359 0.09183673469387756
3 0.41701461377870563 0.8761595547309833 0.1022964509394572 0.10667903525046382
9 0.6223903966597077 0.6117810760667903 0.012004175365344467 0.05287569573283859
4 0.9376304801670147 0.9554730983302412 0.12369519832985386 0.07977736549165121