3 0.45183823529411765 0.4699346405228758 0.006617647058823529 0.006535947712418301
3 0.45955882352941174 0.477124183006536 0.0058823529411764705 0.01045751633986928
3 0.46433823529411766 0.4849673202614379 0.005147058823529412 0.00784313725490196
3 0.4647058823529412 0.4699346405228758 0.004411764705882353 0.006535947712418301
3 0.48308823529411765 0.4954248366013072 0.004411764705882353 0.00784313725490196
3 0.5205882352941177 0.561437908496732 0.008823529411764706 0.01437908496732026
3 0.5161764705882353 0.5575163398692811 0.008823529411764706 0.011764705882352941
3 0.5125 0.5490196078431373 0.008823529411764706 0.013071895424836602
3 0.5102941176470588 0.5431372549019607 0.008823529411764706 0.011764705882352941
3 0.5073529411764706 0.5392156862745098 0.007352941176470588 0.011764705882352941
3 0.5033088235294118 0.5339869281045752 0.006617647058823529 0.011764705882352941
3 0.4525735294117647 0.49411764705882355 0.005147058823529412 0.01045751633986928
3 0.45845588235294116 0.5104575163398692 0.006617647058823529 0.011764705882352941
0 0.4632352941176471 0.5111111111111111 0.0014705882352941176 0.01045751633986928
4 0.45588235294117646 0.526797385620915 0.008823529411764706 0.02091503267973856
3 0.49301470588235297 0.6032679738562091 0.011029411764705883 0.01699346405228758
3 0.7316176470588235 0.9490196078431372 0.04411764705882353 0.054901960784313725
3 0.7029411764705882 0.9 0.03529411764705882 0.048366013071895426
3 0.6768382352941177 0.8509803921568627 0.03308823529411765 0.0392156862745098
3 0.6577205882352941 0.9359477124183007 0.03455882352941177 0.047058823529411764
5 0.6084558823529411 0.9137254901960784 0.03308823529411765 0.08366013071895424
3 0.8066176470588236 0.9117647058823529 0.03529411764705882 0.0457516339869281
3 0.5713235294117647 0.9705882352941176 0.029411764705882353 0.058823529411764705
3 0.7783088235294118 0.8686274509803922 0.028676470588235293 0.043137254901960784
3 0.6136029411764706 0.734640522875817 0.021323529411764706 0.02875816993464052
3 0.5878676470588236 0.7248366013071895 0.01838235294117647 0.02483660130718954
3 0.5654411764705882 0.7209150326797386 0.020588235294117647 0.02483660130718954
3 0.6003676470588235 0.7124183006535948 0.01838235294117647 0.023529411764705882
3 0.5900735294117647 0.692156862745098 0.015441176470588236 0.027450980392156862
4 0.5783088235294118 0.6699346405228758 0.011029411764705883 0.02483660130718954
3 0.5724264705882353 0.6588235294117647 0.0125 0.018300653594771243
3 0.5665441176470588 0.6503267973856209 0.013970588235294118 0.01699346405228758
3 0.5610294117647059 0.6359477124183006 0.013235294117647059 0.022222222222222223
3 0.5533088235294118 0.626797385620915 0.011029411764705883 0.01699346405228758
3 0.544485294117647 0.6032679738562091 0.011029411764705883 0.01699346405228758
3 0.538235294117647 0.5980392156862745 0.013235294117647059 0.01437908496732026
3 0.5488970588235295 0.6169934640522876 0.0125 0.02091503267973856
3 0.6128676470588236 0.6457516339869281 0.015441176470588236 0.02091503267973856
3 0.6753676470588236 0.730718954248366 0.019852941176470587 0.026143790849673203
3 0.6683823529411764 0.7104575163398693 0.020588235294117647 0.022222222222222223
0 0.4661764705882353 0.9477124183006536 0.008823529411764706 0.03137254901960784
1 0.5106617647058823 0.777124183006536 0.006617647058823529 0.022222222222222223
9 0.5110294117647058 0.7856209150326797 0.0058823529411764705 0.018300653594771243
1 0.46948529411764706 0.8633986928104576 0.006617647058823529 0.0196078431372549
9 0.47058823529411764 0.873202614379085 0.0058823529411764705 0.018300653594771243
3 0.4345588235294118 0.9823529411764705 0.023529411764705882 0.03529411764705882
3 0.4279411764705882 0.8614379084967321 0.01764705882352941 0.044444444444444446
0 0.4404411764705882 0.8150326797385621 0.007352941176470588 0.030065359477124184
3 0.43014705882352944 0.7823529411764706 0.01764705882352941 0.03790849673202614
3 0.4275735294117647 0.7529411764705882 0.0125 0.026143790849673203
3 0.42463235294117646 0.7019607843137254 0.016911764705882352 0.03137254901960784
3 0.42463235294117646 0.6816993464052288 0.013970588235294118 0.02483660130718954
0 0.43713235294117647 0.6431372549019608 0.003676470588235294 0.018300653594771243
0 0.43419117647058825 0.6437908496732027 0.003676470588235294 0.01437908496732026
0 0.43014705882352944 0.6431372549019608 0.0029411764705882353 0.018300653594771243
3 0.37941176470588234 0.5359477124183006 0.013235294117647059 0.013071895424836602
4 0.3761029411764706 0.5535947712418301 0.015441176470588236 0.011764705882352941
3 0.3764705882352941 0.5627450980392157 0.011764705882352941 0.011764705882352941
3 0.2235294117647059 0.7490196078431373 0.016176470588235296 0.02875816993464052
3 0.20772058823529413 0.6411764705882353 0.019852941176470587 0.0196078431372549
3 0.06286764705882353 0.6437908496732027 0.015441176470588236 0.01699346405228758
3 0.039705882352941174 0.6483660130718955 0.01764705882352941 0.02091503267973856
3 0.10588235294117647 0.5882352941176471 0.026470588235294117 0.01045751633986928
3 0.10845588235294118 0.5843137254901961 0.021323529411764706 0.00784313725490196
3 0.11433823529411764 0.5816993464052288 0.021323529411764706 0.01045751633986928
3 0.12389705882352942 0.5771241830065359 0.025735294117647058 0.01437908496732026
3 0.12610294117647058 0.5699346405228758 0.02426470588235294 0.00784313725490196
3 0.1426470588235294 0.565359477124183 0.023529411764705882 0.011764705882352941
3 0.1488970588235294 0.5594771241830065 0.021323529411764706 0.01568627450980392
3 0.1588235294117647 0.5535947712418301 0.020588235294117647 0.01437908496732026
3 0.15441176470588236 0.5483660130718955 0.020588235294117647 0.011764705882352941
3 0.13566176470588234 0.5496732026143791 0.013970588235294118 0.011764705882352941
4 0.1577205882352941 0.5326797385620915 0.011029411764705883 0.01437908496732026
3 0.11838235294117647 0.5483660130718955 0.013235294117647059 0.011764705882352941
8 0.10625 0.5464052287581699 0.013970588235294118 0.018300653594771243
8 0.09191176470588236 0.5450980392156862 0.014705882352941176 0.01568627450980392
8 0.07830882352941176 0.5464052287581699 0.015441176470588236 0.018300653594771243
3 0.09963235294117648 0.5320261437908497 0.013970588235294118 0.01568627450980392
4 0.2580882352941177 0.5352941176470588 0.008823529411764706 0.01699346405228758
4 0.18933823529411764 0.5339869281045752 0.0125 0.011764705882352941
4 0.22095588235294117 0.5359477124183006 0.008088235294117648 0.01568627450980392