3 0.02725 0.6353333333333333 0.0545 0.056
3 0.1465 0.6466666666666666 0.116 0.068
3 0.0925 0.825 0.122 0.07666666666666666
4 0.29125 0.7993333333333333 0.1045 0.08
4 0.27725 0.6236666666666667 0.0825 0.056666666666666664
0 0.29175 0.6626666666666666 0.0215 0.02
4 0.196 0.9386666666666666 0.125 0.072
3 0.4315 0.8826666666666667 0.081 0.14533333333333334
0 0.48325 0.892 0.0135 0.02266666666666667
0 0.6205 0.8973333333333333 0.017 0.02266666666666667
3 0.64125 0.8806666666666667 0.0585 0.14933333333333335
0 0.608 0.7383333333333333 0.015 0.03
3 0.61775 0.684 0.0525 0.12533333333333332
1 0.55425 0.6943333333333334 0.0155 0.022
9 0.55275 0.6983333333333334 0.0125 0.04733333333333333
0 0.35325 0.5373333333333333 0.0115 0.024
1 0.383 0.488 0.011 0.016
0 0.37425 0.4663333333333333 0.0095 0.026
5 0.301 0.49266666666666664 0.112 0.124
4 0.37025 0.4236666666666667 0.0325 0.078
0 0.462 0.4096666666666667 0.009 0.027333333333333334
0 0.601 0.396 0.01 0.030666666666666665
1 0.6385 0.44233333333333336 0.016 0.03
9 0.6375 0.44633333333333336 0.028 0.026
0 0.84675 0.4736666666666667 0.0215 0.026
1 0.74375 0.48966666666666664 0.0145 0.023333333333333334
9 0.74125 0.49233333333333335 0.0295 0.020666666666666667
0 0.74225 0.2833333333333333 0.0105 0.02266666666666667
0 0.79525 0.254 0.0135 0.032
1 0.81675 0.27366666666666667 0.0125 0.023333333333333334
2 0.82175 0.23866666666666667 0.0235 0.02
9 0.8265 0.247 0.024 0.027333333333333334
1 0.83175 0.27266666666666667 0.0135 0.024
1 0.856 0.27266666666666667 0.011 0.028
1 0.87325 0.271 0.0085 0.012666666666666666
1 0.87275 0.2713333333333333 0.0135 0.02666666666666667
3 0.92475 0.34833333333333333 0.0775 0.05
0 0.9515 0.31333333333333335 0.018 0.024
0 0.958 0.31933333333333336 0.016 0.025333333333333333
0 0.58725 0.29233333333333333 0.0095 0.03
0 0.47025 0.252 0.0075 0.028
9 0.44125 0.234 0.0135 0.029333333333333333
0 0.407 0.218 0.007 0.025333333333333333
1 0.41225 0.214 0.0065 0.010666666666666666
0 0.44075 0.204 0.0065 0.025333333333333333
0 0.4395 0.19766666666666666 0.014 0.027333333333333334
0 0.43675 0.193 0.0085 0.03
5 0.37425 0.223 0.0425 0.13533333333333333
0 0.46075 0.136 0.0075 0.029333333333333333
0 0.44725 0.13166666666666665 0.0085 0.03
5 0.43275 0.10866666666666666 0.0295 0.08
0 0.44725 0.109 0.0085 0.027333333333333334
1 0.506 0.168 0.009 0.016
1 0.5065 0.15933333333333333 0.009 0.021333333333333333
9 0.5065 0.16766666666666666 0.009 0.028666666666666667
4 0.53975 0.20233333333333334 0.0335 0.06333333333333334
5 0.4335 0.04566666666666667 0.025 0.058
5 0.538 0.047 0.05 0.062
4 0.51425 0.021333333333333333 0.0225 0.042666666666666665