0 0.6731617647058824 0.8405228758169935 0.009558823529411765 0.04183006535947712
0 0.6849264705882353 0.842483660130719 0.009558823529411765 0.040522875816993466
3 0.4334558823529412 0.9699346405228758 0.03308823529411765 0.06013071895424837
4 0.4823529411764706 0.973202614379085 0.030882352941176472 0.05359477124183006
9 0.5992647058823529 0.9084967320261438 0.013235294117647059 0.054901960784313725
1 0.6 0.903921568627451 0.011764705882352941 0.040522875816993466
3 0.4823529411764706 0.8352941176470589 0.033823529411764704 0.11241830065359477
3 0.5488970588235295 0.5797385620915033 0.025735294117647058 0.06666666666666667
5 0.4308823529411765 0.8339869281045752 0.033823529411764704 0.12287581699346405
3 0.4363970588235294 0.5882352941176471 0.027205882352941177 0.08366013071895424
3 0.4363970588235294 0.7084967320261438 0.028676470588235293 0.08888888888888889
5 0.4834558823529412 0.6633986928104575 0.03455882352941177 0.16339869281045752
3 0.48566176470588235 0.5562091503267974 0.028676470588235293 0.07450980392156863
3 0.5330882352941176 0.44575163398692813 0.023529411764705882 0.05228758169934641
3 0.5345588235294118 0.3568627450980392 0.01911764705882353 0.0392156862745098
3 0.49669117647058825 0.41830065359477125 0.01838235294117647 0.047058823529411764
4 0.4834558823529412 0.4588235294117647 0.021323529411764706 0.06797385620915032
3 0.49522058823529413 0.29477124183006537 0.01838235294117647 0.040522875816993466
5 0.4632352941176471 0.33137254901960783 0.027941176470588237 0.09019607843137255
4 0.45808823529411763 0.2601307189542484 0.022058823529411766 0.05751633986928104
5 0.30808823529411766 0.14183006535947712 0.01911764705882353 0.06143790849673202
3 0.4360294117647059 0.03725490196078431 0.010294117647058823 0.032679738562091505
0 0.5908088235294118 0.27647058823529413 0.009558823529411765 0.027450980392156862
8 0.5772058823529411 0.30392156862745096 0.033823529411764704 0.11372549019607843
9 0.6415441176470589 0.2150326797385621 0.011029411764705883 0.01699346405228758
3 0.4988970588235294 0.18104575163398692 0.015441176470588236 0.032679738562091505
4 0.5227941176470589 0.20065359477124184 0.014705882352941176 0.03529411764705882
8 0.55625 0.22091503267973855 0.03161764705882353 0.0915032679738562
3 0.555514705882353 0.17712418300653596 0.021323529411764706 0.027450980392156862
4 0.5650735294117647 0.15751633986928104 0.0125 0.032679738562091505
0 0.5683823529411764 0.09542483660130718 0.004411764705882353 0.018300653594771243
3 0.5610294117647059 0.13137254901960785 0.014705882352941176 0.02483660130718954
4 0.5227941176470589 0.14183006535947712 0.014705882352941176 0.03529411764705882
3 0.5286764705882353 0.11241830065359477 0.013235294117647059 0.026143790849673203
3 0.5511029411764706 0.07908496732026143 0.0125 0.022222222222222223
3 0.4852941176470588 0.11633986928104575 0.013235294117647059 0.02875816993464052
3 0.4724264705882353 0.03137254901960784 0.0125 0.02091503267973856
3 0.47610294117647056 0.006535947712418301 0.0125 0.013071895424836602
4 0.4944852941176471 0.05228758169934641 0.0125 0.036601307189542485
3 0.5213235294117647 0.0718954248366013 0.013235294117647059 0.026143790849673203
3 0.5147058823529411 0.043137254901960784 0.010294117647058823 0.018300653594771243
3 0.5463235294117647 0.05228758169934641 0.011764705882352941 0.023529411764705882
8 0.5455882352941176 0.022222222222222223 0.016176470588235296 0.044444444444444446
4 0.5305147058823529 0.04183006535947712 0.011029411764705883 0.026143790849673203
5 0.5261029411764706 0.016339869281045753 0.0125 0.032679738562091505
3 0.21580882352941178 0.22026143790849673 0.019852941176470587 0.032679738562091505
5 0.10955882352941176 0.22875816993464052 0.060294117647058824 0.047058823529411764
3 0.1426470588235294 0.3535947712418301 0.03676470588235294 0.050980392156862744
3 0.11470588235294117 0.3464052287581699 0.030882352941176472 0.047058823529411764
3 0.08345588235294117 0.3483660130718954 0.03308823529411765 0.048366013071895426
3 0.04375 0.34901960784313724 0.04044117647058824 0.054901960784313725
3 0.007720588235294118 0.365359477124183 0.015441176470588236 0.050980392156862744
3 0.9878676470588236 0.22156862745098038 0.02426470588235294 0.027450980392156862
3 0.9886029411764706 0.20261437908496732 0.022794117647058822 0.023529411764705882
3 0.924264705882353 0.4084967320261438 0.052941176470588235 0.050980392156862744
3 0.794485294117647 0.2633986928104575 0.022794117647058822 0.043137254901960784
3 0.8426470588235294 0.3254901960784314 0.03823529411764706 0.05228758169934641
3 0.8632352941176471 0.40065359477124185 0.029411764705882353 0.07450980392156863
3 0.9352941176470588 0.2457516339869281 0.03676470588235294 0.03398692810457516
3 0.9172794117647058 0.24836601307189543 0.03308823529411765 0.03137254901960784
3 0.8974264705882353 0.24901960784313726 0.027205882352941177 0.027450980392156862
3 0.8779411764705882 0.25098039215686274 0.029411764705882353 0.03398692810457516
3 0.9639705882352941 0.17777777777777778 0.029411764705882353 0.0392156862745098
3 0.9411764705882353 0.1843137254901961 0.025 0.026143790849673203
3 0.9213235294117647 0.1843137254901961 0.025 0.026143790849673203
3 0.8963235294117647 0.1830065359477124 0.027941176470588237 0.036601307189542485
3 0.8805147058823529 0.18758169934640523 0.025735294117647058 0.032679738562091505
3 0.8639705882352942 0.1869281045751634 0.026470588235294117 0.03398692810457516
3 0.8459558823529412 0.19215686274509805 0.022794117647058822 0.03398692810457516
0 0.9268382352941177 0.13986928104575164 0.005147058823529412 0.02091503267973856
0 0.9323529411764706 0.1392156862745098 0.0058823529411764705 0.022222222222222223
0 0.9371323529411765 0.14313725490196078 0.005147058823529412 0.022222222222222223
3 0.9408088235294118 0.1588235294117647 0.02426470588235294 0.027450980392156862
3 0.925 0.1607843137254902 0.025 0.02875816993464052
3 0.9091911764705882 0.1627450980392157 0.02426470588235294 0.027450980392156862
3 0.8919117647058824 0.1627450980392157 0.025 0.027450980392156862
3 0.875 0.16470588235294117 0.026470588235294117 0.023529411764705882
3 0.8584558823529411 0.16470588235294117 0.021323529411764706 0.026143790849673203
3 0.8400735294117647 0.16470588235294117 0.027205882352941177 0.026143790849673203
3 0.9084558823529412 0.13725490196078433 0.028676470588235293 0.02091503267973856
3 0.8022058823529412 0.16666666666666666 0.025 0.027450980392156862
3 0.7805147058823529 0.14313725490196078 0.03161764705882353 0.027450980392156862
3 0.8908088235294118 0.11830065359477124 0.019852941176470587 0.02483660130718954
3 0.8775735294117647 0.11764705882352941 0.016911764705882352 0.023529411764705882
3 0.8702205882352941 0.1 0.019852941176470587 0.02483660130718954
3 0.8613970588235295 0.11764705882352941 0.019852941176470587 0.026143790849673203
3 0.8455882352941176 0.11568627450980393 0.022058823529411766 0.030065359477124184
3 0.830514705882353 0.11830065359477124 0.021323529411764706 0.030065359477124184
3 0.8566176470588235 0.09934640522875816 0.016176470588235296 0.023529411764705882
3 0.8430147058823529 0.09869281045751634 0.01838235294117647 0.022222222222222223
3 0.8242647058823529 0.09934640522875816 0.01911764705882353 0.018300653594771243
3 0.8106617647058824 0.09803921568627451 0.019852941176470587 0.02875816993464052
3 0.7654411764705882 0.10392156862745099 0.020588235294117647 0.022222222222222223
3 0.7389705882352942 0.11045751633986928 0.01764705882352941 0.022222222222222223
3 0.8323529411764706 0.06601307189542484 0.01911764705882353 0.022222222222222223
3 0.81875 0.06666666666666667 0.01838235294117647 0.02091503267973856
3 0.805514705882353 0.06470588235294118 0.01838235294117647 0.02483660130718954
3 0.7908088235294117 0.06601307189542484 0.019852941176470587 0.027450980392156862
3 0.7764705882352941 0.06862745098039216 0.020588235294117647 0.02483660130718954
3 0.7503676470588235 0.07124183006535947 0.01838235294117647 0.022222222222222223
0 0.7143382352941177 0.12418300653594772 0.003676470588235294 0.023529411764705882
0 0.71875 0.12549019607843137 0.003676470588235294 0.023529411764705882
9 0.7540441176470588 0.13398692810457516 0.006617647058823529 0.01699346405228758
1 0.7533088235294118 0.1287581699346405 0.005147058823529412 0.01699346405228758
3 0.71875 0.07647058823529412 0.022794117647058822 0.02483660130718954
3 0.71875 0.0392156862745098 0.022794117647058822 0.018300653594771243
0 0.6996323529411764 0.07450980392156863 0.005147058823529412 0.02091503267973856
3 0.6996323529411764 0.050980392156862744 0.015441176470588236 0.026143790849673203
3 0.6893382352941176 0.03333333333333333 0.011029411764705883 0.022222222222222223
3 0.7191176470588235 0.011764705882352941 0.014705882352941176 0.01568627450980392
4 0.8158088235294118 0.0457516339869281 0.01838235294117647 0.026143790849673203
0 0.8 0.01699346405228758 0.0058823529411764705 0.02091503267973856
3 0.8029411764705883 0.052941176470588235 0.01911764705882353 0.01699346405228758
3 0.788235294117647 0.05228758169934641 0.01764705882352941 0.018300653594771243
3 0.7709558823529412 0.05163398692810457 0.01838235294117647 0.022222222222222223
3 0.774264705882353 0.027450980392156862 0.01764705882352941 0.02091503267973856
3 0.7720588235294118 0.01045751633986928 0.014705882352941176 0.018300653594771243
3 0.7588235294117647 0.013725490196078431 0.01764705882352941 0.01699346405228758
3 0.7621323529411764 0.030065359477124184 0.016911764705882352 0.02091503267973856
3 0.7459558823529412 0.013071895424836602 0.016911764705882352 0.018300653594771243
3 0.7492647058823529 0.028104575163398694 0.014705882352941176 0.0196078431372549
3 0.7511029411764706 0.05751633986928104 0.013970588235294118 0.023529411764705882