3 0.3142857142857143 0.16116751269035534 0.022857142857142857 0.06598984771573604
3 0.31857142857142856 0.23540609137055837 0.02 0.05964467005076142
3 0.3296428571428571 0.30076142131979694 0.023571428571428573 0.05583756345177665
3 0.44035714285714284 0.5050761421319797 0.04357142857142857 0.06598984771573604
3 0.46285714285714286 0.4784263959390863 0.03857142857142857 0.06091370558375635
3 0.4807142857142857 0.575507614213198 0.04857142857142857 0.06472081218274112
3 0.34464285714285714 0.6852791878172588 0.029285714285714286 0.09390862944162437
3 0.37642857142857145 0.6865482233502538 0.025714285714285714 0.08121827411167512
3 0.5114285714285715 0.48096446700507617 0.04285714285714286 0.06345177664974619
3 0.6067857142857143 0.7157360406091371 0.05357142857142857 0.07868020304568528
3 0.6664285714285715 0.7753807106598984 0.054285714285714284 0.08629441624365482
3 0.7257142857142858 0.8578680203045685 0.05714285714285714 0.09137055837563451
3 0.8932142857142857 0.9593908629441624 0.06642857142857143 0.07868020304568528
3 0.8560714285714286 0.8686548223350253 0.05785714285714286 0.0850253807106599
3 0.9592857142857143 0.9720812182741116 0.05714285714285714 0.0532994923857868
3 0.16392857142857142 0.7265228426395939 0.052142857142857144 0.03426395939086294
3 0.15964285714285714 0.7639593908629442 0.05357142857142857 0.03553299492385787
3 0.15714285714285714 0.8001269035532995 0.05285714285714286 0.04949238578680203
3 0.15464285714285714 0.8889593908629442 0.030714285714285715 0.08248730964467005
3 0.11714285714285715 0.8394670050761421 0.06571428571428571 0.04949238578680203
3 0.10928571428571429 0.8864213197969543 0.06142857142857143 0.044416243654822336
3 0.095 0.9321065989847716 0.06285714285714286 0.046954314720812185
3 0.08678571428571429 0.9771573604060914 0.065 0.04314720812182741
3 0.1417857142857143 0.9657360406091371 0.03642857142857143 0.06598984771573604
4 0.41928571428571426 0.4143401015228426 0.041428571428571426 0.07233502538071065
4 0.5135714285714286 0.5406091370558376 0.04 0.06345177664974619
4 0.5639285714285714 0.5374365482233503 0.047857142857142855 0.0799492385786802
4 0.5457142857142857 0.6338832487309645 0.04857142857142857 0.0799492385786802
4 0.6357142857142857 0.6751269035532995 0.04857142857142857 0.08629441624365482
4 0.7464285714285714 0.7392131979695431 0.05857142857142857 0.0901015228426396
4 0.6864285714285714 0.6694162436548223 0.05 0.08756345177664974
4 0.7214285714285714 0.7753807106598984 0.055714285714285716 0.08629441624365482
4 0.8046428571428571 0.8711928934010152 0.065 0.09517766497461928
5 0.8025 0.9365482233502538 0.075 0.11421319796954314
4 0.5635714285714286 0.7246192893401016 0.05142857142857143 0.08629441624365482
8 0.5707142857142857 0.6046954314720813 0.06714285714285714 0.09771573604060914
8 0.38 0.39911167512690354 0.08571428571428572 0.15862944162436549
0 0.42392857142857143 0.19289340101522842 0.010714285714285714 0.02284263959390863
0 0.4392857142857143 0.17956852791878172 0.008571428571428572 0.01649746192893401
0 0.43607142857142855 0.09771573604060914 0.0064285714285714285 0.02284263959390863