3 0.2864285714285714 0.12055837563451777 0.022857142857142857 0.04314720812182741
3 0.31464285714285717 0.2569796954314721 0.02642857142857143 0.05456852791878172
3 0.3914285714285714 0.3534263959390863 0.03142857142857143 0.05203045685279188
4 0.3892857142857143 0.07423857868020305 0.041428571428571426 0.044416243654822336
4 0.41964285714285715 0.11928934010152284 0.04071428571428572 0.04568527918781726
4 0.4282142857142857 0.14213197969543148 0.04071428571428572 0.04060913705583756
4 0.44107142857142856 0.16751269035532995 0.04214285714285714 0.048223350253807105
4 0.5410714285714285 0.4980964467005076 0.047857142857142855 0.046954314720812185
5 0.33321428571428574 0.5488578680203046 0.045 0.09263959390862944
8 0.37642857142857145 0.5203045685279187 0.025714285714285714 0.116751269035533
3 0.6296428571428572 0.4352791878172589 0.04357142857142857 0.0583756345177665
3 0.8260714285714286 0.2626903553299492 0.03357142857142857 0.048223350253807105
0 0.92 0.03934010152284264 0.008571428571428572 0.017766497461928935
0 0.8360714285714286 0.10025380710659898 0.0064285714285714285 0.017766497461928935
0 0.8289285714285715 0.13261421319796954 0.007857142857142858 0.021573604060913704
0 0.7078571428571429 0.22779187817258884 0.007142857142857143 0.01903553299492386
0 0.6875 0.25317258883248733 0.0064285714285714285 0.01903553299492386
0 0.7142857142857143 0.26015228426395937 0.007142857142857143 0.02284263959390863
8 0.8885714285714286 0.45241116751269034 0.10285714285714286 0.14593908629441624
8 0.7989285714285714 0.7144670050761421 0.10642857142857143 0.12690355329949238
8 0.8446428571428571 0.6941624365482234 0.09928571428571428 0.10406091370558376
8 0.8442857142857143 0.6376903553299492 0.09428571428571429 0.09771573604060914
8 0.8839285714285714 0.616751269035533 0.09357142857142857 0.09644670050761421
8 0.9385714285714286 0.875 0.12285714285714286 0.2017766497461929