4 0.38035714285714284 0.7829949238578681 0.030714285714285715 0.10406091370558376
4 0.47 0.2703045685279188 0.02142857142857143 0.06091370558375635
4 0.4525 0.04631979695431472 0.017857142857142856 0.046954314720812185
4 0.41464285714285715 0.7937817258883249 0.035 0.10532994923857868
5 0.41464285714285715 0.49048223350253806 0.03357142857142857 0.11802030456852793
5 0.4521428571428571 0.42956852791878175 0.03428571428571429 0.13324873096446702
3 0.3985714285714286 0.649746192893401 0.027142857142857142 0.08121827411167512
3 0.42607142857142855 0.6624365482233503 0.027857142857142858 0.08375634517766498
3 0.44535714285714284 0.5666243654822335 0.025 0.06725888324873096
3 0.42142857142857143 0.40482233502538073 0.02142857142857143 0.048223350253807105
3 0.43107142857142855 0.3267766497461929 0.019285714285714285 0.05710659898477157
3 0.465 0.3381979695431472 0.02142857142857143 0.06218274111675127
3 0.44107142857142856 0.2569796954314721 0.019285714285714285 0.05203045685279188
3 0.475 0.19543147208121828 0.017142857142857144 0.048223350253807105
3 0.44107142857142856 0.18972081218274112 0.019285714285714285 0.04187817258883249
8 0.4471428571428571 0.10723350253807107 0.02142857142857143 0.07487309644670051
5 0.4767857142857143 0.1116751269035533 0.025 0.09898477157360407
3 0.4807142857142857 0.05139593908629442 0.017142857142857144 0.031725888324873094
3 0.5346428571428572 0.15355329949238578 0.017857142857142856 0.06345177664974619
3 0.11 0.30710659898477155 0.025714285714285714 0.0583756345177665
3 0.14392857142857143 0.3026649746192893 0.04642857142857143 0.03426395939086294
3 0.14392857142857143 0.26903553299492383 0.04214285714285714 0.030456852791878174
3 0.17714285714285713 0.07677664974619289 0.03428571428571429 0.0266497461928934
3 0.31214285714285717 0.031725888324873094 0.018571428571428572 0.03807106598984772
3 0.32785714285714285 0.05964467005076142 0.037142857142857144 0.027918781725888325
3 0.3539285714285714 0.10025380710659898 0.02214285714285714 0.04060913705583756
3 0.085 0.2639593908629442 0.041428571428571426 0.03299492385786802
3 0.09178571428571429 0.31091370558375636 0.027857142857142858 0.06345177664974619
3 0.04071428571428572 0.12055837563451777 0.03857142857142857 0.03299492385786802
3 0.04642857142857143 0.15101522842639595 0.041428571428571426 0.03553299492385787
3 0.03321428571428572 0.17576142131979697 0.03214285714285714 0.0266497461928934
3 0.06392857142857143 0.1802030456852792 0.035 0.03553299492385787
3 0.10142857142857142 0.1998730964467005 0.055714285714285716 0.046954314720812185
3 0.08535714285714285 0.2233502538071066 0.056428571428571425 0.048223350253807105
3 0.04285714285714286 0.22588832487309646 0.037142857142857144 0.027918781725888325
3 0.041428571428571426 0.25380710659898476 0.041428571428571426 0.03553299492385787
3 0.09142857142857143 0.16307106598984772 0.041428571428571426 0.03426395939086294
3 0.35928571428571426 0.06408629441624365 0.03857142857142857 0.02918781725888325
3 0.36714285714285716 0.04631979695431472 0.03428571428571429 0.024111675126903553
3 0.33464285714285713 0.04187817258883249 0.03214285714285714 0.025380710659898477
3 0.375 0.020939086294416244 0.03571428571428571 0.02918781725888325
5 0.16642857142857143 0.1548223350253807 0.05 0.050761421319796954
5 0.15928571428571428 0.11738578680203046 0.08428571428571428 0.06472081218274112
3 0.06714285714285714 0.30583756345177665 0.03 0.0583756345177665
4 0.9517857142857142 0.07550761421319797 0.04642857142857143 0.04187817258883249