3 0.0875 0.1199238578680203 0.009285714285714286 0.013959390862944163
3 0.08928571428571429 0.157994923857868 0.01 0.01649746192893401
4 0.07571428571428572 0.141497461928934 0.008571428571428572 0.021573604060913704
5 0.11535714285714285 0.12436548223350254 0.016428571428571428 0.025380710659898477
3 0.06285714285714286 0.1935279187817259 0.018571428571428572 0.021573604060913704
3 0.3221428571428571 0.6027918781725888 0.018571428571428572 0.03299492385786802
4 0.3492857142857143 0.7354060913705583 0.032857142857142856 0.044416243654822336
8 0.405 0.21637055837563451 0.041428571428571426 0.044416243654822336
3 0.4925 0.47017766497461927 0.02214285714285714 0.01903553299492386
3 0.6107142857142858 0.41624365482233505 0.02 0.02030456852791878
1 0.6814285714285714 0.17893401015228427 0.002857142857142857 0.007614213197969543
9 0.6814285714285714 0.1814720812182741 0.002857142857142857 0.01015228426395939
4 0.6378571428571429 0.044416243654822336 0.007142857142857143 0.012690355329949238
4 0.6842857142857143 0.01015228426395939 0.008571428571428572 0.01015228426395939
4 0.7096428571428571 0.02728426395939086 0.007857142857142858 0.011421319796954314
4 0.8167857142857143 0.18464467005076143 0.013571428571428571 0.013959390862944163
3 0.8003571428571429 0.09200507614213198 0.012142857142857143 0.013959390862944163
3 0.8657142857142858 0.16307106598984772 0.014285714285714285 0.01903553299492386
4 0.8378571428571429 0.13071065989847716 0.012857142857142857 0.02030456852791878
0 0.8578571428571429 0.2233502538071066 0.002857142857142857 0.012690355329949238
0 0.8425 0.2296954314720812 0.0035714285714285713 0.01015228426395939
0 0.8453571428571428 0.23223350253807107 0.0035714285714285713 0.012690355329949238
8 0.9785714285714285 0.22144670050761422 0.041428571428571426 0.03426395939086294
8 0.9846428571428572 0.20304568527918782 0.030714285714285715 0.03299492385786802
8 0.9914285714285714 0.18464467005076143 0.017142857142857144 0.031725888324873094
5 0.7646428571428572 0.027918781725888325 0.016428571428571428 0.015228426395939087
5 0.7675 0.025380710659898477 0.013571428571428571 0.015228426395939087
4 0.835 0.056472081218274114 0.011428571428571429 0.013959390862944163
5 0.7953571428571429 0.07360406091370558 0.015 0.02030456852791878
5 0.8514285714285714 0.06852791878172589 0.017142857142857144 0.017766497461928935
4 0.8385714285714285 0.005076142131979695 0.01 0.007614213197969543
4 0.8689285714285714 0.006979695431472081 0.007857142857142858 0.006345177664974619
8 0.9135714285714286 0.01015228426395939 0.017142857142857144 0.012690355329949238