8 0.23285714285714285 0.7062182741116751 0.06428571428571428 0.23223350253807107
8 0.27214285714285713 0.6833756345177665 0.07142857142857142 0.22208121827411167
8 0.3892857142857143 0.6154822335025381 0.08428571428571428 0.20558375634517767
8 0.42392857142857143 0.5983502538071066 0.07785714285714286 0.20431472081218274
8 0.5603571428571429 0.5095177664974619 0.08214285714285714 0.16370558375634517
5 0.5014285714285714 0.399746192893401 0.045714285714285714 0.08629441624365482
5 0.5403571428571429 0.41243654822335024 0.05071428571428571 0.08883248730964467
5 0.8632142857142857 0.8153553299492385 0.18071428571428572 0.15862944162436549
5 0.685 0.6618020304568528 0.08142857142857143 0.1383248730964467
5 0.026785714285714284 0.7855329949238579 0.05357142857142857 0.09644670050761421
5 0.0125 0.8546954314720813 0.025 0.07233502538071065
5 0.01107142857142857 0.9118020304568528 0.02214285714285714 0.0850253807106599
4 0.17714285714285713 0.9048223350253807 0.04428571428571428 0.13705583756345177
4 0.5082142857142857 0.9714467005076142 0.04357142857142857 0.05456852791878172
4 0.5407142857142857 0.9555837563451777 0.05142857142857143 0.08629441624365482
4 0.5728571428571428 0.9447969543147208 0.055714285714285716 0.10786802030456853
4 0.6078571428571429 0.9314720812182741 0.05285714285714286 0.11928934010152284
3 0.34714285714285714 0.9758883248730964 0.03142857142857143 0.04568527918781726
3 0.48642857142857143 0.7201776649746193 0.047142857142857146 0.09771573604060914
3 0.6271428571428571 0.5774111675126904 0.041428571428571426 0.06598984771573604
3 0.5896428571428571 0.5050761421319797 0.03357142857142857 0.06091370558375635
4 0.4764285714285714 0.2963197969543147 0.03 0.044416243654822336
3 0.4203571428571429 0.23477157360406092 0.023571428571428573 0.04314720812182741
3 0.45357142857142857 0.30456852791878175 0.022857142857142857 0.04314720812182741
3 0.4203571428571429 0.20241116751269037 0.020714285714285713 0.0266497461928934
3 0.40035714285714286 0.20304568527918782 0.019285714285714285 0.030456852791878174
3 0.435 0.22715736040609136 0.018571428571428572 0.03553299492385787
4 0.4075 0.1732233502538071 0.02214285714285714 0.04187817258883249
5 0.3807142857142857 0.16434010152284265 0.02857142857142857 0.05964467005076142
0 0.5192857142857142 0.28045685279187815 0.005714285714285714 0.025380710659898477
0 0.5153571428571428 0.2760152284263959 0.005 0.01903553299492386
0 0.4739285714285714 0.2315989847715736 0.005 0.021573604060913704
4 0.36357142857142855 0.0850253807106599 0.03428571428571429 0.06598984771573604