0 0.7890625 0.11203703703703703 0.021875 0.07592592592592592
1 0.6010416666666667 0.11018518518518519 0.014583333333333334 0.03148148148148148
0 0.0296875 0.19814814814814816 0.036458333333333336 0.10740740740740741
0 0.17760416666666667 0.24444444444444444 0.03854166666666667 0.14814814814814814
0 0.09635416666666667 0.1925925925925926 0.042708333333333334 0.07777777777777778
0 0.22916666666666666 0.08888888888888889 0.014583333333333334 0.06296296296296296
0 0.3421875 0.9351851851851852 0.078125 0.12962962962962962
0 0.43333333333333335 0.45740740740740743 0.04791666666666667 0.18518518518518517
0 0.5421875 0.2953703703703704 0.036458333333333336 0.09444444444444444
0 0.48333333333333334 0.4148148148148148 0.052083333333333336 0.17777777777777778
0 0.5734375 0.4638888888888889 0.042708333333333334 0.20555555555555555
0 0.6203125 0.4583333333333333 0.042708333333333334 0.20185185185185187
0 0.6270833333333333 0.32314814814814813 0.0375 0.1537037037037037
0 0.6958333333333333 0.41574074074074074 0.04583333333333333 0.19074074074074074
0 0.76875 0.37037037037037035 0.04791666666666667 0.17777777777777778
0 0.6921875 0.37222222222222223 0.030208333333333334 0.1814814814814815
0 0.7192708333333333 0.35833333333333334 0.03854166666666667 0.1574074074074074
0 0.37447916666666664 0.2462962962962963 0.028125 0.12222222222222222
9 0.007291666666666667 0.075 0.014583333333333334 0.03518518518518519
3 0.028645833333333332 0.07592592592592592 0.013541666666666667 0.040740740740740744
3 0.05 0.07222222222222222 0.025 0.022222222222222223
3 0.058333333333333334 0.07962962962962963 0.014583333333333334 0.037037037037037035
9 0.09166666666666666 0.06944444444444445 0.014583333333333334 0.03888888888888889
9 0.14895833333333333 0.06388888888888888 0.016666666666666666 0.046296296296296294
9 0.12395833333333334 0.06574074074074074 0.029166666666666667 0.046296296296296294
9 0.1734375 0.062037037037037036 0.023958333333333335 0.05
0 0.22083333333333333 0.05185185185185185 0.014583333333333334 0.04814814814814815
9 0.2453125 0.058333333333333334 0.017708333333333333 0.04259259259259259
0 0.2984375 0.07407407407407407 0.019791666666666666 0.05555555555555555
0 0.321875 0.075 0.014583333333333334 0.05740740740740741
9 0.3229166666666667 0.05740740740740741 0.020833333333333332 0.03333333333333333
9 0.34739583333333335 0.05185185185185185 0.013541666666666667 0.03333333333333333
0 0.34270833333333334 0.07962962962962963 0.016666666666666666 0.05555555555555555
0 0.3484375 0.13425925925925927 0.021875 0.07222222222222222
0 0.35572916666666665 0.16666666666666666 0.017708333333333333 0.08148148148148149
1 0.48489583333333336 0.2518518518518518 0.026041666666666668 0.06296296296296296
1 0.5088541666666667 0.25 0.026041666666666668 0.07407407407407407
0 0.44583333333333336 0.1824074074074074 0.020833333333333332 0.09444444444444444
0 0.4005208333333333 0.17962962962962964 0.021875 0.1
0 0.3776041666666667 0.15648148148148147 0.021875 0.08703703703703704
0 0.4005208333333333 0.1675925925925926 0.017708333333333333 0.08703703703703704
0 0.4036458333333333 0.1398148148148148 0.017708333333333333 0.09074074074074075
0 0.42083333333333334 0.1537037037037037 0.020833333333333332 0.08518518518518518
0 0.446875 0.15833333333333333 0.025 0.08703703703703704
0 0.45625 0.1398148148148148 0.01875 0.07962962962962963
0 0.4505208333333333 0.12222222222222222 0.019791666666666666 0.07407407407407407
0 0.41822916666666665 0.12407407407407407 0.017708333333333333 0.07037037037037037
1 0.55625 0.1925925925925926 0.022916666666666665 0.07037037037037037
1 0.54375 0.19907407407407407 0.029166666666666667 0.05
2 0.5609375 0.1638888888888889 0.036458333333333336 0.05
1 0.5177083333333333 0.11944444444444445 0.016666666666666666 0.06111111111111111
1 0.4713541666666667 0.09074074074074075 0.015625 0.044444444444444446
1 0.465625 0.08055555555555556 0.01875 0.05
0 0.4791666666666667 0.07685185185185185 0.014583333333333334 0.06111111111111111
0 0.5932291666666667 0.1787037037037037 0.019791666666666666 0.07962962962962963
1 0.7338541666666667 0.9388888888888889 0.08229166666666667 0.12222222222222222
1 0.7890625 0.9203703703703704 0.11354166666666667 0.15185185185185185
1 0.8578125 0.4351851851851852 0.065625 0.08888888888888889
1 0.8598958333333333 0.34629629629629627 0.03854166666666667 0.08148148148148149
0 0.9286458333333333 0.287962962962963 0.034375 0.1388888888888889
0 0.8932291666666666 0.24074074074074073 0.040625 0.12222222222222222
0 0.9838541666666667 0.31851851851851853 0.03229166666666667 0.1259259259259259
0 0.9515625 0.23148148148148148 0.034375 0.1111111111111111
0 0.8958333333333334 0.19074074074074074 0.03125 0.1
0 0.7255208333333333 0.19722222222222222 0.021875 0.07962962962962963
0 0.6494791666666667 0.1398148148148148 0.021875 0.09074074074074075
1 0.6208333333333333 0.18425925925925926 0.020833333333333332 0.07592592592592592
0 0.6151041666666667 0.17314814814814813 0.028125 0.06111111111111111
0 0.6208333333333333 0.12407407407407407 0.022916666666666665 0.08888888888888889
0 0.6723958333333333 0.13333333333333333 0.019791666666666666 0.07777777777777778
0 0.6692708333333334 0.125 0.023958333333333335 0.09074074074074075
0 0.746875 0.1398148148148148 0.029166666666666667 0.09444444444444444
0 0.5557291666666667 0.06111111111111111 0.013541666666666667 0.05555555555555555
0 0.8848958333333333 0.10833333333333334 0.015625 0.06111111111111111
1 0.8989583333333333 0.07962962962962963 0.016666666666666666 0.03333333333333333
0 0.85625 0.04722222222222222 0.01875 0.03518518518518519
0 0.8473958333333333 0.04259259259259259 0.013541666666666667 0.05925925925925926
0 0.3734375 0.07962962962962963 0.015625 0.06296296296296296
1 0.5520833333333334 0.10833333333333334 0.03125 0.03148148148148148
0 0.5401041666666667 0.07777777777777778 0.013541666666666667 0.05925925925925926
9 0.38177083333333334 0.05185185185185185 0.019791666666666666 0.03333333333333333
1 0.6046875 0.05925925925925926 0.013541666666666667 0.05555555555555555