3 0.84875 0.9266666666666666 0.1335 0.13066666666666665
3 0.671 0.8343333333333334 0.136 0.12466666666666666
6 0.65075 0.5636666666666666 0.0725 0.06066666666666667
1 0.606 0.6586666666666666 0.018 0.037333333333333336
1 0.61 0.6266666666666667 0.016 0.025333333333333333
1 0.57175 0.6026666666666667 0.0185 0.02666666666666667
0 0.46475 0.497 0.0175 0.038
1 0.526 0.428 0.02 0.02666666666666667
0 0.59325 0.4196666666666667 0.0135 0.04466666666666667
0 0.60975 0.38 0.0135 0.042666666666666665
0 0.54525 0.366 0.0165 0.04133333333333333
0 0.67725 0.301 0.0155 0.038
0 0.5465 0.9643333333333334 0.021 0.03
0 0.48175 0.9266666666666666 0.0175 0.02666666666666667
0 0.46525 0.9546666666666667 0.0205 0.034666666666666665
3 0.49375 0.7433333333333333 0.1345 0.12933333333333333
3 0.344 0.673 0.126 0.078
3 0.22025 0.607 0.1095 0.09266666666666666
3 0.1225 0.55 0.085 0.084
3 0.331 0.954 0.148 0.092
1 0.15875 0.9926666666666667 0.0345 0.014666666666666666
3 0.01675 0.795 0.0335 0.08733333333333333
4 0.03825 0.495 0.0765 0.11533333333333333