0 0.05073529411764706 0.6849673202614379 0.025 0.08366013071895424
1 0.06507352941176471 0.6555555555555556 0.021323529411764706 0.043137254901960784
1 0.04595588235294118 0.6594771241830065 0.021323529411764706 0.043137254901960784
1 0.040808823529411765 0.6620915032679738 0.021323529411764706 0.043137254901960784
0 0.5430147058823529 0.5104575163398692 0.016911764705882352 0.0718954248366013
0 0.6378676470588235 0.6986928104575163 0.016911764705882352 0.07973856209150326
0 0.6613970588235294 0.703921568627451 0.019852941176470587 0.08235294117647059
0 0.9154411764705882 0.822875816993464 0.023529411764705882 0.07973856209150326
9 0.7613970588235294 0.6882352941176471 0.04485294117647059 0.06928104575163399
3 0.8297794117647059 0.9588235294117647 0.09779411764705882 0.08235294117647059
3 0.7441176470588236 0.8183006535947712 0.12205882352941176 0.17516339869281045
0 0.6584558823529412 0.85359477124183 0.021323529411764706 0.09411764705882353
0 0.669485294117647 0.8477124183006536 0.021323529411764706 0.09281045751633987
7 0.8783088235294118 0.5392156862745098 0.05808823529411765 0.12941176470588237
6 0.8088235294117647 0.530718954248366 0.052941176470588235 0.10457516339869281
6 0.8492647058823529 0.49084967320261436 0.07058823529411765 0.07712418300653595
3 0.6963235294117647 0.5745098039215686 0.08970588235294118 0.1111111111111111
0 0.6466911764705883 0.6522875816993464 0.013970588235294118 0.04183006535947712
1 0.5338235294117647 0.6418300653594772 0.01911764705882353 0.06013071895424837
9 0.5330882352941176 0.6549019607843137 0.027941176470588237 0.07320261437908497
4 0.5908088235294118 0.5339869281045752 0.07279411764705883 0.10588235294117647
0 0.7415441176470589 0.4764705882352941 0.013970588235294118 0.06405228758169934
1 0.725 0.4326797385620915 0.011764705882352941 0.02875816993464052
6 0.7382352941176471 0.4503267973856209 0.058823529411764705 0.050980392156862744
6 0.9253676470588236 0.4875816993464052 0.05661764705882353 0.08366013071895424
0 0.9338235294117647 0.4522875816993464 0.016176470588235296 0.05751633986928104
0 0.9628676470588236 0.42745098039215684 0.01838235294117647 0.05751633986928104
3 0.5422794117647058 0.43333333333333335 0.05220588235294118 0.07712418300653595
3 0.6165441176470589 0.4503267973856209 0.027205882352941177 0.05359477124183006
3 0.5801470588235295 0.3607843137254902 0.029411764705882353 0.0392156862745098
0 0.06544117647058824 0.469281045751634 0.020588235294117647 0.06797385620915032
0 0.05772058823529412 0.46405228758169936 0.015441176470588236 0.06013071895424837
6 0.2672794117647059 0.42091503267973857 0.04632352941176471 0.06274509803921569
9 0.22683823529411765 0.42091503267973857 0.03308823529411765 0.044444444444444446
1 0.4547794117647059 0.4300653594771242 0.009558823529411765 0.0392156862745098
1 0.4536764705882353 0.4196078431372549 0.016176470588235296 0.047058823529411764
1 0.41360294117647056 0.35490196078431374 0.0125 0.0457516339869281
1 0.43308823529411766 0.3215686274509804 0.011764705882352941 0.0392156862745098
1 0.425 0.2856209150326797 0.011764705882352941 0.032679738562091505
2 0.4338235294117647 0.3366013071895425 0.011764705882352941 0.03529411764705882
2 0.45551470588235293 0.4320261437908497 0.01838235294117647 0.048366013071895426
2 0.41507352941176473 0.36405228758169933 0.01838235294117647 0.048366013071895426
9 0.10477941176470588 0.43333333333333335 0.022794117647058822 0.05359477124183006
9 0.06654411764705882 0.4176470588235294 0.04044117647058824 0.043137254901960784
1 0.21360294117647058 0.3633986928104575 0.0125 0.03137254901960784
3 0.2363970588235294 0.3810457516339869 0.09632352941176471 0.08235294117647059
0 0.07279411764705883 0.3196078431372549 0.014705882352941176 0.0457516339869281
1 0.09669117647058824 0.3202614379084967 0.015441176470588236 0.047058823529411764
1 0.08161764705882353 0.2954248366013072 0.016176470588235296 0.02875816993464052
2 0.11360294117647059 0.27320261437908494 0.013970588235294118 0.036601307189542485
0 0.15551470588235294 0.2980392156862745 0.013970588235294118 0.02875816993464052
9 0.5595588235294118 0.34248366013071896 0.014705882352941176 0.04183006535947712
3 0.4919117647058823 0.3509803921568627 0.05588235294117647 0.07450980392156863
2 0.518014705882353 0.32222222222222224 0.027205882352941177 0.022222222222222223
6 0.5639705882352941 0.29477124183006537 0.041176470588235294 0.06143790849673202
6 0.611764705882353 0.2869281045751634 0.04852941176470588 0.058823529411764705
6 0.6154411764705883 0.24183006535947713 0.04264705882352941 0.044444444444444446
6 0.5738970588235294 0.25882352941176473 0.04191176470588235 0.03398692810457516
1 0.5544117647058824 0.24705882352941178 0.011764705882352941 0.02875816993464052
1 0.5772058823529411 0.25098039215686274 0.013235294117647059 0.026143790849673203
1 0.5919117647058824 0.24444444444444444 0.013235294117647059 0.026143790849673203
1 0.5823529411764706 0.23986928104575164 0.010294117647058823 0.02483660130718954
1 0.5261029411764706 0.23660130718954248 0.011029411764705883 0.026143790849673203
2 0.5518382352941177 0.2235294117647059 0.021323529411764706 0.02875816993464052
0 0.12316176470588236 0.265359477124183 0.009558823529411765 0.03398692810457516
0 0.13345588235294117 0.2581699346405229 0.015441176470588236 0.050980392156862744
0 0.08786764705882352 0.26143790849673204 0.013970588235294118 0.047058823529411764
1 0.07058823529411765 0.265359477124183 0.014705882352941176 0.03137254901960784
1 0.07169117647058823 0.25882352941176473 0.016911764705882352 0.02875816993464052
1 0.07463235294117647 0.2549019607843137 0.0125 0.026143790849673203
9 0.11066176470588235 0.22745098039215686 0.022794117647058822 0.02875816993464052
9 0.12536764705882353 0.15359477124183007 0.01838235294117647 0.0196078431372549
9 0.13161764705882353 0.14248366013071895 0.01911764705882353 0.023529411764705882
0 0.12463235294117647 0.08431372549019608 0.008088235294117648 0.032679738562091505
0 0.1426470588235294 0.13202614379084968 0.008823529411764706 0.03398692810457516
3 0.1547794117647059 0.11503267973856209 0.04338235294117647 0.0392156862745098
3 0.26580882352941176 0.3026143790849673 0.05955882352941176 0.07712418300653595
3 0.31066176470588236 0.20784313725490197 0.028676470588235293 0.05228758169934641
3 0.3025735294117647 0.11633986928104575 0.02426470588235294 0.036601307189542485
3 0.2827205882352941 0.06470588235294118 0.022794117647058822 0.040522875816993466
3 0.29963235294117646 0.030065359477124184 0.01838235294117647 0.026143790849673203
3 0.275 0.034640522875816995 0.01911764705882353 0.030065359477124184
3 0.36433823529411763 0.0869281045751634 0.022794117647058822 0.030065359477124184
3 0.2580882352941177 0.26666666666666666 0.033823529411764704 0.05751633986928104
3 0.25036764705882353 0.2261437908496732 0.03455882352941177 0.05751633986928104
3 0.24816176470588236 0.1830065359477124 0.030147058823529412 0.047058823529411764
2 0.23566176470588235 0.1588235294117647 0.015441176470588236 0.027450980392156862
1 0.2786764705882353 0.16013071895424835 0.011764705882352941 0.032679738562091505
1 0.3 0.14313725490196078 0.007352941176470588 0.02483660130718954
1 0.2650735294117647 0.1065359477124183 0.008088235294117648 0.032679738562091505
1 0.3474264705882353 0.08300653594771241 0.006617647058823529 0.0196078431372549
3 0.3463235294117647 0.05032679738562092 0.022058823529411766 0.027450980392156862
2 0.2783088235294118 0.17058823529411765 0.008088235294117648 0.032679738562091505
2 0.3003676470588235 0.15490196078431373 0.009558823529411765 0.027450980392156862
2 0.26544117647058824 0.11372549019607843 0.007352941176470588 0.023529411764705882
3 0.2301470588235294 0.13398692810457516 0.04264705882352941 0.03790849673202614
3 0.24705882352941178 0.11568627450980393 0.020588235294117647 0.040522875816993466
3 0.16691176470588234 0.07777777777777778 0.041176470588235294 0.032679738562091505
3 0.4363970588235294 0.2372549019607843 0.03455882352941177 0.05620915032679739
0 0.42573529411764705 0.08627450980392157 0.008823529411764706 0.03137254901960784
0 0.41801470588235295 0.08758169934640522 0.008088235294117648 0.03137254901960784
0 0.41801470588235295 0.05555555555555555 0.005147058823529412 0.030065359477124184
3 0.39558823529411763 0.07124183006535947 0.04264705882352941 0.030065359477124184
3 0.3963235294117647 0.06143790849673202 0.030882352941176472 0.023529411764705882
3 0.37683823529411764 0.03725490196078431 0.0375 0.02483660130718954
3 0.3698529411764706 0.020261437908496733 0.03823529411764706 0.02483660130718954
0 0.39301470588235293 0.025490196078431372 0.006617647058823529 0.022222222222222223
0 0.40147058823529413 0.02091503267973856 0.004411764705882353 0.023529411764705882
3 0.3371323529411765 0.03137254901960784 0.01838235294117647 0.023529411764705882
3 0.3323529411764706 0.021568627450980392 0.01911764705882353 0.02483660130718954
0 0.31176470588235294 0.013071895424836602 0.0058823529411764705 0.026143790849673203
0 0.3014705882352941 0.01437908496732026 0.0058823529411764705 0.026143790849673203