0 0.9702205882352941 0.7143790849673203 0.030147058823529412 0.07712418300653595
0 0.76875 0.7679738562091504 0.027205882352941177 0.07712418300653595
0 0.7533088235294118 0.7183006535947712 0.01838235294117647 0.07973856209150326
0 0.768014705882353 0.7294117647058823 0.019852941176470587 0.07058823529411765
1 0.9224264705882353 0.6006535947712418 0.02426470588235294 0.06405228758169934
3 0.7297794117647058 0.6111111111111112 0.0625 0.1450980392156863
3 0.5713235294117647 0.5241830065359477 0.08823529411764706 0.10196078431372549
3 0.4455882352941177 0.32745098039215687 0.058823529411764705 0.0718954248366013
3 0.4772058823529412 0.3895424836601307 0.04411764705882353 0.08104575163398693
3 0.3316176470588235 0.29411764705882354 0.05 0.06797385620915032
3 0.44191176470588234 0.24313725490196078 0.05588235294117647 0.05751633986928104
3 0.3573529411764706 0.19738562091503267 0.03676470588235294 0.04183006535947712
3 0.3220588235294118 0.15751633986928104 0.03676470588235294 0.048366013071895426
3 0.28713235294117645 0.10457516339869281 0.030147058823529412 0.0392156862745098
3 0.2088235294117647 0.06339869281045751 0.027941176470588237 0.03790849673202614
1 0.06580882352941177 0.5359477124183006 0.021323529411764706 0.04183006535947712
1 0.06544117647058824 0.5241830065359477 0.020588235294117647 0.03398692810457516
4 0.4297794117647059 0.4594771241830065 0.06397058823529411 0.09803921568627451
0 0.3875 0.27908496732026145 0.011764705882352941 0.05620915032679739
0 0.4525735294117647 0.20065359477124184 0.009558823529411765 0.043137254901960784
0 0.43161764705882355 0.17712418300653596 0.008823529411764706 0.043137254901960784
0 0.37022058823529413 0.2084967320261438 0.008088235294117648 0.043137254901960784
0 0.32536764705882354 0.21633986928104576 0.0125 0.03790849673202614
0 0.3275735294117647 0.20980392156862746 0.0125 0.043137254901960784
0 0.30367647058823527 0.1830065359477124 0.008823529411764706 0.04183006535947712
0 0.3139705882352941 0.17908496732026144 0.008823529411764706 0.036601307189542485
0 0.25698529411764703 0.15359477124183007 0.0125 0.040522875816993466
9 0.4047794117647059 0.20065359477124184 0.013970588235294118 0.030065359477124184
0 0.05477941176470588 0.30130718954248364 0.016911764705882352 0.050980392156862744
1 0.045588235294117645 0.2954248366013072 0.013235294117647059 0.03398692810457516
1 0.033455882352941176 0.29411764705882354 0.013970588235294118 0.03137254901960784
1 0.04852941176470588 0.21895424836601307 0.011764705882352941 0.02483660130718954
9 0.05036764705882353 0.21176470588235294 0.01838235294117647 0.03398692810457516
0 0.045588235294117645 0.2 0.013235294117647059 0.036601307189542485
0 0.05110294117647059 0.1954248366013072 0.015441176470588236 0.043137254901960784
3 0.13161764705882353 0.3084967320261438 0.08676470588235294 0.08366013071895424
3 0.13786764705882354 0.25947712418300656 0.08897058823529412 0.07450980392156863
1 0.07463235294117647 0.14705882352941177 0.0125 0.03529411764705882
7 0.03308823529411765 0.16797385620915034 0.0661764705882353 0.050980392156862744
0 0.05110294117647059 0.1111111111111111 0.011029411764705883 0.03398692810457516
9 0.030147058823529412 0.10718954248366012 0.020588235294117647 0.023529411764705882
2 0.03860294117647059 0.13202614379084968 0.011029411764705883 0.026143790849673203
1 0.017279411764705883 0.14705882352941177 0.0125 0.022222222222222223
1 0.01764705882352941 0.14183006535947712 0.011764705882352941 0.02483660130718954
9 0.03308823529411765 0.060784313725490195 0.016176470588235296 0.0196078431372549
9 0.03308823529411765 0.054901960784313725 0.016176470588235296 0.02091503267973856
1 0.039705882352941174 0.056862745098039215 0.010294117647058823 0.022222222222222223
0 0.027205882352941177 0.034640522875816995 0.008823529411764706 0.030065359477124184
3 0.054411764705882354 0.03790849673202614 0.03676470588235294 0.03137254901960784
3 0.05955882352941176 0.01241830065359477 0.03823529411764706 0.02483660130718954
9 0.1 0.08954248366013072 0.022058823529411766 0.02483660130718954
9 0.09816176470588235 0.0869281045751634 0.019852941176470587 0.022222222222222223
3 0.14375 0.10457516339869281 0.025735294117647058 0.044444444444444446
3 0.1488970588235294 0.12810457516339868 0.030147058823529412 0.047058823529411764
3 0.13823529411764707 0.07581699346405228 0.023529411764705882 0.02875816993464052
2 0.12867647058823528 0.06339869281045751 0.016176470588235296 0.01437908496732026
3 0.11948529411764706 0.05032679738562092 0.0375 0.03529411764705882
3 0.13308823529411765 0.034640522875816995 0.01911764705882353 0.03529411764705882
6 0.15220588235294116 0.00784313725490196 0.013235294117647059 0.01568627450980392
1 0.1650735294117647 0.06535947712418301 0.008088235294117648 0.02091503267973856
9 0.16580882352941176 0.0718954248366013 0.009558823529411765 0.023529411764705882
3 0.23308823529411765 0.01568627450980392 0.022058823529411766 0.03137254901960784
1 0.21985294117647058 0.045098039215686274 0.007352941176470588 0.02483660130718954
2 0.21985294117647058 0.050980392156862744 0.007352941176470588 0.023529411764705882
0 0.28198529411764706 0.020261437908496733 0.005147058823529412 0.022222222222222223
0 0.275 0.01241830065359477 0.008823529411764706 0.02483660130718954
0 0.2827205882352941 0.01241830065359477 0.006617647058823529 0.02483660130718954
9 0.30183823529411763 0.07908496732026143 0.01838235294117647 0.022222222222222223
2 0.3558823529411765 0.08169934640522876 0.016176470588235296 0.01699346405228758
0 0.3573529411764706 0.10261437908496732 0.0058823529411764705 0.030065359477124184
0 0.3636029411764706 0.09803921568627451 0.008088235294117648 0.03137254901960784
0 0.36764705882352944 0.08627450980392157 0.007352941176470588 0.03137254901960784
0 0.36470588235294116 0.08823529411764706 0.007352941176470588 0.027450980392156862
0 0.3665441176470588 0.11503267973856209 0.008088235294117648 0.03137254901960784
0 0.375 0.11045751633986928 0.008823529411764706 0.030065359477124184
0 0.38088235294117645 0.11241830065359477 0.007352941176470588 0.02875816993464052
0 0.3875 0.11176470588235295 0.008823529411764706 0.030065359477124184
7 0.3816176470588235 0.12483660130718954 0.033823529411764704 0.040522875816993466
7 0.41507352941176473 0.12418300653594772 0.03161764705882353 0.04183006535947712
0 0.3985294117647059 0.10326797385620914 0.007352941176470588 0.023529411764705882
0 0.40441176470588236 0.10196078431372549 0.008823529411764706 0.026143790849673203
9 0.3860294117647059 0.16601307189542483 0.022058823529411766 0.02875816993464052
9 0.37977941176470587 0.15816993464052287 0.019852941176470587 0.023529411764705882
6 0.4808823529411765 0.1980392156862745 0.039705882352941174 0.027450980392156862
0 0.5121323529411764 0.22875816993464052 0.011029411764705883 0.04183006535947712
6 0.5169117647058824 0.23202614379084968 0.027941176470588237 0.048366013071895426
0 0.5654411764705882 0.25555555555555554 0.011764705882352941 0.048366013071895426
0 0.56875 0.23006535947712417 0.009558823529411765 0.0392156862745098
1 0.5194852941176471 0.19281045751633988 0.009558823529411765 0.027450980392156862
9 0.4698529411764706 0.28823529411764703 0.026470588235294117 0.03529411764705882
0 0.5610294117647059 0.30130718954248364 0.010294117647058823 0.048366013071895426
9 0.5753676470588235 0.4235294117647059 0.030147058823529412 0.04183006535947712
9 0.6014705882352941 0.4673202614379085 0.03235294117647059 0.043137254901960784
0 0.7941176470588235 0.5464052287581699 0.01764705882352941 0.06535947712418301
6 0.9154411764705882 0.5705882352941176 0.027941176470588237 0.07973856209150326
2 0.9753676470588235 0.5745098039215686 0.04044117647058824 0.05359477124183006
0 0.3827205882352941 0.5732026143790849 0.016911764705882352 0.0718954248366013
0 0.3665441176470588 0.5686274509803921 0.016911764705882352 0.08104575163398693
0 0.35404411764705884 0.5816993464052288 0.013970588235294118 0.04967320261437908
1 0.2786764705882353 0.6248366013071895 0.023529411764705882 0.05751633986928104
1 0.31727941176470587 0.696078431372549 0.021323529411764706 0.048366013071895426
2 0.28051470588235294 0.6385620915032679 0.019852941176470587 0.06666666666666667
9 0.3202205882352941 0.7156862745098039 0.019852941176470587 0.07973856209150326
9 0.5452205882352941 0.5444444444444444 0.028676470588235293 0.05359477124183006
1 0.7242647058823529 0.7529411764705882 0.026470588235294117 0.07320261437908497
9 0.7216911764705882 0.7679738562091504 0.05367647058823529 0.07973856209150326
1 0.29191176470588237 0.2065359477124183 0.011764705882352941 0.036601307189542485
9 0.29191176470588237 0.21633986928104576 0.011764705882352941 0.032679738562091505