5 0.910490605427975 0.10204081632653061 0.04123173277661795 0.03710575139146568
5 0.9204070981210856 0.13079777365491652 0.043319415448851775 0.03153988868274583
8 0.8502087682672234 0.18831168831168832 0.04175365344467641 0.04081632653061224
5 0.7546972860125261 0.22077922077922077 0.08977035490605428 0.0575139146567718
5 0.8316805845511482 0.14795918367346939 0.029749478079331943 0.0287569573283859
8 0.850991649269311 0.11734693877551021 0.04018789144050104 0.032467532467532464
3 0.769572025052192 0.17393320964749537 0.02035490605427975 0.01948051948051948
1 0.7484342379958246 0.19758812615955473 0.0041753653444676405 0.011131725417439703
9 0.7473903966597077 0.20315398886827457 0.008350730688935281 0.0074211502782931356
5 0.41388308977035493 0.5969387755102041 0.049060542797494784 0.10482374768089053
3 0.5341858037578288 0.4717068645640074 0.02661795407098121 0.04359925788497217
3 0.5441022964509394 0.44387755102040816 0.01722338204592902 0.01948051948051948
3 0.479384133611691 0.426252319109462 0.0360125260960334 0.030612244897959183
3 0.4906054279749478 0.36641929499072357 0.031315240083507306 0.03339517625231911
4 0.4754697286012526 0.3167903525046382 0.022964509394572025 0.038033395176252316
4 0.4326722338204593 0.3492578849721707 0.022964509394572025 0.03432282003710575
4 0.4167536534446764 0.3631725417439703 0.02661795407098121 0.03432282003710575
4 0.40944676409185804 0.3803339517625232 0.03288100208768267 0.03339517625231911
5 0.40631524008350733 0.426252319109462 0.06837160751565761 0.04916512059369202
4 0.40840292275574114 0.45964749536178107 0.031837160751565764 0.03432282003710575
3 0.3269832985386221 0.5041743970315399 0.02244258872651357 0.041743970315398886
4 0.30167014613778703 0.5287569573283859 0.026096033402922755 0.04823747680890538
3 0.3235908141962422 0.6131725417439703 0.027139874739039668 0.05194805194805195
3 0.2737473903966597 0.5394248608534323 0.02244258872651357 0.04359925788497217
3 0.24373695198329853 0.5533395176252319 0.021920668058455117 0.045454545454545456
5 0.2896659707724426 0.62569573283859 0.037578288100208766 0.0862708719851577
3 0.11038622129436326 0.949443413729128 0.02870563674321503 0.08812615955473098
0 0.5305323590814196 0.2193877551020408 0.004697286012526096 0.017625231910946195
5 0.5542797494780793 0.19526901669758812 0.049060542797494784 0.03432282003710575
5 0.5015657620041754 0.21057513914656772 0.04488517745302714 0.03339517625231911
5 0.3825678496868476 0.25 0.03549060542797495 0.0287569573283859
4 0.328027139874739 0.26484230055658625 0.024530271398747392 0.0287569573283859
5 0.2839248434237996 0.2755102040816326 0.037578288100208766 0.03153988868274583
5 0.22468684759916493 0.2787569573283859 0.03914405010438413 0.0287569573283859
5 0.18502087682672233 0.27365491651205937 0.03914405010438413 0.03153988868274583
9 0.07985386221294363 0.29267161410018555 0.010438413361169102 0.01020408163265306
1 0.07828810020876827 0.287569573283859 0.0041753653444676405 0.014842300556586271
9 0.037056367432150315 0.323747680890538 0.005219206680584551 0.014842300556586271
1 0.03627348643006263 0.3181818181818182 0.005741127348643006 0.014842300556586271
5 0.029749478079331943 0.2787569573283859 0.016701461377870562 0.04359925788497217
3 0.038622129436325675 0.25556586270871984 0.012526096033402923 0.023191094619666047
4 0.06263048016701461 0.2101113172541744 0.013569937369519834 0.0287569573283859
0 0.029227557411273485 0.1989795918367347 0.0041753653444676405 0.013914656771799629
3 0.0180062630480167 0.20222634508348794 0.013048016701461378 0.025974025974025976
3 0.004958246346555324 0.20593692022263452 0.009916492693110648 0.029684601113172542
3 0.06732776617954071 0.11038961038961038 0.009394572025052192 0.01855287569573284
3 0.0709812108559499 0.06354359925788497 0.010438413361169102 0.015769944341372914
3 0.0738517745302714 0.00974025974025974 0.008872651356993737 0.013914656771799629
3 0.04801670146137787 0.006493506493506494 0.009394572025052192 0.012987012987012988
3 0.2685281837160752 0.10899814471243043 0.010960334029227558 0.015769944341372914
3 0.27348643006263046 0.12337662337662338 0.010438413361169102 0.01855287569573284