3 0.9315 0.123 0.047 0.024666666666666667
3 0.856 0.15166666666666667 0.023 0.026
9 0.912 0.7026666666666667 0.025 0.068
3 0.831 0.5193333333333333 0.048 0.07333333333333333
3 0.86925 0.6933333333333334 0.0485 0.10666666666666667
3 0.7085 0.6113333333333333 0.062 0.09733333333333333
3 0.6455 0.579 0.051 0.08066666666666666
3 0.57525 0.562 0.0665 0.08
1 0.48875 0.38033333333333336 0.0085 0.015333333333333332
4 0.52325 0.5223333333333333 0.0655 0.09533333333333334
2 0.408 0.5276666666666666 0.026 0.024666666666666667
9 0.341 0.309 0.021 0.028666666666666667
3 0.31 0.31966666666666665 0.062 0.04466666666666667
3 0.26075 0.412 0.0715 0.056
3 0.23375 0.25633333333333336 0.0335 0.038
3 0.22525 0.4023333333333333 0.0605 0.051333333333333335
3 0.20875 0.37733333333333335 0.0665 0.052
3 0.17825 0.20733333333333334 0.0455 0.03866666666666667
3 0.13775 0.18133333333333335 0.0495 0.029333333333333333
9 0.14775 0.15233333333333332 0.0185 0.019333333333333334
0 0.10975 0.12633333333333333 0.0065 0.020666666666666667
9 0.11625 0.12966666666666668 0.0125 0.018
3 0.0675 0.211 0.027 0.034
5 0.03675 0.17666666666666667 0.0585 0.04133333333333333
3 0.02625 0.2896666666666667 0.0525 0.043333333333333335
3 0.01825 0.059666666666666666 0.0365 0.019333333333333334