3 0.7182142857142857 0.916243654822335 0.06642857142857143 0.10406091370558376
3 0.5525 0.7036802030456852 0.05928571428571429 0.09263959390862944
3 0.4525 0.7842639593908629 0.05785714285714286 0.08883248730964467
3 0.3871428571428571 0.5989847715736041 0.05142857142857143 0.07614213197969544
4 0.38285714285714284 0.47081218274111675 0.054285714285714284 0.08121827411167512
4 0.3960714285714286 0.4130710659898477 0.07071428571428572 0.11802030456852793
3 0.24892857142857142 0.2918781725888325 0.045 0.06091370558375635
3 0.19857142857142857 0.16053299492385786 0.047142857142857146 0.07487309644670051
3 0.1392857142857143 0.141497461928934 0.041428571428571426 0.05964467005076142
3 0.34214285714285714 0.7950507614213198 0.037142857142857144 0.07741116751269035
3 0.105 0.03299492385786802 0.04428571428571428 0.0583756345177665
8 0.24964285714285714 0.15862944162436549 0.07928571428571428 0.116751269035533
3 0.2571428571428571 0.11104060913705584 0.03 0.04187817258883249
8 0.3767857142857143 0.14911167512690354 0.065 0.13071065989847716
8 0.3339285714285714 0.14213197969543148 0.056428571428571425 0.1116751269035533
8 0.2757142857142857 0.056472081218274114 0.06571428571428571 0.10532994923857868
8 0.3025 0.04187817258883249 0.060714285714285714 0.08375634517766498
3 0.11964285714285715 0.39149746192893403 0.03214285714285714 0.04949238578680203
3 0.09321428571428571 0.3496192893401015 0.03214285714285714 0.046954314720812185
3 0.05928571428571429 0.3013959390862944 0.02857142857142857 0.044416243654822336
3 0.027857142857142858 0.2633248730964467 0.032857142857142856 0.04949238578680203
0 0.18392857142857144 0.4936548223350254 0.017857142857142856 0.025380710659898477
0 0.22714285714285715 0.6440355329949239 0.011428571428571429 0.021573604060913704
0 0.22214285714285714 0.6516497461928934 0.012857142857142857 0.021573604060913704
0 0.285 0.7538071065989848 0.011428571428571429 0.025380710659898477
0 0.37464285714285717 0.07423857868020305 0.010714285714285714 0.024111675126903553
0 0.42857142857142855 0.9701776649746193 0.012857142857142857 0.01903553299492386