3 0.3 0.9048223350253807 0.03571428571428571 0.09644670050761421
3 0.31035714285714283 0.5050761421319797 0.025 0.04568527918781726
3 0.3467857142857143 0.5336294416243654 0.02214285714285714 0.04187817258883249
3 0.08178571428571428 0.6916243654822335 0.029285714285714286 0.06345177664974619
3 0.4225 0.44543147208121825 0.020714285714285713 0.04314720812182741
3 0.30964285714285716 0.3223350253807107 0.016428571428571428 0.027918781725888325
3 0.25892857142857145 0.4346446700507614 0.015 0.03934010152284264
3 0.1525 0.29251269035532995 0.017857142857142856 0.02918781725888325
3 0.17714285714285713 0.23857868020304568 0.017142857142857144 0.025380710659898477
3 0.24607142857142858 0.13959390862944163 0.013571428571428571 0.02030456852791878
3 0.33107142857142857 0.2131979695431472 0.013571428571428571 0.025380710659898477
3 0.37464285714285717 0.29758883248730966 0.015 0.03426395939086294
3 0.38142857142857145 0.21954314720812182 0.014285714285714285 0.03299492385786802
3 0.3289285714285714 0.1649746192893401 0.010714285714285714 0.02284263959390863
3 0.18928571428571428 0.10913705583756345 0.01 0.017766497461928935
3 0.3532142857142857 0.0717005076142132 0.007857142857142858 0.01649746192893401
3 0.3289285714285714 0.11294416243654823 0.007857142857142858 0.017766497461928935
3 0.3382142857142857 0.057741116751269035 0.007857142857142858 0.01649746192893401
3 0.30642857142857144 0.06408629441624365 0.007142857142857143 0.013959390862944163
3 0.11571428571428571 0.43591370558375636 0.02 0.03934010152284264
3 0.008928571428571428 0.4873096446700508 0.017857142857142856 0.03553299492385787
3 0.2835714285714286 0.03616751269035533 0.008571428571428572 0.013959390862944163
3 0.31535714285714284 0.050761421319796954 0.009285714285714286 0.012690355329949238
3 0.3264285714285714 0.04060913705583756 0.008571428571428572 0.017766497461928935
3 0.2807142857142857 0.013959390862944163 0.008571428571428572 0.012690355329949238
5 0.30892857142857144 0.19733502538071065 0.017857142857142856 0.046954314720812185
5 0.2032142857142857 0.18464467005076143 0.02642857142857143 0.044416243654822336
4 0.27964285714285714 0.08692893401015228 0.009285714285714286 0.01903553299492386
4 0.335 0.33883248730964466 0.017142857142857144 0.04060913705583756
3 0.8971428571428571 0.39276649746192893 0.025714285714285714 0.02918781725888325
5 0.05857142857142857 0.8553299492385786 0.05 0.13451776649746192
5 0.26357142857142857 0.7017766497461929 0.04 0.13451776649746192
8 0.2175 0.6567258883248731 0.030714285714285715 0.16624365482233502
3 0.022857142857142857 0.1598984771573604 0.017142857142857144 0.015228426395939087
4 0.02857142857142857 0.15038071065989847 0.018571428571428572 0.01649746192893401
3 0.039285714285714285 0.14974619289340102 0.012857142857142857 0.015228426395939087
3 0.04535714285714286 0.1453045685279188 0.019285714285714285 0.01903553299492386
3 0.04964285714285714 0.13451776649746192 0.017857142857142856 0.017766497461928935
4 0.019285714285714285 0.13451776649746192 0.02 0.017766497461928935
4 0.030357142857142857 0.1319796954314721 0.016428571428571428 0.017766497461928935