4 0.30661764705882355 0.7522875816993464 0.12794117647058822 0.22875816993464052
3 0.4202205882352941 0.5738562091503268 0.15073529411764705 0.13333333333333333
2 0.8205882352941176 0.5516339869281046 0.029411764705882353 0.07320261437908497
3 0.9680147058823529 0.34444444444444444 0.06397058823529411 0.09542483660130718
9 0.9669117647058824 0.038562091503267976 0.025 0.043137254901960784
1 0.9727941176470588 0.032679738562091505 0.014705882352941176 0.054901960784313725
0 0.8801470588235294 0.05228758169934641 0.011764705882352941 0.0392156862745098
0 0.8742647058823529 0.03986928104575163 0.013235294117647059 0.05359477124183006
0 0.8676470588235294 0.08954248366013072 0.008823529411764706 0.058823529411764705
9 0.8613970588235295 0.09607843137254903 0.022794117647058822 0.040522875816993466
9 0.9308823529411765 0.0673202614379085 0.025 0.05359477124183006
1 0.9301470588235294 0.06143790849673202 0.011764705882352941 0.044444444444444446
1 0.9338235294117647 0.06209150326797386 0.011764705882352941 0.050980392156862744
3 0.944485294117647 0.12026143790849673 0.0875 0.10457516339869281
3 0.8238970588235294 0.2065359477124183 0.09044117647058823 0.11764705882352941
0 0.830514705882353 0.11699346405228758 0.016911764705882352 0.05620915032679739
0 0.7926470588235294 0.03725490196078431 0.010294117647058823 0.058823529411764705
9 0.7889705882352941 0.03333333333333333 0.033823529411764704 0.048366013071895426
9 0.7496323529411765 0.020261437908496733 0.019852941176470587 0.03790849673202614
2 0.7599264705882353 0.020261437908496733 0.022794117647058822 0.040522875816993466
2 0.725 0.01699346405228758 0.013235294117647059 0.03398692810457516
3 0.6908088235294118 0.2980392156862745 0.1125 0.12549019607843137
3 0.6963235294117647 0.02875816993464052 0.010294117647058823 0.05751633986928104
3 0.7077205882352942 0.029411764705882353 0.028676470588235293 0.048366013071895426
0 0.6834558823529412 0.021568627450980392 0.008088235294117648 0.043137254901960784
3 0.7147058823529412 0.0869281045751634 0.08088235294117647 0.08235294117647059
4 0.6316176470588235 0.07058823529411765 0.125 0.1411764705882353
0 0.6727941176470589 0.13594771241830064 0.014705882352941176 0.06013071895424837
0 0.6672794117647058 0.14444444444444443 0.015441176470588236 0.06143790849673202
0 0.5036764705882353 0.0803921568627451 0.013235294117647059 0.06405228758169934
2 0.6477941176470589 0.15555555555555556 0.03823529411764706 0.05228758169934641
0 0.6268382352941176 0.2 0.013970588235294118 0.06797385620915032
2 0.6077205882352941 0.13529411764705881 0.027205882352941177 0.05620915032679739
1 0.6102941176470589 0.1895424836601307 0.01764705882352941 0.06013071895424837
6 0.5647058823529412 0.2522875816993464 0.04411764705882353 0.07581699346405228
1 0.4922794117647059 0.2581699346405229 0.011029411764705883 0.058823529411764705
0 0.40845588235294117 0.3581699346405229 0.0125 0.07320261437908497
2 0.29816176470588235 0.3758169934640523 0.028676470588235293 0.06928104575163399
1 0.2977941176470588 0.35555555555555557 0.01911764705882353 0.06535947712418301
1 0.33786764705882355 0.07254901960784314 0.015441176470588236 0.030065359477124184
6 0.30772058823529413 0.19150326797385622 0.03455882352941177 0.0718954248366013
0 0.21544117647058825 0.13137254901960785 0.014705882352941176 0.06666666666666667
0 0.21323529411764705 0.11699346405228758 0.010294117647058823 0.06928104575163399
6 0.2661764705882353 0.13725490196078433 0.039705882352941174 0.05228758169934641
6 0.28860294117647056 0.09477124183006536 0.05073529411764706 0.048366013071895426
4 0.2647058823529412 0.03725490196078431 0.08088235294117647 0.07450980392156863
4 0.14227941176470588 0.06862745098039216 0.05808823529411765 0.09803921568627451