0 0.37426470588235294 0.8006535947712419 0.025 0.10065359477124183
0 0.17794117647058824 0.918954248366013 0.03823529411764706 0.09673202614379085
1 0.06875 0.8006535947712419 0.04632352941176471 0.06928104575163399
0 0.24926470588235294 0.7869281045751634 0.025 0.09673202614379085
1 0.18713235294117647 0.4647058823529412 0.03308823529411765 0.06405228758169934
1 0.2386029411764706 0.3869281045751634 0.028676470588235293 0.05751633986928104
0 0.5150735294117647 0.041176470588235294 0.006617647058823529 0.03529411764705882
0 0.5257352941176471 0.05751633986928104 0.007352941176470588 0.01568627450980392
0 0.28602941176470587 0.3209150326797386 0.020588235294117647 0.048366013071895426
0 0.29705882352941176 0.30130718954248364 0.01764705882352941 0.05359477124183006
0 0.3047794117647059 0.29934640522875816 0.0125 0.04183006535947712
0 0.37830882352941175 0.22549019607843138 0.013970588235294118 0.05620915032679739
0 0.3834558823529412 0.22026143790849673 0.0125 0.050980392156862744
0 0.3897058823529412 0.22091503267973855 0.011764705882352941 0.04183006535947712
0 0.4783088235294118 0.04183006535947712 0.006617647058823529 0.03398692810457516
0 0.4863970588235294 0.03790849673202614 0.005147058823529412 0.036601307189542485
0 0.5022058823529412 0.0392156862745098 0.0058823529411764705 0.03137254901960784
0 0.5066176470588235 0.03333333333333333 0.007352941176470588 0.03529411764705882
0 0.5224264705882353 0.03071895424836601 0.005147058823529412 0.03529411764705882
0 0.5378676470588235 0.044444444444444446 0.008088235294117648 0.04183006535947712
0 0.5386029411764706 0.03333333333333333 0.008088235294117648 0.03790849673202614
0 0.5466911764705882 0.042483660130718956 0.008088235294117648 0.03790849673202614
0 0.555514705882353 0.032679738562091505 0.008088235294117648 0.04183006535947712
0 0.60625 0.13856209150326798 0.008088235294117648 0.044444444444444446
0 0.6305147058823529 0.13398692810457516 0.008088235294117648 0.043137254901960784
0 0.6452205882352942 0.13071895424836602 0.009558823529411765 0.047058823529411764
0 0.6496323529411765 0.09673202614379085 0.008088235294117648 0.044444444444444446
1 0.7235294117647059 0.09542483660130718 0.007352941176470588 0.03137254901960784
1 0.7297794117647058 0.09542483660130718 0.006617647058823529 0.03398692810457516
1 0.7518382352941176 0.09542483660130718 0.008088235294117648 0.03137254901960784
1 0.7566176470588235 0.09477124183006536 0.0058823529411764705 0.032679738562091505
1 0.7636029411764705 0.09477124183006536 0.009558823529411765 0.030065359477124184
1 0.7823529411764706 0.0934640522875817 0.007352941176470588 0.032679738562091505
0 0.8216911764705882 0.1522875816993464 0.011029411764705883 0.0457516339869281
0 0.8544117647058823 0.1568627450980392 0.011764705882352941 0.047058823529411764
1 0.8705882352941177 0.09411764705882353 0.010294117647058823 0.03137254901960784
1 0.9 0.09542483660130718 0.010294117647058823 0.03137254901960784
1 0.9069852941176471 0.09803921568627451 0.006617647058823529 0.02875816993464052
1 0.9264705882352942 0.10065359477124183 0.010294117647058823 0.02875816993464052
1 0.9330882352941177 0.10130718954248366 0.0058823529411764705 0.027450980392156862
1 0.9522058823529411 0.10065359477124183 0.008823529411764706 0.03398692810457516
1 0.9595588235294118 0.10130718954248366 0.007352941176470588 0.032679738562091505
1 0.9665441176470588 0.10196078431372549 0.008088235294117648 0.03137254901960784
1 0.9731617647058823 0.10196078431372549 0.006617647058823529 0.03398692810457516
1 0.9827205882352941 0.10457516339869281 0.008088235294117648 0.03137254901960784
1 0.9911764705882353 0.10522875816993464 0.008823529411764706 0.032679738562091505
1 0.9966911764705882 0.10784313725490197 0.006617647058823529 0.030065359477124184
0 0.9102941176470588 0.03529411764705882 0.008823529411764706 0.01568627450980392
0 0.919485294117647 0.03529411764705882 0.008088235294117648 0.02091503267973856
0 0.9014705882352941 0.009150326797385621 0.007352941176470588 0.018300653594771243
0 0.9113970588235294 0.011111111111111112 0.006617647058823529 0.022222222222222223
0 0.6102941176470589 0.3241830065359477 0.020588235294117647 0.05751633986928104
1 0.6599264705882353 0.6562091503267974 0.022794117647058822 0.06535947712418301
2 0.6580882352941176 0.6581699346405229 0.03529411764705882 0.05359477124183006
1 0.8272058823529411 0.0934640522875817 0.007352941176470588 0.032679738562091505
9 0.95 0.10784313725490197 0.01764705882352941 0.027450980392156862
2 0.16544117647058823 0.15751633986928104 0.013235294117647059 0.03790849673202614
2 0.17683823529411766 0.15359477124183007 0.016911764705882352 0.032679738562091505
0 0.868014705882353 0.01437908496732026 0.008088235294117648 0.02875816993464052
2 0.888235294117647 0.043137254901960784 0.01764705882352941 0.02091503267973856
0 0.9860294117647059 0.015032679738562092 0.007352941176470588 0.022222222222222223
0 0.8731617647058824 0.21633986928104576 0.015441176470588236 0.05359477124183006
0 0.8838235294117647 0.24052287581699347 0.01764705882352941 0.054901960784313725
0 0.8893382352941176 0.2326797385620915 0.013970588235294118 0.06274509803921569
0 0.919485294117647 0.25620915032679736 0.01838235294117647 0.054901960784313725
0 0.9897058823529412 0.28823529411764703 0.016176470588235296 0.06143790849673202
0 0.99375 0.2849673202614379 0.0125 0.06274509803921569
0 0.7555147058823529 0.27712418300653596 0.015441176470588236 0.06274509803921569
0 0.7658088235294118 0.27908496732026145 0.013970588235294118 0.06405228758169934
0 0.6948529411764706 0.013725490196078431 0.008823529411764706 0.027450980392156862
2 0.5775735294117647 0.07712418300653595 0.019852941176470587 0.026143790849673203
0 0.7529411764705882 0.7202614379084967 0.030882352941176472 0.08627450980392157