8 0.011785714285714287 0.0932741116751269 0.023571428571428573 0.08248730964467005
8 0.011785714285714287 0.028553299492385786 0.023571428571428573 0.05710659898477157
8 0.029642857142857144 0.05266497461928934 0.02214285714285714 0.09263959390862944
0 0.025357142857142856 0.1034263959390863 0.0035714285714285713 0.008883248730964468
0 0.037142857142857144 0.1116751269035533 0.004285714285714286 0.01015228426395939
0 0.04607142857142857 0.23857868020304568 0.005 0.012690355329949238
0 0.011785714285714287 0.4384517766497462 0.007857142857142858 0.011421319796954314
0 0.08285714285714285 0.5602791878172588 0.007142857142857143 0.011421319796954314
0 0.06035714285714286 0.5317258883248731 0.0064285714285714285 0.01015228426395939
0 0.005 0.4276649746192893 0.004285714285714286 0.007614213197969543
0 0.0025 0.4282994923857868 0.005 0.008883248730964468
0 0.04285714285714286 0.40545685279187815 0.007142857142857143 0.011421319796954314
0 0.06 0.4302030456852792 0.007142857142857143 0.007614213197969543
0 0.08392857142857142 0.40609137055837563 0.005 0.01015228426395939
0 0.07071428571428572 0.407994923857868 0.005714285714285714 0.011421319796954314
0 0.08071428571428571 0.4098984771573604 0.005714285714285714 0.007614213197969543
0 0.0825 0.3870558375634518 0.005 0.012690355329949238
0 0.07214285714285715 0.3902284263959391 0.004285714285714286 0.011421319796954314
0 0.07857142857142857 0.3597715736040609 0.004285714285714286 0.011421319796954314
0 0.07285714285714286 0.3432741116751269 0.005714285714285714 0.008883248730964468
0 0.08321428571428571 0.35088832487309646 0.005 0.011421319796954314
0 0.09964285714285714 0.36548223350253806 0.005 0.01015228426395939
0 0.10964285714285714 0.3096446700507614 0.0064285714285714285 0.012690355329949238
0 0.12107142857142857 0.3210659898477157 0.0064285714285714285 0.01015228426395939
0 0.11214285714285714 0.33946700507614214 0.005714285714285714 0.011421319796954314
0 0.07107142857142858 0.35786802030456855 0.005 0.01015228426395939
0 0.0675 0.35850253807106597 0.005 0.008883248730964468
0 0.04107142857142857 0.41116751269035534 0.005 0.01015228426395939
0 0.06535714285714286 0.5266497461928934 0.0064285714285714285 0.007614213197969543
0 0.06678571428571428 0.5348984771573604 0.0064285714285714285 0.008883248730964468
0 0.06714285714285714 0.5488578680203046 0.005714285714285714 0.008883248730964468
0 0.06928571428571428 0.5444162436548223 0.007142857142857143 0.01015228426395939
0 0.11928571428571429 0.5171319796954315 0.005714285714285714 0.011421319796954314
0 0.1475 0.48984771573604063 0.0064285714285714285 0.012690355329949238
0 0.11678571428571428 0.41053299492385786 0.005 0.008883248730964468
0 0.10892857142857143 0.467005076142132 0.005 0.01015228426395939
0 0.10785714285714286 0.3369289340101523 0.005714285714285714 0.008883248730964468
0 0.10785714285714286 0.4130710659898477 0.005714285714285714 0.013959390862944163
0 0.10357142857142858 0.4333756345177665 0.005714285714285714 0.011421319796954314
0 0.11714285714285715 0.44289340101522845 0.005714285714285714 0.012690355329949238
0 0.055714285714285716 0.4263959390862944 0.004285714285714286 0.01015228426395939
0 0.13714285714285715 0.5329949238578681 0.005714285714285714 0.012690355329949238
0 0.11178571428571428 0.5139593908629442 0.0064285714285714285 0.012690355329949238
0 0.17 0.5463197969543148 0.005714285714285714 0.011421319796954314
0 0.2646428571428571 0.5469543147208121 0.005 0.01015228426395939
0 0.1875 0.5583756345177665 0.0064285714285714285 0.007614213197969543
0 0.1767857142857143 0.5812182741116751 0.0035714285714285713 0.007614213197969543
0 0.1707142857142857 0.5945431472081218 0.004285714285714286 0.008883248730964468
0 0.1825 0.5621827411167513 0.005 0.007614213197969543
0 0.12035714285714286 0.6313451776649747 0.007857142857142858 0.011421319796954314
0 0.1757142857142857 0.8153553299492385 0.004285714285714286 0.008883248730964468
0 0.12571428571428572 0.9206852791878173 0.005714285714285714 0.008883248730964468
1 0.0275 0.8248730964467005 0.0064285714285714285 0.007614213197969543
1 0.03214285714285714 0.7677664974619289 0.005714285714285714 0.007614213197969543
1 0.26964285714285713 0.5513959390862944 0.0035714285714285713 0.008883248730964468
2 0.27 0.5552030456852792 0.004285714285714286 0.01649746192893401
2 0.02857142857142857 0.8267766497461929 0.004285714285714286 0.01649746192893401
2 0.03357142857142857 0.766497461928934 0.005714285714285714 0.012690355329949238
0 0.06357142857142857 0.7379441624365483 0.005714285714285714 0.008883248730964468
0 0.060714285714285714 0.7696700507614214 0.005714285714285714 0.008883248730964468
5 0.0925 0.9187817258883249 0.045 0.03807106598984772
5 0.0975 0.8229695431472082 0.052142857142857144 0.03680203045685279
0 0.3732142857142857 0.5888324873096447 0.0035714285714285713 0.01015228426395939
8 0.23857142857142857 0.7848984771573604 0.06428571428571428 0.044416243654822336
4 0.24535714285714286 0.7461928934010152 0.052142857142857144 0.03807106598984772
4 0.24464285714285713 0.7163705583756346 0.062142857142857146 0.04949238578680203
3 0.31785714285714284 0.4447969543147208 0.01 0.03680203045685279
0 0.2789285714285714 0.5107868020304569 0.0035714285714285713 0.006345177664974619
3 0.3192857142857143 0.31852791878172587 0.008571428571428572 0.027918781725888325
3 0.35714285714285715 0.2512690355329949 0.012857142857142857 0.027918781725888325
3 0.3507142857142857 0.27982233502538073 0.014285714285714285 0.02918781725888325
3 0.35678571428571426 0.20748730964467005 0.020714285714285713 0.031725888324873094
4 0.3560714285714286 0.18464467005076143 0.016428571428571428 0.02918781725888325
3 0.36857142857142855 0.07614213197969544 0.015714285714285715 0.025380710659898477
3 0.3492857142857143 0.06472081218274112 0.017142857142857144 0.025380710659898477
4 0.3610714285714286 0.06408629441624365 0.016428571428571428 0.024111675126903553
3 0.4325 0.916243654822335 0.012142857142857143 0.050761421319796954
3 0.4567857142857143 0.8553299492385786 0.012142857142857143 0.050761421319796954
5 0.5046428571428572 0.9168781725888325 0.016428571428571428 0.13071065989847716
5 0.4357142857142857 0.7658629441624365 0.02 0.10532994923857868
5 0.5053571428571428 0.6446700507614214 0.016428571428571428 0.09390862944162437
5 0.5278571428571428 0.6224619289340102 0.02 0.11802030456852793
8 0.5067857142857143 0.5215736040609137 0.012142857142857143 0.0583756345177665
3 0.43357142857142855 0.6395939086294417 0.012857142857142857 0.04568527918781726
3 0.46285714285714286 0.5958121827411168 0.01 0.03934010152284264
3 0.4875 0.4676395939086294 0.009285714285714286 0.03680203045685279
3 0.4546428571428571 0.5057106598984772 0.012142857142857143 0.03680203045685279
3 0.4682142857142857 0.36484771573604063 0.009285714285714286 0.031725888324873094
3 0.4521428571428571 0.2899746192893401 0.011428571428571429 0.03426395939086294
5 0.45 0.36421319796954316 0.014285714285714285 0.07614213197969544
4 0.5060714285714286 0.3470812182741117 0.009285714285714286 0.03934010152284264
4 0.4685714285714286 0.2652284263959391 0.01 0.03299492385786802
3 0.4907142857142857 0.2899746192893401 0.011428571428571429 0.03934010152284264
3 0.5060714285714286 0.22271573604060912 0.009285714285714286 0.03426395939086294
4 0.49178571428571427 0.1681472081218274 0.007857142857142858 0.03680203045685279
5 0.4567857142857143 0.12563451776649745 0.013571428571428571 0.07360406091370558
5 0.49392857142857144 0.08565989847715735 0.010714285714285714 0.05203045685279188
4 0.4732142857142857 0.07106598984771574 0.0064285714285714285 0.027918781725888325
3 0.5082142857142857 0.11738578680203046 0.009285714285714286 0.02918781725888325
9 0.4732142857142857 0.1814720812182741 0.0035714285714285713 0.012690355329949238
9 0.47035714285714286 0.1446700507614213 0.0035714285714285713 0.015228426395939087
1 0.47 0.141497461928934 0.002857142857142857 0.008883248730964468
1 0.47285714285714286 0.1802030456852792 0.002857142857142857 0.01015228426395939