3 0.3290441176470588 0.726797385620915 0.05955882352941176 0.1803921568627451
3 0.4849264705882353 0.7209150326797386 0.05661764705882353 0.1607843137254902
3 0.4904411764705882 0.9392156862745098 0.07205882352941176 0.12156862745098039
3 0.49926470588235294 0.4954248366013072 0.045588235294117645 0.10457516339869281
3 0.5705882352941176 0.46013071895424834 0.041176470588235294 0.08888888888888889
9 0.5419117647058823 0.4934640522875817 0.016176470588235296 0.058823529411764705
1 0.5404411764705882 0.4830065359477124 0.016176470588235296 0.050980392156862744
0 0.8426470588235294 0.4222222222222222 0.011764705882352941 0.04183006535947712
9 0.8636029411764706 0.4444444444444444 0.016911764705882352 0.05228758169934641
0 0.8573529411764705 0.43856209150326797 0.016176470588235296 0.05620915032679739
5 0.8727941176470588 0.23137254901960785 0.08529411764705883 0.09934640522875816
3 0.9433823529411764 0.11045751633986928 0.051470588235294115 0.040522875816993466
0 0.9238970588235295 0.08758169934640522 0.009558823529411765 0.03398692810457516
0 0.8900735294117647 0.10522875816993464 0.005147058823529412 0.03529411764705882
0 0.8477941176470588 0.08300653594771241 0.0058823529411764705 0.030065359477124184
3 0.7996323529411765 0.11437908496732026 0.05808823529411765 0.040522875816993466
3 0.8106617647058824 0.0934640522875817 0.04926470588235294 0.040522875816993466
9 0.7547794117647059 0.05751633986928104 0.01838235294117647 0.02091503267973856
9 0.7691176470588236 0.06209150326797386 0.007352941176470588 0.022222222222222223
9 0.7797794117647059 0.06470588235294118 0.006617647058823529 0.022222222222222223
9 0.7871323529411764 0.06797385620915032 0.005147058823529412 0.02091503267973856
9 0.7952205882352941 0.06666666666666667 0.005147058823529412 0.018300653594771243
3 0.6974264705882353 0.09542483660130718 0.03897058823529412 0.036601307189542485
3 0.6014705882352941 0.08823529411764706 0.03676470588235294 0.032679738562091505
9 0.7169117647058824 0.049019607843137254 0.010294117647058823 0.01699346405228758
0 0.7180147058823529 0.0718954248366013 0.003676470588235294 0.026143790849673203
0 0.7246323529411764 0.06928104575163399 0.005147058823529412 0.02091503267973856
3 0.7305147058823529 0.09084967320261438 0.03455882352941177 0.03529411764705882
3 0.70625 0.08300653594771241 0.03308823529411765 0.032679738562091505
3 0.6908088235294118 0.06862745098039216 0.04044117647058824 0.032679738562091505
3 0.6731617647058824 0.05947712418300653 0.03897058823529412 0.032679738562091505
3 0.6540441176470588 0.043137254901960784 0.03602941176470588 0.02875816993464052
3 0.6422794117647059 0.036601307189542485 0.03308823529411765 0.023529411764705882
4 0.6305147058823529 0.026143790849673203 0.03161764705882353 0.03137254901960784
3 0.6125 0.022222222222222223 0.016176470588235296 0.026143790849673203
3 0.6422794117647059 0.009150326797385621 0.03308823529411765 0.018300653594771243
3 0.5176470588235295 0.07124183006535947 0.01911764705882353 0.030065359477124184
3 0.5029411764705882 0.01045751633986928 0.016176470588235296 0.02091503267973856
3 0.4632352941176471 0.046405228758169936 0.01911764705882353 0.030065359477124184
3 0.4363970588235294 0.03529411764705882 0.016911764705882352 0.03137254901960784
0 0.40588235294117647 0.03725490196078431 0.004411764705882353 0.030065359477124184
0 0.4102941176470588 0.034640522875816995 0.004411764705882353 0.027450980392156862
9 0.40808823529411764 0.09477124183006536 0.016176470588235296 0.022222222222222223
1 0.4088235294117647 0.08823529411764706 0.007352941176470588 0.027450980392156862
1 0.4128676470588235 0.09084967320261438 0.006617647058823529 0.022222222222222223
3 0.09595588235294118 0.492156862745098 0.08014705882352942 0.11372549019607843
3 0.03529411764705882 0.40261437908496733 0.07058823529411765 0.08104575163398693
3 0.011764705882352941 0.5013071895424837 0.023529411764705882 0.12418300653594772
3 0.03860294117647059 0.5895424836601307 0.07720588235294118 0.12026143790849673
9 0.01838235294117647 0.09084967320261438 0.01764705882352941 0.0196078431372549
1 0.016911764705882352 0.08366013071895424 0.008823529411764706 0.03398692810457516
0 0.0625 0.04183006535947712 0.008823529411764706 0.02875816993464052
4 0.022426470588235294 0.0673202614379085 0.04485294117647059 0.040522875816993466
3 0.08823529411764706 0.07581699346405228 0.051470588235294115 0.03137254901960784
3 0.14522058823529413 0.1437908496732026 0.05661764705882353 0.0392156862745098
9 0.14963235294117647 0.29477124183006537 0.01838235294117647 0.03790849673202614
1 0.14816176470588235 0.28104575163398693 0.0125 0.03398692810457516
3 0.15735294117647058 0.10522875816993464 0.04264705882352941 0.03529411764705882
3 0.14963235294117647 0.07581699346405228 0.04632352941176471 0.02875816993464052
0 0.1536764705882353 0.05228758169934641 0.0058823529411764705 0.03398692810457516
4 0.14926470588235294 0.047058823529411764 0.047058823529411764 0.04183006535947712
0 0.11286764705882353 0.021568627450980392 0.008088235294117648 0.027450980392156862
0 0.23529411764705882 0.042483660130718956 0.0058823529411764705 0.030065359477124184
0 0.275 0.07647058823529412 0.007352941176470588 0.030065359477124184
0 0.27058823529411763 0.0738562091503268 0.007352941176470588 0.030065359477124184
9 0.3150735294117647 0.030065359477124184 0.011029411764705883 0.02091503267973856
4 0.2323529411764706 0.027450980392156862 0.045588235294117645 0.044444444444444446
9 0.26691176470588235 0.049019607843137254 0.013235294117647059 0.0196078431372549
0 0.27095588235294116 0.013071895424836602 0.005147058823529412 0.026143790849673203
1 0.2672794117647059 0.04379084967320261 0.006617647058823529 0.022222222222222223
1 0.2702205882352941 0.0457516339869281 0.005147058823529412 0.026143790849673203
0 0.28713235294117645 0.021568627450980392 0.005147058823529412 0.027450980392156862
0 0.3029411764705882 0.021568627450980392 0.004411764705882353 0.027450980392156862
0 0.29301470588235295 0.022222222222222223 0.005147058823529412 0.026143790849673203