4 0.80125 0.8226666666666667 0.0545 0.14266666666666666
4 0.633 0.817 0.037 0.14466666666666667
3 0.09525 0.93 0.0905 0.13466666666666666
3 0.19375 0.713 0.0655 0.102
0 0.165 0.6306666666666667 0.02 0.034666666666666665
4 0.37025 0.32666666666666666 0.0435 0.068
3 0.45075 0.15433333333333332 0.0235 0.03266666666666666
3 0.46825 0.11433333333333333 0.0215 0.028666666666666667
3 0.436 0.052 0.019 0.024
3 0.41425 0.04533333333333334 0.0215 0.025333333333333333
3 0.4155 0.09833333333333333 0.03 0.03133333333333333
4 0.743 0.26266666666666666 0.024 0.04533333333333334
3 0.74525 0.315 0.0225 0.04066666666666666
3 0.5925 0.555 0.035 0.09933333333333333
3 0.62575 0.26866666666666666 0.0255 0.056
3 0.66775 0.16433333333333333 0.0215 0.03933333333333333
3 0.63125 0.154 0.0195 0.04133333333333333
3 0.73375 0.11033333333333334 0.0185 0.026
3 0.66275 0.06333333333333334 0.0195 0.03333333333333333
3 0.6295 0.06433333333333334 0.018 0.028666666666666667
3 0.7305 0.03866666666666667 0.019 0.02666666666666667
3 0.7305 0.018333333333333333 0.014 0.014
3 0.66175 0.016666666666666666 0.0185 0.028
3 0.733 0.005 0.016 0.006
3 0.738 0.17066666666666666 0.018 0.030666666666666665
0 0.7235 0.17733333333333334 0.007 0.021333333333333333
0 0.7645 0.182 0.007 0.02266666666666667
0 0.766 0.206 0.007 0.02666666666666667
0 0.75325 0.15933333333333333 0.0065 0.028
1 0.73775 0.14233333333333334 0.0075 0.011333333333333334
1 0.711 0.15766666666666668 0.005 0.012666666666666666
2 0.73175 0.15266666666666667 0.0085 0.012
2 0.708 0.17133333333333334 0.006 0.010666666666666666