0 0.023958333333333335 0.5439814814814815 0.010416666666666666 0.03425925925925926
0 0.026041666666666668 0.5763888888888888 0.010416666666666666 0.041666666666666664
0 0.06354166666666666 0.5060185185185185 0.008333333333333333 0.028703703703703703
0 0.07369791666666667 0.5064814814814815 0.0078125 0.02962962962962963
0 0.065625 0.5231481481481481 0.007291666666666667 0.03148148148148148
0 0.05911458333333333 0.5333333333333333 0.009895833333333333 0.03148148148148148
0 0.06145833333333333 0.5638888888888889 0.007291666666666667 0.03518518518518519
0 0.06640625 0.5740740740740741 0.005729166666666666 0.03888888888888889
0 0.07369791666666667 0.5740740740740741 0.008854166666666666 0.037037037037037035
0 0.07161458333333333 0.5648148148148148 0.008854166666666666 0.03888888888888889
0 0.07317708333333334 0.5546296296296296 0.0078125 0.037037037037037035
0 0.01015625 0.625 0.013020833333333334 0.04814814814814815
0 0.0049479166666666664 0.6541666666666667 0.009895833333333333 0.03611111111111111
0 0.00546875 0.6842592592592592 0.0109375 0.040740740740740744
0 0.006510416666666667 0.7212962962962963 0.013020833333333334 0.05555555555555555
0 0.022916666666666665 0.7111111111111111 0.014583333333333334 0.06296296296296296
0 0.03333333333333333 0.6925925925925925 0.013541666666666667 0.06111111111111111
1 0.028645833333333332 0.7953703703703704 0.029166666666666667 0.07037037037037037
2 0.03359375 0.8148148148148148 0.0515625 0.05740740740740741
1 0.023697916666666666 0.8310185185185185 0.0234375 0.06388888888888888
1 0.07265625 0.8009259259259259 0.0203125 0.08518518518518518
2 0.07317708333333334 0.8277777777777777 0.0171875 0.06111111111111111
1 0.11901041666666666 0.9291666666666667 0.0265625 0.08611111111111111
9 0.12005208333333334 0.9574074074074074 0.030729166666666665 0.08148148148148149
1 0.12447916666666667 0.9731481481481481 0.025 0.053703703703703705
0 0.0859375 0.5282407407407408 0.00625 0.03425925925925926
0 0.09244791666666667 0.5282407407407408 0.0067708333333333336 0.032407407407407406
0 0.10703125 0.5111111111111111 0.0067708333333333336 0.025925925925925925
0 0.140625 0.5064814814814815 0.00625 0.024074074074074074
1 0.175 0.5476851851851852 0.010416666666666666 0.030555555555555555
0 0.18098958333333334 0.4842592592592593 0.0078125 0.025925925925925925
0 0.18723958333333332 0.48518518518518516 0.005729166666666666 0.025925925925925925
0 0.18463541666666666 0.4962962962962963 0.0046875 0.027777777777777776
0 0.19244791666666666 0.49583333333333335 0.0046875 0.028703703703703703
0 0.19375 0.49398148148148147 0.005208333333333333 0.028703703703703703
0 0.20130208333333333 0.4675925925925926 0.005729166666666666 0.022222222222222223
0 0.20546875 0.5 0.0046875 0.027777777777777776
0 0.22447916666666667 0.5087962962962963 0.005208333333333333 0.025
0 0.24375 0.5027777777777778 0.00625 0.02962962962962963
0 0.24557291666666667 0.4638888888888889 0.0036458333333333334 0.022222222222222223
0 0.25442708333333336 0.47314814814814815 0.0046875 0.025925925925925925
0 0.27395833333333336 0.4638888888888889 0.004166666666666667 0.020370370370370372
0 0.28489583333333335 0.48333333333333334 0.005208333333333333 0.027777777777777776
0 0.2890625 0.4671296296296296 0.003125 0.021296296296296296
0 0.27317708333333335 0.41574074074074074 0.0026041666666666665 0.012962962962962963
0 0.275 0.41435185185185186 0.0020833333333333333 0.012037037037037037
0 0.27421875 0.425 0.0036458333333333334 0.012962962962962963
1 0.25364583333333335 0.45416666666666666 0.004166666666666667 0.01574074074074074
0 0.2791666666666667 0.42824074074074076 0.003125 0.012037037037037037
0 0.2799479166666667 0.43333333333333335 0.0026041666666666665 0.014814814814814815
0 0.284375 0.4166666666666667 0.003125 0.014814814814814815
0 0.28932291666666665 0.412962962962963 0.0026041666666666665 0.011111111111111112
0 0.28932291666666665 0.4287037037037037 0.0026041666666666665 0.014814814814814815
0 0.2921875 0.42314814814814816 0.003125 0.018518518518518517
0 0.30703125 0.4449074074074074 0.0036458333333333334 0.01574074074074074
0 0.31979166666666664 0.4587962962962963 0.004166666666666667 0.019444444444444445
0 0.32369791666666664 0.46064814814814814 0.0036458333333333334 0.019444444444444445
0 0.32838541666666665 0.4648148148148148 0.0046875 0.018518518518518517
0 0.3341145833333333 0.47824074074074074 0.005729166666666666 0.025
3 0.3171875 0.4912037037037037 0.0375 0.023148148148148147
3 0.30416666666666664 0.4412037037037037 0.022916666666666665 0.01574074074074074
3 0.3140625 0.42314814814814816 0.007291666666666667 0.011111111111111112
3 0.33125 0.44166666666666665 0.009375 0.014814814814814815
3 0.3338541666666667 0.4310185185185185 0.009375 0.013888888888888888
3 0.3453125 0.44212962962962965 0.010416666666666666 0.017592592592592594
8 0.3690104166666667 0.44166666666666665 0.022395833333333334 0.03333333333333333
3 0.31145833333333334 0.4847222222222222 0.036458333333333336 0.021296296296296296
3 0.3104166666666667 0.4787037037037037 0.03333333333333333 0.018518518518518517
3 0.30911458333333336 0.47314814814814815 0.0328125 0.016666666666666666
3 0.30182291666666666 0.4648148148148148 0.025520833333333333 0.016666666666666666
3 0.2986979166666667 0.45740740740740743 0.027604166666666666 0.014814814814814815
3 0.32526041666666666 0.5120370370370371 0.04010416666666667 0.02962962962962963
4 0.23333333333333334 0.4597222222222222 0.025 0.021296296296296296
3 0.23151041666666666 0.4675925925925926 0.0265625 0.018518518518518517
3 0.22578125 0.4726851851851852 0.0328125 0.021296296296296296
3 0.21770833333333334 0.48703703703703705 0.040625 0.022222222222222223
3 0.21614583333333334 0.49212962962962964 0.03958333333333333 0.023148148148148147
3 0.11015625 0.5347222222222222 0.0265625 0.03981481481481482
3 0.13958333333333334 0.5328703703703703 0.026041666666666668 0.03981481481481482
3 0.16666666666666666 0.5337962962962963 0.023958333333333335 0.03611111111111111
3 0.19583333333333333 0.5296296296296297 0.021875 0.037037037037037035
3 0.22057291666666667 0.5287037037037037 0.022395833333333334 0.03148148148148148
3 0.22109375 0.5407407407407407 0.050520833333333334 0.03518518518518519
2 0.17421875 0.5541666666666667 0.0203125 0.023148148148148147
1 0.22447916666666667 0.5541666666666667 0.007291666666666667 0.030555555555555555
9 0.22447916666666667 0.562037037037037 0.019791666666666666 0.024074074074074074
1 0.375 0.4847222222222222 0.004166666666666667 0.01574074074074074
1 0.38203125 0.4898148148148148 0.0046875 0.016666666666666666
1 0.3846354166666667 0.49675925925925923 0.005729166666666666 0.019444444444444445
2 0.3815104166666667 0.49907407407407406 0.005729166666666666 0.014814814814814815
2 0.3846354166666667 0.5037037037037037 0.0046875 0.014814814814814815
0 0.3768229166666667 0.5018518518518519 0.0046875 0.025925925925925925
1 0.3723958333333333 0.5185185185185185 0.00625 0.022222222222222223
1 0.3611979166666667 0.5222222222222223 0.005729166666666666 0.018518518518518517
1 0.3609375 0.5319444444444444 0.00625 0.025
1 0.3424479166666667 0.549074074074074 0.008854166666666666 0.03148148148148148
1 0.32421875 0.5527777777777778 0.008854166666666666 0.02962962962962963
1 0.31484375 0.5763888888888888 0.008854166666666666 0.032407407407407406
1 0.30520833333333336 0.6041666666666666 0.009375 0.03611111111111111
1 0.32369791666666664 0.6328703703703704 0.0109375 0.04351851851851852
1 0.2908854166666667 0.6412037037037037 0.011979166666666667 0.04722222222222222
1 0.2830729166666667 0.6856481481481481 0.0109375 0.05462962962962963
1 0.19635416666666666 0.7291666666666666 0.017708333333333333 0.06018518518518518
1 0.2518229166666667 0.7157407407407408 0.016145833333333335 0.06296296296296296
1 0.24817708333333333 0.7648148148148148 0.0171875 0.06666666666666667
1 0.28932291666666665 0.7574074074074074 0.015104166666666667 0.06851851851851852
1 0.3421875 0.7189814814814814 0.015625 0.049074074074074076
2 0.371875 0.5277777777777778 0.005208333333333333 0.020370370370370372
2 0.3609375 0.5421296296296296 0.005208333333333333 0.019444444444444445
2 0.3419270833333333 0.5597222222222222 0.0067708333333333336 0.023148148148148147
2 0.32395833333333335 0.562962962962963 0.008333333333333333 0.024074074074074074
2 0.3143229166666667 0.586574074074074 0.0067708333333333336 0.026851851851851852
2 0.30416666666666664 0.6180555555555556 0.008333333333333333 0.030555555555555555
9 0.3421875 0.7393518518518518 0.016666666666666666 0.04722222222222222
3 0.25625 0.5263888888888889 0.03125 0.032407407407407406
3 0.28020833333333334 0.5226851851851851 0.028125 0.030555555555555555
3 0.38723958333333336 0.4486111111111111 0.011979166666666667 0.017592592592592594
3 0.37890625 0.45555555555555555 0.011979166666666667 0.016666666666666666
3 0.39947916666666666 0.4583333333333333 0.013541666666666667 0.016666666666666666
3 0.4 0.4685185185185185 0.014583333333333334 0.018518518518518517
0 0.4171875 0.45925925925925926 0.005208333333333333 0.018518518518518517
3 0.43307291666666664 0.47962962962962963 0.0171875 0.020370370370370372
3 0.41875 0.49027777777777776 0.017708333333333333 0.025
3 0.45026041666666666 0.49583333333333335 0.018229166666666668 0.028703703703703703
3 0.42552083333333335 0.5106481481481482 0.017708333333333333 0.028703703703703703
3 0.4203125 0.5398148148148149 0.022916666666666665 0.03888888888888889
3 0.4544270833333333 0.5189814814814815 0.019270833333333334 0.030555555555555555
3 0.4088541666666667 0.5800925925925926 0.026041666666666668 0.04537037037037037
3 0.45703125 0.5712962962962963 0.0265625 0.04259259259259259
3 0.40625 0.6342592592592593 0.0375 0.07407407407407407
3 0.45989583333333334 0.6175925925925926 0.030208333333333334 0.053703703703703705
3 0.3606770833333333 0.8199074074074074 0.05677083333333333 0.12129629629629629
3 0.453125 0.8305555555555556 0.05625 0.11666666666666667
0 0.47708333333333336 0.49583333333333335 0.004166666666666667 0.026851851851851852
0 0.4739583333333333 0.49444444444444446 0.004166666666666667 0.020370370370370372
0 0.47213541666666664 0.4935185185185185 0.0036458333333333334 0.018518518518518517
3 0.4890625 0.44583333333333336 0.010416666666666666 0.01574074074074074
3 0.4890625 0.4689814814814815 0.013541666666666667 0.019444444444444445
8 0.496875 0.4310185185185185 0.014583333333333334 0.028703703703703703
0 0.5127604166666667 0.43425925925925923 0.0026041666666666665 0.012962962962962963
3 0.5161458333333333 0.43194444444444446 0.008333333333333333 0.012037037037037037
3 0.5161458333333333 0.425462962962963 0.009375 0.010185185185185186
3 0.5145833333333333 0.4203703703703704 0.008333333333333333 0.012962962962962963
1 0.50546875 0.4222222222222222 0.0026041666666666665 0.009259259259259259
2 0.5057291666666667 0.42685185185185187 0.003125 0.007407407407407408
1 0.48072916666666665 0.4305555555555556 0.003125 0.011111111111111112
2 0.48098958333333336 0.4337962962962963 0.0036458333333333334 0.008333333333333333
3 0.4890625 0.4134259259259259 0.00625 0.012037037037037037
1 0.51796875 0.44583333333333336 0.0036458333333333334 0.013888888888888888
1 0.5091145833333334 0.46111111111111114 0.0046875 0.012962962962962963
1 0.5125 0.46620370370370373 0.003125 0.013888888888888888
1 0.5177083333333333 0.4689814814814815 0.003125 0.013888888888888888
1 0.515625 0.4740740740740741 0.004166666666666667 0.016666666666666666
1 0.51796875 0.48333333333333334 0.0046875 0.020370370370370372
0 0.53046875 0.4689814814814815 0.0036458333333333334 0.019444444444444445
1 0.5338541666666666 0.47314814814814815 0.004166666666666667 0.012962962962962963
1 0.52734375 0.4773148148148148 0.0036458333333333334 0.013888888888888888
1 0.5260416666666666 0.4791666666666667 0.004166666666666667 0.013888888888888888
1 0.5247395833333334 0.4837962962962963 0.0046875 0.013888888888888888
1 0.5236979166666667 0.49027777777777776 0.0046875 0.01574074074074074
1 0.5208333333333334 0.49537037037037035 0.00625 0.016666666666666666
1 0.5330729166666667 0.49166666666666664 0.005729166666666666 0.020370370370370372
1 0.5315104166666667 0.512962962962963 0.005729166666666666 0.022222222222222223
1 0.5640625 0.4773148148148148 0.004166666666666667 0.019444444444444445
0 0.5645833333333333 0.4935185185185185 0.004166666666666667 0.024074074074074074
1 0.54609375 0.49074074074074076 0.0046875 0.018518518518518517
1 0.54453125 0.49907407407407406 0.005729166666666666 0.020370370370370372
1 0.54765625 0.5009259259259259 0.0046875 0.016666666666666666
1 0.5479166666666667 0.5143518518518518 0.00625 0.025
0 0.5565104166666667 0.4935185185185185 0.0046875 0.025925925925925925
0 0.5674479166666667 0.4925925925925926 0.0036458333333333334 0.022222222222222223
0 0.57890625 0.4888888888888889 0.005729166666666666 0.020370370370370372
1 0.5723958333333333 0.4981481481481482 0.005208333333333333 0.020370370370370372
1 0.5713541666666667 0.5277777777777778 0.00625 0.025925925925925925
1 0.5809895833333333 0.5 0.005729166666666666 0.027777777777777776
0 0.5846354166666666 0.5101851851851852 0.0046875 0.024074074074074074
1 0.5760416666666667 0.5185185185185185 0.005208333333333333 0.022222222222222223
1 0.5809895833333333 0.5217592592592593 0.005729166666666666 0.026851851851851852
1 0.6020833333333333 0.49537037037037035 0.005208333333333333 0.022222222222222223
1 0.6013020833333333 0.5287037037037037 0.005729166666666666 0.024074074074074074
1 0.6049479166666667 0.5416666666666666 0.0067708333333333336 0.03148148148148148
0 0.5958333333333333 0.5069444444444444 0.00625 0.026851851851851852
0 0.6078125 0.49027777777777776 0.005208333333333333 0.025
0 0.6098958333333333 0.5157407407407407 0.00625 0.024074074074074074
0 0.61484375 0.5166666666666667 0.005729166666666666 0.027777777777777776
1 0.5942708333333333 0.46620370370370373 0.00625 0.013888888888888888
1 0.6197916666666666 0.49444444444444446 0.00625 0.018518518518518517
1 0.6268229166666667 0.49675925925925923 0.005729166666666666 0.01574074074074074
0 0.6252604166666667 0.5120370370370371 0.0046875 0.025925925925925925
0 0.6291666666666667 0.5180555555555556 0.00625 0.030555555555555555
0 0.6348958333333333 0.5180555555555556 0.005208333333333333 0.030555555555555555
7 0.5005208333333333 0.48518518518518516 0.010416666666666666 0.024074074074074074
9 0.5091145833333334 0.46435185185185185 0.0036458333333333334 0.013888888888888888
2 0.51171875 0.47175925925925927 0.0026041666666666665 0.013888888888888888
2 0.51484375 0.4791666666666667 0.0026041666666666665 0.013888888888888888
2 0.5171875 0.4875 0.004166666666666667 0.013888888888888888
9 0.52109375 0.5027777777777778 0.005729166666666666 0.016666666666666666
2 0.5330729166666667 0.4976851851851852 0.0046875 0.012037037037037037
9 0.53125 0.5171296296296296 0.005208333333333333 0.01574074074074074
2 0.54453125 0.5055555555555555 0.0046875 0.012962962962962963
2 0.5481770833333334 0.5236111111111111 0.005729166666666666 0.019444444444444445
1 0.55703125 0.5106481481481482 0.005729166666666666 0.021296296296296296
1 0.5619791666666667 0.5157407407407407 0.005208333333333333 0.018518518518518517
1 0.559375 0.5273148148148148 0.00625 0.025
2 0.5567708333333333 0.5199074074074074 0.005208333333333333 0.01574074074074074
2 0.5591145833333333 0.5361111111111111 0.005729166666666666 0.016666666666666666
2 0.5619791666666667 0.5259259259259259 0.005208333333333333 0.018518518518518517
2 0.5708333333333333 0.5342592592592592 0.007291666666666667 0.022222222222222223
2 0.58046875 0.5342592592592592 0.0067708333333333336 0.018518518518518517
2 0.57578125 0.5236111111111111 0.008854166666666666 0.019444444444444445
2 0.60078125 0.5370370370370371 0.0067708333333333336 0.020370370370370372
2 0.6036458333333333 0.55 0.008333333333333333 0.022222222222222223
9 0.6263020833333334 0.5060185185185185 0.011979166666666667 0.017592592592592594
9 0.6200520833333333 0.5009259259259259 0.0109375 0.014814814814814815
1 0.6533854166666667 0.49398148148148147 0.005729166666666666 0.019444444444444445
1 0.66640625 0.49444444444444446 0.005729166666666666 0.016666666666666666
2 0.65390625 0.500462962962963 0.008854166666666666 0.012037037037037037
2 0.6671875 0.4986111111111111 0.010416666666666666 0.013888888888888888
0 0.659375 0.5398148148148149 0.007291666666666667 0.03518518518518519
1 0.6721354166666667 0.5175925925925926 0.0078125 0.024074074074074074
2 0.6723958333333333 0.5254629629629629 0.009375 0.019444444444444445
0 0.7072916666666667 0.5351851851851852 0.00625 0.03333333333333333
0 0.6856770833333333 0.5814814814814815 0.0078125 0.040740740740740744
3 0.5049479166666667 0.5138888888888888 0.018229166666666668 0.02962962962962963
8 0.496875 0.5569444444444445 0.04791666666666667 0.09722222222222222
3 0.5325520833333334 0.5425925925925926 0.024479166666666666 0.037037037037037035
3 0.5572916666666666 0.6222222222222222 0.03125 0.05
1 0.60859375 0.5856481481481481 0.009895833333333333 0.03981481481481482
1 0.6234375 0.5912037037037037 0.008333333333333333 0.03425925925925926
1 0.6380208333333334 0.5935185185185186 0.010416666666666666 0.02962962962962963
1 0.6651041666666667 0.6060185185185185 0.010416666666666666 0.03796296296296296
1 0.5942708333333333 0.6537037037037037 0.0125 0.05
1 0.6036458333333333 0.6393518518518518 0.010416666666666666 0.041666666666666664
1 0.6403645833333333 0.6615740740740741 0.016145833333333335 0.049074074074074076
1 0.6606770833333333 0.6476851851851851 0.0109375 0.041666666666666664
0 0.5440104166666667 0.8175925925925925 0.019270833333333334 0.0962962962962963
0 0.5768229166666666 0.7893518518518519 0.015104166666666667 0.0787037037037037
0 0.57890625 0.7949074074074074 0.0171875 0.0824074074074074
0 0.5986979166666667 0.736574074074074 0.0140625 0.06388888888888888
0 0.603125 0.7379629629629629 0.017708333333333333 0.06851851851851852
0 0.6234375 0.762962962962963 0.0125 0.07037037037037037
0 0.621875 0.7675925925925926 0.010416666666666666 0.07407407407407407
3 0.64765625 0.7351851851851852 0.05572916666666667 0.07592592592592592
3 0.6763020833333333 0.5060185185185185 0.0328125 0.026851851851851852
3 0.6994791666666667 0.5115740740740741 0.025 0.028703703703703703
3 0.7197916666666667 0.5162037037037037 0.0375 0.028703703703703703
3 0.74140625 0.5217592592592593 0.03802083333333333 0.026851851851851852
2 0.6078125 0.5939814814814814 0.007291666666666667 0.025
2 0.6236979166666666 0.5976851851851852 0.0078125 0.025
2 0.603125 0.6509259259259259 0.010416666666666666 0.037037037037037035
9 0.59375 0.6615740740740741 0.014583333333333334 0.03981481481481482
9 0.6403645833333333 0.6717592592592593 0.018229166666666668 0.04351851851851852
9 0.66015625 0.6569444444444444 0.011979166666666667 0.03796296296296296
2 0.7080729166666667 0.6643518518518519 0.011979166666666667 0.041666666666666664
9 0.6380208333333334 0.6023148148148149 0.008333333333333333 0.030555555555555555
2 0.6645833333333333 0.6157407407407407 0.010416666666666666 0.03518518518518519
1 0.7096354166666666 0.6523148148148148 0.013020833333333334 0.04537037037037037
3 0.7263020833333333 0.8893518518518518 0.08697916666666666 0.11388888888888889
2 0.6015625 0.5023148148148148 0.004166666666666667 0.01574074074074074
8 0.7265625 0.4875 0.078125 0.04351851851851852
3 0.7403645833333333 0.5037037037037037 0.030729166666666665 0.022222222222222223
3 0.7630208333333334 0.5097222222222222 0.034375 0.021296296296296296
3 0.7231770833333333 0.6018518518518519 0.0515625 0.04259259259259259
3 0.7880208333333333 0.48842592592592593 0.027083333333333334 0.021296296296296296
4 0.7731770833333333 0.4976851851851852 0.0359375 0.030555555555555555
3 0.7994791666666666 0.5037037037037037 0.03229166666666667 0.025925925925925925
3 0.7692708333333333 0.5263888888888889 0.03958333333333333 0.028703703703703703
3 0.8127604166666667 0.5208333333333334 0.033854166666666664 0.026851851851851852
3 0.81796875 0.48842592592592593 0.027604166666666666 0.021296296296296296
3 0.8380208333333333 0.5 0.03125 0.024074074074074074
3 0.8356770833333333 0.4842592592592593 0.0265625 0.014814814814814815
3 0.84296875 0.4925925925925926 0.0296875 0.022222222222222223
3 0.8385416666666666 0.500462962962963 0.03229166666666667 0.023148148148148147
3 0.8705729166666667 0.49583333333333335 0.027604166666666666 0.025
3 0.8700520833333333 0.48564814814814816 0.025520833333333333 0.019444444444444445
3 0.89375 0.48194444444444445 0.028125 0.021296296296296296
8 0.8783854166666667 0.4699074074074074 0.06197916666666667 0.041666666666666664
3 0.8979166666666667 0.49074074074074076 0.029166666666666667 0.024074074074074074
3 0.91640625 0.48194444444444445 0.0234375 0.021296296296296296
3 0.9213541666666667 0.47453703703703703 0.025 0.019444444444444445
3 0.9299479166666667 0.48703703703703705 0.027604166666666666 0.022222222222222223
3 0.9427083333333334 0.47314814814814815 0.022916666666666665 0.018518518518518517
3 0.9411458333333333 0.4791666666666667 0.020833333333333332 0.017592592592592594
3 0.953125 0.4824074074074074 0.022916666666666665 0.020370370370370372
4 0.9614583333333333 0.4722222222222222 0.021875 0.020370370370370372
3 0.9734375 0.47962962962962963 0.025 0.022222222222222223
4 0.9833333333333333 0.46620370370370373 0.028125 0.025
3 0.9924479166666667 0.47638888888888886 0.015104166666666667 0.019444444444444445
1 0.93984375 0.45787037037037037 0.0036458333333333334 0.01574074074074074
1 0.9455729166666667 0.45694444444444443 0.0036458333333333334 0.013888888888888888
0 0.84609375 0.4652777777777778 0.005729166666666666 0.021296296296296296
0 0.9244791666666666 0.45601851851851855 0.004166666666666667 0.01574074074074074
0 0.7859375 0.46805555555555556 0.004166666666666667 0.019444444444444445
2 0.58203125 0.48009259259259257 0.0078125 0.010185185185185186
3 0.62109375 0.6314814814814815 0.034895833333333334 0.05
0 0.7588541666666667 0.5611111111111111 0.009375 0.03888888888888889
0 0.7692708333333333 0.5763888888888888 0.010416666666666666 0.03981481481481482
0 0.8018229166666667 0.5796296296296296 0.0078125 0.044444444444444446
0 0.8208333333333333 0.5856481481481481 0.008333333333333333 0.041666666666666664
1 0.7296875 0.6689814814814815 0.015625 0.041666666666666664
1 0.71640625 0.7125 0.011979166666666667 0.049074074074074076
1 0.7484375 0.7837962962962963 0.017708333333333333 0.07685185185185185
1 0.8213541666666667 0.7819444444444444 0.019791666666666666 0.08055555555555556
9 0.71328125 0.7296296296296296 0.0359375 0.03888888888888889
0 0.7083333333333334 0.7314814814814815 0.010416666666666666 0.06666666666666667
0 0.71328125 0.7620370370370371 0.011979166666666667 0.044444444444444446
0 0.7328125 0.7662037037037037 0.013541666666666667 0.0712962962962963
0 0.7203125 0.7569444444444444 0.011458333333333333 0.06944444444444445
2 0.7466145833333333 0.7925925925925926 0.043229166666666666 0.05555555555555555
0 0.7453125 0.7300925925925926 0.010416666666666666 0.058333333333333334
0 0.7442708333333333 0.7185185185185186 0.011458333333333333 0.05740740740740741
0 0.7580729166666667 0.6898148148148148 0.011979166666666667 0.05925925925925926
0 0.7643229166666666 0.6550925925925926 0.0109375 0.05462962962962963
0 0.7817708333333333 0.6574074074074074 0.010416666666666666 0.053703703703703705
0 0.9114583333333334 0.5597222222222222 0.008333333333333333 0.03611111111111111
0 0.9140625 0.5541666666666667 0.009375 0.03425925925925926
0 0.9247395833333333 0.5606481481481481 0.009895833333333333 0.03425925925925926
0 0.9330729166666667 0.5509259259259259 0.0078125 0.03888888888888889
0 0.9838541666666667 0.6342592592592593 0.011458333333333333 0.05
0 0.95078125 0.638425925925926 0.008854166666666666 0.04537037037037037
0 0.93046875 0.6504629629629629 0.015104166666666667 0.05092592592592592
1 0.8986979166666667 0.6402777777777777 0.0109375 0.05277777777777778
1 0.91953125 0.5986111111111111 0.011979166666666667 0.028703703703703703
0 0.9171875 0.6300925925925925 0.008333333333333333 0.04351851851851852
0 0.9234375 0.6393518518518518 0.011458333333333333 0.05648148148148148
0 0.9364583333333333 0.638425925925926 0.010416666666666666 0.05092592592592592
2 0.9354166666666667 0.6305555555555555 0.020833333333333332 0.037037037037037035
2 0.96171875 0.6305555555555555 0.021354166666666667 0.03333333333333333
9 0.9002604166666667 0.6430555555555556 0.0203125 0.05462962962962963
0 0.8059895833333334 0.6805555555555556 0.015104166666666667 0.05925925925925926
0 0.7984375 0.7018518518518518 0.010416666666666666 0.04814814814814815
0 0.7966145833333333 0.7208333333333333 0.009895833333333333 0.06018518518518518
0 0.8013020833333333 0.7300925925925926 0.0109375 0.06574074074074074
0 0.8067708333333333 0.7393518518518518 0.010416666666666666 0.06574074074074074
0 0.8109375 0.7425925925925926 0.010416666666666666 0.06481481481481481
0 0.8174479166666667 0.7435185185185185 0.011979166666666667 0.07407407407407407
0 0.8174479166666667 0.7157407407407408 0.0078125 0.06111111111111111
0 0.82421875 0.725462962962963 0.011979166666666667 0.06388888888888888
0 0.8315104166666667 0.7643518518518518 0.0109375 0.0787037037037037
2 0.8184895833333333 0.7907407407407407 0.043229166666666666 0.06111111111111111
2 0.8565104166666667 0.7518518518518519 0.028645833333333332 0.05
1 0.8760416666666667 0.7694444444444445 0.015625 0.05
2 0.9184895833333333 0.8217592592592593 0.043229166666666666 0.05462962962962963
2 0.91484375 0.8166666666666667 0.044270833333333336 0.05185185185185185
2 0.9028645833333333 0.8041666666666667 0.04114583333333333 0.05092592592592592
1 0.8859375 0.9296296296296296 0.029166666666666667 0.07407407407407407
9 0.8864583333333333 0.9546296296296296 0.03229166666666667 0.08888888888888889
0 0.8359375 0.7013888888888888 0.008333333333333333 0.03611111111111111