3 0.5102941176470588 0.6692810457516339 0.045588235294117645 0.1411764705882353
3 0.5220588235294118 0.39281045751633986 0.03235294117647059 0.09542483660130718
3 0.2889705882352941 0.4169934640522876 0.07647058823529412 0.0784313725490196
3 0.3830882352941177 0.2607843137254902 0.029411764705882353 0.07450980392156863
3 0.3948529411764706 0.32287581699346407 0.07058823529411765 0.08888888888888889
0 0.4128676470588235 0.3281045751633987 0.008088235294117648 0.054901960784313725
3 0.4702205882352941 0.2372549019607843 0.028676470588235293 0.06928104575163399
3 0.5077205882352941 0.18169934640522875 0.022794117647058822 0.05228758169934641
3 0.5102941176470588 0.0718954248366013 0.01911764705882353 0.0392156862745098
3 0.4658088235294118 0.05555555555555555 0.022794117647058822 0.05359477124183006
3 0.06801470588235294 0.4823529411764706 0.07867647058823529 0.12287581699346405
3 0.020588235294117647 0.46797385620915033 0.041176470588235294 0.10718954248366012
3 0.13566176470588234 0.8562091503267973 0.11691176470588235 0.11241830065359477
5 0.7051470588235295 0.5241830065359477 0.1161764705882353 0.12026143790849673
0 0.586764705882353 0.5823529411764706 0.010294117647058823 0.06143790849673202
0 0.586764705882353 0.403921568627451 0.010294117647058823 0.05228758169934641
0 0.5959558823529412 0.4071895424836601 0.008088235294117648 0.0457516339869281
5 0.6680147058823529 0.40522875816993464 0.10220588235294117 0.08366013071895424
5 0.6588235294117647 0.3333333333333333 0.10147058823529412 0.06535947712418301
8 0.8386029411764706 0.16601307189542483 0.11691176470588235 0.08888888888888889
3 0.9625 0.32483660130718955 0.075 0.07450980392156863
3 0.9823529411764705 0.24313725490196078 0.03529411764705882 0.054901960784313725
3 0.975 0.18235294117647058 0.05 0.05359477124183006
3 0.2139705882352941 0.2130718954248366 0.06470588235294118 0.05228758169934641
3 0.23786764705882352 0.17450980392156862 0.06691176470588235 0.0457516339869281
3 0.24485294117647058 0.15163398692810456 0.047058823529411764 0.04183006535947712
3 0.2536764705882353 0.13071895424836602 0.058823529411764705 0.04967320261437908
3 0.2713235294117647 0.08888888888888889 0.05588235294117647 0.047058823529411764
3 0.28125 0.049019607843137254 0.05073529411764706 0.03529411764705882
3 0.28088235294117647 0.032679738562091505 0.052941176470588235 0.036601307189542485
3 0.2893382352941177 0.01699346405228758 0.04485294117647059 0.02875816993464052
3 0.15625 0.021568627450980392 0.04191176470588235 0.043137254901960784
3 0.14227941176470588 0.4869281045751634 0.09044117647058823 0.11372549019607843
2 0.08088235294117647 0.18758169934640523 0.020588235294117647 0.030065359477124184
1 0.32536764705882354 0.16405228758169935 0.009558823529411765 0.027450980392156862
0 0.731985294117647 0.13790849673202615 0.008088235294117648 0.043137254901960784
0 0.5595588235294118 0.03594771241830065 0.004411764705882353 0.030065359477124184
0 0.5533088235294118 0.036601307189542485 0.006617647058823529 0.03398692810457516
0 0.5452205882352941 0.03398692810457516 0.006617647058823529 0.036601307189542485
1 0.5290441176470588 0.10915032679738562 0.005147058823529412 0.022222222222222223
9 0.5290441176470588 0.11830065359477124 0.006617647058823529 0.030065359477124184
9 0.7481617647058824 0.10980392156862745 0.008088235294117648 0.02875816993464052
9 0.7415441176470589 0.1111111111111111 0.008088235294117648 0.02875816993464052
2 0.7202205882352941 0.06470588235294118 0.0125 0.0196078431372549
2 0.7139705882352941 0.06209150326797386 0.011764705882352941 0.0196078431372549
2 0.7158088235294118 0.052941176470588235 0.015441176470588236 0.01437908496732026
2 0.7044117647058824 0.03398692810457516 0.007352941176470588 0.023529411764705882