0 0.10392857142857143 0.5025380710659898 0.007857142857142858 0.025380710659898477
0 0.10928571428571429 0.47779187817258884 0.007142857142857143 0.0266497461928934
0 0.11571428571428571 0.47779187817258884 0.007142857142857143 0.021573604060913704
0 0.1225 0.49238578680203043 0.007857142857142858 0.025380710659898477
0 0.22285714285714286 0.5063451776649747 0.01 0.030456852791878174
0 0.1682142857142857 0.6370558375634517 0.012142857142857143 0.025380710659898477
0 0.2714285714285714 0.4873096446700508 0.007142857142857143 0.027918781725888325
0 0.29214285714285715 0.47715736040609136 0.011428571428571429 0.025380710659898477
3 0.5257142857142857 0.37944162436548223 0.022857142857142857 0.04060913705583756
3 0.5117857142857143 0.47017766497461927 0.027857142857142858 0.05710659898477157
3 0.3532142857142857 0.833756345177665 0.065 0.06852791878172589
8 0.9175 0.037436548223350255 0.03642857142857143 0.03426395939086294