3 0.43642857142857144 0.3819796954314721 0.02142857142857143 0.05583756345177665
3 0.4303571428571429 0.3223350253807107 0.019285714285714285 0.048223350253807105
4 0.4514285714285714 0.4447969543147208 0.025714285714285714 0.07233502538071065
3 0.4667857142857143 0.5279187817258884 0.023571428571428573 0.06852791878172589
4 0.42214285714285715 0.46256345177664976 0.022857142857142857 0.06725888324873096
4 0.435 0.5387055837563451 0.02142857142857143 0.07487309644670051
0 0.27535714285714286 0.8401015228426396 0.005 0.017766497461928935
0 0.2864285714285714 0.8534263959390863 0.007142857142857143 0.01903553299492386
0 0.2953571428571429 0.7969543147208121 0.007857142857142858 0.017766497461928935
0 0.3192857142857143 0.7620558375634517 0.005714285714285714 0.01903553299492386
0 0.28464285714285714 0.623730964467005 0.007857142857142858 0.024111675126903553
0 0.2732142857142857 0.25 0.0064285714285714285 0.017766497461928935
0 0.5125 0.5361675126903553 0.0064285714285714285 0.0266497461928934
0 0.5685714285714286 0.7817258883248731 0.007142857142857143 0.025380710659898477
0 0.7339285714285714 0.8857868020304569 0.007857142857142858 0.02284263959390863
0 0.7314285714285714 0.9010152284263959 0.005714285714285714 0.02284263959390863
0 0.28035714285714286 0.8426395939086294 0.0064285714285714285 0.017766497461928935
0 0.29464285714285715 0.8058375634517766 0.007857142857142858 0.02030456852791878
0 0.3182142857142857 0.7690355329949239 0.0064285714285714285 0.017766497461928935
0 0.27785714285714286 0.7163705583756346 0.008571428571428572 0.024111675126903553
0 0.5617857142857143 0.7899746192893401 0.007857142857142858 0.024111675126903553
0 0.7525 0.8991116751269036 0.012142857142857143 0.01903553299492386
0 0.7039285714285715 0.9923857868020305 0.009285714285714286 0.012690355329949238