3 0.02977941176470588 0.5071895424836601 0.05955882352941176 0.0915032679738562
3 0.01764705882352941 0.5862745098039216 0.03529411764705882 0.08496732026143791
3 0.04595588235294118 0.42549019607843136 0.09191176470588236 0.09281045751633987
3 0.07352941176470588 0.3758169934640523 0.09558823529411764 0.07712418300653595
3 0.09705882352941177 0.33790849673202616 0.1 0.06143790849673202
3 0.11911764705882352 0.2954248366013072 0.09117647058823529 0.06013071895424837
3 0.1275735294117647 0.26405228758169935 0.08455882352941177 0.05228758169934641
3 0.15330882352941178 0.24509803921568626 0.07867647058823529 0.05359477124183006
3 0.175 0.2150326797385621 0.07647058823529412 0.05620915032679739
3 0.18345588235294116 0.1869281045751634 0.06838235294117648 0.04967320261437908
4 0.3588235294117647 0.5993464052287582 0.12352941176470589 0.11372549019607843
3 0.3827205882352941 0.5183006535947713 0.11102941176470588 0.0718954248366013
3 0.4011029411764706 0.3196078431372549 0.08897058823529412 0.07712418300653595
3 0.5231617647058824 0.5875816993464053 0.04926470588235294 0.1503267973856209
3 0.5216911764705883 0.44052287581699345 0.04632352941176471 0.12026143790849673
3 0.524264705882353 0.34967320261437906 0.041176470588235294 0.09281045751633987
3 0.525 0.2549019607843137 0.03235294117647059 0.08104575163398693
3 0.5246323529411765 0.1934640522875817 0.03308823529411765 0.06535947712418301
3 0.5275735294117647 0.1411764705882353 0.028676470588235293 0.06274509803921569
3 0.4077205882352941 0.27124183006535946 0.07867647058823529 0.06143790849673202
3 0.42316176470588235 0.2411764705882353 0.07867647058823529 0.050980392156862744
3 0.4261029411764706 0.2150326797385621 0.08014705882352942 0.05359477124183006
3 0.43051470588235297 0.1869281045751634 0.08014705882352942 0.05228758169934641
3 0.4375 0.15620915032679739 0.07941176470588235 0.0457516339869281
3 0.4452205882352941 0.12418300653594772 0.07720588235294118 0.04967320261437908
4 0.4566176470588235 0.08431372549019608 0.052941176470588235 0.0457516339869281
3 0.7558823529411764 0.14967320261437908 0.054411764705882354 0.050980392156862744
3 0.8154411764705882 0.12222222222222222 0.039705882352941174 0.048366013071895426
3 0.6727941176470589 0.19019607843137254 0.033823529411764704 0.0718954248366013
3 0.6705882352941176 0.07581699346405228 0.026470588235294117 0.044444444444444446
0 0.5511029411764706 0.36405228758169933 0.0125 0.05620915032679739
0 0.7404411764705883 0.1084967320261438 0.007352941176470588 0.0392156862745098
0 0.7360294117647059 0.1130718954248366 0.008823529411764706 0.040522875816993466
0 0.9330882352941177 0.09673202614379085 0.013235294117647059 0.0392156862745098
0 0.5518382352941177 0.15163398692810456 0.008088235294117648 0.047058823529411764
5 0.9577205882352942 0.1542483660130719 0.05220588235294118 0.054901960784313725
4 0.6338235294117647 0.026143790849673203 0.03823529411764706 0.04183006535947712
9 0.21691176470588236 0.17058823529411765 0.023529411764705882 0.032679738562091505
2 0.22573529411764706 0.14705882352941177 0.025 0.027450980392156862
0 0.2485294117647059 0.22156862745098038 0.011764705882352941 0.050980392156862744
0 0.2485294117647059 0.1718954248366013 0.013235294117647059 0.050980392156862744
0 0.23676470588235293 0.17254901960784313 0.010294117647058823 0.04967320261437908
0 0.2375 0.16862745098039217 0.010294117647058823 0.04967320261437908
0 0.30772058823529413 0.1261437908496732 0.008088235294117648 0.050980392156862744
0 0.2746323529411765 0.1130718954248366 0.009558823529411765 0.043137254901960784
0 0.3665441176470588 0.23921568627450981 0.009558823529411765 0.04967320261437908
0 0.3669117647058823 0.21764705882352942 0.0058823529411764705 0.040522875816993466
0 0.35257352941176473 0.14575163398692811 0.008088235294117648 0.043137254901960784
0 0.3466911764705882 0.1542483660130719 0.008088235294117648 0.036601307189542485
0 0.3452205882352941 0.09084967320261438 0.008088235294117648 0.03790849673202614
0 0.3341911764705882 0.08562091503267974 0.006617647058823529 0.03529411764705882
0 0.3301470588235294 0.08235294117647059 0.007352941176470588 0.0392156862745098
1 0.23933823529411766 0.31241830065359477 0.01838235294117647 0.054901960784313725
1 0.30772058823529413 0.44313725490196076 0.015441176470588236 0.04967320261437908
1 0.3382352941176471 0.35751633986928105 0.016176470588235296 0.040522875816993466
1 0.3360294117647059 0.365359477124183 0.016176470588235296 0.022222222222222223
1 0.31875 0.4235294117647059 0.0125 0.023529411764705882
9 0.28198529411764706 0.5078431372549019 0.02426470588235294 0.06143790849673202
9 0.2584558823529412 0.1287581699346405 0.0125 0.030065359477124184
0 0.3830882352941177 0.20915032679738563 0.010294117647058823 0.04967320261437908
1 0.06764705882352941 0.296078431372549 0.011764705882352941 0.030065359477124184
6 0.45551470588235293 0.058823529411764705 0.027205882352941177 0.02875816993464052
1 0.47610294117647056 0.05947712418300653 0.008088235294117648 0.022222222222222223
3 0.5011029411764706 0.03333333333333333 0.04926470588235294 0.040522875816993466
0 0.50625 0.013071895424836602 0.006617647058823529 0.026143790849673203
0 0.5121323529411764 0.013725490196078431 0.005147058823529412 0.0196078431372549
0 0.5165441176470589 0.01699346405228758 0.005147058823529412 0.02091503267973856
0 0.525 0.08104575163398693 0.008823529411764706 0.0392156862745098
1 0.9209558823529411 0.09281045751633987 0.011029411764705883 0.03398692810457516
2 0.9176470588235294 0.10718954248366012 0.016176470588235296 0.026143790849673203
2 0.8301470588235295 0.00718954248366013 0.008823529411764706 0.01437908496732026
3 0.3694852941176471 0.7366013071895425 0.16397058823529412 0.11372549019607843
3 0.5147058823529411 0.8143790849673203 0.07058823529411765 0.23790849673202613