0 0.01525 0.6403333333333333 0.0135 0.016666666666666666
1 0.0565 0.6226666666666667 0.01 0.018666666666666668
3 0.02525 0.711 0.0505 0.034
3 0.07925 0.7196666666666667 0.0565 0.035333333333333335
3 0.091 0.643 0.047 0.028666666666666667
3 0.1405 0.648 0.045 0.029333333333333333
3 0.20075 0.655 0.0475 0.03
3 0.253 0.6603333333333333 0.047 0.03
3 0.228 0.7433333333333333 0.054 0.034666666666666665
1 0.29975 0.7736666666666666 0.0125 0.020666666666666667
1 0.31825 0.6743333333333333 0.0085 0.020666666666666667
3 0.3445 0.7573333333333333 0.058 0.03866666666666667
3 0.46525 0.7726666666666666 0.0545 0.04
4 0.4075 0.762 0.048 0.04133333333333333
4 0.3495 0.6603333333333333 0.033 0.046
3 0.34325 0.553 0.0375 0.024666666666666667
3 0.35225 0.5316666666666666 0.0395 0.024666666666666667
3 0.438 0.547 0.04 0.024666666666666667
3 0.378 0.609 0.027 0.035333333333333335
3 0.41525 0.5243333333333333 0.0235 0.028666666666666667
9 0.38975 0.45566666666666666 0.0085 0.012666666666666666
3 0.4105 0.44366666666666665 0.029 0.020666666666666667
6 0.4715 0.45266666666666666 0.015 0.021333333333333333
6 0.4565 0.43766666666666665 0.027 0.038
3 0.42425 0.4266666666666667 0.0305 0.017333333333333333
3 0.4305 0.417 0.029 0.016666666666666666
3 0.437 0.41 0.028 0.016
3 0.445 0.4036666666666667 0.028 0.015333333333333332
3 0.454 0.39666666666666667 0.027 0.016
3 0.48625 0.366 0.0215 0.014666666666666666
3 0.50525 0.34933333333333333 0.0275 0.013333333333333334
0 0.45675 0.30533333333333335 0.0045 0.012
3 0.4595 0.24766666666666667 0.008 0.01
2 0.202 0.81 0.024 0.017333333333333333
2 0.19175 0.8296666666666667 0.0235 0.014
2 0.172 0.8643333333333333 0.023 0.014
2 0.164 0.8823333333333333 0.023 0.011333333333333334
2 0.13075 0.9483333333333334 0.0235 0.016666666666666666
9 0.16425 0.8976666666666666 0.0295 0.019333333333333334
9 0.114 0.979 0.031 0.024666666666666667
3 0.42325 0.6756666666666666 0.0505 0.034
3 0.49 0.686 0.05 0.034666666666666665
3 0.5545 0.693 0.052 0.034
3 0.686 0.7076666666666667 0.055 0.035333333333333335
3 0.7345 0.6883333333333334 0.039 0.042
7 0.61875 0.7016666666666667 0.0335 0.03933333333333333
4 0.6275 0.799 0.051 0.05
9 0.673 0.7993333333333333 0.017 0.024
1 0.538 0.9426666666666667 0.014 0.030666666666666665
1 0.546 0.9376666666666666 0.014 0.03
9 0.621 0.9276666666666666 0.017 0.04733333333333333
9 0.6405 0.9586666666666667 0.031 0.032
9 0.6295 0.976 0.024 0.021333333333333333
2 0.652 0.9936666666666667 0.027 0.012666666666666666
1 0.70875 0.866 0.0125 0.028
2 0.70725 0.8753333333333333 0.0135 0.032
1 0.72375 0.87 0.0115 0.025333333333333333
1 0.73275 0.864 0.0105 0.024
6 0.7335 0.8733333333333333 0.017 0.052
3 0.76225 0.8143333333333334 0.0655 0.042
3 0.838 0.8266666666666667 0.071 0.042666666666666665
3 0.928 0.8383333333333334 0.069 0.038
1 0.87125 0.759 0.0125 0.020666666666666667
1 0.93025 0.763 0.0115 0.023333333333333334
9 0.868 0.761 0.024 0.018
9 0.927 0.767 0.026 0.014
3 0.899 0.7393333333333333 0.054 0.037333333333333336
5 0.81475 0.5976666666666667 0.0615 0.03933333333333333
3 0.80125 0.5783333333333334 0.0455 0.023333333333333334
3 0.78575 0.484 0.0365 0.021333333333333333
3 0.7835 0.47333333333333333 0.041 0.017333333333333333
3 0.78075 0.46266666666666667 0.0325 0.013333333333333334
6 0.691 0.4886666666666667 0.023 0.017333333333333333
6 0.706 0.475 0.046 0.035333333333333335
3 0.7025 0.4523333333333333 0.034 0.019333333333333334
3 0.70425 0.44266666666666665 0.0345 0.02
0 0.72575 0.43033333333333335 0.0065 0.015333333333333332
0 0.747 0.43166666666666664 0.007 0.015333333333333332
3 0.7545 0.415 0.023 0.019333333333333334
4 0.814 0.42 0.036 0.024
3 0.826 0.417 0.029 0.019333333333333334
3 0.83325 0.4106666666666667 0.0315 0.018666666666666668
0 0.83075 0.3566666666666667 0.0045 0.012
0 0.829 0.357 0.003 0.01
0 0.82725 0.3576666666666667 0.0035 0.01
3 0.772 0.3516666666666667 0.021 0.018
3 0.80875 0.35 0.0235 0.014666666666666666
3 0.793 0.3406666666666667 0.025 0.012
3 0.78625 0.33466666666666667 0.0215 0.012
3 0.77775 0.3303333333333333 0.0225 0.012666666666666666
4 0.991 0.4826666666666667 0.018 0.02266666666666667
1 0.94375 0.4646666666666667 0.0065 0.010666666666666666
1 0.94 0.4583333333333333 0.004 0.008666666666666666
3 0.98225 0.43466666666666665 0.0355 0.018666666666666668
3 0.977 0.36333333333333334 0.029 0.014666666666666666
3 0.9775 0.3576666666666667 0.031 0.015333333333333332
3 0.95725 0.339 0.0125 0.014
4 0.95775 0.3273333333333333 0.0115 0.014666666666666666
4 0.95725 0.317 0.0125 0.011333333333333334
3 0.95125 0.31133333333333335 0.0145 0.012
0 0.909 0.2833333333333333 0.004 0.008
0 0.9145 0.2826666666666667 0.003 0.009333333333333334
3 0.0205 0.44166666666666665 0.028 0.018
3 0.01025 0.44866666666666666 0.0205 0.018666666666666668