9 0.5042857142857143 0.9384517766497462 0.008571428571428572 0.021573604060913704
4 0.5160714285714286 0.9041878172588832 0.023571428571428573 0.05203045685279188
3 0.4735714285714286 0.8356598984771574 0.02142857142857143 0.046954314720812185
4 0.4689285714285714 0.7639593908629442 0.020714285714285713 0.048223350253807105
4 0.435 0.7309644670050761 0.02142857142857143 0.048223350253807105
3 0.4303571428571429 0.6484771573604061 0.019285714285714285 0.04314720812182741
3 0.3964285714285714 0.6376903553299492 0.02 0.03934010152284264
3 0.38321428571428573 0.5101522842639594 0.020714285714285713 0.04568527918781726
3 0.3217857142857143 0.43083756345177665 0.019285714285714285 0.04187817258883249
3 0.28464285714285714 0.3236040609137056 0.019285714285714285 0.04060913705583756
3 0.3217857142857143 0.24048223350253808 0.019285714285714285 0.04187817258883249
3 0.36214285714285716 0.30456852791878175 0.017142857142857144 0.03807106598984772
3 0.36964285714285716 0.27411167512690354 0.017857142857142856 0.04060913705583756
3 0.3807142857142857 0.25888324873096447 0.02 0.04314720812182741
9 0.2367857142857143 0.13769035532994925 0.007857142857142858 0.01649746192893401
0 0.18714285714285714 0.18527918781725888 0.008571428571428572 0.012690355329949238
0 0.18392857142857144 0.1865482233502538 0.007857142857142858 0.012690355329949238
0 0.1682142857142857 0.13705583756345177 0.0064285714285714285 0.01015228426395939
0 0.16428571428571428 0.12944162436548223 0.005714285714285714 0.01015228426395939
0 0.22428571428571428 0.2817258883248731 0.004285714285714286 0.012690355329949238
0 0.22178571428571428 0.28426395939086296 0.0064285714285714285 0.012690355329949238
0 0.21928571428571428 0.28553299492385786 0.007142857142857143 0.01015228426395939
0 0.21357142857142858 0.22779187817258884 0.007142857142857143 0.011421319796954314
3 0.46535714285714286 0.4473350253807107 0.02214285714285714 0.04187817258883249
5 0.5871428571428572 0.4879441624365482 0.07857142857142857 0.10025380710659898
3 0.5335714285714286 0.4854060913705584 0.024285714285714285 0.03426395939086294
3 0.5603571428571429 0.45558375634517767 0.025 0.03553299492385787
5 0.5114285714285715 0.43718274111675126 0.03571428571428571 0.05456852791878172
8 0.5410714285714285 0.43718274111675126 0.05357142857142857 0.07741116751269035
8 0.5635714285714286 0.37753807106598986 0.06285714285714286 0.08756345177664974
8 0.6464285714285715 0.3223350253807107 0.06428571428571428 0.08629441624365482
5 0.5914285714285714 0.383248730964467 0.037142857142857144 0.05583756345177665
3 0.89 0.6148477157360406 0.018571428571428572 0.03426395939086294
3 0.8967857142857143 0.5939086294416244 0.02214285714285714 0.04060913705583756
3 0.9078571428571428 0.5856598984771574 0.022857142857142857 0.044416243654822336
8 0.8592857142857143 0.12309644670050761 0.041428571428571426 0.0583756345177665
3 0.9221428571428572 0.01713197969543147 0.027142857142857142 0.03426395939086294
0 0.3942857142857143 0.7956852791878173 0.005714285714285714 0.01015228426395939
0 0.5503571428571429 0.5558375634517766 0.0035714285714285713 0.017766497461928935
0 0.38 0.9644670050761421 0.005714285714285714 0.012690355329949238