3 0.8464285714285714 0.34454314720812185 0.055714285714285716 0.10532994923857868
3 0.9514285714285714 0.11230964467005077 0.05285714285714286 0.10532994923857868
0 0.42964285714285716 0.8661167512690355 0.010714285714285714 0.03426395939086294
0 0.5428571428571428 0.9270304568527918 0.008571428571428572 0.03680203045685279
0 0.5485714285714286 0.940989847715736 0.01 0.04187817258883249
0 0.4407142857142857 0.4473350253807107 0.008571428571428572 0.04187817258883249
0 0.4682142857142857 0.31091370558375636 0.009285714285714286 0.03553299492385787
0 0.4764285714285714 0.2696700507614213 0.008571428571428572 0.03426395939086294
0 0.6242857142857143 0.6998730964467005 0.01 0.031725888324873094
0 0.625 0.7176395939086294 0.007142857142857143 0.02918781725888325
0 0.7835714285714286 0.9181472081218274 0.012857142857142857 0.02918781725888325
0 0.7942857142857143 0.9137055837563451 0.014285714285714285 0.03807106598984772
0 0.565 0.41624365482233505 0.007142857142857143 0.03553299492385787
0 0.5707142857142857 0.4137055837563452 0.008571428571428572 0.03553299492385787
0 0.6785714285714286 0.2569796954314721 0.008571428571428572 0.03426395939086294
0 0.6967857142857142 0.2779187817258883 0.007857142857142858 0.03299492385786802
0 0.5085714285714286 0.24238578680203046 0.008571428571428572 0.027918781725888325
0 0.49642857142857144 0.2519035532994924 0.01 0.031725888324873094
1 0.48928571428571427 0.14784263959390864 0.01 0.021573604060913704
0 0.46214285714285713 0.108502538071066 0.005714285714285714 0.02918781725888325
0 0.475 0.09898477157360407 0.008571428571428572 0.03299492385786802
0 0.44785714285714284 0.05710659898477157 0.007142857142857143 0.03299492385786802
1 0.48642857142857143 0.06979695431472081 0.008571428571428572 0.025380710659898477
0 0.5610714285714286 0.05012690355329949 0.007857142857142858 0.01903553299492386