9 0.41507352941176473 0.330718954248366 0.025735294117647058 0.03398692810457516
9 0.41544117647058826 0.3111111111111111 0.023529411764705882 0.02875816993464052
9 0.4088235294117647 0.3176470588235294 0.026470588235294117 0.023529411764705882
9 0.41066176470588234 0.2934640522875817 0.022794117647058822 0.030065359477124184
9 0.41102941176470587 0.32287581699346407 0.01911764705882353 0.02875816993464052
0 0.8709558823529412 0.5 0.0375 0.06143790849673202
9 0.7731617647058824 0.492156862745098 0.022794117647058822 0.050980392156862744
9 0.9595588235294118 0.5895424836601307 0.03235294117647059 0.05228758169934641
3 0.96875 0.8790849673202614 0.0625 0.20522875816993463
3 0.9117647058823529 0.8751633986928105 0.11764705882352941 0.23660130718954248
3 0.8176470588235294 0.8490196078431372 0.09705882352941177 0.2130718954248366
3 0.6878676470588235 0.8392156862745098 0.10220588235294117 0.19607843137254902
3 0.6029411764705882 0.8320261437908497 0.08088235294117647 0.21830065359477124
2 0.7077205882352942 0.4718954248366013 0.016911764705882352 0.04967320261437908
0 0.6933823529411764 0.39019607843137255 0.008823529411764706 0.048366013071895426
0 0.7033088235294118 0.3980392156862745 0.009558823529411765 0.058823529411764705
0 0.5841911764705883 0.373202614379085 0.013970588235294118 0.058823529411764705
0 0.5816176470588236 0.3862745098039216 0.007352941176470588 0.050980392156862744
0 0.575735294117647 0.3862745098039216 0.008823529411764706 0.05359477124183006
3 0.5875 0.45359477124183006 0.058823529411764705 0.08627450980392157
0 0.5588235294117647 0.45816993464052286 0.008823529411764706 0.058823529411764705
9 0.6341911764705882 0.4437908496732026 0.011029411764705883 0.05359477124183006
9 0.6393382352941176 0.45816993464052286 0.03161764705882353 0.05359477124183006
0 0.6334558823529411 0.49019607843137253 0.0125 0.06797385620915032
0 0.6444852941176471 0.5006535947712418 0.015441176470588236 0.06274509803921569
0 0.6470588235294118 0.48627450980392156 0.013235294117647059 0.06535947712418301
3 0.5275735294117647 0.4568627450980392 0.04338235294117647 0.08496732026143791
0 0.538235294117647 0.49673202614379086 0.013235294117647059 0.06013071895424837
0 0.549264705882353 0.534640522875817 0.01764705882352941 0.06274509803921569
9 0.5886029411764706 0.5836601307189543 0.03897058823529412 0.048366013071895426
1 0.5886029411764706 0.5830065359477125 0.021323529411764706 0.06797385620915032
0 0.5823529411764706 0.5549019607843138 0.016176470588235296 0.08758169934640522
0 0.51875 0.5640522875816993 0.0125 0.07712418300653595
0 0.5136029411764705 0.5437908496732026 0.015441176470588236 0.06013071895424837
3 0.46654411764705883 0.4562091503267974 0.04338235294117647 0.08104575163398693
3 0.41213235294117645 0.4411764705882353 0.04338235294117647 0.08758169934640522
3 0.4959558823529412 0.8464052287581699 0.06985294117647059 0.2130718954248366
3 0.4011029411764706 0.8150326797385621 0.09632352941176471 0.19738562091503267
3 0.2948529411764706 0.8320261437908497 0.1161764705882353 0.21568627450980393
1 0.3834558823529412 0.403921568627451 0.009558823529411765 0.03398692810457516
3 0.36323529411764705 0.44640522875816996 0.04411764705882353 0.09281045751633987
3 0.3161764705882353 0.44575163398692813 0.052941176470588235 0.08888888888888889
3 0.24963235294117647 0.4437908496732026 0.05514705882352941 0.09019607843137255
3 0.18345588235294116 0.4366013071895425 0.0625 0.09411764705882353
3 0.09411764705882353 0.4437908496732026 0.07205882352941176 0.09803921568627451
3 0.033823529411764704 0.44901960784313727 0.06764705882352941 0.11372549019607843
0 0.06360294117647058 0.6411764705882353 0.03161764705882353 0.07712418300653595
9 0.010294117647058823 0.7013071895424836 0.020588235294117647 0.058823529411764705
1 0.08786764705882352 0.7163398692810458 0.013970588235294118 0.04967320261437908
0 0.7841911764705882 0.6411764705882353 0.021323529411764706 0.07450980392156863
0 0.7772058823529412 0.6686274509803921 0.016176470588235296 0.0718954248366013
0 0.7713235294117647 0.6470588235294118 0.020588235294117647 0.06797385620915032
6 0.7419117647058824 0.6372549019607843 0.07647058823529412 0.06405228758169934