4 0.27683823529411766 0.8313725490196079 0.04485294117647059 0.13594771241830064
3 0.5363970588235294 0.8372549019607843 0.03602941176470588 0.10588235294117647
3 0.6055147058823529 0.865359477124183 0.03602941176470588 0.11764705882352941
3 0.3966911764705882 0.722875816993464 0.04044117647058824 0.10196078431372549
8 0.5966911764705882 0.6738562091503268 0.05073529411764706 0.19477124183006536
3 0.5908088235294118 0.569281045751634 0.025735294117647058 0.0457516339869281
3 0.5463235294117647 0.6045751633986928 0.027941176470588237 0.0718954248366013
3 0.5316176470588235 0.5084967320261438 0.023529411764705882 0.05228758169934641
1 0.4430147058823529 0.5967320261437908 0.011029411764705883 0.02483660130718954
6 0.44338235294117645 0.6071895424836601 0.011764705882352941 0.0457516339869281
3 0.41801470588235295 0.5202614379084968 0.027205882352941177 0.07320261437908497
8 0.46948529411764706 0.40980392156862744 0.0375 0.14248366013071895
3 0.3801470588235294 0.31699346405228757 0.022058823529411766 0.043137254901960784
3 0.41213235294117645 0.296078431372549 0.019852941176470587 0.03529411764705882
3 0.4727941176470588 0.2875816993464052 0.01911764705882353 0.04967320261437908
0 0.5268382352941177 0.3673202614379085 0.005147058823529412 0.02875816993464052
0 0.5363970588235294 0.3738562091503268 0.006617647058823529 0.02875816993464052
0 0.549264705882353 0.3758169934640523 0.0058823529411764705 0.02483660130718954
0 0.5511029411764706 0.3712418300653595 0.006617647058823529 0.02875816993464052
3 0.5209558823529412 0.3359477124183007 0.04191176470588235 0.047058823529411764
3 0.5099264705882353 0.28627450980392155 0.027205882352941177 0.04183006535947712
3 0.4959558823529412 0.20588235294117646 0.015441176470588236 0.032679738562091505
4 0.5452205882352941 0.2437908496732026 0.016911764705882352 0.040522875816993466
3 0.4889705882352941 0.15947712418300652 0.014705882352941176 0.03137254901960784
3 0.49301470588235297 0.12679738562091503 0.0125 0.026143790849673203
4 0.5113970588235294 0.12156862745098039 0.013970588235294118 0.03398692810457516
3 0.5235294117647059 0.10457516339869281 0.011764705882352941 0.023529411764705882
3 0.4889705882352941 0.08169934640522876 0.013235294117647059 0.027450980392156862
3 0.4915441176470588 0.049019607843137254 0.0125 0.022222222222222223
3 0.5169117647058824 0.02679738562091503 0.011764705882352941 0.022222222222222223
4 0.4944852941176471 0.013071895424836602 0.011029411764705883 0.023529411764705882
1 0.4573529411764706 0.08888888888888889 0.004411764705882353 0.018300653594771243
9 0.4566176470588235 0.09411764705882353 0.007352941176470588 0.018300653594771243
3 0.5632352941176471 0.1738562091503268 0.020588235294117647 0.03137254901960784
3 0.5768382352941176 0.2019607843137255 0.016911764705882352 0.032679738562091505
3 0.5448529411764705 0.0869281045751634 0.013235294117647059 0.02483660130718954
3 0.5430147058823529 0.040522875816993466 0.0125 0.02091503267973856
3 0.5466911764705882 0.013725490196078431 0.009558823529411765 0.0196078431372549
0 0.538235294117647 0.011111111111111112 0.004411764705882353 0.0196078431372549
3 0.6169117647058824 0.18496732026143792 0.033823529411764704 0.027450980392156862
3 0.6220588235294118 0.16993464052287582 0.027941176470588237 0.023529411764705882
3 0.6088235294117647 0.14836601307189543 0.026470588235294117 0.02483660130718954
3 0.6066176470588235 0.13594771241830064 0.033823529411764704 0.02091503267973856
4 0.60625 0.11960784313725491 0.03308823529411765 0.02483660130718954
3 0.6014705882352941 0.10784313725490197 0.029411764705882353 0.022222222222222223
3 0.5966911764705882 0.09673202614379085 0.02426470588235294 0.018300653594771243
3 0.5959558823529412 0.08627450980392157 0.028676470588235293 0.023529411764705882
3 0.5915441176470588 0.06797385620915032 0.025735294117647058 0.023529411764705882
3 0.5841911764705883 0.04379084967320261 0.025735294117647058 0.01437908496732026
3 0.5827205882352942 0.03594771241830065 0.025735294117647058 0.01699346405228758
3 0.5742647058823529 0.01699346405228758 0.023529411764705882 0.018300653594771243
3 0.5716911764705882 0.00849673202614379 0.022794117647058822 0.011764705882352941
0 0.6183823529411765 0.026143790849673203 0.004411764705882353 0.02091503267973856
3 0.625 0.016339869281045753 0.025 0.0196078431372549
0 0.6158088235294118 0.05751633986928104 0.005147058823529412 0.023529411764705882
3 0.6529411764705882 0.09934640522875816 0.027941176470588237 0.026143790849673203
1 0.6808823529411765 0.11830065359477124 0.004411764705882353 0.011764705882352941
3 0.6183823529411765 0.22941176470588234 0.039705882352941174 0.02483660130718954
3 0.6169117647058824 0.24705882352941178 0.039705882352941174 0.026143790849673203
3 0.7595588235294117 0.361437908496732 0.03823529411764706 0.040522875816993466
3 0.8238970588235294 0.3790849673202614 0.0375 0.04183006535947712
3 0.8621323529411765 0.4542483660130719 0.04044117647058824 0.06405228758169934
4 0.9110294117647059 0.5398692810457516 0.041176470588235294 0.08627450980392157
3 0.9691176470588235 0.6601307189542484 0.061764705882352944 0.10196078431372549
3 0.9588235294117647 0.4398692810457516 0.04264705882352941 0.05620915032679739
3 0.981985294117647 0.43071895424836604 0.03602941176470588 0.06405228758169934
3 0.8867647058823529 0.36013071895424836 0.05 0.03529411764705882
5 0.8724264705882353 0.2908496732026144 0.05955882352941176 0.05620915032679739
3 0.8216911764705882 0.26405228758169935 0.02426470588235294 0.036601307189542485
3 0.8397058823529412 0.2607843137254902 0.025 0.032679738562091505
3 0.8577205882352941 0.25947712418300656 0.02426470588235294 0.03790849673202614
3 0.8827205882352941 0.2607843137254902 0.030147058823529412 0.043137254901960784
3 0.9025735294117647 0.2607843137254902 0.030147058823529412 0.03529411764705882
3 0.9253676470588236 0.2607843137254902 0.028676470588235293 0.0457516339869281
3 0.9669117647058824 0.2797385620915033 0.041176470588235294 0.03137254901960784
3 0.9606617647058824 0.2549019607843137 0.03161764705882353 0.036601307189542485
3 0.9827205882352941 0.2542483660130719 0.027205882352941177 0.043137254901960784