3 0.7003676470588235 0.7281045751633987 0.027205882352941177 0.10457516339869281
3 0.7474264705882353 0.726797385620915 0.04338235294117647 0.07581699346405228
3 0.7033088235294118 0.6503267973856209 0.05661764705882353 0.0457516339869281
3 0.6213235294117647 0.44052287581699345 0.026470588235294117 0.06274509803921569
3 0.5786764705882353 0.4241830065359477 0.022058823529411766 0.058823529411764705
8 0.5018382352941176 0.47320261437908495 0.03455882352941177 0.15163398692810456
3 0.6091911764705882 0.3568627450980392 0.028676470588235293 0.0784313725490196
3 0.6205882352941177 0.3032679738562091 0.039705882352941174 0.05228758169934641
4 0.5830882352941177 0.32287581699346407 0.01911764705882353 0.04967320261437908
3 0.5919117647058824 0.20915032679738563 0.020588235294117647 0.044444444444444446
3 0.5658088235294118 0.20522875816993463 0.022794117647058822 0.054901960784313725
4 0.58125 0.15098039215686274 0.016911764705882352 0.043137254901960784
3 0.5790441176470589 0.09607843137254903 0.019852941176470587 0.03790849673202614
3 0.5713235294117647 0.054901960784313725 0.01911764705882353 0.03137254901960784
3 0.5658088235294118 0.022222222222222223 0.01838235294117647 0.036601307189542485
3 0.5161764705882353 0.1084967320261438 0.022058823529411766 0.044444444444444446
3 0.5220588235294118 0.2718954248366013 0.03676470588235294 0.06535947712418301
3 0.3963235294117647 0.3084967320261438 0.023529411764705882 0.06535947712418301
3 0.16213235294117648 0.9679738562091503 0.03602941176470588 0.06405228758169934
4 0.17169117647058824 0.7803921568627451 0.04779411764705882 0.05228758169934641
3 0.20845588235294119 0.6986928104575163 0.03455882352941177 0.09803921568627451
3 0.20147058823529412 0.6248366013071895 0.05588235294117647 0.08104575163398693
3 0.23933823529411766 0.5320261437908497 0.0375 0.0784313725490196
3 0.20588235294117646 0.4764705882352941 0.054411764705882354 0.07712418300653595
3 0.25735294117647056 0.31895424836601305 0.047058823529411764 0.05228758169934641
3 0.3058823529411765 0.18104575163398692 0.01911764705882353 0.048366013071895426
3 0.3136029411764706 0.12941176470588237 0.01838235294117647 0.044444444444444446
3 0.3202205882352941 0.09477124183006536 0.01838235294117647 0.03790849673202614
3 0.3338235294117647 0.045098039215686274 0.016176470588235296 0.032679738562091505
6 0.2849264705882353 0.2477124183006536 0.008088235294117648 0.027450980392156862
0 0.22794117647058823 0.25947712418300656 0.007352941176470588 0.030065359477124184
0 0.21838235294117647 0.27058823529411763 0.007352941176470588 0.03137254901960784
0 0.20625 0.27450980392156865 0.008088235294117648 0.02875816993464052
0 0.19926470588235295 0.27124183006535946 0.007352941176470588 0.030065359477124184
9 0.19779411764705881 0.2908496732026144 0.014705882352941176 0.022222222222222223
1 0.19338235294117648 0.30915032679738563 0.013235294117647059 0.022222222222222223
9 0.18676470588235294 0.32483660130718955 0.01764705882352941 0.022222222222222223
0 0.21801470588235294 0.34705882352941175 0.008088235294117648 0.030065359477124184
0 0.31066176470588236 0.3568627450980392 0.005147058823529412 0.02875816993464052
0 0.3150735294117647 0.35294117647058826 0.005147058823529412 0.02091503267973856
0 0.4772058823529412 0.3509803921568627 0.0058823529411764705 0.027450980392156862
0 0.4536764705882353 0.3660130718954248 0.007352941176470588 0.026143790849673203
3 0.4536764705882353 0.37450980392156863 0.010294117647058823 0.027450980392156862
3 0.4764705882352941 0.3581699346405229 0.008823529411764706 0.02875816993464052
0 0.5253676470588236 0.361437908496732 0.006617647058823529 0.027450980392156862
0 0.49926470588235294 0.26666666666666666 0.0058823529411764705 0.02875816993464052
0 0.4625 0.19869281045751633 0.008823529411764706 0.02091503267973856
3 0.4621323529411765 0.2065359477124183 0.009558823529411765 0.02091503267973856
0 0.5834558823529412 0.37450980392156863 0.006617647058823529 0.027450980392156862
0 0.5886029411764706 0.3790849673202614 0.003676470588235294 0.01568627450980392
9 0.6327205882352941 0.48823529411764705 0.011029411764705883 0.02483660130718954
0 0.6169117647058824 0.2 0.0058823529411764705 0.026143790849673203
0 0.5856617647058824 0.06666666666666667 0.005147058823529412 0.023529411764705882
2 0.6882352941176471 0.32745098039215687 0.01911764705882353 0.0196078431372549
2 0.7025735294117647 0.39019607843137255 0.015441176470588236 0.01437908496732026
2 0.6996323529411764 0.3673202614379085 0.015441176470588236 0.018300653594771243
2 0.6772058823529412 0.4130718954248366 0.010294117647058823 0.02875816993464052
9 0.7161764705882353 0.5980392156862745 0.01911764705882353 0.022222222222222223
3 0.6996323529411764 0.9294117647058824 0.05514705882352941 0.05228758169934641