3 0.7669624217118998 0.9025974025974026 0.05793319415448852 0.06493506493506493
3 0.7857515657620042 0.9512987012987013 0.05688935281837161 0.0640074211502783
3 0.5211377870563675 0.7838589981447124 0.03914405010438413 0.07421150278293136
3 0.4485908141962422 0.8469387755102041 0.043319415448851775 0.07977736549165121
5 0.45772442588726514 0.6920222634508348 0.07933194154488518 0.08719851576994433
3 0.380741127348643 0.5853432282003711 0.029749478079331943 0.055658627087198514
3 0.33585594989561585 0.6076066790352505 0.024530271398747392 0.059369202226345084
3 0.4723382045929019 0.42857142857142855 0.032359081419624215 0.03339517625231911
3 0.44545929018789143 0.4100185528756957 0.02035490605427975 0.03896103896103896
3 0.2593945720250522 0.34879406307977734 0.032359081419624215 0.04081632653061224
3 0.7899269311064718 0.774582560296846 0.04123173277661795 0.07050092764378478
3 0.8087160751565762 0.7537105751391465 0.044363256784968684 0.06029684601113173
3 0.925365344467641 0.30287569573283857 0.021920668058455117 0.02504638218923933
3 0.7625260960334029 0.11688311688311688 0.027139874739039668 0.02040816326530612
0 0.7338204592901879 0.1038961038961039 0.003131524008350731 0.014842300556586271