1 0.48851774530271397 0.9782003710575139 0.015657620041753653 0.030612244897959183
9 0.48956158663883087 0.9786641929499073 0.014613778705636743 0.03896103896103896
6 0.5610647181628392 0.8692022263450835 0.020876826722338204 0.07421150278293136
7 0.46894572025052195 0.6637291280148423 0.016179540709812108 0.06586270871985157
6 0.43684759916492694 0.5598330241187384 0.022964509394572025 0.05658627087198516
7 0.47207724425887265 0.5315398886827458 0.02035490605427975 0.04823747680890538
6 0.40083507306889354 0.4679962894248609 0.029227557411273485 0.038033395176252316
6 0.4498956158663883 0.4225417439703154 0.017745302713987474 0.038033395176252316
3 0.4992171189979123 0.45037105751391465 0.02348643006263048 0.05658627087198516
3 0.5660229645093946 0.5120593692022264 0.030793319415448852 0.05380333951762523
5 0.511482254697286 0.40862708719851576 0.026096033402922755 0.04916512059369202
0 0.5772442588726514 0.5403525046382189 0.008350730688935281 0.0287569573283859
0 0.5816805845511482 0.5338589981447124 0.005741127348643006 0.032467532467532464
7 0.5915970772442589 0.525974025974026 0.02035490605427975 0.04452690166975881
3 0.6286534446764092 0.738404452690167 0.0652400835073069 0.07235621521335807
9 0.6315240083507306 0.8576066790352505 0.018789144050104383 0.045454545454545456
9 0.6310020876826722 0.8933209647495362 0.025052192066805846 0.029684601113172542
9 0.6390918580375783 0.9615027829313544 0.0255741127348643 0.026901669758812616
6 0.5908141962421712 0.865491651205937 0.017745302713987474 0.06679035250463822
0 0.5341858037578288 0.2435064935064935 0.007828810020876827 0.021335807050092765
3 0.5347077244258872 0.24118738404452691 0.027661795407098122 0.01855287569573284
3 0.5704592901878914 0.21103896103896103 0.013569937369519834 0.026901669758812616
7 0.592901878914405 0.18552875695732837 0.008350730688935281 0.02040816326530612
9 0.6096033402922756 0.33116883116883117 0.008350730688935281 0.022263450834879406
9 0.6182150313152401 0.33812615955473097 0.005741127348643006 0.01948051948051948
9 0.6320459290187892 0.34786641929499074 0.007306889352818371 0.01855287569573284
9 0.6390918580375783 0.35018552875695735 0.006784968684759917 0.01948051948051948
2 0.639874739039666 0.3269944341372913 0.006263048016701462 0.015769944341372914
0 0.6424843423799582 0.29777365491651203 0.0041753653444676405 0.012987012987012988
7 0.6213465553235908 0.3038033395176252 0.010960334029227558 0.030612244897959183
7 0.6242171189979123 0.2680890538033395 0.010438413361169102 0.029684601113172542
6 0.5968162839248434 0.2792207792207792 0.013048016701461378 0.029684601113172542
1 0.6020354906054279 0.3038033395176252 0.006784968684759917 0.015769944341372914
9 0.6017745302713987 0.30890538033395176 0.006263048016701462 0.01855287569573284
9 0.5735908141962421 0.2662337662337662 0.006263048016701462 0.016697588126159554
9 0.6200417536534447 0.17857142857142858 0.0041753653444676405 0.013914656771799629
9 0.5271398747390397 0.22448979591836735 0.009394572025052192 0.012987012987012988
9 0.5289665970772442 0.2189239332096475 0.008872651356993737 0.012987012987012988
9 0.5365344467640919 0.1989795918367347 0.008350730688935281 0.012059369202226345
9 0.5738517745302714 0.19109461966604824 0.006784968684759917 0.012987012987012988
9 0.5631524008350731 0.1859925788497217 0.009394572025052192 0.012059369202226345
6 0.5474947807933194 0.17996289424860853 0.018789144050104383 0.014842300556586271
6 0.55741127348643 0.14888682745825602 0.014613778705636743 0.015769944341372914
0 0.5649791231732777 0.15120593692022263 0.0036534446764091857 0.011131725417439703
0 0.5422755741127349 0.15213358070500926 0.006263048016701462 0.022263450834879406
0 0.5863778705636743 0.1590909090909091 0.0036534446764091857 0.013914656771799629
0 0.5793319415448852 0.15306122448979592 0.0041753653444676405 0.016697588126159554
1 0.5738517745302714 0.15445269016697588 0.0036534446764091857 0.01020408163265306
0 0.5592379958246346 0.14285714285714285 0.004697286012526096 0.01855287569573284
6 0.5514091858037579 0.13682745825602968 0.008872651356993737 0.017625231910946195
0 0.5636743215031316 0.1414656771799629 0.003131524008350731 0.015769944341372914
5 0.5694154488517745 0.14007421150278293 0.012526096033402923 0.022263450834879406
7 0.5782881002087683 0.13821892393320964 0.007306889352818371 0.02040816326530612
5 0.5816805845511482 0.1280148423005566 0.010960334029227558 0.025974025974025976
0 0.5715031315240083 0.1266233766233766 0.0041753653444676405 0.013914656771799629
0 0.5944676409185804 0.11595547309833024 0.003131524008350731 0.016697588126159554
0 0.5910751565762005 0.10899814471243043 0.0036534446764091857 0.012059369202226345
9 0.5913361169102297 0.11873840445269017 0.003131524008350731 0.00927643784786642
9 0.6114300626304802 0.09879406307977737 0.0036534446764091857 0.01020408163265306
1 0.6114300626304802 0.0950834879406308 0.0026096033402922755 0.01020408163265306
1 0.6203027139874739 0.17532467532467533 0.0036534446764091857 0.012987012987012988
1 0.5738517745302714 0.26159554730983303 0.004697286012526096 0.016697588126159554
9 0.6354384133611691 0.2305194805194805 0.005741127348643006 0.015769944341372914
0 0.649008350730689 0.18552875695732837 0.0036534446764091857 0.01855287569573284
7 0.6414405010438413 0.137291280148423 0.007306889352818371 0.01855287569573284
7 0.6247390396659708 0.08580705009276438 0.010438413361169102 0.017625231910946195
7 0.6349164926931107 0.09137291280148423 0.005741127348643006 0.017625231910946195
7 0.6403966597077244 0.09786641929499072 0.008350730688935281 0.017625231910946195
7 0.6437891440501043 0.09276437847866419 0.005741127348643006 0.02411873840445269
6 0.6390918580375783 0.07421150278293136 0.004697286012526096 0.014842300556586271
9 0.6529227557411273 0.08070500927643785 0.005219206680584551 0.00927643784786642
9 0.649008350730689 0.10296846011131726 0.005741127348643006 0.00927643784786642
9 0.6798016701461378 0.09972170686456401 0.004697286012526096 0.01020408163265306
0 0.6508350730688935 0.09879406307977737 0.003131524008350731 0.013914656771799629
6 0.6479645093945721 0.06029684601113173 0.0036534446764091857 0.00927643784786642
7 0.6492693110647182 0.06910946196660482 0.005219206680584551 0.012059369202226345
7 0.6542275574112735 0.06957328385899815 0.005741127348643006 0.012987012987012988
0 0.6380480167014614 0.06354359925788497 0.0026096033402922755 0.01020408163265306
0 0.627348643006263 0.04962894248608534 0.003131524008350731 0.01020408163265306
0 0.6547494780793319 0.05983302411873841 0.0026096033402922755 0.01020408163265306
1 0.6578810020876826 0.060760667903525044 0.0036534446764091857 0.008348794063079777
1 0.6544885177453027 0.048701298701298704 0.003131524008350731 0.01020408163265306
9 0.6542275574112735 0.04962894248608534 0.0026096033402922755 0.008348794063079777
4 0.6323068893528184 0.038033395176252316 0.006784968684759917 0.014842300556586271
3 0.6210855949895616 0.050556586270871985 0.008350730688935281 0.012059369202226345
0 0.6187369519832986 0.046846011131725415 0.0026096033402922755 0.008348794063079777
0 0.6148225469728601 0.04777365491651206 0.0020876826722338203 0.012059369202226345
7 0.6116910229645094 0.04406307977736549 0.006263048016701462 0.013914656771799629
5 0.6041231732776617 0.041280148423005564 0.008872651356993737 0.017625231910946195
4 0.6302192066805845 0.026437847866419294 0.006784968684759917 0.013914656771799629
6 0.6432672233820459 0.0287569573283859 0.004697286012526096 0.012987012987012988
8 0.6116910229645094 0.02411873840445269 0.026096033402922755 0.025974025974025976
9 0.6479645093945721 0.026901669758812616 0.0026096033402922755 0.0074211502782931356
9 0.6380480167014614 0.02040816326530612 0.0026096033402922755 0.0055658627087198514
9 0.6385699373695198 0.025974025974025976 0.0026096033402922755 0.0074211502782931356
1 0.6482254697286013 0.02411873840445269 0.0020876826722338203 0.0055658627087198514
1 0.6385699373695198 0.02458256029684601 0.0015657620041753654 0.006493506493506494
1 0.6383089770354906 0.01855287569573284 0.0020876826722338203 0.0074211502782931356
0 0.6714509394572025 0.008812615955473098 0.0015657620041753654 0.01020408163265306
0 0.6735386221294363 0.008348794063079777 0.0026096033402922755 0.011131725417439703
1 0.6343945720250522 0.00974025974025974 0.0026096033402922755 0.006493506493506494
6 0.6343945720250522 0.011595547309833023 0.0036534446764091857 0.006493506493506494
3 0.642223382045929 0.010667903525046383 0.006784968684759917 0.008348794063079777
6 0.6529227557411273 0.0055658627087198514 0.006263048016701462 0.011131725417439703
4 0.6129958246346555 0.006957328385899814 0.007828810020876827 0.01020408163265306