1 0.8526041666666667 0.10555555555555556 0.011458333333333333 0.025925925925925925
2 0.8520833333333333 0.1111111111111111 0.00625 0.025925925925925925
3 0.23697916666666666 0.6990740740740741 0.08229166666666667 0.10925925925925926
3 0.043229166666666666 0.7592592592592593 0.084375 0.12962962962962962
3 0.041666666666666664 0.5666666666666667 0.075 0.11481481481481481
6 0.08125 0.47129629629629627 0.05 0.07962962962962963
3 0.2552083333333333 0.2824074074074074 0.04791666666666667 0.07592592592592592
3 0.32447916666666665 0.22685185185185186 0.03854166666666667 0.06111111111111111
5 0.28958333333333336 0.15185185185185185 0.0375 0.05925925925925926
3 0.34010416666666665 0.06851851851851852 0.026041666666666668 0.05185185185185185
3 0.38333333333333336 0.008333333333333333 0.022916666666666665 0.016666666666666666