3 0.04025 0.6293333333333333 0.0655 0.06266666666666666
3 0.15675 0.6006666666666667 0.1045 0.076
3 0.2945 0.525 0.086 0.07
3 0.347 0.6526666666666666 0.086 0.09866666666666667
4 0.5275 0.504 0.075 0.07066666666666667
3 0.69725 0.46066666666666667 0.0825 0.05333333333333334
3 0.76525 0.49333333333333335 0.0905 0.04666666666666667
3 0.8135 0.41933333333333334 0.067 0.04
9 0.74425 0.3903333333333333 0.0125 0.026
3 0.619 0.33166666666666667 0.025 0.03933333333333333
3 0.7255 0.341 0.028 0.035333333333333335
3 0.69975 0.28933333333333333 0.0205 0.029333333333333333
1 0.72675 0.32133333333333336 0.0125 0.02
3 0.6615 0.227 0.017 0.019333333333333334
3 0.65675 0.215 0.0165 0.018
3 0.65125 0.19733333333333333 0.0135 0.016
5 0.59925 0.17133333333333334 0.0155 0.02
3 0.6475 0.133 0.01 0.011333333333333334
3 0.72375 0.15066666666666667 0.0165 0.010666666666666666
3 0.8135 0.17433333333333334 0.016 0.015333333333333332
3 0.426 0.467 0.08 0.05533333333333333