5 0.13285714285714287 0.06281725888324872 0.022857142857142857 0.02918781725888325
8 0.10214285714285715 0.08439086294416244 0.027142857142857142 0.02918781725888325
3 0.06678571428571428 0.1034263959390863 0.016428571428571428 0.01903553299492386
4 0.0875 0.2366751269035533 0.02214285714285714 0.02918781725888325
3 0.16464285714285715 0.31916243654822335 0.02214285714285714 0.02918781725888325
3 0.9375 0.006345177664974619 0.007857142857142858 0.012690355329949238
3 0.9410714285714286 0.02030456852791878 0.007857142857142858 0.012690355329949238
3 0.9835714285714285 0.03553299492385787 0.01 0.02030456852791878
9 0.9492857142857143 0.06091370558375635 0.004285714285714286 0.01015228426395939
3 0.9239285714285714 0.35088832487309646 0.012142857142857143 0.03680203045685279
3 0.9382142857142857 0.6034263959390863 0.013571428571428571 0.03426395939086294
3 0.9460714285714286 0.7633248730964467 0.016428571428571428 0.04949238578680203
3 0.8582142857142857 0.8965736040609137 0.04214285714285714 0.05456852791878172
9 0.8853571428571428 0.7741116751269036 0.0035714285714285713 0.015228426395939087
1 0.8857142857142857 0.7734771573604061 0.005714285714285714 0.011421319796954314
0 0.7821428571428571 0.748730964467005 0.005714285714285714 0.012690355329949238
3 0.6464285714285715 0.6789340101522843 0.03571428571428571 0.04568527918781726
3 0.40535714285714286 0.565989847715736 0.027857142857142858 0.030456852791878174
1 0.5685714285714286 0.7366751269035533 0.005714285714285714 0.011421319796954314
1 0.5646428571428571 0.7360406091370558 0.0064285714285714285 0.012690355329949238
9 0.5653571428571429 0.7392131979695431 0.015 0.01649746192893401
4 0.39285714285714285 0.5031725888324873 0.024285714285714285 0.03426395939086294
3 0.37892857142857145 0.46573604060913704 0.023571428571428573 0.030456852791878174