0 0.2309498956158664 0.3910018552875696 0.005741127348643006 0.01948051948051948
3 0.3387265135699374 0.3390538033395176 0.016701461377870562 0.02504638218923933
3 0.41597077244258873 0.3715213358070501 0.017745302713987474 0.030612244897959183
3 0.4188413361169102 0.43413729128014844 0.02139874739039666 0.03896103896103896
3 0.46998956158663885 0.41883116883116883 0.01722338204592902 0.039888682745825604
3 0.45668058455114824 0.5078849721706865 0.024008350730688934 0.038033395176252316
3 0.4846033402922756 0.4902597402597403 0.0255741127348643 0.039888682745825604
3 0.5018267223382046 0.40862708719851576 0.03392484342379958 0.030612244897959183
0 0.5156576200417536 0.41465677179962895 0.0041753653444676405 0.01855287569573284
3 0.5052192066805845 0.5398886827458256 0.027139874739039668 0.05380333951762523
9 0.5086116910229646 0.474025974025974 0.007828810020876827 0.02040816326530612
9 0.5180062630480167 0.45918367346938777 0.006784968684759917 0.014842300556586271
9 0.5352296450939458 0.45222634508348797 0.006784968684759917 0.017625231910946195
3 0.5474947807933194 0.7082560296846011 0.0407098121085595 0.075139146567718
3 0.6247390396659708 0.6785714285714286 0.037578288100208766 0.06957328385899815
6 0.6790187891440501 0.6785714285714286 0.024008350730688934 0.0287569573283859
0 0.670929018789144 0.6679035250463822 0.0036534446764091857 0.022263450834879406
0 0.6769311064718163 0.6317254174397031 0.003131524008350731 0.02411873840445269
3 0.7254697286012526 0.6219851576994434 0.05010438413361169 0.03432282003710575
3 0.7727035490605428 0.5950834879406308 0.048538622129436326 0.041743970315398886
9 0.7262526096033403 0.7286641929499073 0.012004175365344467 0.026901669758812616
3 0.6143006263048016 0.9545454545454546 0.049060542797494784 0.08905380333951762
3 0.5474947807933194 0.9633580705009277 0.04175365344467641 0.07142857142857142