3 0.38607142857142857 0.2519035532994924 0.03785714285714286 0.07487309644670051
3 0.43107142857142855 0.23604060913705585 0.03642857142857143 0.07614213197969544
3 0.49857142857142855 0.037436548223350255 0.032857142857142856 0.06725888324873096
3 0.7992857142857143 0.15926395939086294 0.03142857142857143 0.07741116751269035
8 0.7621428571428571 0.9708121827411168 0.041428571428571426 0.05583756345177665
3 0.7339285714285714 0.8940355329949239 0.04071428571428572 0.10279187817258884
3 0.9135714285714286 0.8940355329949239 0.05857142857142857 0.0850253807106599
3 0.9275 0.8394670050761421 0.062142857142857146 0.08248730964467005
3 0.9439285714285715 0.7893401015228426 0.06928571428571428 0.08629441624365482
3 0.965 0.6865482233502538 0.06 0.08121827411167512
3 0.97 0.6300761421319797 0.041428571428571426 0.07741116751269035
3 0.9889285714285714 0.541243654822335 0.02214285714285714 0.05964467005076142
3 0.8128571428571428 0.7931472081218274 0.03857142857142857 0.09644670050761421
4 0.7803571428571429 0.7379441624365483 0.045 0.10532994923857868
3 0.8614285714285714 0.6091370558375635 0.037142857142857144 0.09390862944162437
3 0.8171428571428572 0.5799492385786802 0.041428571428571426 0.09898477157360407
3 0.7092857142857143 0.6199238578680203 0.037142857142857144 0.08248730964467005
4 0.8689285714285714 0.3629441624365482 0.03785714285714286 0.09898477157360407
4 0.9614285714285714 0.2848984771573604 0.04285714285714286 0.0901015228426396
4 0.9896428571428572 0.1700507614213198 0.020714285714285713 0.08883248730964467
3 0.9078571428571428 0.23921319796954316 0.04 0.0901015228426396
3 0.9739285714285715 0.037436548223350255 0.035 0.07233502538071065
3 0.9475 0.017766497461928935 0.02642857142857143 0.03553299492385787
4 0.9232142857142858 0.12119289340101523 0.03214285714285714 0.07233502538071065