0 0.16029411764705884 0.884313725490196 0.016176470588235296 0.08235294117647059
0 0.14227941176470588 0.8941176470588236 0.022794117647058822 0.07320261437908497
9 0.2849264705882353 0.5836601307189543 0.030147058823529412 0.03790849673202614
6 0.40808823529411764 0.6856209150326797 0.022058823529411766 0.07973856209150326
1 0.4047794117647059 0.6790849673202615 0.015441176470588236 0.03790849673202614
3 0.5551470588235294 0.6673202614379085 0.051470588235294115 0.08496732026143791
3 0.45551470588235293 0.5901960784313726 0.03897058823529412 0.09019607843137255
3 0.44779411764705884 0.49019607843137253 0.029411764705882353 0.06013071895424837
9 0.8944852941176471 0.8470588235294118 0.03897058823529412 0.044444444444444446
1 0.9007352941176471 0.8326797385620915 0.01764705882352941 0.05751633986928104
3 0.8 0.934640522875817 0.1264705882352941 0.11503267973856209
3 0.49411764705882355 0.373202614379085 0.023529411764705882 0.040522875816993466
3 0.4389705882352941 0.41568627450980394 0.025 0.047058823529411764
3 0.4051470588235294 0.4411764705882353 0.026470588235294117 0.06405228758169934
3 0.40441176470588236 0.3954248366013072 0.023529411764705882 0.048366013071895426
3 0.4375 0.3810457516339869 0.022058823529411766 0.043137254901960784
3 0.44191176470588234 0.35228758169934643 0.020588235294117647 0.03790849673202614
3 0.4713235294117647 0.257516339869281 0.014705882352941176 0.023529411764705882
4 0.4588235294117647 0.2326797385620915 0.011764705882352941 0.026143790849673203
0 0.4033088235294118 0.2281045751633987 0.005147058823529412 0.0196078431372549
2 0.3830882352941177 0.48366013071895425 0.008823529411764706 0.0392156862745098
1 0.3830882352941177 0.4745098039215686 0.008823529411764706 0.036601307189542485
3 0.33639705882352944 0.23921568627450981 0.03161764705882353 0.02091503267973856
0 0.4077205882352941 0.19934640522875818 0.003676470588235294 0.0196078431372549
3 0.39595588235294116 0.19934640522875818 0.015441176470588236 0.022222222222222223
0 0.4022058823529412 0.19673202614379084 0.004411764705882353 0.02483660130718954
3 0.49926470588235294 0.1934640522875817 0.026470588235294117 0.023529411764705882
3 0.49926470588235294 0.20065359477124184 0.01911764705882353 0.01699346405228758