3 0.6075 0.9733333333333334 0.245 0.05333333333333334
3 0.637 0.7863333333333333 0.217 0.15
3 0.65475 0.6766666666666666 0.1955 0.13333333333333333
3 0.64725 0.5113333333333333 0.1105 0.076
3 0.6655 0.4706666666666667 0.112 0.072
3 0.65125 0.43066666666666664 0.0905 0.052
3 0.6625 0.41533333333333333 0.113 0.056
3 0.66825 0.39 0.0995 0.042666666666666665
3 0.672 0.366 0.078 0.04
3 0.66075 0.337 0.0685 0.043333333333333335
3 0.6715 0.32766666666666666 0.076 0.03933333333333333
3 0.67075 0.314 0.0775 0.036
3 0.66975 0.30033333333333334 0.0575 0.03133333333333333
3 0.6755 0.281 0.06 0.028666666666666667
3 0.6805 0.272 0.053 0.025333333333333333
3 0.676 0.2653333333333333 0.059 0.02666666666666667
3 0.6755 0.25633333333333336 0.055 0.03
3 0.68125 0.253 0.0505 0.026
3 0.6845 0.24533333333333332 0.047 0.021333333333333333
3 0.68425 0.23933333333333334 0.0455 0.02266666666666667
3 0.682 0.23266666666666666 0.046 0.018666666666666668
3 0.67925 0.23033333333333333 0.0465 0.019333333333333334
3 0.6855 0.224 0.039 0.02
3 0.6825 0.21933333333333332 0.041 0.017333333333333333
3 0.6785 0.21066666666666667 0.043 0.017333333333333333
3 0.6825 0.20833333333333334 0.039 0.019333333333333334
3 0.684 0.20433333333333334 0.038 0.015333333333333332
3 0.6845 0.2 0.037 0.017333333333333333
3 0.68 0.19566666666666666 0.037 0.015333333333333332
3 0.68875 0.19866666666666666 0.0325 0.014666666666666666
3 0.6025 0.18633333333333332 0.025 0.019333333333333334
3 0.54925 0.23933333333333334 0.0405 0.025333333333333333
2 0.523 0.242 0.017 0.018666666666666668
2 0.50375 0.24466666666666667 0.0165 0.016
3 0.50475 0.261 0.0505 0.028666666666666667
9 0.50175 0.286 0.0235 0.021333333333333333
9 0.4885 0.2916666666666667 0.024 0.022
0 0.488 0.29333333333333333 0.008 0.037333333333333336
9 0.4855 0.32466666666666666 0.03 0.025333333333333333
9 0.48925 0.33866666666666667 0.0135 0.025333333333333333
9 0.46975 0.36033333333333334 0.0295 0.028666666666666667
9 0.4165 0.41933333333333334 0.015 0.028
2 0.4235 0.42333333333333334 0.011 0.029333333333333333
0 0.43525 0.44266666666666665 0.0185 0.05733333333333333
9 0.10625 0.7416666666666667 0.0415 0.07533333333333334
9 0.093 0.739 0.042 0.07
3 0.52225 0.3323333333333333 0.0395 0.048666666666666664
4 0.5335 0.286 0.036 0.04666666666666667
4 0.98425 0.20933333333333334 0.0265 0.025333333333333333
4 0.9645 0.20166666666666666 0.024 0.016666666666666666
1 0.9655 0.17133333333333334 0.005 0.010666666666666666
2 0.964 0.17366666666666666 0.01 0.01
3 0.85325 0.13333333333333333 0.0145 0.006666666666666667
3 0.81675 0.131 0.0155 0.007333333333333333
3 0.80675 0.12033333333333333 0.0105 0.006
3 0.83475 0.13333333333333333 0.0125 0.006666666666666667
4 0.772 0.10966666666666666 0.009 0.004666666666666667
4 0.76225 0.10966666666666666 0.0075 0.004666666666666667
3 0.756 0.109 0.004 0.0033333333333333335
3 0.757 0.11466666666666667 0.004 0.005333333333333333
3 0.842 0.184 0.027 0.02