3 0.24035714285714285 0.02284263959390863 0.02214285714285714 0.04060913705583756
3 0.25535714285714284 0.06091370558375635 0.020714285714285713 0.04060913705583756
3 0.2842857142857143 0.1313451776649746 0.022857142857142857 0.044416243654822336
3 0.2935714285714286 0.046954314720812185 0.02142857142857143 0.04060913705583756
4 0.32357142857142857 0.116751269035533 0.024285714285714285 0.04568527918781726
4 0.3414285714285714 0.1567258883248731 0.025714285714285714 0.046954314720812185
3 0.32857142857142857 0.1802030456852792 0.025714285714285714 0.04568527918781726
4 0.36464285714285716 0.21446700507614214 0.02642857142857143 0.048223350253807105
4 0.33714285714285713 0.25571065989847713 0.027142857142857142 0.05203045685279188
3 0.3575 0.30583756345177665 0.027857142857142858 0.0532994923857868
3 0.40964285714285714 0.31091370558375636 0.025 0.04568527918781726
3 0.40714285714285714 0.36421319796954316 0.02857142857142857 0.05583756345177665
4 0.435 0.37119289340101524 0.025714285714285714 0.04949238578680203
4 0.45964285714285713 0.4289340101522843 0.03214285714285714 0.06345177664974619
4 0.48892857142857143 0.4936548223350254 0.03214285714285714 0.06091370558375635
3 0.515 0.5558375634517766 0.03142857142857143 0.06091370558375635
3 0.5410714285714285 0.6218274111675127 0.035 0.06852791878172589
3 0.525 0.6573604060913706 0.03428571428571429 0.07106598984771574
3 0.9346428571428571 0.9701776649746193 0.045 0.05710659898477157
3 0.8628571428571429 0.799492385786802 0.04285714285714286 0.06598984771573604
9 0.9232142857142858 0.7950507614213198 0.013571428571428571 0.024111675126903553
0 0.44285714285714284 0.05012690355329949 0.002857142857142857 0.013959390862944163
0 0.45071428571428573 0.06535532994923858 0.005714285714285714 0.01649746192893401
0 0.4685714285714286 0.0583756345177665 0.005714285714285714 0.015228426395939087
0 0.4660714285714286 0.09961928934010152 0.0035714285714285713 0.01649746192893401
0 0.4767857142857143 0.09898477157360407 0.0035714285714285713 0.015228426395939087
0 0.45357142857142857 0.04568527918781726 0.004285714285714286 0.012690355329949238
0 0.45607142857142857 0.041243654822335024 0.0035714285714285713 0.011421319796954314
0 0.5232142857142857 0.08185279187817258 0.005 0.013959390862944163
0 0.5282142857142857 0.07296954314720812 0.0035714285714285713 0.01649746192893401
0 0.5178571428571429 0.03616751269035533 0.004285714285714286 0.01903553299492386
0 0.5228571428571429 0.03362944162436548 0.004285714285714286 0.01903553299492386
0 0.5864285714285714 0.041243654822335024 0.002857142857142857 0.01649746192893401
0 0.4657142857142857 0.02918781725888325 0.002857142857142857 0.015228426395939087
0 0.5082142857142857 0.015862944162436547 0.0035714285714285713 0.013959390862944163
0 0.5167857142857143 0.0133248730964467 0.0035714285714285713 0.013959390862944163
0 0.5275 0.02601522842639594 0.0035714285714285713 0.01903553299492386
0 0.5303571428571429 0.024746192893401017 0.0035714285714285713 0.01649746192893401
0 0.5325 0.022208121827411168 0.0035714285714285713 0.01649746192893401
0 0.4607142857142857 0.02728426395939086 0.002857142857142857 0.01649746192893401
0 0.45535714285714285 0.028553299492385786 0.0035714285714285713 0.013959390862944163
0 0.4521428571428571 0.02284263959390863 0.004285714285714286 0.02030456852791878
0 0.4607142857142857 0.01903553299492386 0.002857142857142857 0.012690355329949238
0 0.4617857142857143 0.015228426395939087 0.002142857142857143 0.012690355329949238
0 0.505 0.005076142131979695 0.002857142857142857 0.01015228426395939
0 0.5228571428571429 0.23604060913705585 0.004285714285714286 0.017766497461928935
0 0.575 0.1802030456852792 0.004285714285714286 0.017766497461928935
0 0.5410714285714285 0.2906091370558376 0.005 0.017766497461928935
0 0.5364285714285715 0.3096446700507614 0.004285714285714286 0.012690355329949238
0 0.585 0.3895939086294416 0.002857142857142857 0.01015228426395939
0 0.5846428571428571 0.38388324873096447 0.0035714285714285713 0.011421319796954314
0 0.5985714285714285 0.36548223350253806 0.004285714285714286 0.015228426395939087
0 0.5967857142857143 0.3769035532994924 0.0035714285714285713 0.012690355329949238
0 0.6028571428571429 0.38515228426395937 0.002857142857142857 0.011421319796954314
0 0.6007142857142858 0.38071065989847713 0.004285714285714286 0.012690355329949238
0 0.5967857142857143 0.3895939086294416 0.005 0.007614213197969543
0 0.6028571428571429 0.4086294416243655 0.005714285714285714 0.017766497461928935
0 0.6078571428571429 0.3895939086294416 0.004285714285714286 0.01015228426395939
0 0.6217857142857143 0.38071065989847713 0.007857142857142858 0.017766497461928935
0 0.6253571428571428 0.40609137055837563 0.005 0.012690355329949238
0 0.6328571428571429 0.44289340101522845 0.004285714285714286 0.012690355329949238
0 0.6360714285714286 0.44416243654822335 0.0035714285714285713 0.017766497461928935
0 0.6239285714285714 0.4606598984771574 0.005 0.012690355329949238
0 0.6314285714285715 0.47652284263959394 0.007142857142857143 0.01903553299492386
0 0.7489285714285714 0.4035532994923858 0.005 0.015228426395939087
0 0.7510714285714286 0.39784263959390864 0.0035714285714285713 0.013959390862944163
0 0.7517857142857143 0.4016497461928934 0.005 0.013959390862944163
0 0.7567857142857143 0.4010152284263959 0.0035714285714285713 0.012690355329949238
0 0.7596428571428572 0.4073604060913706 0.005 0.01015228426395939
0 0.7610714285714286 0.4016497461928934 0.0035714285714285713 0.008883248730964468
0 0.7632142857142857 0.38578680203045684 0.005 0.01015228426395939
0 0.7625 0.3210659898477157 0.005 0.01015228426395939
0 0.775 0.2779187817258883 0.005714285714285714 0.012690355329949238
0 0.7882142857142858 0.29251269035532995 0.0064285714285714285 0.01649746192893401
0 0.795 0.28616751269035534 0.005714285714285714 0.013959390862944163
0 0.725 0.24492385786802032 0.007142857142857143 0.015228426395939087
0 0.7032142857142857 0.19733502538071065 0.005 0.013959390862944163
0 0.7078571428571429 0.2036802030456853 0.004285714285714286 0.011421319796954314
0 0.7107142857142857 0.20939086294416243 0.004285714285714286 0.012690355329949238
0 0.7128571428571429 0.21446700507614214 0.004285714285714286 0.012690355329949238
0 0.7217857142857143 0.20241116751269037 0.007857142857142858 0.021573604060913704
0 0.7189285714285715 0.19860406091370558 0.005 0.01649746192893401
0 0.7225 0.19860406091370558 0.0035714285714285713 0.01903553299492386
0 0.7189285714285715 0.18972081218274112 0.0035714285714285713 0.011421319796954314
0 0.7775 0.17893401015228427 0.0064285714285714285 0.02284263959390863
0 0.6685714285714286 0.02728426395939086 0.007142857142857143 0.024111675126903553
0 0.7139285714285715 0.09200507614213198 0.007857142857142858 0.01649746192893401
0 0.6578571428571428 0.008883248730964468 0.005714285714285714 0.012690355329949238
0 0.6153571428571428 0.007614213197969543 0.0064285714285714285 0.015228426395939087
0 0.4092857142857143 0.13261421319796954 0.005714285714285714 0.01903553299492386
0 0.40214285714285714 0.11230964467005077 0.004285714285714286 0.013959390862944163