0 0.8683823529411765 0.7620915032679738 0.029411764705882353 0.07581699346405228
0 0.6746323529411765 0.7241830065359477 0.028676470588235293 0.06535947712418301
0 0.8099264705882353 0.5464052287581699 0.028676470588235293 0.05751633986928104
0 0.63125 0.26862745098039215 0.009558823529411765 0.05620915032679739
0 0.4922794117647059 0.056862745098039215 0.006617647058823529 0.048366013071895426
0 0.4959558823529412 0.06209150326797386 0.011029411764705883 0.03790849673202614
0 0.5143382352941176 0.02483660130718954 0.006617647058823529 0.04967320261437908
0 0.6209558823529412 0.2699346405228758 0.0125 0.058823529411764705
0 0.513235294117647 0.12745098039215685 0.008823529411764706 0.048366013071895426
6 0.6672794117647058 0.7281045751633987 0.05220588235294118 0.12026143790849673
6 0.7305147058823529 0.2830065359477124 0.05808823529411765 0.05359477124183006
9 0.8091911764705882 0.5549019607843138 0.03602941176470588 0.06928104575163399
2 0.8691176470588236 0.7830065359477124 0.0661764705882353 0.07058823529411765
0 0.6316176470588235 0.28431372549019607 0.010294117647058823 0.058823529411764705
3 0.669485294117647 0.5856209150326798 0.07573529411764705 0.1542483660130719
3 0.5047794117647059 0.7581699346405228 0.09044117647058823 0.19084967320261437
3 0.4514705882352941 0.6045751633986928 0.11764705882352941 0.13202614379084968
3 0.42683823529411763 0.44640522875816996 0.12426470588235294 0.11372549019607843
3 0.35404411764705884 0.31895424836601305 0.05808823529411765 0.10457516339869281
3 0.32830882352941176 0.11241830065359477 0.0875 0.07581699346405228
3 0.28602941176470587 0.028104575163398694 0.06911764705882353 0.05620915032679739
3 0.6775735294117647 0.20784313725490197 0.08014705882352942 0.07320261437908497
3 0.7099264705882353 0.24183006535947713 0.09044117647058823 0.06013071895424837
3 0.7698529411764706 0.3686274509803922 0.07058823529411765 0.08627450980392157
2 0.32426470588235295 0.4718954248366013 0.01911764705882353 0.05751633986928104
2 0.2621323529411765 0.018300653594771243 0.05367647058823529 0.036601307189542485
3 0.5158088235294118 0.05947712418300653 0.05367647058823529 0.048366013071895426
2 0.7647058823529411 0.16993464052287582 0.023529411764705882 0.036601307189542485