3 0.445 0.7713333333333333 0.058 0.03866666666666667
1 0.513 0.7733333333333333 0.013 0.025333333333333333
6 0.51925 0.7856666666666666 0.0345 0.05533333333333333
1 0.44875 0.6676666666666666 0.0075 0.019333333333333334
9 0.44875 0.6713333333333333 0.0075 0.02266666666666667
0 0.5025 0.6503333333333333 0.007 0.024666666666666667
7 0.51 0.653 0.014 0.027333333333333334
3 0.437 0.41733333333333333 0.025 0.032
3 0.45575 0.41733333333333333 0.0225 0.029333333333333333
3 0.49 0.4083333333333333 0.028 0.028666666666666667
3 0.5055 0.403 0.023 0.026
3 0.52175 0.388 0.0315 0.02266666666666667
4 0.51375 0.37366666666666665 0.0295 0.023333333333333334
3 0.5 0.36033333333333334 0.03 0.019333333333333334
4 0.49425 0.34933333333333333 0.0295 0.02
3 0.64625 0.43666666666666665 0.0305 0.03333333333333333
3 0.63575 0.511 0.0285 0.04066666666666666
3 0.603 0.48 0.023 0.03333333333333333
3 0.58825 0.4656666666666667 0.0245 0.034
3 0.50325 0.479 0.0295 0.035333333333333335
3 0.522 0.47533333333333333 0.025 0.030666666666666665
3 0.53675 0.468 0.0265 0.03333333333333333
0 0.688 0.828 0.009 0.02266666666666667
2 0.33925 0.7363333333333333 0.0205 0.022
0 0.34625 0.71 0.0085 0.02266666666666667
1 0.42375 0.5473333333333333 0.0065 0.013333333333333334
9 0.42425 0.5516666666666666 0.0095 0.016666666666666666
0 0.16575 0.3016666666666667 0.0065 0.015333333333333332
0 0.2385 0.35733333333333334 0.005 0.014666666666666666
1 0.243 0.32866666666666666 0.005 0.012
2 0.2435 0.3323333333333333 0.005 0.012666666666666666
0 0.24575 0.38333333333333336 0.0055 0.016
0 0.24975 0.383 0.0055 0.016666666666666666
0 0.24575 0.3883333333333333 0.0045 0.016666666666666666
1 0.2515 0.31133333333333335 0.005 0.012
9 0.25125 0.314 0.0055 0.012
0 0.301 0.27566666666666667 0.004 0.012666666666666666
9 0.226 0.2926666666666667 0.006 0.010666666666666666
1 0.22575 0.29 0.0045 0.012