6 0.02687891440501044 0.23840445269016697 0.03392484342379958 0.027829313543599257
0 0.02687891440501044 0.22263450834879406 0.015135699373695199 0.02411873840445269
3 0.3037578288100209 0.22448979591836735 0.06784968684759916 0.061224489795918366
2 0.49582463465553234 0.39053803339517623 0.028183716075156576 0.02040816326530612
1 0.49399791231732776 0.3752319109461967 0.009916492693110648 0.026901669758812616
3 0.6359603340292276 0.25742115027829315 0.06732776617954071 0.06771799628942486
3 0.8567327766179541 0.29081632653061223 0.07045929018789145 0.06029684601113173
4 0.9702505219206681 0.3075139146567718 0.055323590814196244 0.0640074211502783
3 0.7038100208768268 0.5913729128014842 0.04540709812108559 0.1326530612244898
3 0.7599164926931107 0.6108534322820037 0.04384133611691023 0.15120593692022263
3 0.8716075156576201 0.6739332096474954 0.055323590814196244 0.13636363636363635
9 0.8006263048016702 0.7425788497217068 0.014613778705636743 0.07328385899814471
2 0.920929018789144 0.7671614100185529 0.019311064718162838 0.061224489795918366
2 0.8525574112734864 0.8269944341372912 0.030793319415448852 0.041743970315398886
9 0.8846555323590815 0.8464749536178108 0.018789144050104383 0.06771799628942486
6 0.8191544885177453 0.887291280148423 0.08194154488517745 0.0640074211502783
9 0.9681628392484343 0.8432282003710575 0.025052192066805846 0.06307977736549165
9 0.6427453027139874 0.7411873840445269 0.01826722338204593 0.06679035250463822
9 0.6242171189979123 0.7407235621521335 0.020876826722338204 0.07328385899814471
9 0.5999478079331941 0.7588126159554731 0.02035490605427975 0.055658627087198514
9 0.5801148225469729 0.7495361781076066 0.012004175365344467 0.055658627087198514
2 0.6450939457202505 0.8084415584415584 0.013569937369519834 0.05658627087198516
9 0.7249478079331941 0.8404452690166976 0.019832985386221295 0.06679035250463822
9 0.75 0.9039888682745826 0.024008350730688934 0.06215213358070501
2 0.7599164926931107 0.8877551020408163 0.021920668058455117 0.03710575139146568
4 0.7061586638830898 0.8733766233766234 0.032359081419624215 0.09369202226345083
5 0.024530271398747392 0.29591836734693877 0.049060542797494784 0.06679035250463822