3 0.10514705882352941 0.9313725490196079 0.13529411764705881 0.134640522875817
3 0.2595588235294118 0.8215686274509804 0.0838235294117647 0.21045751633986928
3 0.4610294117647059 0.6261437908496732 0.051470588235294115 0.11503267973856209
2 0.2922794117647059 0.9091503267973856 0.022794117647058822 0.09019607843137255
2 0.31948529411764703 0.9045751633986928 0.019852941176470587 0.07320261437908497
0 0.3264705882352941 0.8921568627450981 0.025 0.08496732026143791
0 0.29558823529411765 0.8928104575163399 0.025 0.08366013071895424
4 0.2963235294117647 0.6032679738562091 0.052941176470588235 0.12679738562091503
3 0.3154411764705882 0.5137254901960784 0.04852941176470588 0.10457516339869281
9 0.4933823529411765 0.5405228758169934 0.013235294117647059 0.050980392156862744
9 0.5988970588235294 0.4928104575163399 0.011029411764705883 0.054901960784313725
9 0.5529411764705883 0.37450980392156863 0.023529411764705882 0.032679738562091505
1 0.49301470588235297 0.5313725490196078 0.013970588235294118 0.050980392156862744
1 0.4900735294117647 0.3758169934640523 0.013970588235294118 0.03529411764705882
0 0.6161764705882353 0.5104575163398692 0.014705882352941176 0.06666666666666667
3 0.56875 0.4444444444444444 0.03897058823529412 0.06535947712418301
6 0.49926470588235294 0.39215686274509803 0.04264705882352941 0.05228758169934641
6 0.5349264705882353 0.2908496732026144 0.04191176470588235 0.040522875816993466
3 0.49264705882352944 0.2751633986928105 0.027941176470588237 0.050980392156862744
4 0.33933823529411766 0.3235294117647059 0.04044117647058824 0.06666666666666667
3 0.35404411764705884 0.2633986928104575 0.030147058823529412 0.06928104575163399
3 0.3669117647058823 0.20261437908496732 0.03529411764705882 0.054901960784313725
0 0.38088235294117645 0.19673202614379084 0.008823529411764706 0.043137254901960784
0 0.37977941176470587 0.17647058823529413 0.009558823529411765 0.0392156862745098
3 0.46176470588235297 0.21830065359477124 0.027941176470588237 0.04967320261437908
3 0.45698529411764705 0.17450980392156862 0.025735294117647058 0.03790849673202614
3 0.5110294117647058 0.1718954248366013 0.023529411764705882 0.043137254901960784
3 0.4113970588235294 0.13594771241830064 0.04779411764705882 0.03137254901960784
0 0.4849264705882353 0.1300653594771242 0.006617647058823529 0.030065359477124184
0 0.5106617647058823 0.12026143790849673 0.005147058823529412 0.03137254901960784
1 0.5033088235294118 0.12156862745098039 0.006617647058823529 0.01568627450980392
6 0.4496323529411765 0.12941176470588237 0.013970588235294118 0.02875816993464052
1 0.45036764705882354 0.11830065359477124 0.006617647058823529 0.0196078431372549
1 0.44926470588235295 0.11764705882352941 0.0058823529411764705 0.01568627450980392
3 0.4404411764705882 0.10980392156862745 0.022058823529411766 0.03137254901960784
3 0.38676470588235295 0.08431372549019608 0.01764705882352941 0.032679738562091505
3 0.42426470588235293 0.08562091503267974 0.022058823529411766 0.030065359477124184
0 0.6680147058823529 0.5248366013071896 0.011029411764705883 0.06928104575163399
0 0.7132352941176471 0.3686274509803922 0.011764705882352941 0.054901960784313725
9 0.7323529411764705 0.39019607843137255 0.011764705882352941 0.0457516339869281
2 0.6911764705882353 0.31633986928104574 0.011764705882352941 0.03398692810457516
6 0.4886029411764706 0.07777777777777778 0.025735294117647058 0.0196078431372549
3 0.42683823529411763 0.0673202614379085 0.022794117647058822 0.027450980392156862
3 0.39926470588235297 0.05816993464052288 0.020588235294117647 0.030065359477124184
0 0.4404411764705882 0.06209150326797386 0.004411764705882353 0.022222222222222223
1 0.4602941176470588 0.06209150326797386 0.0058823529411764705 0.0196078431372549
6 0.44338235294117645 0.05359477124183006 0.011764705882352941 0.02091503267973856
0 0.36433823529411763 0.06862745098039216 0.006617647058823529 0.027450980392156862
3 0.3786764705882353 0.03790849673202614 0.01911764705882353 0.023529411764705882
3 0.3602941176470588 0.021568627450980392 0.01764705882352941 0.022222222222222223
6 0.4022058823529412 0.02875816993464052 0.0058823529411764705 0.01568627450980392
0 0.3977941176470588 0.01895424836601307 0.0029411764705882353 0.0196078431372549