5 0.23602941176470588 0.792156862745098 0.09705882352941177 0.41568627450980394
6 0.19779411764705881 0.6535947712418301 0.029411764705882353 0.07320261437908497
1 0.19705882352941176 0.64640522875817 0.020588235294117647 0.05359477124183006
6 0.18088235294117647 0.5875816993464053 0.023529411764705882 0.06405228758169934
1 0.1827205882352941 0.5843137254901961 0.015441176470588236 0.04183006535947712
3 0.23676470588235293 0.5823529411764706 0.04411764705882353 0.07973856209150326
3 0.2889705882352941 0.5169934640522876 0.03823529411764706 0.06143790849673202
3 0.2676470588235294 0.4503267973856209 0.027941176470588237 0.0457516339869281
6 0.2235294117647059 0.5339869281045752 0.023529411764705882 0.048366013071895426
1 0.22463235294117648 0.5326797385620915 0.013970588235294118 0.03529411764705882
8 0.22095588235294117 0.45098039215686275 0.04191176470588235 0.10457516339869281
3 0.24669117647058825 0.3843137254901961 0.025735294117647058 0.0392156862745098
3 0.2525735294117647 0.34509803921568627 0.021323529411764706 0.03398692810457516
5 0.20147058823529412 0.3359477124183007 0.039705882352941174 0.13594771241830064
3 0.24080882352941177 0.26862745098039215 0.022794117647058822 0.027450980392156862
3 0.23529411764705882 0.2196078431372549 0.013235294117647059 0.02091503267973856
5 0.11911764705882352 0.3673202614379085 0.051470588235294115 0.12810457516339868
3 0.1636029411764706 0.23202614379084968 0.016911764705882352 0.0196078431372549
5 0.18198529411764705 0.20326797385620915 0.01838235294117647 0.030065359477124184
5 0.11066176470588235 0.19281045751633988 0.05073529411764706 0.0457516339869281
4 0.5323529411764706 0.5823529411764706 0.06764705882352941 0.07712418300653595
3 0.7334558823529411 0.4666666666666667 0.04338235294117647 0.047058823529411764
0 0.3724264705882353 0.373202614379085 0.011029411764705883 0.032679738562091505
3 0.3654411764705882 0.3215686274509804 0.01764705882352941 0.02875816993464052
3 0.35661764705882354 0.296078431372549 0.03235294117647059 0.027450980392156862
3 0.3422794117647059 0.3261437908496732 0.027205882352941177 0.022222222222222223
4 0.3426470588235294 0.34967320261437906 0.023529411764705882 0.03529411764705882