4 0.96 0.8959390862944162 0.08 0.19796954314720813
3 0.8696428571428572 0.11104060913705584 0.04642857142857143 0.08248730964467005
5 0.7464285714285714 0.06662436548223351 0.06714285714285714 0.13324873096446702
0 0.4325 0.8356598984771574 0.007857142857142858 0.03934010152284264
0 0.4382142857142857 0.8312182741116751 0.010714285714285714 0.04060913705583756
0 0.4089285714285714 0.6110406091370558 0.010714285714285714 0.03426395939086294
0 0.7589285714285714 0.9428934010152284 0.013571428571428571 0.025380710659898477
1 0.6253571428571428 0.8927664974619289 0.010714285714285714 0.024111675126903553
1 0.6271428571428571 0.8673857868020305 0.018571428571428572 0.021573604060913704
1 0.5542857142857143 0.6091370558375635 0.01 0.015228426395939087
0 0.5353571428571429 0.5564720812182741 0.009285714285714286 0.02918781725888325
0 0.5482142857142858 0.5171319796954315 0.009285714285714286 0.03934010152284264
0 0.5239285714285714 0.491751269035533 0.012142857142857143 0.03426395939086294
0 0.5346428571428572 0.4460659898477157 0.009285714285714286 0.03934010152284264
0 0.5110714285714286 0.4885786802030457 0.007857142857142858 0.03299492385786802
0 0.4060714285714286 0.43083756345177665 0.010714285714285714 0.031725888324873094
0 0.4232142857142857 0.4200507614213198 0.0064285714285714285 0.02030456852791878
0 0.5578571428571428 0.4746192893401015 0.007142857142857143 0.027918781725888325
0 0.5614285714285714 0.4619289340101523 0.004285714285714286 0.02284263959390863
0 0.5528571428571428 0.4536802030456853 0.008571428571428572 0.024111675126903553
1 0.5264285714285715 0.16878172588832488 0.011428571428571429 0.025380710659898477
0 0.4739285714285714 0.14086294416243655 0.0064285714285714285 0.015228426395939087
0 0.48142857142857143 0.1598984771573604 0.008571428571428572 0.02030456852791878
0 0.4253571428571429 0.30710659898477155 0.010714285714285714 0.030456852791878174