1 0.1667536534446764 0.5969387755102041 0.042275574112734866 0.06029684601113173
9 0.16623173277661796 0.6071428571428571 0.0360125260960334 0.06771799628942486
0 0.29436325678496866 0.923469387755102 0.024008350730688934 0.06771799628942486
9 0.2980167014613779 0.801948051948052 0.05845511482254697 0.12152133580705009
6 0.30088726513569936 0.6576994434137291 0.07254697286012526 0.10760667903525047
0 0.3966597077244259 0.62708719851577 0.019832985386221295 0.06493506493506493
0 0.3935281837160752 0.5923005565862709 0.014613778705636743 0.045454545454545456
6 0.37995824634655534 0.564935064935065 0.04801670146137787 0.10018552875695733
6 0.3559498956158664 0.45222634508348797 0.030271398747390398 0.08441558441558442
1 0.3760438413361169 0.43738404452690166 0.02139874739039666 0.04916512059369202
1 0.4078810020876827 0.4452690166975881 0.012004175365344467 0.03153988868274583
0 0.4167536534446764 0.4717068645640074 0.012004175365344467 0.045454545454545456
0 0.41257828810020875 0.4554730983302412 0.014091858037578288 0.06679035250463822
1 0.4365866388308977 0.37987012987012986 0.016179540709812108 0.04916512059369202
9 0.4365866388308977 0.3919294990723562 0.01722338204592902 0.06029684601113173
9 0.3656054279749478 0.3914656771799629 0.019311064718162838 0.04267161410018553
1 0.4034446764091858 0.3302411873840445 0.018789144050104383 0.05009276437847866
1 0.41597077244258873 0.31910946196660483 0.014613778705636743 0.03153988868274583
7 0.3796972860125261 0.33534322820037105 0.04123173277661795 0.0862708719851577
1 0.5041753653444676 0.40630797773654914 0.013569937369519834 0.03710575139146568
9 0.5046972860125261 0.4179035250463822 0.014613778705636743 0.06215213358070501
7 0.5827244258872651 0.48515769944341375 0.031837160751565764 0.1150278293135436
1 0.6012526096033403 0.4225417439703154 0.020876826722338204 0.036178107606679034
0 0.6015135699373695 0.42857142857142855 0.014091858037578288 0.0575139146567718
4 0.4582463465553236 0.7286641929499073 0.06576200417536535 0.1790352504638219
7 0.5858559498956158 0.8993506493506493 0.05375782881002088 0.17717996289424862
1 0.6403966597077244 0.839517625231911 0.03549060542797495 0.05380333951762523
9 0.6435281837160751 0.8529684601113172 0.026096033402922755 0.10853432282003711
7 0.5892484342379958 0.7323747680890538 0.031315240083507306 0.1437847866419295
9 0.5545407098121086 0.6989795918367347 0.02035490605427975 0.08812615955473098
7 0.5255741127348643 0.6632653061224489 0.04592901878914405 0.1391465677179963
1 0.5242693110647182 0.577922077922078 0.01826722338204593 0.06307977736549165
9 0.5242693110647182 0.5923005565862709 0.04018789144050104 0.05658627087198516
7 0.6150835073068893 0.6038961038961039 0.042275574112734866 0.11317254174397032
6 0.6550104384133612 0.424860853432282 0.054279749478079335 0.0575139146567718
1 0.6855427974947808 0.3274582560296846 0.006784968684759917 0.025974025974025976
0 0.68919624217119 0.34137291280148424 0.015135699373695199 0.055658627087198514
0 0.6863256784968684 0.30936920222634506 0.012526096033402923 0.045454545454545456
0 0.6717118997912317 0.29916512059369205 0.011482254697286013 0.05287569573283859
6 0.6985908141962421 0.29916512059369205 0.02348643006263048 0.06029684601113173
3 0.6046450939457203 0.24025974025974026 0.029749478079331943 0.07421150278293136
0 0.5782881002087683 0.21985157699443414 0.010438413361169102 0.04823747680890538
0 0.5738517745302714 0.24768089053803338 0.008872651356993737 0.03525046382189239
1 0.5686325678496869 0.26159554730983303 0.009916492693110648 0.04638218923933209
6 0.566544885177453 0.2653061224489796 0.019311064718162838 0.0686456400742115
5 0.6203027139874739 0.12523191094619665 0.06941544885177453 0.17068645640074212
1 0.5579331941544885 0.13589981447124305 0.010438413361169102 0.032467532467532464
9 0.5561064718162839 0.1377551020408163 0.010960334029227558 0.045454545454545456
9 0.47677453027139877 0.2541743970315399 0.014091858037578288 0.04452690166975881
1 0.4759916492693111 0.23608534322820038 0.013569937369519834 0.039888682745825604
0 0.43893528183716074 0.2212430426716141 0.013569937369519834 0.05287569573283859
0 0.42693110647181626 0.21196660482374768 0.009394572025052192 0.05102040816326531
1 0.4548538622129436 0.20918367346938777 0.016179540709812108 0.036178107606679034
6 0.4595511482254697 0.21335807050092764 0.02348643006263048 0.0575139146567718
3 0.4846033402922756 0.10946196660482375 0.038100208768267224 0.0686456400742115
0 0.5508872651356994 0.02040816326530612 0.008872651356993737 0.04081632653061224
0 0.526356993736952 0.02504638218923933 0.007828810020876827 0.03710575139146568
4 0.9793841336116911 0.19109461966604824 0.04018789144050104 0.08534322820037106
7 0.9658141962421712 0.13172541743970315 0.04749478079331942 0.061224489795918366
7 0.9381524008350731 0.05287569573283859 0.04123173277661795 0.055658627087198514