0 0.09812108559498957 0.09879406307977737 0.007306889352818371 0.023191094619666047
0 0.09316283924843424 0.09972170686456401 0.005741127348643006 0.021335807050092765
0 0.0965553235908142 0.10435992578849722 0.005219206680584551 0.01948051948051948
0 0.16127348643006262 0.5454545454545454 0.013569937369519834 0.05380333951762523
0 0.19076200417536535 0.5658627087198516 0.009916492693110648 0.04267161410018553
0 0.20041753653444677 0.5589053803339518 0.010438413361169102 0.041743970315398886
0 0.21059498956158665 0.5473098330241187 0.010960334029227558 0.04452690166975881
0 0.2301670146137787 0.5440630797773655 0.011482254697286013 0.045454545454545456
0 0.5955114822546973 0.5983302411873841 0.009394572025052192 0.04267161410018553
0 0.5934237995824635 0.5885899814471243 0.009394572025052192 0.04730983302411874
0 0.6370041753653445 0.62152133580705 0.010960334029227558 0.04452690166975881
0 0.6351774530271399 0.6034322820037106 0.007306889352818371 0.045454545454545456
0 0.6516179540709812 0.6275510204081632 0.006784968684759917 0.036178107606679034
0 0.8063674321503131 0.62847866419295 0.011482254697286013 0.039888682745825604
0 0.8183716075156576 0.6131725417439703 0.013569937369519834 0.04452690166975881
0 0.8308977035490606 0.6818181818181818 0.014613778705636743 0.05194805194805195
0 0.8614300626304802 0.6776437847866419 0.014091858037578288 0.04730983302411874
0 0.855427974947808 0.6669758812615956 0.010438413361169102 0.04081632653061224