4 0.7295 0.8076666666666666 0.257 0.28733333333333333
4 0.64525 0.9083333333333333 0.2665 0.18333333333333332
3 0.967 0.886 0.064 0.228
0 0.927 0.5496666666666666 0.054 0.07533333333333334
0 0.80075 0.44466666666666665 0.0315 0.068
0 0.67325 0.44966666666666666 0.0285 0.078
9 0.45525 0.7846666666666666 0.0865 0.092
9 0.18125 0.31966666666666665 0.0525 0.054
0 0.16775 0.43466666666666665 0.0225 0.04933333333333333
0 0.2345 0.4026666666666667 0.023 0.052
0 0.20425 0.40166666666666667 0.0365 0.07266666666666667
1 0.3335 0.338 0.011 0.02266666666666667
1 0.331 0.343 0.022 0.062
1 0.48825 0.3556666666666667 0.0225 0.074
0 0.46025 0.454 0.0195 0.06933333333333333
0 0.483 0.467 0.023 0.07933333333333334
9 0.51175 0.443 0.0595 0.051333333333333335
1 0.50325 0.44033333333333335 0.0115 0.043333333333333335
1 0.5315 0.44366666666666665 0.018 0.04733333333333333
1 0.51075 0.444 0.0305 0.084
0 0.52175 0.4036666666666667 0.0195 0.06866666666666667