3 0.48928571428571427 0.49111675126903553 0.041428571428571426 0.025380710659898477
3 0.45357142857142857 0.5126903553299492 0.015714285714285715 0.05583756345177665
3 0.4835714285714286 0.35088832487309646 0.03857142857142857 0.02918781725888325
3 0.48428571428571426 0.3147208121827411 0.03571428571428571 0.030456852791878174
3 0.48464285714285715 0.24238578680203046 0.04357142857142857 0.030456852791878174
3 0.3942857142857143 0.20875634517766498 0.03857142857142857 0.046954314720812185
3 0.39535714285714285 0.2982233502538071 0.019285714285714285 0.06345177664974619
3 0.4882142857142857 0.38515228426395937 0.04071428571428572 0.02918781725888325
3 0.49107142857142855 0.4251269035532995 0.03642857142857143 0.03299492385786802
3 0.49714285714285716 0.6484771573604061 0.041428571428571426 0.03299492385786802
3 0.39321428571428574 0.36611675126903553 0.016428571428571428 0.06725888324873096
3 0.16607142857142856 0.21573604060913706 0.03214285714285714 0.027918781725888325
3 0.4853571428571429 0.2779187817258883 0.03357142857142857 0.03299492385786802
4 0.4928571428571429 0.45558375634517767 0.037142857142857144 0.030456852791878174
4 0.48964285714285716 0.5298223350253807 0.04214285714285714 0.02918781725888325
4 0.4907142857142857 0.5678934010152284 0.04 0.031725888324873094
4 0.4903571428571429 0.6097715736040609 0.04071428571428572 0.031725888324873094
0 0.5607142857142857 0.9276649746192893 0.008571428571428572 0.012690355329949238