4 0.3846428571428571 0.9346446700507615 0.04357142857142857 0.11294416243654823
4 0.37142857142857144 0.7506345177664975 0.04285714285714286 0.0850253807106599
0 0.2475 0.8274111675126904 0.007857142857142858 0.03553299492385787
0 0.35642857142857143 0.5805837563451777 0.007142857142857143 0.02918781725888325
9 0.3410714285714286 0.5329949238578681 0.012142857142857143 0.03553299492385787
9 0.39571428571428574 0.42385786802030456 0.011428571428571429 0.02284263959390863
0 0.4639285714285714 0.36421319796954316 0.0035714285714285713 0.02284263959390863
8 0.17964285714285713 0.3210659898477157 0.09214285714285714 0.07106598984771574
8 0.32107142857142856 0.29949238578680204 0.08357142857142857 0.06598984771573604
8 0.46535714285714286 0.26903553299492383 0.10928571428571429 0.08375634517766498
8 0.5878571428571429 0.25761421319796957 0.07714285714285714 0.06345177664974619
0 0.4110714285714286 0.3083756345177665 0.0064285714285714285 0.027918781725888325
0 0.5264285714285715 0.2893401015228426 0.005714285714285714 0.027918781725888325
0 0.5257142857142857 0.29885786802030456 0.007142857142857143 0.031725888324873094
0 0.5425 0.2887055837563452 0.007857142857142858 0.02918781725888325
0 0.5421428571428571 0.29441624365482233 0.005714285714285714 0.030456852791878174
0 0.5835714285714285 0.28426395939086296 0.005714285714285714 0.025380710659898477
0 0.5985714285714285 0.28616751269035534 0.008571428571428572 0.031725888324873094
0 0.6317857142857143 0.2772842639593909 0.0064285714285714285 0.0266497461928934
0 0.6353571428571428 0.28109137055837563 0.005 0.0266497461928934
0 0.5185714285714286 0.2100253807106599 0.007142857142857143 0.024111675126903553
0 0.6921428571428572 0.1916243654822335 0.005714285714285714 0.02284263959390863
0 0.6882142857142857 0.1802030456852792 0.005 0.02030456852791878
3 0.6132142857142857 0.03426395939086294 0.007857142857142858 0.012690355329949238
4 0.6196428571428572 0.04060913705583756 0.007857142857142858 0.012690355329949238
3 0.6239285714285714 0.03426395939086294 0.007857142857142858 0.01015228426395939
3 0.6439285714285714 0.03553299492385787 0.007857142857142858 0.012690355329949238
3 0.6732142857142858 0.03934010152284264 0.0064285714285714285 0.012690355329949238
0 0.5975 0.027918781725888325 0.002142857142857143 0.01015228426395939
0 0.6007142857142858 0.023477157360406092 0.002857142857142857 0.008883248730964468
0 0.5821428571428572 0.05520304568527919 0.002857142857142857 0.011421319796954314
1 0.5992857142857143 0.1351522842639594 0.002857142857142857 0.011421319796954314
9 0.5996428571428571 0.1383248730964467 0.0035714285714285713 0.015228426395939087
4 0.9864285714285714 0.21954314720812182 0.027142857142857142 0.03807106598984772
4 0.9467857142857142 0.21954314720812182 0.04642857142857143 0.03553299492385787
4 0.9010714285714285 0.22588832487309646 0.03785714285714286 0.03299492385786802
4 0.9460714285714286 0.3902284263959391 0.06357142857142857 0.08756345177664974
4 0.9871428571428571 0.43210659898477155 0.025714285714285714 0.06472081218274112
4 0.9107142857142857 0.4137055837563452 0.05142857142857143 0.09390862944162437
4 0.88 0.4213197969543147 0.05 0.09644670050761421
3 0.8457142857142858 0.42956852791878175 0.027142857142857142 0.05710659898477157
3 0.9796428571428571 0.5786802030456852 0.04071428571428572 0.09137055837563451
3 0.9896428571428572 0.6408629441624365 0.020714285714285713 0.0583756345177665
0 0.6803571428571429 0.8597715736040609 0.007857142857142858 0.03934010152284264
0 0.6621428571428571 0.6408629441624365 0.007142857142857143 0.03299492385786802
0 0.6710714285714285 0.6402284263959391 0.0064285714285714285 0.03426395939086294
0 0.6557142857142857 0.5323604060913706 0.005714285714285714 0.02918781725888325
0 0.6742857142857143 0.5095177664974619 0.005714285714285714 0.0266497461928934
0 0.6746428571428571 0.4733502538071066 0.0064285714285714285 0.027918781725888325
0 0.66 0.467005076142132 0.007142857142857143 0.02284263959390863
0 0.6657142857142857 0.4606598984771574 0.005714285714285714 0.025380710659898477
0 0.6603571428571429 0.3737309644670051 0.0064285714285714285 0.0266497461928934
0 0.6642857142857143 0.3762690355329949 0.004285714285714286 0.024111675126903553
3 0.5796428571428571 0.43718274111675126 0.017857142857142856 0.04187817258883249
3 0.565 0.3286802030456853 0.02 0.030456852791878174
9 0.6460714285714285 0.2614213197969543 0.012142857142857143 0.03299492385786802
9 0.6578571428571428 0.26078680203045684 0.014285714285714285 0.024111675126903553
9 0.6617857142857143 0.2569796954314721 0.012142857142857143 0.0266497461928934
0 0.675 0.2753807106598985 0.007142857142857143 0.030456852791878174
9 0.6753571428571429 0.25317258883248733 0.012142857142857143 0.02918781725888325
9 0.6825 0.25571065989847713 0.009285714285714286 0.0266497461928934
9 0.6875 0.2550761421319797 0.010714285714285714 0.027918781725888325
9 0.6967857142857142 0.25317258883248733 0.012142857142857143 0.02918781725888325
9 0.7042857142857143 0.25317258883248733 0.01 0.0266497461928934
9 0.7096428571428571 0.2506345177664975 0.013571428571428571 0.031725888324873094
9 0.7125 0.2519035532994924 0.013571428571428571 0.0266497461928934
9 0.7214285714285714 0.24936548223350255 0.011428571428571429 0.02918781725888325
9 0.7275 0.24873096446700507 0.015 0.027918781725888325
9 0.7335714285714285 0.24936548223350255 0.012857142857142857 0.0266497461928934
9 0.7417857142857143 0.25 0.013571428571428571 0.027918781725888325
4 0.8114285714285714 0.2315989847715736 0.045714285714285714 0.03934010152284264
4 0.8553571428571428 0.2265228426395939 0.04071428571428572 0.03680203045685279