4 0.10964285714285714 0.925761421319797 0.125 0.12055837563451777
4 0.6707142857142857 0.5152284263959391 0.06285714285714286 0.05583756345177665
4 0.77 0.7049492385786802 0.08428571428571428 0.11294416243654823
4 0.9667857142857142 0.4346446700507614 0.05785714285714286 0.06472081218274112
4 0.2767857142857143 0.37753807106598986 0.029285714285714286 0.044416243654822336
4 0.3028571428571429 0.3477157360406091 0.03 0.03807106598984772
4 0.31535714285714284 0.3343908629441624 0.029285714285714286 0.03680203045685279
4 0.4107142857142857 0.29949238578680204 0.03571428571428571 0.03299492385786802
4 0.5703571428571429 0.2563451776649746 0.029285714285714286 0.030456852791878174
4 0.6057142857142858 0.24492385786802032 0.03 0.030456852791878174
4 0.6753571428571429 0.22398477157360405 0.027857142857142858 0.02918781725888325
4 0.8089285714285714 0.3470812182741117 0.035 0.03426395939086294
4 0.7142857142857143 0.36611675126903553 0.037142857142857144 0.044416243654822336
4 0.6553571428571429 0.4029187817258883 0.04214285714285714 0.04949238578680203
3 0.3992857142857143 0.5450507614213198 0.041428571428571426 0.05456852791878172
3 0.46964285714285714 0.5431472081218274 0.04071428571428572 0.050761421319796954
3 0.4932142857142857 0.5348984771573604 0.045 0.05203045685279188
3 0.54 0.5101522842639594 0.04285714285714286 0.04568527918781726
3 0.49107142857142855 0.7626903553299492 0.075 0.08121827411167512
3 0.5678571428571428 0.49746192893401014 0.03857142857142857 0.04568527918781726
3 0.5885714285714285 0.4860406091370558 0.03857142857142857 0.04060913705583756
3 0.6496428571428572 0.45558375634517767 0.04071428571428572 0.03807106598984772
3 0.7671428571428571 0.4073604060913706 0.032857142857142856 0.03553299492385787
3 0.24678571428571427 0.5710659898477157 0.02214285714285714 0.05583756345177665
3 0.11892857142857143 0.29441624365482233 0.013571428571428571 0.025380710659898477
4 0.15714285714285714 0.6453045685279187 0.06285714285714286 0.06979695431472081
4 0.20357142857142857 0.4035532994923858 0.024285714285714285 0.050761421319796954
8 0.047142857142857146 0.6865482233502538 0.09428571428571429 0.12436548223350254
8 0.22714285714285715 0.5038071065989848 0.055714285714285716 0.11928934010152284
8 0.19357142857142856 0.43908629441624364 0.04 0.08629441624365482
8 0.165 0.3800761421319797 0.03571428571428571 0.0850253807106599
8 0.10071428571428571 0.25380710659898476 0.03 0.06345177664974619
8 0.11928571428571429 0.19543147208121828 0.02 0.04314720812182741
8 0.1492857142857143 0.24936548223350255 0.032857142857142856 0.05710659898477157
8 0.3414285714285714 0.2785532994923858 0.07 0.05456852791878172
8 0.21107142857142858 0.3464467005076142 0.03642857142857143 0.07106598984771574
8 0.4835714285714286 0.24048223350253808 0.04285714285714286 0.044416243654822336
8 0.6192857142857143 0.14720812182741116 0.03571428571428571 0.03807106598984772
8 0.7328571428571429 0.15355329949238578 0.05 0.04060913705583756
8 0.7953571428571429 0.1884517766497462 0.055 0.05456852791878172
8 0.8482142857142857 0.17576142131979697 0.047857142857142855 0.044416243654822336
9 0.9367857142857143 0.36611675126903553 0.020714285714285713 0.03680203045685279
1 0.9385714285714286 0.3635786802030457 0.01 0.024111675126903553
5 0.17607142857142857 0.3489847715736041 0.029285714285714286 0.048223350253807105
5 0.2764285714285714 0.5628172588832487 0.032857142857142856 0.11548223350253807
5 0.4342857142857143 0.25317258883248733 0.03571428571428571 0.04187817258883249
4 0.3960714285714286 0.27284263959390864 0.023571428571428573 0.027918781725888325
3 0.5210714285714285 0.23730964467005075 0.019285714285714285 0.02030456852791878
3 0.5635714285714286 0.22271573604060912 0.022857142857142857 0.024111675126903553
5 0.7396428571428572 0.9302030456852792 0.1492857142857143 0.13705583756345177
0 0.23964285714285713 0.37055837563451777 0.005 0.025380710659898477
0 0.235 0.3553299492385787 0.004285714285714286 0.017766497461928935
0 0.2382142857142857 0.3534263959390863 0.005 0.024111675126903553
0 0.28535714285714286 0.28616751269035534 0.0035714285714285713 0.01649746192893401