5 0.7596428571428572 0.17195431472081218 0.06928571428571428 0.1484771573604061
4 0.8721428571428571 0.3699238578680203 0.05857142857142857 0.12055837563451777
3 0.9692857142857143 0.7309644670050761 0.06142857142857143 0.1598984771573604
3 0.7792857142857142 0.09200507614213198 0.047142857142857146 0.07233502538071065
3 0.9621428571428572 0.20939086294416243 0.06 0.1065989847715736
0 0.46 0.27347715736040606 0.008571428571428572 0.03426395939086294
0 0.4657142857142857 0.27347715736040606 0.01 0.03426395939086294
0 0.44142857142857145 0.9206852791878173 0.011428571428571429 0.044416243654822336
0 0.45071428571428573 0.9238578680203046 0.014285714285714285 0.04568527918781726
1 0.47035714285714286 0.7836294416243654 0.016428571428571428 0.031725888324873094
1 0.4675 0.7722081218274112 0.019285714285714285 0.031725888324873094
0 0.75 0.6656091370558376 0.012857142857142857 0.04187817258883249
0 0.7335714285714285 0.6173857868020305 0.012857142857142857 0.03680203045685279
0 0.7035714285714286 0.5184010152284264 0.01 0.024111675126903553
0 0.7182142857142857 0.46446700507614214 0.007857142857142858 0.03553299492385787
0 0.725 0.4727157360406091 0.012857142857142857 0.03680203045685279
0 0.5442857142857143 0.12880710659898478 0.008571428571428572 0.024111675126903553
0 0.5392857142857143 0.116751269035533 0.007142857142857143 0.02030456852791878
0 0.42678571428571427 0.017766497461928935 0.007857142857142858 0.027918781725888325
0 0.6678571428571428 0.24809644670050762 0.007142857142857143 0.03426395939086294
0 0.6742857142857143 0.24809644670050762 0.008571428571428572 0.03934010152284264
1 0.5278571428571428 0.4879441624365482 0.008571428571428572 0.01903553299492386
1 0.5353571428571429 0.47652284263959394 0.010714285714285714 0.021573604060913704
1 0.47464285714285714 0.6027918781725888 0.013571428571428571 0.025380710659898477
1 0.4742857142857143 0.5774111675126904 0.012857142857142857 0.025380710659898477
0 0.7332142857142857 0.42449238578680204 0.017857142857142856 0.02918781725888325
0 0.7057142857142857 0.29758883248730966 0.017142857142857144 0.02918781725888325
1 0.4682142857142857 0.4276649746192893 0.0064285714285714285 0.025380710659898477