3 0.3267857142857143 0.9701776649746193 0.03214285714285714 0.05710659898477157
3 0.45321428571428574 0.9644670050761421 0.025 0.06852791878172589
3 0.33071428571428574 0.7620558375634517 0.025714285714285714 0.07487309644670051
3 0.365 0.5729695431472082 0.024285714285714285 0.05710659898477157
3 0.34785714285714286 0.4815989847715736 0.02 0.046954314720812185
3 0.6792857142857143 0.7538071065989848 0.04285714285714286 0.07614213197969544
3 0.3560714285714286 0.11230964467005077 0.013571428571428571 0.02918781725888325
3 0.37464285714285717 0.09454314720812183 0.012142857142857143 0.0266497461928934
3 0.4467857142857143 0.0983502538071066 0.010714285714285714 0.03426395939086294
3 0.3582142857142857 0.04885786802030457 0.010714285714285714 0.024111675126903553
3 0.37464285714285717 0.031725888324873094 0.009285714285714286 0.02284263959390863
3 0.3896428571428571 0.011421319796954314 0.009285714285714286 0.017766497461928935
3 0.30178571428571427 0.06662436548223351 0.012142857142857143 0.02918781725888325
3 0.2382142857142857 0.15355329949238578 0.016428571428571428 0.027918781725888325
0 0.15785714285714286 0.2918781725888325 0.007142857142857143 0.027918781725888325
8 0.3717857142857143 0.3546954314720812 0.025 0.0799492385786802
5 0.3892857142857143 0.1700507614213198 0.017142857142857144 0.05583756345177665
4 0.49857142857142855 0.4866751269035533 0.03142857142857143 0.08248730964467005
3 0.01 0.09961928934010152 0.02 0.031725888324873094
3 0.15321428571428572 0.12880710659898478 0.02642857142857143 0.031725888324873094
3 0.14142857142857143 0.21256345177664976 0.024285714285714285 0.02918781725888325
5 0.19 0.07741116751269035 0.037142857142857144 0.03807106598984772
3 0.22142857142857142 0.061548223350253804 0.024285714285714285 0.02918781725888325
4 0.24642857142857144 0.044416243654822336 0.022857142857142857 0.030456852791878174
3 0.14357142857142857 0.08692893401015228 0.017142857142857144 0.021573604060913704
3 0.15035714285714286 0.048223350253807105 0.016428571428571428 0.015228426395939087
3 0.18071428571428572 0.0399746192893401 0.017142857142857144 0.01649746192893401
3 0.19607142857142856 0.021573604060913704 0.015 0.015228426395939087
3 0.19892857142857143 0.031725888324873094 0.016428571428571428 0.017766497461928935
3 0.17607142857142857 0.03489847715736041 0.017857142857142856 0.021573604060913704
3 0.12571428571428572 0.06472081218274112 0.018571428571428572 0.02284263959390863
3 0.14642857142857144 0.06598984771573604 0.02 0.02030456852791878
3 0.20142857142857143 0.04885786802030457 0.017142857142857144 0.01649746192893401
3 0.23535714285714285 0.028553299492385786 0.016428571428571428 0.01903553299492386
3 0.24392857142857144 0.024746192893401017 0.020714285714285713 0.021573604060913704
3 0.15964285714285714 0.07487309644670051 0.017857142857142856 0.02030456852791878
3 0.16964285714285715 0.06472081218274112 0.016428571428571428 0.02030456852791878
0 0.2664285714285714 0.023477157360406092 0.005714285714285714 0.013959390862944163