3 0.041428571428571426 0.04314720812182741 0.014285714285714285 0.03299492385786802
3 0.03785714285714286 0.11421319796954314 0.015714285714285715 0.03299492385786802
3 0.10964285714285714 0.32043147208121825 0.016428571428571428 0.044416243654822336
3 0.07392857142857143 0.4936548223350254 0.017857142857142856 0.050761421319796954
3 0.04357142857142857 0.5609137055837563 0.018571428571428572 0.050761421319796954
3 0.1175 0.7290609137055838 0.017857142857142856 0.05964467005076142
3 0.054642857142857146 0.7074873096446701 0.02642857142857143 0.05710659898477157
3 0.07571428571428572 0.2899746192893401 0.015714285714285715 0.03426395939086294
8 0.04964285714285714 0.29314720812182743 0.03214285714285714 0.11421319796954314
3 0.17214285714285715 0.8604060913705583 0.02 0.07106598984771574
3 0.25642857142857145 0.5774111675126904 0.015714285714285715 0.048223350253807105
3 0.15857142857142856 0.6484771573604061 0.018571428571428572 0.06091370558375635
3 0.27535714285714286 0.4086294416243655 0.020714285714285713 0.03553299492385787
3 0.39571428571428574 0.4289340101522843 0.024285714285714285 0.04060913705583756
3 0.18428571428571427 0.23540609137055837 0.018571428571428572 0.03680203045685279
3 0.5142857142857142 0.6034263959390863 0.02857142857142857 0.04187817258883249
3 0.83 0.9727157360406091 0.03571428571428571 0.04949238578680203
3 0.6417857142857143 0.9644670050761421 0.035 0.05583756345177665
3 0.16035714285714286 0.5342639593908629 0.020714285714285713 0.0532994923857868
4 0.16107142857142856 0.5869289340101523 0.019285714285714285 0.05203045685279188
4 0.5696428571428571 0.8001269035532995 0.03357142857142857 0.05203045685279188
9 0.5128571428571429 0.8128172588832487 0.014285714285714285 0.024111675126903553
5 0.15035714285714286 0.7176395939086294 0.020714285714285713 0.08756345177664974
3 0.13714285714285715 0.8032994923857868 0.02857142857142857 0.06852791878172589