5 0.8746428571428572 0.12563451776649745 0.09785714285714285 0.07614213197969544
3 0.5032142857142857 0.25571065989847713 0.035 0.09771573604060914
3 0.5328571428571428 0.22779187817258884 0.022857142857142857 0.0799492385786802
3 0.5835714285714285 0.2430203045685279 0.024285714285714285 0.08248730964467005
4 0.6075 0.24555837563451777 0.025 0.09263959390862944
3 0.6378571428571429 0.3013959390862944 0.025714285714285714 0.0799492385786802
3 0.6692857142857143 0.3026649746192893 0.025714285714285714 0.08756345177664974
3 0.805 0.3356598984771574 0.03 0.10279187817258884
3 0.83 0.35850253807106597 0.024285714285714285 0.07741116751269035
3 0.8603571428571428 0.3769035532994924 0.03214285714285714 0.10406091370558376
3 0.9046428571428572 0.4022842639593909 0.03214285714285714 0.08629441624365482
3 0.94 0.407994923857868 0.03 0.09517766497461928
3 0.965 0.37182741116751267 0.03142857142857143 0.09390862944162437
3 0.34464285714285714 0.6104060913705583 0.05785714285714286 0.08629441624365482
3 0.37357142857142855 0.5501269035532995 0.04 0.08248730964467005
3 0.39785714285714285 0.5158629441624365 0.04428571428571428 0.0901015228426396
3 0.4232142857142857 0.4873096446700508 0.04214285714285714 0.07614213197969544
3 0.37535714285714283 0.6465736040609137 0.05928571428571429 0.08756345177664974
5 0.4742857142857143 0.8299492385786802 0.06571428571428571 0.11928934010152284
5 0.5314285714285715 0.8756345177664975 0.13285714285714287 0.19796954314720813
3 0.455 0.559010152284264 0.05285714285714286 0.0799492385786802
3 0.4878571428571429 0.5875634517766497 0.07 0.1065989847715736
3 0.5014285714285714 0.641497461928934 0.07142857142857142 0.11040609137055837
3 0.5735714285714286 0.6928934010152284 0.06285714285714286 0.09898477157360407
3 0.5785714285714286 0.608502538071066 0.04857142857142857 0.08248730964467005
4 0.5075 0.49555837563451777 0.05928571428571429 0.07233502538071065
3 0.4657142857142857 0.4631979695431472 0.03 0.0583756345177665
3 0.6003571428571428 0.5298223350253807 0.056428571428571425 0.0850253807106599
3 0.6260714285714286 0.5628172588832487 0.04642857142857143 0.06979695431472081
3 0.6435714285714286 0.6148477157360406 0.05857142857142857 0.0850253807106599
3 0.6996428571428571 0.6491116751269036 0.045 0.09263959390862944
3 0.54 0.5228426395939086 0.04857142857142857 0.08121827411167512
3 0.7935714285714286 0.18210659898477158 0.017142857142857144 0.04949238578680203
3 0.8175 0.1865482233502538 0.02214285714285714 0.06091370558375635
3 0.7046428571428571 0.157994923857868 0.025 0.06218274111675127
3 0.9914285714285714 0.3953045685279188 0.017142857142857144 0.10025380710659898