9 0.031837160751565764 0.1525974025974026 0.017745302713987474 0.030612244897959183
1 0.25234864300626303 0.11873840445269017 0.014091858037578288 0.01855287569573284
0 0.25 0.12012987012987013 0.014613778705636743 0.04359925788497217
1 0.2643528183716075 0.11317254174397032 0.009916492693110648 0.022263450834879406
0 0.27113778705636743 0.12059369202226346 0.012004175365344467 0.04823747680890538
9 0.3264613778705637 0.01855287569573284 0.016179540709812108 0.02411873840445269
1 0.7207724425887265 0.1150278293135436 0.016701461377870562 0.04823747680890538
0 0.7372129436325678 0.1794990723562152 0.016179540709812108 0.05658627087198516
9 0.7434759916492694 0.18320964749536178 0.015135699373695199 0.04730983302411874
9 0.7194676409185804 0.11966604823747681 0.014091858037578288 0.03896103896103896
0 0.7774008350730689 0.4155844155844156 0.01826722338204593 0.07421150278293136
0 0.6808455114822547 0.6029684601113172 0.02348643006263048 0.09461966604823747
0 0.6495302713987474 0.5974025974025974 0.015135699373695199 0.0575139146567718
0 0.6286534446764092 0.6307977736549165 0.01722338204592902 0.05194805194805195