3 0.4755 0.664 0.051 0.052
3 0.49325 0.6326666666666667 0.0475 0.04533333333333334
3 0.6845 0.7433333333333333 0.062 0.056
3 0.626 0.6943333333333334 0.052 0.06066666666666667
3 0.66075 0.7636666666666667 0.0545 0.05266666666666667
3 0.607 0.7193333333333334 0.051 0.05466666666666667
3 0.5925 0.7493333333333333 0.047 0.04933333333333333
3 0.652 0.799 0.057 0.05533333333333333
3 0.641 0.831 0.036 0.035333333333333335
3 0.42425 0.6973333333333334 0.0615 0.058666666666666666
3 0.176 0.432 0.041 0.032
3 0.15275 0.409 0.0405 0.034
3 0.07325 0.555 0.0515 0.048666666666666664
3 0.09525 0.5873333333333334 0.0545 0.04933333333333333
3 0.11325 0.61 0.0565 0.05466666666666667
3 0.12475 0.6363333333333333 0.0525 0.051333333333333335
3 0.1415 0.691 0.049 0.05266666666666667
3 0.16225 0.704 0.0545 0.06266666666666666
3 0.1845 0.73 0.051 0.058666666666666666
3 0.20075 0.748 0.0535 0.05733333333333333
3 0.2205 0.7796666666666666 0.048 0.06066666666666667
0 0.7875 0.6866666666666666 0.009 0.02266666666666667
2 0.76725 0.5013333333333333 0.0185 0.02
2 0.68775 0.43633333333333335 0.0135 0.015333333333333332
2 0.791 0.48333333333333334 0.015 0.021333333333333333
2 0.84875 0.49233333333333335 0.0155 0.012666666666666666
2 0.84675 0.5006666666666667 0.0165 0.012
2 0.845 0.5106666666666667 0.017 0.014666666666666666
2 0.8215 0.5453333333333333 0.019 0.02
3 0.81575 0.358 0.0265 0.03333333333333333
3 0.85875 0.391 0.0245 0.04066666666666666
3 0.8875 0.408 0.028 0.04133333333333333
3 0.9115 0.41333333333333333 0.03 0.034666666666666665
3 0.94275 0.42833333333333334 0.0285 0.035333333333333335
3 0.643 0.6213333333333333 0.039 0.06
3 0.864 0.9313333333333333 0.053 0.052
3 0.91475 0.978 0.0615 0.044
3 0.96425 0.44466666666666665 0.0295 0.03866666666666667