3 0.0175 0.7810913705583756 0.035 0.05964467005076142
0 0.0175 0.9010152284263959 0.013571428571428571 0.03299492385786802
3 0.07964285714285714 0.9784263959390863 0.07357142857142857 0.04060913705583756
3 0.2117857142857143 0.9308375634517766 0.065 0.05710659898477157
8 0.30964285714285716 0.743020304568528 0.05071428571428571 0.16624365482233502
3 0.4739285714285714 0.7112944162436549 0.019285714285714285 0.04949238578680203
0 0.3292857142857143 0.5628172588832487 0.004285714285714286 0.01903553299492386
0 0.3360714285714286 0.5196700507614214 0.005 0.01903553299492386
0 0.33714285714285713 0.5253807106598984 0.004285714285714286 0.015228426395939087
0 0.34035714285714286 0.5184010152284264 0.0035714285714285713 0.021573604060913704
0 0.3389285714285714 0.5260152284263959 0.0035714285714285713 0.01649746192893401
3 0.37892857142857145 0.5323604060913706 0.015 0.0266497461928934
3 0.4357142857142857 0.5564720812182741 0.014285714285714285 0.0266497461928934
8 0.41035714285714286 0.5564720812182741 0.019285714285714285 0.05964467005076142
0 0.3610714285714286 0.4467005076142132 0.005 0.017766497461928935
4 0.33714285714285713 0.4530456852791878 0.02 0.030456852791878174
3 0.3439285714285714 0.43781725888324874 0.017857142857142856 0.017766497461928935
4 0.3775 0.4581218274111675 0.012142857142857143 0.02284263959390863
4 0.44 0.3895939086294416 0.011428571428571429 0.017766497461928935
3 0.3914285714285714 0.4143401015228426 0.01 0.01649746192893401
0 0.36214285714285716 0.3965736040609137 0.002857142857142857 0.013959390862944163
0 0.3557142857142857 0.39149746192893403 0.002857142857142857 0.011421319796954314
3 0.3917857142857143 0.3800761421319797 0.009285714285714286 0.01649746192893401
0 0.3925 0.32423857868020306 0.002142857142857143 0.008883248730964468
0 0.39107142857142857 0.33058375634517767 0.002142857142857143 0.008883248730964468
8 0.4057142857142857 0.3616751269035533 0.014285714285714285 0.03807106598984772
4 0.43142857142857144 0.3052030456852792 0.007142857142857143 0.013959390862944163
3 0.42 0.24873096446700507 0.004285714285714286 0.007614213197969543
3 0.4207142857142857 0.24238578680203046 0.004285714285714286 0.007614213197969543
8 0.4228571428571429 0.23286802030456852 0.005714285714285714 0.011421319796954314
3 0.44285714285714284 0.25888324873096447 0.005714285714285714 0.01015228426395939
9 0.46714285714285714 0.25951776649746194 0.002857142857142857 0.008883248730964468
1 0.46714285714285714 0.25761421319796957 0.002857142857142857 0.007614213197969543
0 0.4828571428571429 0.26776649746192893 0.0014285714285714286 0.007614213197969543
4 0.47035714285714286 0.2182741116751269 0.0035714285714285713 0.007614213197969543
3 0.4432142857142857 0.23794416243654823 0.005 0.008883248730964468
5 0.45714285714285713 0.1802030456852792 0.004285714285714286 0.012690355329949238
5 0.4542857142857143 0.21192893401015228 0.005714285714285714 0.017766497461928935
3 0.4303571428571429 0.16053299492385786 0.0035714285714285713 0.0038071065989847717
8 0.4325 0.16687817258883247 0.0035714285714285713 0.006345177664974619
3 0.4325 0.17258883248730963 0.0035714285714285713 0.005076142131979695
3 0.4382142857142857 0.17385786802030456 0.0035714285714285713 0.005076142131979695
3 0.4417857142857143 0.17893401015228427 0.0035714285714285713 0.005076142131979695
3 0.43892857142857145 0.19098984771573604 0.0035714285714285713 0.006345177664974619
3 0.4375 0.18401015228426396 0.0035714285714285713 0.005076142131979695
4 0.4442857142857143 0.1833756345177665 0.002857142857142857 0.006345177664974619
4 0.44392857142857145 0.1700507614213198 0.0035714285714285713 0.005076142131979695
3 0.4475 0.1751269035532995 0.0035714285714285713 0.005076142131979695
3 0.45321428571428574 0.18718274111675126 0.0035714285714285713 0.006345177664974619
3 0.45285714285714285 0.1967005076142132 0.004285714285714286 0.007614213197969543
8 0.5189285714285714 0.3546954314720812 0.019285714285714285 0.044416243654822336