3 0.5558823529411765 0.049019607843137254 0.01764705882352941 0.01437908496732026
4 0.5613970588235294 0.09281045751633987 0.008088235294117648 0.018300653594771243
3 0.5551470588235294 0.0803921568627451 0.010294117647058823 0.01699346405228758
0 0.50625 0.01895424836601307 0.003676470588235294 0.011764705882352941
3 0.49926470588235294 0.011111111111111112 0.007352941176470588 0.011764705882352941
3 0.49117647058823527 0.00522875816993464 0.0058823529411764705 0.01045751633986928
3 0.46948529411764706 0.004575163398692811 0.005147058823529412 0.009150326797385621
3 0.4786764705882353 0.01241830065359477 0.0058823529411764705 0.006535947712418301
3 0.47941176470588237 0.0058823529411764705 0.0058823529411764705 0.009150326797385621
3 0.4525735294117647 0.06013071895424837 0.008088235294117648 0.018300653594771243
3 0.4915441176470588 0.09084967320261438 0.009558823529411765 0.01699346405228758
3 0.4919117647058823 0.12549019607843137 0.011764705882352941 0.026143790849673203
3 0.49264705882352944 0.19019607843137254 0.014705882352941176 0.02483660130718954
3 0.4588235294117647 0.13790849673202615 0.011764705882352941 0.022222222222222223
6 0.03566176470588235 0.9509803921568627 0.03308823529411765 0.09019607843137255
3 0.3154411764705882 0.6640522875816993 0.04264705882352941 0.10196078431372549
3 0.15036764705882352 0.6954248366013072 0.06397058823529411 0.10980392156862745
3 0.14448529411764705 0.4620915032679739 0.04338235294117647 0.06405228758169934
0 0.20625 0.465359477124183 0.009558823529411765 0.04183006535947712
3 0.18676470588235294 0.44901960784313727 0.03676470588235294 0.06143790849673202
9 0.20919117647058824 0.6633986928104575 0.013970588235294118 0.0457516339869281
1 0.20955882352941177 0.6503267973856209 0.008823529411764706 0.0457516339869281
0 0.2889705882352941 0.3196078431372549 0.007352941176470588 0.030065359477124184
3 0.26580882352941176 0.41241830065359475 0.03308823529411765 0.06405228758169934
3 0.28602941176470587 0.3718954248366013 0.030882352941176472 0.048366013071895426
3 0.3047794117647059 0.3352941176470588 0.028676470588235293 0.043137254901960784
0 0.34301470588235294 0.20980392156862746 0.006617647058823529 0.02483660130718954
0 0.3327205882352941 0.2150326797385621 0.006617647058823529 0.022222222222222223
3 0.2801470588235294 0.0915032679738562 0.013235294117647059 0.018300653594771243
3 0.3297794117647059 0.0915032679738562 0.0125 0.01568627450980392
3 0.29301470588235295 0.11895424836601307 0.028676470588235293 0.018300653594771243
3 0.31727941176470587 0.12745098039215685 0.0125 0.01437908496732026
3 0.29963235294117646 0.12679738562091503 0.015441176470588236 0.01568627450980392
0 0.2783088235294118 0.14575163398692811 0.005147058823529412 0.0196078431372549
0 0.2716911764705882 0.14705882352941177 0.005147058823529412 0.0196078431372549
3 0.2650735294117647 0.165359477124183 0.016911764705882352 0.02483660130718954
3 0.26029411764705884 0.1287581699346405 0.016176470588235296 0.02483660130718954
0 0.3602941176470588 0.1542483660130719 0.0058823529411764705 0.023529411764705882
0 0.4128676470588235 0.21372549019607842 0.005147058823529412 0.022222222222222223
3 0.3610294117647059 0.19019607843137254 0.014705882352941176 0.02483660130718954
9 0.4128676470588235 0.2934640522875817 0.006617647058823529 0.02483660130718954
1 0.4128676470588235 0.2875816993464052 0.006617647058823529 0.023529411764705882
3 0.9628676470588236 0.9333333333333333 0.07426470588235294 0.12026143790849673
3 0.8878676470588235 0.8032679738562092 0.06838235294117648 0.1084967320261438
3 0.8158088235294118 0.9248366013071896 0.07426470588235294 0.1503267973856209
2 0.86875 0.4830065359477124 0.022794117647058822 0.030065359477124184
3 0.8922794117647059 0.5522875816993464 0.03455882352941177 0.06405228758169934
2 0.9286764705882353 0.515686274509804 0.023529411764705882 0.030065359477124184
3 0.9338235294117647 0.5542483660130719 0.039705882352941174 0.06797385620915032
3 0.6566176470588235 0.596078431372549 0.052941176470588235 0.07320261437908497
9 0.6378676470588235 0.5607843137254902 0.011029411764705883 0.0392156862745098
1 0.6386029411764705 0.550326797385621 0.009558823529411765 0.04183006535947712
3 0.6823529411764706 0.5032679738562091 0.039705882352941174 0.07320261437908497
9 0.7290441176470588 0.3261437908496732 0.011029411764705883 0.01699346405228758
1 0.7301470588235294 0.3215686274509804 0.0058823529411764705 0.018300653594771243
3 0.7205882352941176 0.26862745098039215 0.027941176470588237 0.030065359477124184
3 0.7466911764705882 0.269281045751634 0.02426470588235294 0.02875816993464052
3 0.5753676470588235 0.14248366013071895 0.0125 0.018300653594771243
0 0.5735294117647058 0.169281045751634 0.004411764705882353 0.02483660130718954
3 0.5915441176470588 0.2045751633986928 0.016911764705882352 0.02483660130718954
3 0.6040441176470588 0.2437908496732026 0.019852941176470587 0.027450980392156862
3 0.6147058823529412 0.2758169934640523 0.022058823529411766 0.03137254901960784
9 0.6147058823529412 0.36405228758169933 0.007352941176470588 0.027450980392156862
1 0.6150735294117647 0.35947712418300654 0.006617647058823529 0.02875816993464052
9 0.6338235294117647 0.4045751633986928 0.007352941176470588 0.02483660130718954
1 0.6341911764705882 0.4019607843137255 0.006617647058823529 0.022222222222222223
1 0.6334558823529411 0.3980392156862745 0.008088235294117648 0.030065359477124184
9 0.47794117647058826 0.13333333333333333 0.0029411764705882353 0.01568627450980392
1 0.47757352941176473 0.1287581699346405 0.003676470588235294 0.01437908496732026
6 0.5091911764705882 0.09869281045751634 0.006617647058823529 0.01699346405228758
1 0.5084558823529411 0.09477124183006536 0.003676470588235294 0.011764705882352941
3 0.06691176470588235 0.6359477124183006 0.08088235294117647 0.09803921568627451