3 0.5753571428571429 0.8191624365482234 0.03357142857142857 0.09263959390862944
3 0.6646428571428571 0.7633248730964467 0.060714285714285714 0.046954314720812185
3 0.815 0.743020304568528 0.05857142857142857 0.04949238578680203
3 0.7846428571428572 0.9333756345177665 0.03357142857142857 0.0901015228426396
3 0.6085714285714285 0.6916243654822335 0.05142857142857143 0.04568527918781726
3 0.6014285714285714 0.6453045685279187 0.06 0.046954314720812185
3 0.4657142857142857 0.7157360406091371 0.05714285714285714 0.04314720812182741
4 0.4714285714285714 0.7798223350253807 0.06 0.05710659898477157
4 0.4832142857142857 0.6472081218274112 0.04357142857142857 0.048223350253807105
4 0.4710714285714286 0.5450507614213198 0.04928571428571429 0.046954314720812185
4 0.45357142857142857 0.3293147208121827 0.04857142857142857 0.04187817258883249
4 0.4546428571428571 0.20241116751269037 0.03785714285714286 0.03934010152284264
4 0.4521428571428571 0.05012690355329949 0.032857142857142856 0.031725888324873094
4 0.7071428571428572 0.05203045685279188 0.047142857142857146 0.04060913705583756
4 0.6739285714285714 0.025380710659898477 0.03214285714285714 0.048223350253807105
4 0.5592857142857143 0.04631979695431472 0.037142857142857144 0.03934010152284264
4 0.5717857142857142 0.11104060913705584 0.030714285714285715 0.03680203045685279
4 0.5025 0.07931472081218274 0.016428571428571428 0.04949238578680203
4 0.5721428571428572 0.30647208121827413 0.05 0.044416243654822336
4 0.5285714285714286 0.24048223350253808 0.02 0.08248730964467005
4 0.6039285714285715 0.5939086294416244 0.039285714285714285 0.04060913705583756
5 0.47214285714285714 0.5983502538071066 0.045714285714285714 0.04949238578680203
4 0.45285714285714285 0.37055837563451777 0.04 0.03807106598984772
3 0.45964285714285713 0.47588832487309646 0.05071428571428571 0.048223350253807105
3 0.435 0.4467005076142132 0.04857142857142857 0.04060913705583756
3 0.4525 0.4035532994923858 0.04928571428571429 0.04060913705583756
3 0.4539285714285714 0.3013959390862944 0.04928571428571429 0.03680203045685279
3 0.44892857142857145 0.2639593908629442 0.04357142857142857 0.03807106598984772
3 0.4492857142857143 0.23223350253807107 0.04285714285714286 0.04060913705583756
4 0.4546428571428571 0.16878172588832488 0.04071428571428572 0.04314720812182741
3 0.45607142857142857 0.13895939086294415 0.039285714285714285 0.03426395939086294
3 0.45285714285714285 0.03299492385786802 0.04 0.03553299492385787
3 0.4514285714285714 0.01015228426395939 0.03428571428571429 0.02030456852791878
4 0.5175 0.0399746192893401 0.025 0.06218274111675127
3 0.5321428571428571 0.10977157360406091 0.032857142857142856 0.031725888324873094
3 0.48892857142857143 0.13578680203045684 0.023571428571428573 0.0583756345177665
3 0.5217857142857143 0.1751269035532995 0.019285714285714285 0.06091370558375635
3 0.5260714285714285 0.33375634517766495 0.019285714285714285 0.06598984771573604
3 0.5867857142857142 0.46256345177664976 0.04928571428571429 0.03934010152284264
3 0.5892857142857143 0.501269035532995 0.047142857142857146 0.04568527918781726
3 0.5967857142857143 0.5488578680203046 0.05357142857142857 0.046954314720812185
3 0.7253571428571428 0.9486040609137056 0.03642857142857143 0.10025380710659898
3 0.8378571428571429 0.9473350253807107 0.04428571428571428 0.10279187817258884
3 0.6921428571428572 0.9644670050761421 0.027142857142857142 0.06852791878172589
5 0.6564285714285715 0.9625634517766497 0.032857142857142856 0.07233502538071065
3 0.9860714285714286 0.9454314720812182 0.027857142857142858 0.1065989847715736
0 0.6292857142857143 0.9168781725888325 0.01 0.024111675126903553
0 0.61 0.9873096446700508 0.014285714285714285 0.02284263959390863
1 0.8832142857142857 0.7208121827411168 0.012142857142857143 0.02284263959390863
9 0.9332142857142857 0.6897208121827412 0.027857142857142858 0.024111675126903553
9 0.9317857142857143 0.7303299492385786 0.023571428571428573 0.0266497461928934
7 0.7371428571428571 0.7493654822335025 0.047142857142857146 0.05964467005076142
0 0.48928571428571427 0.315989847715736 0.008571428571428572 0.02284263959390863
9 0.5714285714285714 0.08819796954314721 0.017142857142857144 0.024111675126903553
9 0.5921428571428572 0.41243654822335024 0.02 0.027918781725888325
0 0.9814285714285714 0.8381979695431472 0.014285714285714285 0.021573604060913704
0 0.6075 0.38451776649746194 0.009285714285714286 0.02284263959390863
9 0.7907142857142857 0.012690355329949238 0.02 0.015228426395939087
3 0.5521428571428572 0.02728426395939086 0.037142857142857144 0.03680203045685279