1 0.3735294117647059 0.25947712418300656 0.016176470588235296 0.05620915032679739
1 0.4606617647058823 0.3058823529411765 0.01838235294117647 0.047058823529411764
1 0.48970588235294116 0.30130718954248364 0.01911764705882353 0.040522875816993466
0 0.42205882352941176 0.6098039215686275 0.01764705882352941 0.06928104575163399
0 0.43161764705882355 0.7764705882352941 0.01764705882352941 0.08104575163398693
0 0.5022058823529412 0.5352941176470588 0.01764705882352941 0.06666666666666667
0 0.5408088235294117 0.6490196078431373 0.016911764705882352 0.07973856209150326
0 0.5397058823529411 0.7934640522875817 0.020588235294117647 0.07581699346405228
9 0.3849264705882353 0.9470588235294117 0.03161764705882353 0.10588235294117647
2 0.42830882352941174 0.949673202614379 0.03308823529411765 0.10065359477124183
6 0.46286764705882355 0.9111111111111111 0.03897058823529412 0.12026143790849673