0 0.5471354166666667 0.7703703703703704 0.024479166666666666 0.08888888888888889
0 0.4549479166666667 0.7217592592592592 0.0203125 0.08611111111111111
0 0.7106770833333333 0.799074074074074 0.024479166666666666 0.07962962962962963
0 0.76328125 0.7763888888888889 0.021354166666666667 0.09166666666666666
0 0.7640625 0.7430555555555556 0.015625 0.07685185185185185
0 0.7466145833333333 0.7421296296296296 0.021354166666666667 0.07685185185185185
0 0.8986979166666667 0.7615740740740741 0.024479166666666666 0.0787037037037037
0 0.8885416666666667 0.7486111111111111 0.023958333333333335 0.08055555555555556
0 0.9755208333333333 0.8240740740740741 0.019791666666666666 0.0962962962962963
0 0.971875 0.8101851851851852 0.027083333333333334 0.09259259259259259
0 0.4080729166666667 0.7384259259259259 0.021354166666666667 0.08425925925925926
0 0.3690104166666667 0.7407407407407407 0.0140625 0.07407407407407407
0 0.36223958333333334 0.7212962962962963 0.015104166666666667 0.07592592592592592
0 0.21692708333333333 0.8277777777777777 0.018229166666666668 0.07407407407407407
0 0.22552083333333334 0.8018518518518518 0.019791666666666666 0.08333333333333333
0 0.21458333333333332 0.7893518518518519 0.017708333333333333 0.06944444444444445
0 0.14427083333333332 0.8106481481481481 0.019791666666666666 0.08611111111111111
0 0.13541666666666666 0.7782407407407408 0.019791666666666666 0.08796296296296297
0 0.24010416666666667 0.7462962962962963 0.01875 0.07592592592592592
0 0.25078125 0.7342592592592593 0.018229166666666668 0.07777777777777778
0 0.8276041666666667 0.6773148148148148 0.011458333333333333 0.04351851851851852
7 0.9497395833333333 0.5921296296296297 0.0484375 0.06018518518518518
9 0.82109375 0.6226851851851852 0.019270833333333334 0.03425925925925926
1 0.8208333333333333 0.6106481481481482 0.0125 0.03611111111111111
0 0.8630208333333333 0.6865740740740741 0.013541666666666667 0.041666666666666664
0 0.8765625 0.6768518518518518 0.015625 0.05555555555555555
0 0.73671875 0.6439814814814815 0.008854166666666666 0.03796296296296296
0 0.7265625 0.6921296296296297 0.009375 0.03981481481481482
2 0.6997395833333333 0.6203703703703703 0.008854166666666666 0.02962962962962963
2 0.6799479166666667 0.6162037037037037 0.0109375 0.028703703703703703
2 0.6708333333333333 0.5990740740740741 0.017708333333333333 0.025925925925925925
2 0.6583333333333333 0.5805555555555556 0.01875 0.024074074074074074
2 0.6947916666666667 0.5541666666666667 0.0125 0.025
1 0.6947916666666667 0.5462962962962963 0.00625 0.03518518518518519
0 0.7158854166666667 0.5708333333333333 0.0109375 0.04351851851851852
0 0.7096354166666666 0.5546296296296296 0.008854166666666666 0.03888888888888889
0 0.7208333333333333 0.5546296296296296 0.008333333333333333 0.040740740740740744
0 0.8015625 0.6282407407407408 0.009375 0.04351851851851852
0 0.809375 0.6314814814814815 0.007291666666666667 0.037037037037037035
6 0.8328125 0.5481481481481482 0.0125 0.02962962962962963
0 0.7088541666666667 0.49907407407407406 0.00625 0.037037037037037035
7 0.7166666666666667 0.49675925925925923 0.030208333333333334 0.03796296296296296
7 0.6455729166666667 0.5101851851851852 0.028645833333333332 0.037037037037037035
4 0.49661458333333336 0.937037037037037 0.049479166666666664 0.12407407407407407
0 0.8041666666666667 0.937962962962963 0.017708333333333333 0.06851851851851852
0 0.82890625 0.9217592592592593 0.016145833333333335 0.058333333333333334
0 0.8361979166666667 0.9643518518518519 0.013020833333333334 0.04722222222222222
8 0.14947916666666666 0.8666666666666667 0.146875 0.2351851851851852
1 0.07317708333333334 0.95 0.0171875 0.03888888888888889
0 0.04348958333333333 0.9587962962962963 0.0171875 0.04351851851851852
0 0.023697916666666666 0.9513888888888888 0.018229166666666668 0.06018518518518518
3 0.2872395833333333 0.7074074074074074 0.03697916666666667 0.07037037037037037
3 0.24166666666666667 0.6902777777777778 0.046875 0.07314814814814814
0 0.20416666666666666 0.7013888888888888 0.013541666666666667 0.049074074074074076
0 0.19401041666666666 0.6986111111111111 0.0140625 0.058333333333333334
0 0.04010416666666667 0.7412037037037037 0.0125 0.04537037037037037
0 0.027083333333333334 0.7444444444444445 0.011458333333333333 0.05
0 0.07057291666666667 0.6972222222222222 0.0171875 0.05185185185185185
1 0.10390625 0.6796296296296296 0.011979166666666667 0.03518518518518519
2 0.10598958333333333 0.6791666666666667 0.015104166666666667 0.025
1 0.1046875 0.6615740740740741 0.0125 0.041666666666666664
2 0.13255208333333332 0.6032407407407407 0.0078125 0.03981481481481482
1 0.13098958333333333 0.5949074074074074 0.0109375 0.03611111111111111
0 0.09088541666666666 0.5851851851851851 0.0109375 0.03888888888888889
1 0.07083333333333333 0.5356481481481481 0.011458333333333333 0.025
3 0.35130208333333335 0.6449074074074074 0.0328125 0.0712962962962963
3 0.3026041666666667 0.6212962962962963 0.034375 0.06481481481481481
8 0.2635416666666667 0.5518518518518518 0.0625 0.14444444444444443
3 0.32578125 0.5476851851851852 0.025520833333333333 0.05092592592592592
8 0.33671875 0.4675925925925926 0.03802083333333333 0.11296296296296296
8 0.29921875 0.45092592592592595 0.0453125 0.1037037037037037
3 0.321875 0.4166666666666667 0.013541666666666667 0.037037037037037035
3 0.3026041666666667 0.39490740740740743 0.016666666666666666 0.032407407407407406
3 0.37447916666666664 0.4777777777777778 0.021875 0.04259259259259259
3 0.4075520833333333 0.47175925925925927 0.021354166666666667 0.041666666666666664
3 0.5385416666666667 0.6976851851851852 0.040625 0.06759259259259259
3 0.47421875 0.6296296296296297 0.03177083333333333 0.06296296296296296
3 0.5072916666666667 0.5703703703703704 0.029166666666666667 0.05185185185185185
3 0.46458333333333335 0.5287037037037037 0.027083333333333334 0.044444444444444446
3 0.5557291666666667 0.5916666666666667 0.035416666666666666 0.06111111111111111
8 0.59765625 0.5296296296296297 0.0671875 0.14074074074074075
3 0.5372395833333333 0.5152777777777777 0.030729166666666665 0.04351851851851852
4 0.49713541666666666 0.4925925925925926 0.0265625 0.046296296296296294
3 0.51953125 0.4564814814814815 0.022395833333333334 0.03333333333333333
3 0.47291666666666665 0.4361111111111111 0.021875 0.037037037037037035
3 0.5177083333333333 0.40879629629629627 0.019791666666666666 0.026851851851851852
3 0.4875 0.4064814814814815 0.017708333333333333 0.02962962962962963
3 0.4395833333333333 0.4023148148148148 0.01875 0.028703703703703703
3 0.4622395833333333 0.3837962962962963 0.019270833333333334 0.025
3 0.3768229166666667 0.4305555555555556 0.021354166666666667 0.03333333333333333
3 0.37109375 0.39444444444444443 0.0171875 0.02962962962962963
3 0.3731770833333333 0.37407407407407406 0.018229166666666668 0.03148148148148148
8 0.34739583333333335 0.39351851851851855 0.028125 0.07777777777777778
3 0.36822916666666666 0.34444444444444444 0.014583333333333334 0.024074074074074074
4 0.3463541666666667 0.35 0.015625 0.037037037037037035
3 0.30911458333333336 0.3425925925925926 0.0140625 0.022222222222222223
3 0.4328125 0.3763888888888889 0.017708333333333333 0.023148148148148147
3 0.44947916666666665 0.35509259259259257 0.017708333333333333 0.023148148148148147
8 0.4783854166666667 0.324537037037037 0.024479166666666666 0.049074074074074076
3 0.42578125 0.3527777777777778 0.0171875 0.020370370370370372
3 0.45703125 0.33240740740740743 0.016145833333333335 0.024074074074074074
3 0.41302083333333334 0.3333333333333333 0.013541666666666667 0.018518518518518517
3 0.3614583333333333 0.32037037037037036 0.013541666666666667 0.020370370370370372
0 0.596875 0.40185185185185185 0.005208333333333333 0.025925925925925925
0 0.5768229166666666 0.4388888888888889 0.0046875 0.027777777777777776
0 0.5809895833333333 0.43333333333333335 0.0036458333333333334 0.02962962962962963
0 0.5674479166666667 0.40694444444444444 0.0046875 0.026851851851851852
0 0.5791666666666667 0.40879629629629627 0.007291666666666667 0.026851851851851852
9 0.5864583333333333 0.4101851851851852 0.007291666666666667 0.018518518518518517
1 0.5875 0.40370370370370373 0.004166666666666667 0.020370370370370372
3 0.6052083333333333 0.39351851851851855 0.01875 0.027777777777777776
3 0.4505208333333333 0.3189814814814815 0.0125 0.019444444444444445
8 0.43671875 0.3226851851851852 0.028645833333333332 0.05648148148148148
3 0.42421875 0.31805555555555554 0.0109375 0.01574074074074074
4 0.4434895833333333 0.3087962962962963 0.011979166666666667 0.017592592592592594
3 0.40651041666666665 0.31712962962962965 0.013020833333333334 0.019444444444444445
3 0.39947916666666666 0.30416666666666664 0.0125 0.017592592592592594
3 0.3932291666666667 0.2953703703703704 0.011458333333333333 0.018518518518518517
3 0.41744791666666664 0.30648148148148147 0.013020833333333334 0.018518518518518517
3 0.4119791666666667 0.2972222222222222 0.0125 0.016666666666666666
3 0.42864583333333334 0.29583333333333334 0.0125 0.013888888888888888
3 0.4388020833333333 0.2875 0.013020833333333334 0.01574074074074074
3 0.40598958333333335 0.28935185185185186 0.0109375 0.012037037037037037
3 0.5635416666666667 0.35138888888888886 0.021875 0.025
3 0.5557291666666667 0.33796296296296297 0.01875 0.024074074074074074
0 0.6033854166666667 0.3731481481481482 0.0046875 0.020370370370370372
0 0.6065104166666667 0.3726851851851852 0.0036458333333333334 0.019444444444444445
2 0.5059895833333333 0.3060185185185185 0.0046875 0.013888888888888888
1 0.5065104166666666 0.30092592592592593 0.0026041666666666665 0.014814814814814815
9 0.4786458333333333 0.29212962962962963 0.005208333333333333 0.008333333333333333
1 0.47890625 0.2884259259259259 0.0026041666666666665 0.012037037037037037
4 0.46328125 0.27361111111111114 0.013020833333333334 0.017592592592592594
3 0.4231770833333333 0.28935185185185186 0.011979166666666667 0.013888888888888888
3 0.43072916666666666 0.2796296296296296 0.011458333333333333 0.014814814814814815
3 0.38697916666666665 0.28703703703703703 0.011458333333333333 0.014814814814814815
3 0.3848958333333333 0.2791666666666667 0.011458333333333333 0.013888888888888888
3 0.40234375 0.2814814814814815 0.011979166666666667 0.014814814814814815
3 0.41640625 0.2814814814814815 0.0109375 0.012962962962962963
3 0.4231770833333333 0.2712962962962963 0.009895833333333333 0.012962962962962963
3 0.41171875 0.2740740740740741 0.0109375 0.012962962962962963
3 0.39453125 0.2740740740740741 0.009895833333333333 0.014814814814814815
3 0.37890625 0.27314814814814814 0.008854166666666666 0.012962962962962963
3 0.403125 0.2652777777777778 0.010416666666666666 0.013888888888888888
3 0.37447916666666664 0.2671296296296296 0.010416666666666666 0.013888888888888888
8 0.32760416666666664 0.32314814814814813 0.036458333333333336 0.053703703703703705
1 0.1203125 0.4199074074074074 0.007291666666666667 0.01574074074074074
2 0.134375 0.4444444444444444 0.0125 0.018518518518518517
9 0.13203125 0.43425925925925923 0.008854166666666666 0.018518518518518517
2 0.1390625 0.4222222222222222 0.007291666666666667 0.016666666666666666
2 0.22265625 0.3912037037037037 0.0067708333333333336 0.019444444444444445
1 0.22265625 0.38425925925925924 0.005729166666666666 0.020370370370370372
0 0.19427083333333334 0.37407407407407406 0.005208333333333333 0.024074074074074074
0 0.18828125 0.3680555555555556 0.0036458333333333334 0.019444444444444445
0 0.1703125 0.3509259259259259 0.005208333333333333 0.024074074074074074
0 0.19375 0.3537037037037037 0.004166666666666667 0.022222222222222223
0 0.19192708333333333 0.3537037037037037 0.0036458333333333334 0.016666666666666666
3 0.15911458333333334 0.34629629629629627 0.0390625 0.022222222222222223
3 0.18385416666666668 0.29259259259259257 0.015625 0.025925925925925925
4 0.22604166666666667 0.30833333333333335 0.025 0.03333333333333333
3 0.2109375 0.3199074074074074 0.011458333333333333 0.019444444444444445
3 0.22421875 0.2337962962962963 0.0171875 0.01574074074074074