3 0.015918580375782882 0.6655844155844156 0.031837160751565764 0.039888682745825604
3 0.04645093945720251 0.6576994434137291 0.028183716075156576 0.03896103896103896
3 0.07828810020876827 0.6456400742115028 0.025052192066805846 0.03710575139146568
3 0.10099164926931106 0.6419294990723562 0.02244258872651357 0.03896103896103896
3 0.2554801670146138 0.5964749536178108 0.024530271398747392 0.029684601113172542
5 0.27139874739039666 0.5607606679035251 0.026096033402922755 0.0287569573283859
3 0.26461377870563674 0.5551948051948052 0.019832985386221295 0.02504638218923933
3 0.1354384133611691 0.62569573283859 0.02035490605427975 0.036178107606679034
3 0.2690501043841336 0.487012987012987 0.02244258872651357 0.022263450834879406
3 0.7147703549060542 0.8882189239332097 0.04123173277661795 0.06215213358070501
3 0.9752087682672234 0.9123376623376623 0.048538622129436326 0.07699443413729128
3 0.4251043841336117 0.5055658627087198 0.024530271398747392 0.02040816326530612
3 0.43710855949895616 0.4967532467532468 0.02244258872651357 0.02504638218923933
3 0.44806889352818374 0.4911873840445269 0.02139874739039666 0.01948051948051948
3 0.456419624217119 0.48283858998144713 0.02244258872651357 0.021335807050092765
3 0.49660751565762007 0.45640074211502785 0.02348643006263048 0.01855287569573284
3 0.5049582463465553 0.449443413729128 0.02139874739039666 0.017625231910946195
3 0.5628914405010439 0.4067717996289425 0.019311064718162838 0.015769944341372914
4 0.574634655532359 0.3974953617810761 0.017745302713987474 0.017625231910946195
3 0.5323590814196242 0.4271799628942486 0.021920668058455117 0.01948051948051948
3 0.5850730688935282 0.38589981447124305 0.018789144050104383 0.016697588126159554
3 0.5942066805845512 0.3803339517625232 0.014091858037578288 0.016697588126159554
3 0.6049060542797495 0.37569573283859 0.016701461377870562 0.014842300556586271
3 0.6051670146137788 0.3696660482374768 0.015135699373695199 0.012059369202226345
3 0.6116910229645094 0.3654916512059369 0.016701461377870562 0.014842300556586271
3 0.8588204592901879 0.4313543599257885 0.02139874739039666 0.016697588126159554
3 0.8893528183716075 0.33812615955473097 0.014613778705636743 0.012059369202226345
3 0.8502087682672234 0.25556586270871984 0.006263048016701462 0.01020408163265306
3 0.6714509394572025 0.274582560296846 0.013048016701461378 0.011131725417439703
3 0.666231732776618 0.28061224489795916 0.013048016701461378 0.01020408163265306
3 0.6756263048016702 0.2722634508348794 0.009916492693110648 0.01020408163265306
3 0.6779749478079332 0.2699443413729128 0.011482254697286013 0.00927643784786642
3 0.6798016701461378 0.26669758812615957 0.012004175365344467 0.008348794063079777
3 0.6873695198329853 0.26205936920222633 0.010438413361169102 0.01020408163265306
4 0.7074634655532359 0.24304267161410018 0.006784968684759917 0.0074211502782931356
3 0.7750521920668059 0.22495361781076068 0.0041753653444676405 0.008348794063079777
3 0.759133611691023 0.22170686456400743 0.005741127348643006 0.011131725417439703