5 0.07642857142857143 0.5894670050761421 0.03571428571428571 0.05710659898477157
4 0.46214285714285713 0.9276649746192893 0.017142857142857144 0.050761421319796954
3 0.5567857142857143 0.815989847715736 0.015 0.048223350253807105
3 0.5503571428571429 0.6814720812182741 0.015 0.04060913705583756
3 0.5092857142857142 0.6694162436548223 0.011428571428571429 0.031725888324873094
4 0.4614285714285714 0.6256345177664975 0.012857142857142857 0.027918781725888325
3 0.5457142857142857 0.5996192893401016 0.011428571428571429 0.0266497461928934
3 0.5314285714285715 0.5532994923857868 0.01 0.02284263959390863
3 0.5271428571428571 0.5057106598984772 0.01 0.024111675126903553
3 0.5417857142857143 0.5076142131979695 0.010714285714285714 0.02030456852791878
3 0.48964285714285716 0.4873096446700508 0.009285714285714286 0.015228426395939087
3 0.5260714285714285 0.46954314720812185 0.009285714285714286 0.017766497461928935
3 0.5389285714285714 0.4651015228426396 0.009285714285714286 0.01903553299492386
4 0.4757142857142857 0.4631979695431472 0.008571428571428572 0.02030456852791878
3 0.4682142857142857 0.44289340101522845 0.007857142857142858 0.015228426395939087
3 0.48214285714285715 0.4302030456852792 0.007142857142857143 0.015228426395939087
3 0.49392857142857144 0.4086294416243655 0.007857142857142858 0.01015228426395939
3 0.5375 0.4200507614213198 0.007857142857142858 0.02030456852791878
5 0.5235714285714286 0.4219543147208122 0.01 0.024111675126903553
3 0.5167857142857143 0.4003807106598985 0.0064285714285714285 0.021573604060913704
8 0.5239285714285714 0.3331218274111675 0.007857142857142858 0.02918781725888325
3 0.4882142857142857 0.3496192893401015 0.0064285714285714285 0.013959390862944163
3 0.5228571428571429 0.3083756345177665 0.005714285714285714 0.012690355329949238
0 0.6175 0.9111675126903553 0.005 0.015228426395939087
0 0.6482142857142857 0.8902284263959391 0.005 0.021573604060913704
0 0.6096428571428572 0.8673857868020305 0.005 0.021573604060913704