3 0.16805845511482254 0.6076066790352505 0.04697286012526096 0.09461966604823747
4 0.29305845511482254 0.5644712430426716 0.05897703549060543 0.0640074211502783
6 0.058194154488517745 0.5593692022263451 0.0255741127348643 0.0686456400742115
6 0.5284446764091858 0.7467532467532467 0.015135699373695199 0.07235621521335807
3 0.4846033402922756 0.5510204081632653 0.04540709812108559 0.08719851576994433
3 0.3990083507306889 0.28339517625231914 0.05375782881002088 0.04359925788497217
6 0.35281837160751567 0.5273654916512059 0.026096033402922755 0.05287569573283859
6 0.36351774530271397 0.47031539888682744 0.013048016701461378 0.04452690166975881
2 0.3408141962421712 0.4689239332096475 0.015657620041753653 0.021335807050092765
9 0.3562108559498956 0.4067717996289425 0.008872651356993737 0.026901669758812616
4 0.6103862212943633 0.300556586270872 0.02661795407098121 0.03710575139146568
5 0.5182672233820459 0.28339517625231914 0.015657620041753653 0.04916512059369202
6 0.7755741127348643 0.9768089053803339 0.060542797494780795 0.04452690166975881
6 0.5670668058455115 0.0663265306122449 0.016179540709812108 0.023191094619666047
0 0.4068371607515658 0.020871985157699443 0.004697286012526096 0.021335807050092765
0 0.4078810020876827 0.041743970315398886 0.004697286012526096 0.014842300556586271
8 0.4438935281837161 0.012523191094619666 0.016179540709812108 0.02504638218923933
1 0.5300104384133612 0.75 0.009916492693110648 0.0287569573283859