5 0.2586116910229645 0.013914656771799629 0.014091858037578288 0.02411873840445269
3 0.5534968684759917 0.6117810760667903 0.019311064718162838 0.026901669758812616
4 0.6951983298538622 0.7235621521335807 0.015657620041753653 0.027829313543599257
4 0.21477035490605428 0.012523191094619666 0.019311064718162838 0.02504638218923933
0 0.1808455114822547 0.05194805194805195 0.0036534446764091857 0.014842300556586271
5 0.37265135699373697 0.8613172541743971 0.05010438413361169 0.08256029684601113
5 0.352035490605428 0.7908163265306123 0.048538622129436326 0.07884972170686456
5 0.29305845511482254 0.8200371057513914 0.0662839248434238 0.10575139146567718
4 0.3948329853862213 0.6906307977736549 0.01826722338204593 0.02504638218923933
5 0.5046972860125261 0.5088126159554731 0.059498956158663886 0.09554730983302412
9 0.450678496868476 0.5459183673469388 0.006784968684759917 0.012059369202226345
9 0.46633611691022964 0.46567717996289426 0.005741127348643006 0.014842300556586271
9 0.47207724425887265 0.462430426716141 0.005741127348643006 0.013914656771799629
9 0.5863778705636743 0.5153061224489796 0.006784968684759917 0.012059369202226345
4 0.5678496868475992 0.4930426716141002 0.011482254697286013 0.021335807050092765
9 0.6145615866388309 0.5426716141001855 0.006784968684759917 0.011131725417439703
0 0.6294363256784968 0.5955473098330241 0.0041753653444676405 0.00927643784786642