0 0.00625 0.4212962962962963 0.00625 0.024074074074074074
0 0.0609375 0.41203703703703703 0.005208333333333333 0.016666666666666666
1 0.06770833333333333 0.40925925925925927 0.004166666666666667 0.011111111111111112
1 0.07760416666666667 0.4064814814814815 0.007291666666666667 0.016666666666666666
0 0.10572916666666667 0.41759259259259257 0.007291666666666667 0.024074074074074074
1 0.12135416666666667 0.42962962962962964 0.005208333333333333 0.011111111111111112
0 0.12708333333333333 0.4777777777777778 0.008333333333333333 0.022222222222222223
0 0.005208333333333333 0.44537037037037036 0.00625 0.016666666666666666
0 0.050520833333333334 0.41388888888888886 0.005208333333333333 0.016666666666666666
0 0.052083333333333336 0.41203703703703703 0.004166666666666667 0.024074074074074074
9 0.24010416666666667 0.4166666666666667 0.011458333333333333 0.011111111111111112
0 0.2109375 0.3907407407407407 0.003125 0.014814814814814815
9 0.36041666666666666 0.9046296296296297 0.03125 0.03518518518518519
9 0.4 0.8342592592592593 0.03125 0.03518518518518519
3 0.4244791666666667 0.9009259259259259 0.07604166666666666 0.10185185185185185
3 0.43802083333333336 0.7796296296296297 0.08020833333333334 0.07037037037037037
9 0.4119791666666667 0.7537037037037037 0.013541666666666667 0.05185185185185185
9 0.44375 0.7435185185185185 0.027083333333333334 0.03148148148148148
1 0.5234375 0.8740740740740741 0.011458333333333333 0.03333333333333333
1 0.5244791666666667 0.8629629629629629 0.015625 0.040740740740740744
1 0.5520833333333334 0.7138888888888889 0.00625 0.024074074074074074
1 0.5578125 0.7157407407407408 0.009375 0.020370370370370372
1 0.5536458333333333 0.7018518518518518 0.013541666666666667 0.025925925925925925
9 0.5244791666666667 0.8712962962962963 0.015625 0.05
3 0.5369791666666667 0.7898148148148149 0.036458333333333336 0.07592592592592592
6 0.5557291666666667 0.7148148148148148 0.015625 0.04814814814814815
7 0.5833333333333334 0.7027777777777777 0.020833333333333332 0.053703703703703705
9 0.5942708333333333 0.5944444444444444 0.011458333333333333 0.025925925925925925
9 0.4671875 0.6777777777777778 0.023958333333333335 0.03333333333333333
9 0.46875 0.6712962962962963 0.020833333333333332 0.03148148148148148
9 0.4713541666666667 0.6611111111111111 0.021875 0.025925925925925925
9 0.4432291666666667 0.687037037037037 0.017708333333333333 0.02962962962962963
9 0.44895833333333335 0.6851851851851852 0.01875 0.025925925925925925
9 0.46770833333333334 0.6425925925925926 0.014583333333333334 0.022222222222222223
9 0.5197916666666667 0.5398148148148149 0.01875 0.024074074074074074
9 0.5182291666666666 0.5361111111111111 0.019791666666666666 0.020370370370370372
3 0.565625 0.47685185185185186 0.041666666666666664 0.03888888888888889
3 0.603125 0.5083333333333333 0.020833333333333332 0.03888888888888889
0 0.5890625 0.4546296296296296 0.005208333333333333 0.020370370370370372
0 0.59375 0.45740740740740743 0.00625 0.018518518518518517
3 0.559375 0.39814814814814814 0.0125 0.018518518518518517
3 0.590625 0.39166666666666666 0.010416666666666666 0.024074074074074074
3 0.5880208333333333 0.37037037037037035 0.009375 0.014814814814814815
3 0.5375 0.3435185185185185 0.008333333333333333 0.012962962962962963
5 0.5338541666666666 0.3537037037037037 0.011458333333333333 0.022222222222222223
1 0.5328125 0.3648148148148148 0.003125 0.011111111111111112
0 0.56875 0.32592592592592595 0.004166666666666667 0.011111111111111112
0 0.5729166666666666 0.35648148148148145 0.004166666666666667 0.012962962962962963
3 0.584375 0.31666666666666665 0.00625 0.014814814814814815
3 0.5677083333333334 0.2972222222222222 0.008333333333333333 0.009259259259259259
3 0.5567708333333333 0.29074074074074074 0.005208333333333333 0.007407407407407408
7 0.54375 0.32314814814814813 0.004166666666666667 0.012962962962962963
1 0.5802083333333333 0.362962962962963 0.004166666666666667 0.011111111111111112
1 0.5651041666666666 0.38055555555555554 0.003125 0.009259259259259259
1 0.5416666666666666 0.4064814814814815 0.004166666666666667 0.016666666666666666
1 0.5484375 0.4083333333333333 0.005208333333333333 0.012962962962962963
9 0.4875 0.6194444444444445 0.014583333333333334 0.03148148148148148
9 0.5661458333333333 0.38333333333333336 0.005208333333333333 0.011111111111111112
9 0.5802083333333333 0.3685185185185185 0.004166666666666667 0.011111111111111112
9 0.5817708333333333 0.32685185185185184 0.003125 0.009259259259259259
0 0.5479166666666667 0.4324074074074074 0.004166666666666667 0.020370370370370372
0 0.5447916666666667 0.43333333333333335 0.004166666666666667 0.022222222222222223
0 0.540625 0.42962962962962964 0.00625 0.014814814814814815
0 0.5416666666666666 0.44074074074074077 0.004166666666666667 0.018518518518518517
1 0.5390625 0.45 0.005208333333333333 0.011111111111111112
9 0.5395833333333333 0.4537037037037037 0.00625 0.018518518518518517
3 0.5255208333333333 0.40370370370370373 0.015625 0.025925925925925925
9 0.5411458333333333 0.4111111111111111 0.005208333333333333 0.014814814814814815
9 0.5484375 0.41388888888888886 0.005208333333333333 0.012962962962962963
7 0.5317708333333333 0.42407407407407405 0.009375 0.022222222222222223
7 0.5411458333333333 0.48333333333333334 0.003125 0.1037037037037037
0 0.5223958333333333 0.43333333333333335 0.005208333333333333 0.022222222222222223
0 0.5744791666666667 0.39814814814814814 0.003125 0.014814814814814815
0 0.575 0.39444444444444443 0.004166666666666667 0.018518518518518517
0 0.5817708333333333 0.40370370370370373 0.005208333333333333 0.018518518518518517
0 0.5796875 0.4027777777777778 0.005208333333333333 0.016666666666666666
0 0.5796875 0.3962962962962963 0.005208333333333333 0.018518518518518517