3 0.5109375 0.36712962962962964 0.007291666666666667 0.008333333333333333
3 0.52109375 0.3685185185185185 0.0046875 0.009259259259259259
3 0.5252604166666667 0.37824074074074077 0.0078125 0.012037037037037037
3 0.5184895833333333 0.38564814814814813 0.008854166666666666 0.012037037037037037
3 0.5315104166666667 0.3851851851851852 0.0078125 0.012962962962962963
3 0.5028645833333333 0.3800925925925926 0.0067708333333333336 0.010185185185185186
3 0.49713541666666666 0.3875 0.0078125 0.013888888888888888
3 0.48489583333333336 0.399537037037037 0.010416666666666666 0.017592592592592594
3 0.47890625 0.4217592592592593 0.0109375 0.021296296296296296
3 0.46875 0.4550925925925926 0.013541666666666667 0.028703703703703703
3 0.5098958333333333 0.41574074074074074 0.010416666666666666 0.018518518518518517
3 0.525 0.46064814814814814 0.014583333333333334 0.019444444444444445
3 0.55625 0.39305555555555555 0.009375 0.012037037037037037
3 0.5869791666666667 0.43657407407407406 0.015625 0.017592592592592594
3 0.5440104166666667 0.5333333333333333 0.0234375 0.04259259259259259
3 0.4890625 0.5277777777777778 0.022916666666666665 0.037037037037037035
3 0.4453125 0.7018518518518518 0.04479166666666667 0.08333333333333333
3 0.60546875 0.612037037037037 0.03697916666666667 0.053703703703703705
3 0.6583333333333333 0.7837962962962963 0.05416666666666667 0.07685185185185185
0 0.5104166666666666 0.399537037037037 0.005208333333333333 0.019444444444444445
0 0.49583333333333335 0.3990740740740741 0.004166666666666667 0.018518518518518517
3 0.48932291666666666 0.3726851851851852 0.015104166666666667 0.010185185185185186
3 0.5526041666666667 0.3787037037037037 0.00625 0.011111111111111112
3 0.5908854166666667 0.45231481481481484 0.016145833333333335 0.013888888888888888
3 0.5942708333333333 0.46064814814814814 0.015625 0.01574074074074074
3 0.6 0.46805555555555556 0.020833333333333332 0.019444444444444445
3 0.60390625 0.475462962962963 0.018229166666666668 0.021296296296296296
3 0.6083333333333333 0.4875 0.020833333333333332 0.023148148148148147
3 0.6130208333333333 0.5041666666666667 0.021875 0.021296296296296296
3 0.6221354166666667 0.5162037037037037 0.022395833333333334 0.032407407407407406
3 0.63046875 0.5388888888888889 0.027604166666666666 0.02962962962962963
3 0.6372395833333333 0.5601851851851852 0.0296875 0.03518518518518519
3 0.65078125 0.5893518518518519 0.034895833333333334 0.03796296296296296
3 0.66328125 0.6231481481481481 0.043229166666666666 0.04259259259259259
3 0.68046875 0.6662037037037037 0.05364583333333333 0.06388888888888888
3 0.70859375 0.7300925925925926 0.0578125 0.06759259259259259
3 0.7348958333333333 0.8078703703703703 0.07395833333333333 0.09537037037037037
3 0.7796875 0.9254629629629629 0.09375 0.13425925925925927
0 0.77421875 0.774074074074074 0.015104166666666667 0.07592592592592592
0 0.7213541666666666 0.6416666666666667 0.009375 0.05555555555555555
9 0.7138020833333333 0.586574074074074 0.0140625 0.03425925925925926
0 0.69140625 0.5532407407407407 0.013020833333333334 0.04537037037037037
1 0.5700520833333333 0.4203703703703704 0.005729166666666666 0.016666666666666666
1 0.5752604166666667 0.4222222222222222 0.0046875 0.012962962962962963
1 0.5734375 0.4305555555555556 0.004166666666666667 0.016666666666666666
1 0.5625 0.412962962962963 0.005208333333333333 0.018518518518518517
2 0.5619791666666667 0.41944444444444445 0.009375 0.011111111111111112
2 0.5700520833333333 0.4287037037037037 0.0036458333333333334 0.011111111111111112
2 0.5734375 0.43703703703703706 0.004166666666666667 0.016666666666666666
2 0.5755208333333334 0.4287037037037037 0.004166666666666667 0.012962962962962963
0 0.5760416666666667 0.40324074074074073 0.005208333333333333 0.019444444444444445
0 0.3611979166666667 0.3787037037037037 0.0036458333333333334 0.016666666666666666
0 0.3658854166666667 0.38564814814814813 0.0036458333333333334 0.017592592592592594
0 0.3651041666666667 0.37916666666666665 0.004166666666666667 0.01574074074074074
0 0.37916666666666665 0.3912037037037037 0.00625 0.01574074074074074
1 0.3963541666666667 0.4546296296296296 0.005208333333333333 0.018518518518518517
1 0.41302083333333334 0.4532407407407407 0.005208333333333333 0.019444444444444445
1 0.43802083333333336 0.412962962962963 0.004166666666666667 0.014814814814814815
1 0.43463541666666666 0.41898148148148145 0.0046875 0.017592592592592594
1 0.44427083333333334 0.42916666666666664 0.004166666666666667 0.017592592592592594
1 0.4359375 0.43194444444444446 0.005208333333333333 0.017592592592592594
1 0.42604166666666665 0.43657407407407406 0.005208333333333333 0.019444444444444445
1 0.43072916666666666 0.43657407407407406 0.005208333333333333 0.017592592592592594
1 0.42864583333333334 0.42916666666666664 0.004166666666666667 0.01574074074074074
2 0.3966145833333333 0.4638888888888889 0.005729166666666666 0.012962962962962963
2 0.41302083333333334 0.4615740740740741 0.007291666666666667 0.010185185185185186
2 0.425 0.4444444444444444 0.005208333333333333 0.012962962962962963
2 0.43020833333333336 0.4444444444444444 0.005208333333333333 0.011111111111111112
2 0.4356770833333333 0.4398148148148148 0.0046875 0.012962962962962963
9 0.4440104166666667 0.4337962962962963 0.005729166666666666 0.013888888888888888
2 0.3802083333333333 0.42592592592592593 0.011458333333333333 0.011111111111111112
0 0.3692708333333333 0.43657407407407406 0.004166666666666667 0.021296296296296296
0 0.35989583333333336 0.4351851851851852 0.005208333333333333 0.025925925925925925
0 0.36380208333333336 0.43425925925925923 0.0036458333333333334 0.025925925925925925
0 0.33932291666666664 0.4388888888888889 0.0067708333333333336 0.027777777777777776
0 0.3106770833333333 0.4703703703703704 0.0078125 0.03148148148148148
1 0.3265625 0.4615740740740741 0.005208333333333333 0.025
2 0.32578125 0.4726851851851852 0.009895833333333333 0.013888888888888888
2 0.29739583333333336 0.47824074074074074 0.011458333333333333 0.01574074074074074
3 0.40911458333333334 0.38425925925925924 0.019270833333333334 0.016666666666666666
3 0.44427083333333334 0.40555555555555556 0.011458333333333333 0.016666666666666666
4 0.4515625 0.42083333333333334 0.014583333333333334 0.028703703703703703
3 0.4583333333333333 0.4152777777777778 0.011458333333333333 0.023148148148148147
3 0.43125 0.39537037037037037 0.009375 0.012962962962962963
3 0.4270833333333333 0.4050925925925926 0.010416666666666666 0.01574074074074074
3 0.40677083333333336 0.4236111111111111 0.013541666666666667 0.01574074074074074
3 0.39921875 0.43194444444444446 0.015104166666666667 0.025
4 0.415625 0.41203703703703703 0.016666666666666666 0.024074074074074074
3 0.41432291666666665 0.43657407407407406 0.018229166666666668 0.025
3 0.39114583333333336 0.4351851851851852 0.015625 0.025925925925925925
3 0.38333333333333336 0.4449074074074074 0.016666666666666666 0.026851851851851852
3 0.37604166666666666 0.45416666666666666 0.014583333333333334 0.026851851851851852
4 0.36380208333333336 0.4583333333333333 0.021354166666666667 0.03148148148148148
3 0.3416666666666667 0.4861111111111111 0.021875 0.03333333333333333
3 0.33098958333333334 0.5226851851851851 0.030729166666666665 0.04537037037037037
3 0.2981770833333333 0.5513888888888889 0.04114583333333333 0.04537037037037037
0 0.3346354166666667 0.5296296296296297 0.0078125 0.040740740740740744
1 0.35130208333333335 0.5421296296296296 0.0067708333333333336 0.030555555555555555
2 0.35 0.5560185185185185 0.011458333333333333 0.023148148148148147
0 0.22317708333333333 0.524074074074074 0.008854166666666666 0.04259259259259259
0 0.23177083333333334 0.5236111111111111 0.007291666666666667 0.04351851851851852
0 0.23723958333333334 0.5259259259259259 0.008854166666666666 0.03518518518518519
1 0.25104166666666666 0.5101851851851852 0.008333333333333333 0.03148148148148148
2 0.25026041666666665 0.5199074074074074 0.0067708333333333336 0.023148148148148147
4 0.3078125 0.5032407407407408 0.025 0.04722222222222222
3 0.28567708333333336 0.5277777777777778 0.0296875 0.04814814814814815
3 0.23385416666666667 0.5712962962962963 0.04791666666666667 0.06481481481481481
3 0.19166666666666668 0.6171296296296296 0.046875 0.062037037037037036
2 0.21067708333333332 0.5717592592592593 0.025520833333333333 0.021296296296296296
2 0.16796875 0.6041666666666666 0.0265625 0.028703703703703703
2 0.18671875 0.5884259259259259 0.028645833333333332 0.025
0 0.04921875 0.5800925925925926 0.0140625 0.05277777777777778
1 0.07109375 0.5537037037037037 0.013020833333333334 0.025925925925925925
1 0.08697916666666666 0.5476851851851852 0.014583333333333334 0.028703703703703703
1 0.10260416666666666 0.5444444444444444 0.010416666666666666 0.02962962962962963
1 0.10416666666666667 0.7444444444444445 0.015625 0.06666666666666667
1 0.007552083333333333 0.8361111111111111 0.0140625 0.08333333333333333
2 0.0125 0.8648148148148148 0.025 0.040740740740740744
2 0.10260416666666666 0.7777777777777778 0.029166666666666667 0.044444444444444446
2 0.0140625 0.7319444444444444 0.028125 0.041666666666666664
1 0.21927083333333333 0.7402777777777778 0.013541666666666667 0.062037037037037036
9 0.21197916666666666 0.7689814814814815 0.013541666666666667 0.05648148148148148
3 0.14661458333333333 0.6652777777777777 0.06302083333333333 0.075
3 0.0859375 0.7148148148148148 0.08645833333333333 0.08703703703703704
3 0.03177083333333333 0.7805555555555556 0.06354166666666666 0.08518518518518518
9 0.7713541666666667 0.6861111111111111 0.026041666666666668 0.053703703703703705
9 0.7684895833333333 0.6708333333333333 0.024479166666666666 0.03981481481481482
9 0.7635416666666667 0.6550925925925926 0.026041666666666668 0.032407407407407406
2 0.634375 0.5009259259259259 0.00625 0.022222222222222223
0 0.6276041666666666 0.49398148148148147 0.005208333333333333 0.032407407407407406
0 0.62421875 0.4949074074074074 0.005729166666666666 0.032407407407407406
1 0.5846354166666666 0.5319444444444444 0.0078125 0.030555555555555555
2 0.584375 0.5462962962962963 0.008333333333333333 0.02962962962962963
2 0.6236979166666666 0.46944444444444444 0.0109375 0.016666666666666666
2 0.61484375 0.4638888888888889 0.0067708333333333336 0.020370370370370372
7 0.61953125 0.4041666666666667 0.021354166666666667 0.025
1 0.6052083333333333 0.412962962962963 0.005208333333333333 0.014814814814814815
1 0.5950520833333334 0.4041666666666667 0.005729166666666666 0.013888888888888888
2 0.6049479166666667 0.41944444444444445 0.0036458333333333334 0.014814814814814815
9 0.5953125 0.40879629629629627 0.008333333333333333 0.012037037037037037
0 0.5473958333333333 0.3875 0.003125 0.017592592592592594
1 0.5419270833333333 0.37592592592592594 0.0026041666666666665 0.007407407407407408
1 0.5442708333333334 0.37916666666666665 0.003125 0.010185185185185186
2 0.54453125 0.38287037037037036 0.0026041666666666665 0.012037037037037037
9 0.5419270833333333 0.37962962962962965 0.0026041666666666665 0.011111111111111112
0 0.22630208333333332 0.4486111111111111 0.0067708333333333336 0.030555555555555555
0 0.20989583333333334 0.4597222222222222 0.007291666666666667 0.03611111111111111
0 0.29244791666666664 0.41064814814814815 0.0046875 0.021296296296296296
0 0.28802083333333334 0.41203703703703703 0.004166666666666667 0.027777777777777776
0 0.28229166666666666 0.4148148148148148 0.003125 0.022222222222222223
0 0.2872395833333333 0.40046296296296297 0.0046875 0.023148148148148147
0 0.28411458333333334 0.40185185185185185 0.0036458333333333334 0.022222222222222223
3 0.3221354166666667 0.3814814814814815 0.0203125 0.012962962962962963
3 0.32369791666666664 0.38842592592592595 0.0203125 0.017592592592592594
3 0.44192708333333336 0.36944444444444446 0.0171875 0.012962962962962963
3 0.43854166666666666 0.375 0.016666666666666666 0.012962962962962963
3 0.40286458333333336 0.37037037037037035 0.016145833333333335 0.012962962962962963
3 0.40729166666666666 0.3675925925925926 0.015625 0.014814814814814815
1 0.4591145833333333 0.38796296296296295 0.0036458333333333334 0.011111111111111112
1 0.46588541666666666 0.3824074074074074 0.0036458333333333334 0.011111111111111112
9 0.4588541666666667 0.3925925925925926 0.003125 0.012962962962962963
9 0.46588541666666666 0.38657407407407407 0.0067708333333333336 0.008333333333333333