3 0.4785714285714286 0.3356598984771574 0.024285714285714285 0.11040609137055837
3 0.48 0.4930203045685279 0.024285714285714285 0.11294416243654823
3 0.4317857142857143 0.48286802030456855 0.02642857142857143 0.10786802030456853
3 0.5210714285714285 0.5184010152284264 0.025 0.11548223350253807
3 0.4157142857142857 0.8039340101522843 0.03142857142857143 0.10025380710659898
3 0.5628571428571428 0.34390862944162437 0.025714285714285714 0.09898477157360407
3 0.5207142857142857 0.34073604060913704 0.02857142857142857 0.11294416243654823
3 0.435 0.3356598984771574 0.025714285714285714 0.09771573604060914
4 0.46785714285714286 0.8185279187817259 0.03 0.12436548223350254
4 0.41 0.958756345177665 0.03 0.07741116751269035
3 0.6617857142857143 0.9549492385786802 0.029285714285714286 0.08756345177664974
4 0.6246428571428572 0.8223350253807107 0.030714285714285715 0.12436548223350254
0 0.13892857142857143 0.8902284263959391 0.015 0.01903553299492386
0 0.15928571428571428 0.8800761421319797 0.014285714285714285 0.01903553299492386
0 0.21964285714285714 0.7785532994923858 0.010714285714285714 0.013959390862944163
0 0.21 0.6560913705583756 0.012857142857142857 0.017766497461928935
0 0.18357142857142858 0.6713197969543148 0.014285714285714285 0.012690355329949238
0 0.13535714285714287 0.800761421319797 0.012142857142857143 0.02284263959390863
0 0.10642857142857143 0.7868020304568528 0.012857142857142857 0.012690355329949238
0 0.09285714285714286 0.8743654822335025 0.014285714285714285 0.012690355329949238
0 0.065 0.9168781725888325 0.015714285714285715 0.01649746192893401
0 0.06607142857142857 0.9467005076142132 0.017857142857142856 0.015228426395939087
0 0.09107142857142857 0.6935279187817259 0.012142857142857143 0.011421319796954314
0 0.11392857142857143 0.6725888324873096 0.016428571428571428 0.012690355329949238
0 0.30107142857142855 0.4606598984771574 0.012142857142857143 0.012690355329949238
0 0.29928571428571427 0.574238578680203 0.011428571428571429 0.013959390862944163
0 0.2885714285714286 0.75 0.01 0.02284263959390863
0 0.3425 0.4873096446700508 0.010714285714285714 0.017766497461928935
0 0.3703571428571429 0.6491116751269036 0.009285714285714286 0.021573604060913704
4 0.42642857142857143 0.6453045685279187 0.02857142857142857 0.12055837563451777
0 0.7571428571428571 0.8280456852791879 0.012857142857142857 0.031725888324873094
0 0.8460714285714286 0.16751269035532995 0.009285714285714286 0.025380710659898477
0 0.8542857142857143 0.15926395939086294 0.011428571428571429 0.024111675126903553
0 0.86 0.15609137055837563 0.008571428571428572 0.02030456852791878
0 0.8860714285714286 0.19035532994923857 0.012142857142857143 0.017766497461928935
0 0.8760714285714286 0.18274111675126903 0.013571428571428571 0.02284263959390863
0 0.35964285714285715 0.2696700507614213 0.010714285714285714 0.024111675126903553
0 0.35214285714285715 0.2684010152284264 0.01 0.01903553299492386