3 0.08924843423799582 0.3557513914656772 0.028183716075156576 0.023191094619666047
3 0.09812108559498957 0.38358070500927643 0.033402922755741124 0.023191094619666047
3 0.09733820459290188 0.3784786641929499 0.02870563674321503 0.022263450834879406
3 0.1088204592901879 0.38868274582560297 0.031837160751565764 0.022263450834879406
4 0.11351774530271398 0.39332096474953615 0.02244258872651357 0.02040816326530612
3 0.12630480167014613 0.3974953617810761 0.028183716075156576 0.023191094619666047
3 0.14431106471816285 0.40120593692022266 0.02661795407098121 0.021335807050092765
3 0.15553235908141963 0.4049165120593692 0.019832985386221295 0.021335807050092765
3 0.1722338204592902 0.4049165120593692 0.030271398747390398 0.023191094619666047
3 0.19911273486430062 0.40166975881261596 0.02661795407098121 0.016697588126159554
3 0.08298538622129437 0.3515769944341373 0.022964509394572025 0.02040816326530612
3 0.08768267223382047 0.3409090909090909 0.027139874739039668 0.01948051948051948
3 0.09394572025052192 0.33487940630797774 0.019832985386221295 0.016697588126159554
4 0.015918580375782882 0.3631725417439703 0.024530271398747392 0.021335807050092765
3 0.02870563674321503 0.3585343228200371 0.022964509394572025 0.017625231910946195
3 0.028444676409185805 0.34369202226345086 0.02870563674321503 0.017625231910946195
3 0.037056367432150315 0.3358070500927644 0.020876826722338204 0.016697588126159554
3 0.04775574112734864 0.323747680890538 0.027661795407098122 0.016697588126159554
3 0.06967640918580376 0.2949907235621521 0.024530271398747392 0.016697588126159554
3 0.07959290187891441 0.2792207792207792 0.02035490605427975 0.01855287569573284
3 0.02661795407098121 0.4397031539888683 0.020876826722338204 0.03896103896103896
3 0.46424843423799583 0.41465677179962895 0.014091858037578288 0.027829313543599257
3 0.48068893528183715 0.4109461966604824 0.014613778705636743 0.025974025974025976
3 0.4953027139874739 0.4095547309833024 0.014613778705636743 0.021335807050092765
3 0.5120041753653445 0.4049165120593692 0.015657620041753653 0.02504638218923933
3 0.576722338204593 0.3965677179962894 0.018789144050104383 0.02504638218923933
3 0.590553235908142 0.39517625231910947 0.01826722338204593 0.02411873840445269
3 0.6450939457202505 0.38404452690166974 0.018789144050104383 0.02411873840445269
3 0.3575156576200417 0.2101113172541744 0.011482254697286013 0.008348794063079777
3 0.35673277661795405 0.20593692022263452 0.009916492693110648 0.011131725417439703
3 0.3588204592901879 0.2166048237476809 0.012004175365344467 0.01020408163265306
3 0.3562108559498956 0.1906307977736549 0.006784968684759917 0.012059369202226345
3 0.35281837160751567 0.18506493506493507 0.006263048016701462 0.012059369202226345
3 0.3483820459290188 0.1790352504638219 0.006784968684759917 0.00927643784786642
3 0.701722338204593 0.37662337662337664 0.02035490605427975 0.02040816326530612
4 0.7272964509394572 0.37105751391465674 0.01722338204592902 0.02411873840445269
6 0.6991127348643006 0.349721706864564 0.016179540709812108 0.01855287569573284
3 0.7573068893528184 0.3631725417439703 0.017745302713987474 0.021335807050092765
3 0.7734864300626305 0.36131725417439703 0.019832985386221295 0.023191094619666047
3 0.795929018789144 0.36038961038961037 0.021920668058455117 0.023191094619666047
3 0.8071503131524008 0.3534322820037106 0.01826722338204593 0.01855287569573284
3 0.8209812108559499 0.3520408163265306 0.018789144050104383 0.01948051948051948