3 0.4525735294117647 0.7281045751633987 0.021323529411764706 0.06274509803921569
3 0.38529411764705884 0.6934640522875817 0.025 0.07450980392156863
3 0.4636029411764706 0.5738562091503268 0.01838235294117647 0.047058823529411764
4 0.4886029411764706 0.49673202614379086 0.013970588235294118 0.044444444444444446
3 0.46433823529411766 0.4764705882352941 0.01838235294117647 0.0457516339869281
3 0.4334558823529412 0.4647058823529412 0.019852941176470587 0.050980392156862744
4 0.4308823529411765 0.396078431372549 0.014705882352941176 0.044444444444444446
3 0.46911764705882353 0.35947712418300654 0.014705882352941176 0.03137254901960784
3 0.4430147058823529 0.3300653594771242 0.0125 0.032679738562091505
3 0.4716911764705882 0.2980392156862745 0.013970588235294118 0.026143790849673203
3 0.45036764705882354 0.20522875816993463 0.009558823529411765 0.026143790849673203
4 0.45588235294117646 0.15098039215686274 0.010294117647058823 0.022222222222222223
3 0.4294117647058823 0.15816993464052287 0.010294117647058823 0.02091503267973856
3 0.45183823529411765 0.08954248366013072 0.006617647058823529 0.01699346405228758
3 0.43676470588235294 0.09281045751633987 0.008823529411764706 0.01568627450980392
4 0.5066176470588235 0.265359477124183 0.020588235294117647 0.02875816993464052
3 0.5264705882352941 0.6797385620915033 0.041176470588235294 0.07058823529411765
3 0.6444852941176471 0.9032679738562092 0.03161764705882353 0.08627450980392157
3 0.6279411764705882 0.7928104575163398 0.033823529411764704 0.09542483660130718
3 0.638235294117647 0.722875816993464 0.045588235294117645 0.06797385620915032
3 0.5702205882352941 0.6803921568627451 0.028676470588235293 0.05359477124183006
3 0.6040441176470588 0.6052287581699346 0.02426470588235294 0.05228758169934641
3 0.5761029411764705 0.5941176470588235 0.02426470588235294 0.07450980392156863
3 0.5911764705882353 0.5359477124183006 0.016176470588235296 0.044444444444444446
3 0.5886029411764706 0.47320261437908495 0.019852941176470587 0.0392156862745098
3 0.58125 0.42483660130718953 0.019852941176470587 0.03398692810457516
3 0.5731617647058823 0.38823529411764707 0.01838235294117647 0.036601307189542485
3 0.5610294117647059 0.32679738562091504 0.01911764705882353 0.036601307189542485
3 0.5720588235294117 0.3509803921568627 0.01764705882352941 0.030065359477124184
3 0.5639705882352941 0.2973856209150327 0.014705882352941176 0.027450980392156862
3 0.5963235294117647 0.24313725490196078 0.033823529411764704 0.02875816993464052
3 0.5636029411764706 0.20522875816993463 0.0125 0.026143790849673203
3 0.5518382352941177 0.20065359477124184 0.009558823529411765 0.022222222222222223
3 0.5455882352941176 0.16470588235294117 0.008823529411764706 0.018300653594771243
8 0.49816176470588236 0.8392156862745098 0.04338235294117647 0.17777777777777778
0 0.5455882352941176 0.9431372549019608 0.007352941176470588 0.032679738562091505
3 0.27389705882352944 0.7372549019607844 0.02426470588235294 0.07581699346405228
3 0.22647058823529412 0.742483660130719 0.04852941176470588 0.05751633986928104
3 0.15220588235294116 0.9535947712418301 0.058823529411764705 0.08235294117647059
3 0.29154411764705884 0.5633986928104575 0.02426470588235294 0.05751633986928104
3 0.30514705882352944 0.5124183006535947 0.022058823529411766 0.04967320261437908
3 0.3154411764705882 0.46862745098039216 0.01911764705882353 0.03790849673202614
3 0.33088235294117646 0.4130718954248366 0.01764705882352941 0.03398692810457516
3 0.36066176470588235 0.2738562091503268 0.015441176470588236 0.032679738562091505
3 0.36580882352941174 0.24444444444444444 0.0125 0.02875816993464052
4 0.38529411764705884 0.16993464052287582 0.010294117647058823 0.023529411764705882
4 0.39595588235294116 0.11699346405228758 0.011029411764705883 0.02483660130718954
4 0.38786764705882354 0.13594771241830064 0.013970588235294118 0.02091503267973856
3 0.46801470588235294 0.006535947712418301 0.008088235294117648 0.013071895424836602
8 0.5360294117647059 0.05555555555555555 0.011764705882352941 0.030065359477124184
3 0.5349264705882353 0.0738562091503268 0.008088235294117648 0.01437908496732026
3 0.5522058823529412 0.08235294117647059 0.020588235294117647 0.018300653594771243
3 0.5411764705882353 0.11764705882352941 0.008823529411764706 0.01568627450980392
3 0.5426470588235294 0.13790849673202615 0.010294117647058823 0.01699346405228758
3 0.5488970588235295 0.14901960784313725 0.022794117647058822 0.01568627450980392
3 0.5507352941176471 0.1869281045751634 0.011764705882352941 0.018300653594771243
0 0.5617647058823529 0.265359477124183 0.004411764705882353 0.018300653594771243
0 0.5658088235294118 0.2699346405228758 0.003676470588235294 0.022222222222222223
0 0.6154411764705883 0.581045751633987 0.0058823529411764705 0.027450980392156862
9 0.5926470588235294 0.5078431372549019 0.014705882352941176 0.0196078431372549
3 0.5202205882352942 0.4830065359477124 0.01838235294117647 0.043137254901960784
3 0.5128676470588235 0.3156862745098039 0.013970588235294118 0.02483660130718954
6 0.4536764705882353 0.2411764705882353 0.010294117647058823 0.022222222222222223
0 0.45551470588235293 0.24052287581699347 0.006617647058823529 0.01568627450980392
9 0.42058823529411765 0.26209150326797387 0.004411764705882353 0.01437908496732026
0 0.4209558823529412 0.25620915032679736 0.003676470588235294 0.01568627450980392
9 0.4974264705882353 0.30392156862745096 0.003676470588235294 0.01699346405228758
0 0.4974264705882353 0.2973856209150327 0.003676470588235294 0.01437908496732026
6 0.4470588235294118 0.1261437908496732 0.004411764705882353 0.0196078431372549
0 0.43933823529411764 0.134640522875817 0.0022058823529411764 0.01568627450980392
0 0.43566176470588236 0.13594771241830064 0.003676470588235294 0.01568627450980392
3 0.40588235294117647 0.12352941176470589 0.008823529411764706 0.022222222222222223
6 0.35625 0.29934640522875816 0.013970588235294118 0.01568627450980392
0 0.3386029411764706 0.37450980392156863 0.005147058823529412 0.022222222222222223
0 0.3466911764705882 0.2954248366013072 0.005147058823529412 0.02091503267973856
0 0.3220588235294118 0.2777777777777778 0.004411764705882353 0.022222222222222223
9 0.3044117647058823 0.3006535947712418 0.010294117647058823 0.013071895424836602
1 0.29705882352941176 0.30392156862745096 0.0058823529411764705 0.01437908496732026
0 0.2911764705882353 0.34183006535947713 0.004411764705882353 0.022222222222222223
0 0.28345588235294117 0.36013071895424836 0.003676470588235294 0.0196078431372549
1 0.3 0.3542483660130719 0.004411764705882353 0.013071895424836602
0 0.3323529411764706 0.3352941176470588 0.0029411764705882353 0.02483660130718954
0 0.3003676470588235 0.37777777777777777 0.006617647058823529 0.023529411764705882
0 0.29411764705882354 0.365359477124183 0.0058823529411764705 0.02483660130718954
0 0.29007352941176473 0.3633986928104575 0.003676470588235294 0.023529411764705882
3 0.29191176470588237 0.4241830065359477 0.039705882352941174 0.027450980392156862
0 0.3224264705882353 0.5261437908496732 0.006617647058823529 0.022222222222222223
9 0.32279411764705884 0.5339869281045752 0.0058823529411764705 0.022222222222222223
0 0.38566176470588237 0.45359477124183006 0.005147058823529412 0.023529411764705882
0 0.38088235294117645 0.4549019607843137 0.0058823529411764705 0.026143790849673203
6 0.26433823529411765 0.6490196078431373 0.009558823529411765 0.032679738562091505
0 0.2948529411764706 0.7607843137254902 0.0058823529411764705 0.023529411764705882
9 0.2948529411764706 0.7705882352941177 0.008823529411764706 0.027450980392156862
0 0.3452205882352941 0.7705882352941177 0.006617647058823529 0.030065359477124184
6 0.34375 0.7359477124183007 0.013970588235294118 0.0392156862745098
0 0.17205882352941176 0.6888888888888889 0.007352941176470588 0.02875816993464052
0 0.16580882352941176 0.6797385620915033 0.006617647058823529 0.02875816993464052
1 0.15441176470588236 0.7261437908496732 0.013235294117647059 0.030065359477124184
9 0.16213235294117648 0.7058823529411765 0.015441176470588236 0.026143790849673203
0 0.14411764705882352 0.7503267973856209 0.007352941176470588 0.02875816993464052
9 0.14669117647058824 0.7529411764705882 0.019852941176470587 0.01568627450980392
0 0.10882352941176471 0.7954248366013071 0.011764705882352941 0.03529411764705882
0 0.1125 0.9333333333333333 0.008823529411764706 0.04183006535947712
0 0.2051470588235294 0.6084967320261437 0.0058823529411764705 0.027450980392156862
0 0.18786764705882353 0.5954248366013072 0.006617647058823529 0.027450980392156862
0 0.2025735294117647 0.5973856209150327 0.006617647058823529 0.02875816993464052
0 0.4334558823529412 0.19215686274509805 0.0022058823529411764 0.01568627450980392
9 0.4334558823529412 0.19607843137254902 0.005147058823529412 0.01568627450980392
0 0.5044117647058823 0.2045751633986928 0.0029411764705882353 0.01699346405228758
9 0.5047794117647059 0.20784313725490197 0.003676470588235294 0.01045751633986928
0 0.4007352941176471 0.14052287581699346 0.0029411764705882353 0.01437908496732026
2 0.4011029411764706 0.14640522875816994 0.003676470588235294 0.01045751633986928
0 0.3845588235294118 0.1830065359477124 0.004411764705882353 0.013071895424836602
2 0.38529411764705884 0.1895424836601307 0.0058823529411764705 0.013071895424836602