3 0.5845588235294118 0.06797385620915032 0.007352941176470588 0.01045751633986928
3 0.5507352941176471 0.07124183006535947 0.008823529411764706 0.011764705882352941
3 0.5658088235294118 0.0673202614379085 0.006617647058823529 0.011764705882352941
3 0.5768382352941176 0.0784313725490196 0.006617647058823529 0.01045751633986928
3 0.5705882352941176 0.0934640522875817 0.008823529411764706 0.011764705882352941
4 0.5753676470588235 0.10980392156862745 0.009558823529411765 0.02091503267973856
1 0.5904411764705882 0.09084967320261438 0.004411764705882353 0.011764705882352941
9 0.5904411764705882 0.09411764705882353 0.0014705882352941176 0.01045751633986928
3 0.600735294117647 0.1450980392156863 0.013235294117647059 0.023529411764705882
3 0.6268382352941176 0.35294117647058826 0.03455882352941177 0.054901960784313725
3 0.5485294117647059 0.13333333333333333 0.013235294117647059 0.02091503267973856
3 0.5518382352941177 0.14640522875816994 0.015441176470588236 0.023529411764705882
3 0.5536764705882353 0.16143790849673204 0.014705882352941176 0.030065359477124184
3 0.5514705882352942 0.1758169934640523 0.016176470588235296 0.02483660130718954
3 0.5536764705882353 0.1895424836601307 0.01764705882352941 0.02875816993464052
4 0.5540441176470589 0.2045751633986928 0.01838235294117647 0.043137254901960784
3 0.5558823529411765 0.22875816993464052 0.022058823529411766 0.036601307189542485
3 0.5496323529411765 0.24901960784313726 0.02426470588235294 0.0457516339869281
3 0.5474264705882353 0.28366013071895424 0.028676470588235293 0.047058823529411764
3 0.5518382352941177 0.31699346405228757 0.03161764705882353 0.06143790849673202
3 0.5459558823529411 0.365359477124183 0.03455882352941177 0.06143790849673202
3 0.5584558823529412 0.4189542483660131 0.03897058823529412 0.07450980392156863
4 0.5426470588235294 0.4627450980392157 0.04264705882352941 0.11241830065359477
3 0.5128676470588235 0.1934640522875817 0.019852941176470587 0.03137254901960784
3 0.49080882352941174 0.26209150326797387 0.027205882352941177 0.043137254901960784
3 0.5003676470588235 0.32483660130718955 0.030147058823529412 0.05620915032679739
3 0.48970588235294116 0.3660130718954248 0.03676470588235294 0.07581699346405228
3 0.4753676470588235 0.4437908496732026 0.04485294117647059 0.08758169934640522
3 0.7025735294117647 0.15490196078431373 0.015441176470588236 0.022222222222222223
3 0.6963235294117647 0.16470588235294117 0.029411764705882353 0.02091503267973856
4 0.7095588235294118 0.18888888888888888 0.014705882352941176 0.032679738562091505
3 0.7283088235294117 0.2111111111111111 0.022794117647058822 0.032679738562091505
0 0.7334558823529411 0.27058823529411763 0.006617647058823529 0.0392156862745098
6 0.7768382352941177 0.27124183006535946 0.01838235294117647 0.032679738562091505
0 0.7867647058823529 0.265359477124183 0.007352941176470588 0.04183006535947712
0 0.8852941176470588 0.2908496732026144 0.011764705882352941 0.040522875816993466
0 0.8488970588235294 0.3287581699346405 0.011029411764705883 0.048366013071895426
0 0.8683823529411765 0.3183006535947712 0.013235294117647059 0.05359477124183006
1 0.8801470588235294 0.33464052287581697 0.013235294117647059 0.03137254901960784
1 0.8919117647058824 0.36209150326797385 0.014705882352941176 0.036601307189542485
1 0.913235294117647 0.3542483660130719 0.010294117647058823 0.03137254901960784
1 0.9213235294117647 0.36470588235294116 0.011764705882352941 0.036601307189542485
0 0.9180147058823529 0.38169934640522873 0.015441176470588236 0.05228758169934641
0 0.9352941176470588 0.37973856209150325 0.014705882352941176 0.05359477124183006
6 0.8775735294117647 0.40980392156862744 0.03602941176470588 0.043137254901960784
1 0.868014705882353 0.39673202614379083 0.015441176470588236 0.03790849673202614
1 0.8779411764705882 0.3954248366013072 0.011764705882352941 0.032679738562091505
4 0.9419117647058823 0.492156862745098 0.052941176470588235 0.1084967320261438
0 0.8643382352941177 0.469281045751634 0.015441176470588236 0.06535947712418301
0 0.96875 0.40522875816993464 0.016911764705882352 0.05228758169934641
9 0.9875 0.396078431372549 0.023529411764705882 0.0392156862745098
9 0.9882352941176471 0.4522875816993464 0.022058823529411766 0.047058823529411764
9 0.7897058823529411 0.5993464052287582 0.045588235294117645 0.05620915032679739
1 0.7919117647058823 0.5856209150326798 0.022058823529411766 0.06797385620915032
2 0.8191176470588235 0.6692810457516339 0.04852941176470588 0.06274509803921569
0 0.81875 0.6692810457516339 0.027205882352941177 0.08888888888888889
1 0.8393382352941177 0.6751633986928105 0.022794117647058822 0.050980392156862744
2 0.8974264705882353 0.6477124183006536 0.03602941176470588 0.048366013071895426
0 0.8830882352941176 0.6509803921568628 0.025 0.07058823529411765
0 0.9029411764705882 0.6405228758169934 0.027941176470588237 0.08104575163398693
0 0.9672794117647059 0.6013071895424836 0.027205882352941177 0.0784313725490196
0 0.9875 0.6202614379084967 0.022058823529411766 0.05620915032679739
3 0.4522058823529412 0.1300653594771242 0.029411764705882353 0.01437908496732026
3 0.45 0.14705882352941177 0.029411764705882353 0.022222222222222223
3 0.4227941176470588 0.17450980392156862 0.03676470588235294 0.02483660130718954
3 0.42720588235294116 0.17058823529411765 0.030882352941176472 0.0196078431372549
3 0.39926470588235297 0.2222222222222222 0.029411764705882353 0.04183006535947712
2 0.29007352941176473 0.15555555555555556 0.0125 0.02091503267973856
2 0.3341911764705882 0.17777777777777778 0.005147058823529412 0.023529411764705882
1 0.3341911764705882 0.17320261437908496 0.005147058823529412 0.027450980392156862
3 0.3805147058823529 0.26862745098039215 0.03897058823529412 0.043137254901960784
0 0.3514705882352941 0.2411764705882353 0.007352941176470588 0.03790849673202614
9 0.3518382352941177 0.23071895424836603 0.011029411764705883 0.02483660130718954
0 0.34154411764705883 0.2954248366013072 0.008088235294117648 0.047058823529411764
9 0.3863970588235294 0.32287581699346407 0.009558823529411765 0.03398692810457516
1 0.3860294117647059 0.3130718954248366 0.013235294117647059 0.040522875816993466
9 0.16066176470588237 0.965359477124183 0.04338235294117647 0.06928104575163399
1 0.16213235294117648 0.9470588235294117 0.03897058823529412 0.10588235294117647
9 0.4227941176470588 0.5222222222222223 0.030882352941176472 0.05359477124183006
1 0.4147058823529412 0.5032679738562091 0.013235294117647059 0.05228758169934641
1 0.4238970588235294 0.5032679738562091 0.016911764705882352 0.06274509803921569
9 0.3327205882352941 0.34901960784313724 0.0125 0.03398692810457516
1 0.3323529411764706 0.3392156862745098 0.011764705882352941 0.048366013071895426
9 0.3029411764705882 0.3758169934640523 0.023529411764705882 0.03790849673202614
9 0.26838235294117646 0.4830065359477124 0.01911764705882353 0.050980392156862744
9 0.2363970588235294 0.4326797385620915 0.030147058823529412 0.04183006535947712
1 0.26875 0.4673202614379085 0.016911764705882352 0.06666666666666667
1 0.30330882352941174 0.36666666666666664 0.016911764705882352 0.05359477124183006
1 0.2363970588235294 0.4241830065359477 0.016911764705882352 0.058823529411764705
1 0.22794117647058823 0.4320261437908497 0.014705882352941176 0.05359477124183006
7 0.29007352941176473 0.2633986928104575 0.05073529411764706 0.058823529411764705
0 0.3275735294117647 0.28431372549019607 0.006617647058823529 0.043137254901960784
0 0.3202205882352941 0.28823529411764703 0.006617647058823529 0.043137254901960784
0 0.3235294117647059 0.29477124183006537 0.007352941176470588 0.0457516339869281
0 0.20183823529411765 0.19084967320261437 0.006617647058823529 0.03137254901960784
9 0.2716911764705882 0.16993464052287582 0.011029411764705883 0.02091503267973856
9 0.2636029411764706 0.17712418300653596 0.0125 0.022222222222222223
2 0.2610294117647059 0.18366013071895426 0.014705882352941176 0.0196078431372549
2 0.2536764705882353 0.20130718954248367 0.01764705882352941 0.02091503267973856
0 0.22279411764705884 0.21045751633986928 0.007352941176470588 0.03398692810457516
0 0.24227941176470588 0.2084967320261438 0.005147058823529412 0.027450980392156862
0 0.23897058823529413 0.2065359477124183 0.007352941176470588 0.026143790849673203
9 0.2338235294117647 0.257516339869281 0.022058823529411766 0.023529411764705882
7 0.2235294117647059 0.265359477124183 0.014705882352941176 0.02875816993464052
9 0.22647058823529412 0.26666666666666666 0.014705882352941176 0.02091503267973856
7 0.2349264705882353 0.3104575163398693 0.04338235294117647 0.06405228758169934
9 0.24926470588235294 0.2869281045751634 0.01911764705882353 0.03790849673202614
0 0.20441176470588235 0.37973856209150325 0.010294117647058823 0.05620915032679739
4 0.22794117647058823 0.396078431372549 0.08970588235294118 0.09411764705882353
0 0.2073529411764706 0.330718954248366 0.011764705882352941 0.054901960784313725
0 0.225 0.34183006535947713 0.007352941176470588 0.0457516339869281
0 0.21985294117647058 0.3261437908496732 0.011764705882352941 0.05359477124183006
9 0.19926470588235295 0.3503267973856209 0.029411764705882353 0.03398692810457516
9 0.17941176470588235 0.33790849673202616 0.025 0.03790849673202614
3 0.10955882352941176 0.6202614379084967 0.14705882352941177 0.12941176470588237
7 0.12794117647058822 0.4320261437908497 0.03823529411764706 0.07450980392156863
9 0.014705882352941176 0.4372549019607843 0.020588235294117647 0.05359477124183006
9 0.029411764705882353 0.434640522875817 0.01764705882352941 0.048366013071895426
2 0.04889705882352941 0.43594771241830066 0.015441176470588236 0.05359477124183006
6 0.05220588235294118 0.48104575163398694 0.020588235294117647 0.054901960784313725
0 0.05367647058823529 0.4647058823529412 0.023529411764705882 0.06928104575163399
0 0.06801470588235294 0.4235294117647059 0.016911764705882352 0.05751633986928104
0 0.06544117647058824 0.44248366013071894 0.016176470588235296 0.06666666666666667
1 0.06727941176470588 0.4287581699346405 0.009558823529411765 0.036601307189542485
0 0.009926470588235294 0.29150326797385623 0.013970588235294118 0.04967320261437908
9 0.009926470588235294 0.3300653594771242 0.015441176470588236 0.040522875816993466
9 0.022794117647058822 0.3509803921568627 0.014705882352941176 0.043137254901960784
9 0.047058823529411764 0.3588235294117647 0.011764705882352941 0.03790849673202614
9 0.03897058823529412 0.34509803921568627 0.013235294117647059 0.0392156862745098
2 0.04301470588235294 0.3261437908496732 0.015441176470588236 0.040522875816993466
0 0.03272058823529412 0.3006535947712418 0.009558823529411765 0.044444444444444446
0 0.03786764705882353 0.29411764705882354 0.009558823529411765 0.047058823529411764
0 0.052941176470588235 0.28954248366013075 0.008823529411764706 0.048366013071895426
1 0.09779411764705882 0.24836601307189543 0.008823529411764706 0.026143790849673203
1 0.08235294117647059 0.25098039215686274 0.011764705882352941 0.026143790849673203
1 0.06875 0.257516339869281 0.008088235294117648 0.023529411764705882
1 0.0625 0.25620915032679736 0.011764705882352941 0.026143790849673203
0 0.09117647058823529 0.2856209150326797 0.010294117647058823 0.0457516339869281
2 0.07058823529411765 0.28627450980392155 0.01911764705882353 0.03137254901960784
2 0.14080882352941176 0.3954248366013072 0.025735294117647058 0.0457516339869281
9 0.15220588235294116 0.3712418300653595 0.013235294117647059 0.044444444444444446
9 0.1386029411764706 0.38300653594771245 0.0125 0.044444444444444446
9 0.14154411764705882 0.3333333333333333 0.02426470588235294 0.03398692810457516
9 0.1786764705882353 0.3196078431372549 0.011764705882352941 0.032679738562091505
9 0.12941176470588237 0.3535947712418301 0.016176470588235296 0.03529411764705882
9 0.09044117647058823 0.37712418300653594 0.01911764705882353 0.0457516339869281
9 0.08676470588235294 0.35490196078431374 0.013235294117647059 0.030065359477124184
9 0.08860294117647059 0.34705882352941175 0.0125 0.040522875816993466
9 0.10992647058823529 0.35294117647058826 0.013970588235294118 0.03398692810457516
9 0.11066176470588235 0.3326797385620915 0.009558823529411765 0.043137254901960784
2 0.1411764705882353 0.30718954248366015 0.011764705882352941 0.036601307189542485
9 0.14926470588235294 0.2973856209150327 0.01764705882352941 0.027450980392156862
9 0.16066176470588237 0.3150326797385621 0.016911764705882352 0.036601307189542485
2 0.12279411764705882 0.31176470588235294 0.016176470588235296 0.03529411764705882
2 0.09154411764705882 0.296078431372549 0.016911764705882352 0.032679738562091505
9 0.09411764705882353 0.3392156862745098 0.011764705882352941 0.040522875816993466
2 0.10330882352941176 0.28954248366013075 0.009558823529411765 0.032679738562091505
1 0.02426470588235294 0.12091503267973856 0.013235294117647059 0.027450980392156862
1 0.07647058823529412 0.11372549019607843 0.007352941176470588 0.03137254901960784
1 0.05588235294117647 0.11437908496732026 0.007352941176470588 0.032679738562091505
1 0.04007352941176471 0.11830065359477124 0.011029411764705883 0.032679738562091505
1 0.05 0.11633986928104575 0.010294117647058823 0.03398692810457516