4 0.5268382352941177 0.9052287581699346 0.09485294117647058 0.12156862745098039
3 0.5988970588235294 0.8300653594771242 0.11985294117647059 0.11241830065359477
3 0.6294117647058823 0.7627450980392156 0.09852941176470588 0.09281045751633987
3 0.6735294117647059 0.6718954248366014 0.09852941176470588 0.08104575163398693
3 0.7051470588235295 0.5575163398692811 0.08235294117647059 0.08235294117647059
3 0.7441176470588236 0.4803921568627451 0.075 0.06405228758169934
3 0.7536764705882353 0.4588235294117647 0.07058823529411765 0.06013071895424837
5 0.7738970588235294 0.4 0.15514705882352942 0.1411764705882353
5 0.8058823529411765 0.3509803921568627 0.10588235294117647 0.09019607843137255
5 0.8286764705882353 0.29215686274509806 0.13823529411764707 0.09281045751633987
5 0.8470588235294118 0.2758169934640523 0.11323529411764706 0.10457516339869281
5 0.8555147058823529 0.2568627450980392 0.12573529411764706 0.10326797385620914
5 0.8981617647058824 0.23790849673202613 0.10661764705882353 0.0915032679738562
5 0.9051470588235294 0.2261437908496732 0.11323529411764706 0.09934640522875816
5 0.9205882352941176 0.17777777777777778 0.07205882352941176 0.06535947712418301
5 0.9488970588235294 0.15751633986928104 0.08897058823529412 0.07712418300653595
5 0.9316176470588236 0.13137254901960785 0.09558823529411764 0.06928104575163399
3 0.89375 0.10130718954248366 0.03161764705882353 0.02483660130718954
3 0.90625 0.10784313725490197 0.03602941176470588 0.027450980392156862
5 0.7996323529411765 0.021568627450980392 0.021323529411764706 0.030065359477124184
5 0.9003676470588236 0.07712418300653595 0.08455882352941177 0.04967320261437908
4 0.8628676470588236 0.07254901960784314 0.027205882352941177 0.02483660130718954
3 0.8691176470588236 0.08300653594771241 0.029411764705882353 0.022222222222222223
5 0.8606617647058824 0.03529411764705882 0.05073529411764706 0.06013071895424837
5 0.8867647058823529 0.03594771241830065 0.05 0.06666666666666667
5 0.9125 0.03529411764705882 0.04411764705882353 0.06797385620915032
5 0.9599264705882353 0.040522875816993466 0.04338235294117647 0.06013071895424837
5 0.981985294117647 0.03725490196078431 0.03602941176470588 0.06405228758169934
3 0.7191176470588235 0.045098039215686274 0.029411764705882353 0.022222222222222223
3 0.6055147058823529 0.14705882352941177 0.03897058823529412 0.032679738562091505
3 0.5963235294117647 0.1627450980392157 0.03823529411764706 0.032679738562091505
3 0.5716911764705882 0.17647058823529413 0.04044117647058824 0.036601307189542485
5 0.5235294117647059 0.1784313725490196 0.06323529411764706 0.0457516339869281
5 0.3926470588235294 0.3718954248366013 0.07058823529411765 0.06666666666666667
9 0.4319852941176471 0.33725490196078434 0.019852941176470587 0.02875816993464052
9 0.4536764705882353 0.34901960784313724 0.020588235294117647 0.02875816993464052
3 0.26948529411764705 0.47320261437908495 0.06838235294117648 0.06797385620915032
5 0.3834558823529412 0.6411764705882353 0.24485294117647058 0.4196078431372549
3 0.12720588235294117 0.4392156862745098 0.054411764705882354 0.07058823529411765
3 0.16654411764705881 0.5359477124183006 0.0625 0.08104575163398693
5 0.04264705882352941 0.44640522875816996 0.07205882352941176 0.07973856209150326
5 0.08602941176470588 0.6882352941176471 0.17205882352941176 0.330718954248366
3 0.015808823529411764 0.10588235294117647 0.03161764705882353 0.026143790849673203
0 0.040808823529411765 0.10326797385620914 0.005147058823529412 0.03398692810457516
3 0.07867647058823529 0.10718954248366012 0.03676470588235294 0.02875816993464052
5 0.4474264705882353 0.9437908496732026 0.2580882352941177 0.11241830065359477
3 0.46911764705882353 0.00980392156862745 0.027941176470588237 0.0196078431372549