1 0.4363970588235294 0.7725490196078432 0.03602941176470588 0.08366013071895424
1 0.5029411764705882 0.6816993464052288 0.026470588235294117 0.07712418300653595
1 0.5022058823529412 0.6803921568627451 0.026470588235294117 0.07712418300653595
1 0.39375 0.8614379084967321 0.03161764705882353 0.0784313725490196
1 0.3573529411764706 0.9143790849673202 0.026470588235294117 0.06928104575163399
1 0.37426470588235294 0.8960784313725491 0.026470588235294117 0.06928104575163399
0 0.19595588235294117 0.5830065359477125 0.01838235294117647 0.06797385620915032
9 0.5327205882352941 0.6516339869281046 0.025735294117647058 0.06666666666666667
9 0.5411764705882353 0.5888888888888889 0.041176470588235294 0.058823529411764705
9 0.5235294117647059 0.6209150326797386 0.020588235294117647 0.047058823529411764
0 0.6154411764705883 0.530718954248366 0.022058823529411766 0.07320261437908497
1 0.4948529411764706 0.5549019607843138 0.01911764705882353 0.043137254901960784
0 0.3533088235294118 0.5104575163398692 0.021323529411764706 0.06666666666666667
0 0.33676470588235297 0.5065359477124183 0.016176470588235296 0.058823529411764705
0 0.7852941176470588 0.4392156862745098 0.01764705882352941 0.06013071895424837
0 0.8084558823529412 0.4261437908496732 0.016911764705882352 0.06013071895424837
0 0.893014705882353 0.3516339869281046 0.019852941176470587 0.04967320261437908
0 0.868014705882353 0.34444444444444444 0.015441176470588236 0.0457516339869281
0 0.6790441176470589 0.4261437908496732 0.016911764705882352 0.06013071895424837
0 0.6470588235294118 0.44052287581699345 0.016176470588235296 0.054901960784313725
0 0.5540441176470589 0.43137254901960786 0.016911764705882352 0.06013071895424837
1 0.5316176470588235 0.42549019607843136 0.014705882352941176 0.043137254901960784
0 0.7327205882352941 0.4496732026143791 0.02426470588235294 0.06274509803921569
0 0.74375 0.43790849673202614 0.01838235294117647 0.06274509803921569
0 0.9169117647058823 0.42091503267973857 0.016176470588235296 0.06013071895424837
0 0.924264705882353 0.42026143790849674 0.011764705882352941 0.0457516339869281
1 0.3205882352941177 0.4843137254901961 0.01764705882352941 0.0457516339869281
6 0.18419117647058825 0.6555555555555556 0.08014705882352942 0.058823529411764705
3 0.41948529411764707 0.4588235294117647 0.09338235294117647 0.08104575163398693
1 0.5625 0.38300653594771245 0.008823529411764706 0.02875816993464052
1 0.5727941176470588 0.38169934640522873 0.011764705882352941 0.03398692810457516
1 0.5525735294117647 0.3712418300653595 0.015441176470588236 0.03137254901960784
0 0.6970588235294117 0.35490196078431374 0.008823529411764706 0.05359477124183006
1 0.7139705882352941 0.3712418300653595 0.016176470588235296 0.02875816993464052
0 0.7080882352941177 0.35490196078431374 0.008823529411764706 0.05359477124183006
0 0.7834558823529412 0.338562091503268 0.006617647058823529 0.018300653594771243
0 0.8761029411764706 0.3137254901960784 0.009558823529411765 0.04967320261437908
0 0.8863970588235294 0.29477124183006537 0.011029411764705883 0.048366013071895426
0 0.8797794117647059 0.28431372549019607 0.011029411764705883 0.048366013071895426
2 0.8933823529411765 0.29477124183006537 0.01911764705882353 0.03790849673202614
2 0.9011029411764706 0.2934640522875817 0.02426470588235294 0.03790849673202614
2 0.9102941176470588 0.28431372549019607 0.010294117647058823 0.043137254901960784
3 0.8827205882352941 0.13137254901960785 0.03455882352941177 0.05620915032679739
3 0.9216911764705882 0.1287581699346405 0.05661764705882353 0.050980392156862744
0 0.961764705882353 0.9450980392156862 0.027941176470588237 0.08627450980392157
0 0.9797794117647058 0.9405228758169935 0.0375 0.08758169934640522