1 0.3572546972860125 0.9230055658627088 0.02139874739039666 0.03710575139146568
9 0.3585594989561587 0.9318181818181818 0.010438413361169102 0.04359925788497217
3 0.44337160751565763 0.9628942486085343 0.031837160751565764 0.07235621521335807
3 0.5352296450939458 0.7578849721706865 0.024530271398747392 0.05194805194805195
7 0.4986951983298539 0.87708719851577 0.01722338204592902 0.05473098330241188
5 0.4791231732776618 0.7379406307977736 0.030271398747390398 0.08998144712430427
0 0.5735908141962421 0.7736549165120594 0.005219206680584551 0.03525046382189239
0 0.583768267223382 0.7801484230055659 0.007828810020876827 0.03525046382189239
0 0.6336116910229646 0.7782931354359925 0.006263048016701462 0.029684601113172542
0 0.6443110647181628 0.7022263450834879 0.007828810020876827 0.027829313543599257
7 0.5806367432150313 0.7713358070500927 0.016179540709812108 0.045454545454545456
7 0.6022964509394572 0.8051948051948052 0.024008350730688934 0.05194805194805195
9 0.6792797494780793 0.8821892393320965 0.02244258872651357 0.027829313543599257
0 0.6975469728601252 0.8617810760667903 0.009916492693110648 0.03896103896103896
9 0.7022442588726514 0.7193877551020408 0.006784968684759917 0.01948051948051948
9 0.7032881002087683 0.774582560296846 0.007828810020876827 0.027829313543599257
9 0.7171189979123174 0.7694805194805194 0.009394572025052192 0.026901669758812616
6 0.730427974947808 0.8798701298701299 0.019311064718162838 0.045454545454545456
7 0.704070981210856 0.8766233766233766 0.021920668058455117 0.05194805194805195
3 0.7158141962421712 0.9211502782931354 0.06941544885177453 0.061224489795918366
3 0.7492171189979123 0.961038961038961 0.07776617954070981 0.06493506493506493
9 0.7742693110647182 0.9095547309833024 0.03288100208768267 0.030612244897959183
6 0.581419624217119 0.6553803339517625 0.009394572025052192 0.0287569573283859
0 0.5691544885177453 0.6396103896103896 0.006784968684759917 0.01948051948051948
3 0.5078288100208769 0.5774582560296846 0.013569937369519834 0.026901669758812616
3 0.5660229645093946 0.5463821892393321 0.01826722338204593 0.02040816326530612
3 0.36221294363256784 0.44805194805194803 0.011482254697286013 0.012987012987012988
3 0.43580375782881003 0.46660482374768086 0.011482254697286013 0.011131725417439703
3 0.43241127348643005 0.462430426716141 0.014091858037578288 0.01020408163265306
3 0.4825156576200417 0.47959183673469385 0.008872651356993737 0.012987012987012988
4 0.5365344467640919 0.5074211502782932 0.012526096033402923 0.02411873840445269
6 0.5143528183716075 0.5083487940630798 0.008872651356993737 0.01855287569573284
3 0.5229645093945721 0.462430426716141 0.007306889352818371 0.012059369202226345
9 0.5712421711899791 0.5408163265306123 0.005741127348643006 0.00927643784786642
0 0.5623695198329853 0.4939703153988868 0.0036534446764091857 0.01020408163265306
0 0.5688935281837161 0.4939703153988868 0.003131524008350731 0.01020408163265306
1 0.5506263048016702 0.5027829313543599 0.003131524008350731 0.00927643784786642
9 0.5506263048016702 0.5046382189239332 0.0041753653444676405 0.00927643784786642
9 0.5302713987473904 0.4712430426716141 0.003131524008350731 0.0074211502782931356
9 0.5498434237995825 0.4587198515769944 0.0026096033402922755 0.006493506493506494
9 0.5386221294363257 0.4035250463821892 0.0020876826722338203 0.0037105751391465678
9 0.543580375782881 0.3937847866419295 0.0015657620041753654 0.0027829313543599257
1 0.5305323590814196 0.4689239332096475 0.0026096033402922755 0.008348794063079777
1 0.5501043841336117 0.45686456400742115 0.0020876826722338203 0.006493506493506494
1 0.5383611691022965 0.40213358070500926 0.0015657620041753654 0.00463821892393321
1 0.543580375782881 0.3919294990723562 0.0015657620041753654 0.00463821892393321
1 0.5516701461377871 0.437847866419295 0.0020876826722338203 0.0055658627087198514
2 0.5519311064718163 0.4401669758812616 0.0026096033402922755 0.006493506493506494
7 0.56080375782881 0.45918367346938777 0.005741127348643006 0.011131725417439703
3 0.5451461377870563 0.4049165120593692 0.004697286012526096 0.006493506493506494
3 0.5524530271398748 0.39935064935064934 0.004697286012526096 0.008348794063079777
3 0.5532359081419624 0.4067717996289425 0.006263048016701462 0.006493506493506494
9 0.5545407098121086 0.41233766233766234 0.0036534446764091857 0.006493506493506494
5 0.5281837160751566 0.42578849721706863 0.009394572025052192 0.01855287569573284
3 0.5305323590814196 0.4049165120593692 0.005741127348643006 0.008348794063079777
4 0.5323590814196242 0.39935064935064934 0.005219206680584551 0.008348794063079777
3 0.5508872651356994 0.39239332096474955 0.004697286012526096 0.0055658627087198514
3 0.5448851774530271 0.3845083487940631 0.003131524008350731 0.00463821892393321
5 0.5401878914405011 0.3845083487940631 0.0041753653444676405 0.01020408163265306
1 0.524008350730689 0.5584415584415584 0.0041753653444676405 0.014842300556586271
1 0.5519311064718163 0.5946196660482375 0.004697286012526096 0.016697588126159554
9 0.5237473903966597 0.562152133580705 0.004697286012526096 0.012987012987012988
9 0.552713987473904 0.5974025974025974 0.005219206680584551 0.014842300556586271
2 0.6069937369519833 0.6730055658627088 0.013569937369519834 0.013914656771799629
9 0.6119519832985386 0.6767161410018553 0.009916492693110648 0.017625231910946195
0 0.6315240083507306 0.6159554730983302 0.006263048016701462 0.02040816326530612