0 0.4717857142857143 0.7531725888324873 0.020714285714285713 0.0850253807106599
0 0.8321428571428572 0.7728426395939086 0.02142857142857143 0.07106598984771574
0 0.8442857142857143 0.7322335025380711 0.017142857142857144 0.07360406091370558
0 0.8621428571428571 0.7296954314720813 0.018571428571428572 0.07868020304568528
0 0.7589285714285714 0.5444162436548223 0.016428571428571428 0.0583756345177665
0 0.6414285714285715 0.4029187817258883 0.005714285714285714 0.03426395939086294
0 0.6385714285714286 0.4016497461928934 0.005714285714285714 0.03680203045685279
0 0.6971428571428572 0.29885786802030456 0.008571428571428572 0.031725888324873094
0 0.5746428571428571 0.2633248730964467 0.007857142857142858 0.031725888324873094
3 0.6264285714285714 0.9105329949238579 0.06857142857142857 0.14086294416243655
3 0.5678571428571428 0.575507614213198 0.041428571428571426 0.07741116751269035
8 0.7375 0.690989847715736 0.14357142857142857 0.30583756345177665
8 0.8789285714285714 0.9219543147208121 0.185 0.15355329949238578
5 0.5346428571428572 0.383248730964467 0.04928571428571429 0.13451776649746192
3 0.675 0.3546954314720812 0.04857142857142857 0.03934010152284264
5 0.7317857142857143 0.3331218274111675 0.06357142857142857 0.06218274111675127
9 0.6789285714285714 0.2982233502538071 0.023571428571428573 0.025380710659898477
3 0.4825 0.25253807106598986 0.015 0.02284263959390863
3 0.48214285714285715 0.22906091370558376 0.012857142857142857 0.024111675126903553
3 0.5296428571428572 0.23223350253807107 0.013571428571428571 0.02030456852791878
3 0.5267857142857143 0.22398477157360405 0.012142857142857143 0.021573604060913704
5 0.5071428571428571 0.217005076142132 0.02 0.04568527918781726
5 0.485 0.20304568527918782 0.017142857142857144 0.03807106598984772
5 0.5178571428571429 0.19416243654822335 0.015714285714285715 0.03807106598984772
3 0.4607142857142857 0.21446700507614214 0.017142857142857144 0.02030456852791878
3 0.4546428571428571 0.1998730964467005 0.009285714285714286 0.01903553299492386
3 0.4710714285714286 0.19733502538071065 0.009285714285714286 0.021573604060913704
3 0.4667857142857143 0.18781725888324874 0.010714285714285714 0.02284263959390863
3 0.5078571428571429 0.17703045685279187 0.008571428571428572 0.01649746192893401
3 0.5053571428571428 0.16560913705583757 0.009285714285714286 0.01649746192893401
3 0.49357142857142855 0.13451776649746192 0.007142857142857143 0.012690355329949238
3 0.5132142857142857 0.14911167512690354 0.007857142857142858 0.011421319796954314
5 0.5032142857142857 0.15545685279187818 0.012142857142857143 0.031725888324873094
5 0.49142857142857144 0.12119289340101523 0.01 0.024111675126903553
3 0.4828571428571429 0.13705583756345177 0.005714285714285714 0.01015228426395939
3 0.47928571428571426 0.12309644670050761 0.005714285714285714 0.012690355329949238
9 0.18607142857142858 0.11548223350253807 0.015 0.027918781725888325
1 0.18571428571428572 0.1065989847715736 0.008571428571428572 0.02284263959390863
4 0.22607142857142856 0.09708121827411167 0.027857142857142858 0.03426395939086294
5 0.275 0.08312182741116751 0.037142857142857144 0.046954314720812185
3 0.3532142857142857 0.08185279187817258 0.015 0.01649746192893401
3 0.3657142857142857 0.07868020304568528 0.008571428571428572 0.012690355329949238
3 0.37892857142857145 0.07550761421319797 0.0064285714285714285 0.011421319796954314
0 0.3964285714285714 0.29378172588832485 0.005714285714285714 0.01649746192893401
0 0.2860714285714286 0.28426395939086296 0.005 0.015228426395939087
0 0.28035714285714286 0.282994923857868 0.0064285714285714285 0.02030456852791878
0 0.26821428571428574 0.21065989847715735 0.0035714285714285713 0.015228426395939087
0 0.32071428571428573 0.2569796954314721 0.007142857142857143 0.024111675126903553
8 0.38642857142857145 0.06979695431472081 0.011428571428571429 0.017766497461928935
3 0.39464285714285713 0.07043147208121828 0.005 0.008883248730964468
3 0.4017857142857143 0.07296954314720812 0.005 0.008883248730964468
8 0.3514285714285714 0.06789340101522842 0.012857142857142857 0.021573604060913704