0 0.5246323529411765 0.5091503267973856 0.019852941176470587 0.043137254901960784
3 0.04779411764705882 0.7705882352941177 0.09558823529411764 0.08758169934640522
3 0.04632352941176471 0.6542483660130719 0.09264705882352942 0.0718954248366013
1 0.21691176470588236 0.6725490196078432 0.01764705882352941 0.058823529411764705
9 0.22169117647058822 0.6790849673202615 0.04191176470588235 0.03790849673202614
7 0.18676470588235294 0.5568627450980392 0.06911764705882353 0.0784313725490196
0 0.12830882352941175 0.5758169934640522 0.013970588235294118 0.048366013071895426
0 0.11875 0.5620915032679739 0.013970588235294118 0.06013071895424837
6 0.1025735294117647 0.5745098039215686 0.04779411764705882 0.048366013071895426
3 0.3095588235294118 0.39281045751633986 0.029411764705882353 0.058823529411764705
0 0.34301470588235294 0.30196078431372547 0.011029411764705883 0.03137254901960784
0 0.3518382352941177 0.3032679738562091 0.011029411764705883 0.03137254901960784
3 0.35698529411764707 0.24248366013071895 0.019852941176470587 0.030065359477124184
3 0.3669117647058823 0.2150326797385621 0.025 0.030065359477124184
3 0.5080882352941176 0.33986928104575165 0.025 0.047058823529411764
3 0.5518382352941177 0.2830065359477124 0.02426470588235294 0.048366013071895426
3 0.5485294117647059 0.26143790849673204 0.020588235294117647 0.02875816993464052
3 0.5386029411764706 0.23333333333333334 0.01838235294117647 0.030065359477124184
3 0.5341911764705882 0.2084967320261438 0.016911764705882352 0.02483660130718954
3 0.3805147058823529 0.1830065359477124 0.01838235294117647 0.02875816993464052
9 0.518014705882353 0.22549019607843138 0.011029411764705883 0.01699346405228758
9 0.5077205882352941 0.1934640522875817 0.009558823529411765 0.013071895424836602
3 0.4827205882352941 0.11503267973856209 0.0125 0.023529411764705882
3 0.49963235294117647 0.08562091503267974 0.0125 0.0196078431372549
3 0.5143382352941176 0.1392156862745098 0.015441176470588236 0.0196078431372549
6 0.8606617647058824 0.7359477124183007 0.07573529411764705 0.06274509803921569
0 0.8198529411764706 0.5875816993464053 0.013235294117647059 0.043137254901960784
6 0.8040441176470589 0.5490196078431373 0.028676470588235293 0.05228758169934641
6 0.7540441176470588 0.5535947712418301 0.02426470588235294 0.048366013071895426
6 0.73125 0.545751633986928 0.02426470588235294 0.048366013071895426
3 0.8448529411764706 0.5091503267973856 0.04411764705882353 0.05620915032679739
3 0.9720588235294118 0.5444444444444444 0.05588235294117647 0.06405228758169934
3 0.6735294117647059 0.3941176470588235 0.03529411764705882 0.0457516339869281
3 0.9345588235294118 0.6183006535947713 0.08529411764705883 0.06274509803921569
0 0.8095588235294118 0.6431372549019608 0.016176470588235296 0.05228758169934641
0 0.8220588235294117 0.6398692810457516 0.010294117647058823 0.05359477124183006
0 0.7617647058823529 0.6176470588235294 0.011764705882352941 0.048366013071895426
0 0.6261029411764706 0.5398692810457516 0.011029411764705883 0.044444444444444446
0 0.6301470588235294 0.5320261437908497 0.010294117647058823 0.044444444444444446
1 0.7172794117647059 0.5424836601307189 0.013970588235294118 0.044444444444444446
1 0.7375 0.5281045751633987 0.007352941176470588 0.02875816993464052
1 0.7419117647058824 0.5477124183006536 0.007352941176470588 0.02875816993464052
1 0.7492647058823529 0.5784313725490197 0.008823529411764706 0.030065359477124184
1 0.7415441176470589 0.5764705882352941 0.009558823529411765 0.03398692810457516
9 0.7411764705882353 0.592156862745098 0.027941176470588237 0.03137254901960784
1 0.5099264705882353 0.16666666666666666 0.005147058823529412 0.009150326797385621
2 0.5099264705882353 0.17450980392156862 0.006617647058823529 0.011764705882352941
1 0.5172794117647059 0.21372549019607842 0.005147058823529412 0.011764705882352941
1 0.5073529411764706 0.18496732026143792 0.004411764705882353 0.011764705882352941
1 0.49926470588235294 0.10784313725490197 0.004411764705882353 0.009150326797385621
9 0.5 0.11437908496732026 0.0029411764705882353 0.009150326797385621
3 0.4051470588235294 0.09869281045751634 0.010294117647058823 0.01699346405228758
3 0.47794117647058826 0.07908496732026143 0.007352941176470588 0.011764705882352941
3 0.48198529411764707 0.07254901960784314 0.008088235294117648 0.011764705882352941
3 0.6404411764705882 0.3137254901960784 0.023529411764705882 0.02875816993464052
3 0.600735294117647 0.238562091503268 0.022058823529411766 0.027450980392156862
3 0.5963235294117647 0.2261437908496732 0.014705882352941176 0.023529411764705882
3 0.5856617647058824 0.20065359477124184 0.0125 0.0196078431372549
3 0.5783088235294118 0.19150326797385622 0.011029411764705883 0.022222222222222223
3 0.5735294117647058 0.17908496732026144 0.011764705882352941 0.02091503267973856
3 0.5643382352941176 0.15620915032679739 0.0125 0.01699346405228758
3 0.44779411764705884 0.07254901960784314 0.007352941176470588 0.01437908496732026
3 0.49779411764705883 0.06535947712418301 0.007352941176470588 0.01045751633986928
3 0.4636029411764706 0.06470588235294118 0.006617647058823529 0.011764705882352941
3 0.45845588235294116 0.06209150326797386 0.006617647058823529 0.009150326797385621