3 0.6189285714285714 0.666243654822335 0.03214285714285714 0.13705583756345177
3 0.5882142857142857 0.3800761421319797 0.05357142857142857 0.10279187817258884
3 0.6575 0.3819796954314721 0.062142857142857146 0.09898477157360407
3 0.38 0.20558375634517767 0.06428571428571428 0.0583756345177665
8 0.6910714285714286 0.22461928934010153 0.10214285714285715 0.07868020304568528
8 0.045714285714285714 0.2880710659898477 0.09142857142857143 0.11928934010152284
8 0.8035714285714286 0.282994923857868 0.10285714285714286 0.07868020304568528
4 0.5457142857142857 0.6763959390862944 0.03428571428571429 0.1446700507614213
4 0.7396428571428572 0.6173857868020305 0.045 0.14086294416243655
4 0.20107142857142857 0.03426395939086294 0.07357142857142857 0.06091370558375635
0 0.7064285714285714 0.8781725888324873 0.02 0.03553299492385787
0 0.47535714285714287 0.6459390862944162 0.010714285714285714 0.03299492385786802
0 0.47785714285714287 0.6154822335025381 0.011428571428571429 0.027918781725888325
0 0.49392857142857144 0.574238578680203 0.010714285714285714 0.03680203045685279
0 0.47714285714285715 0.5425126903553299 0.01 0.03426395939086294
0 0.49892857142857144 0.5063451776649747 0.010714285714285714 0.030456852791878174
0 0.4857142857142857 0.4879441624365482 0.01 0.03426395939086294
0 0.31035714285714283 0.34073604060913704 0.009285714285714286 0.031725888324873094
0 0.2592857142857143 0.608502538071066 0.012857142857142857 0.03680203045685279
3 0.9532142857142857 0.20939086294416243 0.075 0.06852791878172589