5 0.4919117647058823 0.8601307189542484 0.18970588235294117 0.2797385620915033
5 0.7069852941176471 0.9287581699346406 0.1036764705882353 0.14248366013071895
5 0.2797794117647059 0.6333333333333333 0.21691176470588236 0.19215686274509805
5 0.49558823529411766 0.5372549019607843 0.11323529411764706 0.1803921568627451
5 0.5055147058823529 0.39019607843137255 0.13602941176470587 0.14248366013071895
5 0.89375 0.37777777777777777 0.05367647058823529 0.12549019607843137
5 0.9672794117647059 0.39477124183006534 0.06544117647058824 0.13071895424836602
5 0.7952205882352941 0.0784313725490196 0.03308823529411765 0.06013071895424837
5 0.8948529411764706 0.09869281045751634 0.03823529411764706 0.07450980392156863
5 0.8426470588235294 0.25882352941176473 0.06911764705882353 0.12287581699346405
0 0.8051470588235294 0.2738562091503268 0.010294117647058823 0.0457516339869281
0 0.8371323529411765 0.15490196078431373 0.011029411764705883 0.03790849673202614
0 0.8547794117647058 0.08431372549019608 0.008088235294117648 0.030065359477124184
1 0.8415441176470588 0.09019607843137255 0.006617647058823529 0.018300653594771243
0 0.6639705882352941 0.03725490196078431 0.007352941176470588 0.02483660130718954
0 0.6930147058823529 0.16339869281045752 0.011029411764705883 0.036601307189542485
5 0.7242647058823529 0.3300653594771242 0.051470588235294115 0.12156862745098039
0 0.7676470588235295 0.38823529411764707 0.011764705882352941 0.05751633986928104
0 0.7794117647058824 0.38758169934640524 0.011764705882352941 0.058823529411764705
0 0.5466911764705882 0.3359477124183007 0.009558823529411765 0.05228758169934641
5 0.6143382352941177 0.26666666666666666 0.07720588235294118 0.10980392156862745
9 0.6047794117647058 0.2150326797385621 0.025735294117647058 0.032679738562091505
1 0.42316176470588235 0.049019607843137254 0.008088235294117648 0.01699346405228758
6 0.4202205882352941 0.05816993464052288 0.016911764705882352 0.022222222222222223
0 0.45588235294117646 0.01437908496732026 0.004411764705882353 0.023529411764705882
0 0.5216911764705883 0.13725490196078433 0.006617647058823529 0.036601307189542485
0 0.5253676470588236 0.013725490196078431 0.003676470588235294 0.022222222222222223
0 0.4963235294117647 0.015032679738562092 0.0029411764705882353 0.0196078431372549
5 0.4988970588235294 0.011111111111111112 0.04926470588235294 0.022222222222222223
5 0.5650735294117647 0.013071895424836602 0.03455882352941177 0.026143790849673203
5 0.5 0.03725490196078431 0.03529411764705882 0.05359477124183006
5 0.513235294117647 0.11372549019607843 0.04411764705882353 0.07320261437908497
5 0.48933823529411763 0.17712418300653596 0.03602941176470588 0.08758169934640522
5 0.5036764705882353 0.2196078431372549 0.08676470588235294 0.08366013071895424
0 0.32683823529411765 0.08235294117647059 0.006617647058823529 0.03137254901960784
5 0.33308823529411763 0.14640522875816994 0.058823529411764705 0.07320261437908497
5 0.34595588235294117 0.2581699346405229 0.07867647058823529 0.08496732026143791
5 0.23161764705882354 0.1954248366013072 0.10294117647058823 0.09281045751633987
5 0.26286764705882354 0.23202614379084968 0.09044117647058823 0.09281045751633987
5 0.30551470588235297 0.24705882352941178 0.09338235294117647 0.0915032679738562
0 0.0838235294117647 0.1954248366013072 0.008823529411764706 0.040522875816993466
0 0.05220588235294118 0.2568627450980392 0.013235294117647059 0.05359477124183006
3 0.07904411764705882 0.234640522875817 0.06397058823529411 0.058823529411764705
5 0.052941176470588235 0.3261437908496732 0.10588235294117647 0.1477124183006536
0 0.1650735294117647 0.2718954248366013 0.015441176470588236 0.05228758169934641
0 0.18308823529411763 0.27058823529411763 0.013235294117647059 0.04967320261437908
5 0.0724264705882353 0.4849673202614379 0.1448529411764706 0.17254901960784313
0 0.16397058823529412 0.5254901960784314 0.022058823529411766 0.08104575163398693
0 0.08823529411764706 0.4176470588235294 0.01764705882352941 0.0718954248366013
0 0.1025735294117647 0.43856209150326797 0.021323529411764706 0.07450980392156863
0 0.10551470588235294 0.40784313725490196 0.019852941176470587 0.06013071895424837
0 0.11654411764705883 0.41045751633986927 0.011029411764705883 0.06535947712418301
0 0.1150735294117647 0.4261437908496732 0.013970588235294118 0.07581699346405228
0 0.12242647058823529 0.4372549019607843 0.01838235294117647 0.0718954248366013
0 0.1610294117647059 0.39019607843137255 0.010294117647058823 0.05359477124183006
0 0.15661764705882353 0.38300653594771245 0.010294117647058823 0.05228758169934641
5 0.20073529411764707 0.3895424836601307 0.09705882352941177 0.13333333333333333
5 0.24191176470588235 0.47581699346405226 0.15441176470588236 0.16732026143790849
0 0.2613970588235294 0.28823529411764703 0.013970588235294118 0.06143790849673202
0 0.24669117647058825 0.28888888888888886 0.0125 0.05228758169934641
0 0.23088235294117648 0.2901960784313726 0.011764705882352941 0.054901960784313725
0 0.22683823529411765 0.28104575163398693 0.013970588235294118 0.04967320261437908
0 0.23823529411764705 0.27450980392156865 0.008823529411764706 0.04967320261437908
0 0.2485294117647059 0.2751633986928105 0.013235294117647059 0.048366013071895426