1 0.9135 0.632 0.021 0.032
1 0.90225 0.6016666666666667 0.0275 0.042
1 0.90725 0.6023333333333334 0.0165 0.014
9 0.7875 0.5143333333333333 0.036 0.048666666666666664
0 0.66975 0.47933333333333333 0.0125 0.03866666666666667
9 0.52325 0.909 0.0305 0.11
1 0.52275 0.896 0.0275 0.068
0 0.59675 0.7986666666666666 0.0275 0.072
9 0.61825 0.7686666666666667 0.0295 0.07866666666666666
1 0.6175 0.7586666666666667 0.023 0.06666666666666667
6 0.18275 0.955 0.1315 0.09
0 0.26225 0.8663333333333333 0.0185 0.046
1 0.29275 0.9283333333333333 0.0315 0.07533333333333334
1 0.281 0.977 0.035 0.046
0 0.40125 0.6703333333333333 0.0155 0.07
0 0.45775 0.6406666666666667 0.0155 0.06533333333333333
0 0.5025 0.6163333333333333 0.015 0.054
0 0.47575 0.603 0.0225 0.05266666666666667
0 0.487 0.604 0.008 0.030666666666666665
0 0.4615 0.5883333333333334 0.016 0.027333333333333334
0 0.47275 0.5703333333333334 0.0175 0.05533333333333333
1 0.427 0.565 0.015 0.035333333333333335
0 0.53025 0.4766666666666667 0.0165 0.050666666666666665
0 0.515 0.4836666666666667 0.018 0.03
0 0.50075 0.47833333333333333 0.0135 0.038
3 0.4185 0.484 0.104 0.06533333333333333
1 0.39275 0.36533333333333334 0.0135 0.032
0 0.413 0.396 0.011 0.042666666666666665
3 0.43425 0.431 0.0925 0.058
0 0.441 0.387 0.011 0.042
0 0.44825 0.38166666666666665 0.0085 0.042
0 0.4405 0.36933333333333335 0.007 0.04
0 0.475 0.38666666666666666 0.007 0.024
0 0.48125 0.37933333333333336 0.0095 0.04133333333333333
2 0.48775 0.37133333333333335 0.0105 0.029333333333333333
1 0.4875 0.363 0.011 0.023333333333333334
2 0.51425 0.36666666666666664 0.0125 0.030666666666666665
1 0.514 0.3596666666666667 0.012 0.03
1 0.625 0.3933333333333333 0.01 0.030666666666666665
1 0.6095 0.404 0.012 0.03866666666666667
2 0.59775 0.359 0.0155 0.03
1 0.5895 0.33566666666666667 0.009 0.023333333333333334
0 0.5565 0.37466666666666665 0.012 0.04133333333333333
1 0.5685 0.371 0.013 0.024666666666666667
1 0.53625 0.343 0.0115 0.026
1 0.51175 0.31466666666666665 0.0105 0.02666666666666667
1 0.52625 0.3303333333333333 0.0085 0.027333333333333334
1 0.521 0.3253333333333333 0.009 0.02266666666666667
0 0.41625 0.317 0.0165 0.035333333333333335
0 0.43075 0.314 0.0085 0.034666666666666665
0 0.43675 0.30233333333333334 0.0095 0.035333333333333335
0 0.44025 0.295 0.0095 0.038
0 0.4465 0.288 0.009 0.032
0 0.45125 0.30333333333333334 0.0095 0.036
9 0.468 0.30866666666666664 0.015 0.025333333333333333
0 0.4685 0.2966666666666667 0.008 0.029333333333333333
1 0.46275 0.29933333333333334 0.0055 0.02266666666666667
0 0.41725 0.298 0.0085 0.029333333333333333
2 0.42175 0.30333333333333334 0.0125 0.030666666666666665
9 0.407 0.2856666666666667 0.015 0.024666666666666667
1 0.4065 0.279 0.009 0.03133333333333333
0 0.453 0.272 0.007 0.034666666666666665
0 0.46725 0.25333333333333335 0.0065 0.02266666666666667
0 0.434 0.24666666666666667 0.006 0.032
9 0.4535 0.26166666666666666 0.021 0.016666666666666666
1 0.44175 0.23633333333333334 0.0085 0.019333333333333334
1 0.45075 0.237 0.0075 0.023333333333333334
1 0.457 0.24033333333333334 0.007 0.024666666666666667
0 0.39675 0.17 0.0065 0.024
0 0.40775 0.18733333333333332 0.0065 0.024
9 0.40575 0.16766666666666666 0.0065 0.016666666666666666
1 0.42025 0.17533333333333334 0.0055 0.014666666666666666
0 0.4085 0.21666666666666667 0.008 0.028
0 0.4155 0.20066666666666666 0.005 0.024
0 0.42075 0.20033333333333334 0.0065 0.024666666666666667
0 0.424 0.21533333333333332 0.007 0.02666666666666667
0 0.41825 0.21733333333333332 0.0055 0.029333333333333333
0 0.41725 0.21266666666666667 0.0045 0.012
0 0.4015 0.209 0.007 0.03
0 0.39625 0.2 0.0055 0.021333333333333333
0 0.39 0.20666666666666667 0.006 0.016
1 0.395 0.20866666666666667 0.005 0.013333333333333334
0 0.37675 0.194 0.0055 0.025333333333333333
4 0.768 0.126 0.028 0.024
4 0.8395 0.2843333333333333 0.057 0.03933333333333333
5 0.6035 0.14733333333333334 0.033 0.02266666666666667
0 0.61225 0.155 0.0045 0.019333333333333334
0 0.61875 0.15533333333333332 0.0045 0.02266666666666667
2 0.5725 0.161 0.013 0.014
1 0.5725 0.156 0.006 0.02
3 0.467 0.13133333333333333 0.023 0.017333333333333333
3 0.451 0.12266666666666666 0.021 0.018666666666666668
3 0.4335 0.11633333333333333 0.021 0.015333333333333332
3 0.373 0.08733333333333333 0.015 0.017333333333333333
3 0.3825 0.09366666666666666 0.014 0.014
4 0.39675 0.099 0.0145 0.015333333333333332
3 0.4075 0.10266666666666667 0.01 0.013333333333333334
4 0.416 0.10566666666666667 0.014 0.019333333333333334
4 0.4905 0.133 0.018 0.019333333333333334
5 0.5075 0.138 0.031 0.028
4 0.709 0.231 0.036 0.03666666666666667
4 0.66475 0.21333333333333335 0.0355 0.037333333333333336
3 0.93725 0.3303333333333333 0.0495 0.04466666666666667