7 0.9588541666666667 0.8046296296296296 0.059375 0.08333333333333333
1 0.9635416666666666 0.8407407407407408 0.010416666666666666 0.02962962962962963
1 0.8182291666666667 0.7925925925925926 0.009375 0.025925925925925925
4 0.8401041666666667 0.8083333333333333 0.046875 0.11296296296296296
0 0.7041666666666667 0.649074074074074 0.010416666666666666 0.03888888888888889
9 0.6921875 0.6074074074074074 0.019791666666666666 0.03333333333333333
1 0.6921875 0.6027777777777777 0.009375 0.024074074074074074
9 0.6635416666666667 0.649074074074074 0.01875 0.024074074074074074
1 0.6588541666666666 0.6444444444444445 0.009375 0.022222222222222223
1 0.6635416666666667 0.6398148148148148 0.008333333333333333 0.027777777777777776
3 0.5489583333333333 0.549074074074074 0.052083333333333336 0.03888888888888889
3 0.525 0.5888888888888889 0.052083333333333336 0.044444444444444446
5 0.575 0.5962962962962963 0.075 0.07407407407407407
3 0.6473958333333333 0.5472222222222223 0.04895833333333333 0.03888888888888889
3 0.203125 0.5009259259259259 0.05 0.046296296296296294
4 0.253125 0.5138888888888888 0.05625 0.053703703703703705
3 0.28958333333333336 0.4787037037037037 0.05 0.03518518518518519
3 0.7380208333333333 0.512962962962963 0.04479166666666667 0.037037037037037035
3 0.7864583333333334 0.5314814814814814 0.05 0.040740740740740744
3 0.8765625 0.4009259259259259 0.036458333333333336 0.03148148148148148
3 0.9390625 0.38333333333333336 0.034375 0.03333333333333333
3 0.95 0.4 0.0375 0.02962962962962963
3 0.984375 0.37037037037037035 0.03125 0.03333333333333333
0 0.8541666666666666 0.27685185185185185 0.004166666666666667 0.020370370370370372
0 0.8583333333333333 0.2777777777777778 0.004166666666666667 0.018518518518518517
0 0.8666666666666667 0.2777777777777778 0.00625 0.022222222222222223
0 0.71875 0.2601851851851852 0.004166666666666667 0.020370370370370372
1 0.34322916666666664 0.25555555555555554 0.005208333333333333 0.011111111111111112
0 0.446875 0.4 0.00625 0.022222222222222223
9 0.5036458333333333 0.44537037037037036 0.013541666666666667 0.020370370370370372
1 0.5020833333333333 0.4398148148148148 0.00625 0.020370370370370372
4 0.6036458333333333 0.3962962962962963 0.026041666666666668 0.037037037037037035
3 0.5802083333333333 0.41944444444444445 0.035416666666666666 0.03148148148148148
0 0.007291666666666667 0.3527777777777778 0.00625 0.020370370370370372
7 0.1015625 0.24537037037037038 0.013541666666666667 0.016666666666666666
5 0.10104166666666667 0.3490740740740741 0.035416666666666666 0.03518518518518519
3 0.14427083333333332 0.7814814814814814 0.08229166666666667 0.06666666666666667
3 0.3848958333333333 0.6796296296296296 0.06145833333333333 0.05555555555555555
5 0.2421875 0.6648148148148149 0.228125 0.17037037037037037
5 0.29375 0.6037037037037037 0.21875 0.1259259259259259