3 0.5796428571428571 0.5666243654822335 0.03214285714285714 0.11294416243654823
3 0.4692857142857143 0.5336294416243654 0.025714285714285714 0.08248730964467005
9 0.4303571428571429 0.4676395939086294 0.013571428571428571 0.031725888324873094
9 0.47535714285714287 0.31281725888324874 0.012142857142857143 0.031725888324873094
3 0.45035714285714284 0.25761421319796957 0.019285714285714285 0.04314720812182741
3 0.48178571428571426 0.21065989847715735 0.017857142857142856 0.03807106598984772
4 0.5578571428571428 0.13642131979695432 0.018571428571428572 0.046954314720812185
4 0.4882142857142857 0.11548223350253807 0.016428571428571428 0.027918781725888325
3 0.46 0.12436548223350254 0.018571428571428572 0.03299492385786802
3 0.4567857142857143 0.04378172588832487 0.015 0.0266497461928934
3 0.6821428571428572 0.125 0.03 0.0266497461928934
3 0.3417857142857143 0.6351522842639594 0.039285714285714285 0.07487309644670051
5 0.3142857142857143 0.48413705583756345 0.03571428571428571 0.10786802030456853
3 0.3892857142857143 0.2645939086294416 0.018571428571428572 0.03426395939086294
8 0.4185714285714286 0.11865482233502538 0.022857142857142857 0.07487309644670051
8 0.4039285714285714 0.08565989847715735 0.02642857142857143 0.06472081218274112
3 0.04107142857142857 0.217005076142132 0.029285714285714286 0.027918781725888325
3 0.021785714285714287 0.24175126903553298 0.027857142857142858 0.031725888324873094
3 0.18178571428571427 0.15355329949238578 0.027857142857142858 0.02284263959390863
3 0.29714285714285715 0.108502538071066 0.015714285714285715 0.02918781725888325
4 0.2814285714285714 0.10786802030456853 0.014285714285714285 0.03299492385786802
4 0.25785714285714284 0.108502538071066 0.012857142857142857 0.02918781725888325
4 0.23857142857142857 0.14213197969543148 0.02857142857142857 0.02030456852791878
4 0.24928571428571428 0.1351522842639594 0.018571428571428572 0.01903553299492386
4 0.24464285714285713 0.1065989847715736 0.015 0.030456852791878174
3 0.23214285714285715 0.10977157360406091 0.012857142857142857 0.0266497461928934
3 0.22071428571428572 0.10913705583756345 0.017142857142857144 0.027918781725888325
5 0.29714285714285715 0.07614213197969544 0.024285714285714285 0.03553299492385787
5 0.26571428571428574 0.08121827411167512 0.018571428571428572 0.03553299492385787
5 0.24785714285714286 0.07487309644670051 0.02 0.030456852791878174
5 0.20714285714285716 0.07931472081218274 0.025714285714285714 0.031725888324873094
5 0.23392857142857143 0.04314720812182741 0.020714285714285713 0.04314720812182741
5 0.26107142857142857 0.03934010152284264 0.016428571428571428 0.04060913705583756
5 0.275 0.041243654822335024 0.015714285714285715 0.03680203045685279
5 0.29035714285714287 0.03934010152284264 0.013571428571428571 0.03299492385786802
5 0.30428571428571427 0.04060913705583756 0.012857142857142857 0.027918781725888325
5 0.3175 0.04060913705583756 0.013571428571428571 0.03553299492385787
5 0.3317857142857143 0.0450507614213198 0.017857142857142856 0.04187817258883249
4 0.18142857142857144 0.10406091370558376 0.018571428571428572 0.03807106598984772
3 0.19714285714285715 0.11040609137055837 0.018571428571428572 0.03299492385786802
3 0.2082142857142857 0.030456852791878174 0.02214285714285714 0.017766497461928935
3 0.15285714285714286 0.08439086294416244 0.015714285714285715 0.021573604060913704
3 0.1375 0.0850253807106599 0.015 0.027918781725888325
3 0.12392857142857143 0.0850253807106599 0.015 0.025380710659898477
4 0.11035714285714286 0.0799492385786802 0.016428571428571428 0.03299492385786802
4 0.1 0.08375634517766498 0.014285714285714285 0.027918781725888325
4 0.11678571428571428 0.125 0.019285714285714285 0.0266497461928934
4 0.14857142857142858 0.14593908629441624 0.02857142857142857 0.02284263959390863
4 0.06785714285714285 0.15418781725888325 0.014285714285714285 0.024111675126903553
4 0.08714285714285715 0.1567258883248731 0.027142857142857142 0.0266497461928934
3 0.07 0.1802030456852792 0.022857142857142857 0.027918781725888325
3 0.024285714285714285 0.18464467005076143 0.02142857142857143 0.02918781725888325
4 0.053214285714285714 0.15545685279187818 0.012142857142857143 0.0266497461928934
4 0.03892857142857143 0.157994923857868 0.013571428571428571 0.02918781725888325
4 0.06392857142857143 0.06662436548223351 0.013571428571428571 0.01649746192893401
4 0.11178571428571428 0.0450507614213198 0.015 0.03426395939086294
4 0.12178571428571429 0.04378172588832487 0.013571428571428571 0.031725888324873094
4 0.027142857142857142 0.08312182741116751 0.012857142857142857 0.021573604060913704
3 0.09928571428571428 0.1313451776649746 0.011428571428571429 0.031725888324873094
3 0.08571428571428572 0.13071065989847716 0.011428571428571429 0.02284263959390863
3 0.07428571428571429 0.12944162436548223 0.011428571428571429 0.02284263959390863
3 0.12821428571428573 0.11421319796954314 0.015 0.025380710659898477
3 0.1657142857142857 0.13261421319796954 0.02857142857142857 0.024111675126903553
3 0.025 0.15736040609137056 0.011428571428571429 0.017766497461928935
3 0.010714285714285714 0.15609137055837563 0.012857142857142857 0.02030456852791878
3 0.047857142857142855 0.12626903553299493 0.012857142857142857 0.024111675126903553
3 0.031785714285714285 0.12944162436548223 0.012142857142857143 0.02030456852791878
3 0.016785714285714286 0.12880710659898478 0.012142857142857143 0.021573604060913704
3 0.005714285714285714 0.1313451776649746 0.008571428571428572 0.0266497461928934
3 0.09 0.10977157360406091 0.018571428571428572 0.01649746192893401
3 0.0725 0.1116751269035533 0.012142857142857143 0.015228426395939087
3 0.06107142857142857 0.11294416243654823 0.010714285714285714 0.017766497461928935
3 0.047857142857142855 0.10977157360406091 0.014285714285714285 0.013959390862944163
3 0.0225 0.11104060913705584 0.020714285714285713 0.021573604060913704
3 0.075 0.08565989847715735 0.015714285714285715 0.01649746192893401
3 0.06107142857142857 0.08883248730964467 0.015 0.017766497461928935
3 0.04357142857142857 0.08629441624365482 0.015714285714285715 0.02030456852791878
3 0.08928571428571429 0.0717005076142132 0.011428571428571429 0.01649746192893401
3 0.07678571428571429 0.07106598984771574 0.012142857142857143 0.015228426395939087
3 0.3653571428571429 0.025380710659898477 0.02214285714285714 0.02030456852791878
5 0.6182142857142857 0.9549492385786802 0.04357142857142857 0.08756345177664974
0 0.2475 0.4289340101522843 0.0064285714285714285 0.027918781725888325
0 0.25285714285714284 0.43147208121827413 0.007142857142857143 0.025380710659898477
3 0.32535714285714284 0.13451776649746192 0.030714285714285715 0.02284263959390863
3 0.8067857142857143 0.22906091370558376 0.02642857142857143 0.031725888324873094
0 0.7185714285714285 0.27411167512690354 0.004285714285714286 0.025380710659898477
3 0.7203571428571428 0.27347715736040606 0.03642857142857143 0.03680203045685279
0 0.7203571428571428 0.30583756345177665 0.007857142857142858 0.030456852791878174