5 0.03731732776617954 0.9605751391465677 0.07463465553235908 0.07699443413729128
4 0.19728601252609604 0.9206864564007421 0.04175365344467641 0.12337662337662338
5 0.20850730688935282 0.7806122448979592 0.04749478079331942 0.13079777365491652
3 0.32437369519832987 0.7769016697588126 0.030793319415448852 0.09925788497217068
3 0.36116910229645094 0.7755102040816326 0.025052192066805846 0.09647495361781076
3 0.3940501043841336 0.7736549165120594 0.026096033402922755 0.09833024118738404
3 0.47755741127348644 0.7602040816326531 0.028183716075156576 0.09925788497217068
3 0.9164926931106472 0.11827458256029684 0.038622129436325675 0.0287569573283859
4 0.8958768267223383 0.05612244897959184 0.03392484342379958 0.02504638218923933
3 0.8901356993736952 0.038033395176252316 0.02870563674321503 0.022263450834879406
3 0.8700417536534447 0.008812615955473098 0.032359081419624215 0.017625231910946195