9 0.22755741127348644 0.12291280148423006 0.022964509394572025 0.0287569573283859
0 0.2528705636743215 0.1331168831168831 0.008872651356993737 0.038033395176252316
0 0.20955114822546972 0.16651205936920221 0.007828810020876827 0.030612244897959183
0 0.21346555323590813 0.17161410018552875 0.010438413361169102 0.03710575139146568
3 0.08872651356993737 0.16094619666048238 0.06993736951983298 0.05102040816326531
0 0.20746346555323592 0.17810760667903525 0.009916492693110648 0.025974025974025976
0 0.21737995824634657 0.18181818181818182 0.009916492693110648 0.03153988868274583
0 0.23747390396659707 0.17532467532467533 0.008350730688935281 0.03339517625231911
0 0.24947807933194155 0.17578849721706866 0.008350730688935281 0.0287569573283859
0 0.25808977035490605 0.17717996289424862 0.009916492693110648 0.03339517625231911
0 0.2450417536534447 0.17393320964749537 0.009916492693110648 0.0287569573283859
0 0.2907098121085595 0.17578849721706866 0.009394572025052192 0.0287569573283859
3 0.30219206680584554 0.16419294990723562 0.06263048016701461 0.055658627087198514
3 0.32306889352818374 0.13868274582560297 0.054279749478079335 0.04916512059369202
0 0.3332463465553236 0.10111317254174397 0.012004175365344467 0.03710575139146568
3 0.43997912317327764 0.12059369202226346 0.049060542797494784 0.03896103896103896
1 0.41936325678496866 0.29730983302411873 0.014091858037578288 0.03432282003710575
0 0.42066805845511485 0.35064935064935066 0.011482254697286013 0.05009276437847866
1 0.42275574112734865 0.3761595547309833 0.019832985386221295 0.032467532467532464
1 0.4003131524008351 0.3780148423005566 0.014613778705636743 0.0287569573283859
1 0.3890918580375783 0.3622448979591837 0.012004175365344467 0.036178107606679034
0 0.41701461377870563 0.42346938775510207 0.012526096033402923 0.045454545454545456
0 0.40840292275574114 0.44387755102040816 0.012004175365344467 0.05102040816326531
0 0.40735908141962424 0.45964749536178107 0.012004175365344467 0.05102040816326531
1 0.4235386221294363 0.5454545454545454 0.01722338204592902 0.03525046382189239
1 0.4047494780793319 0.5343228200371057 0.015135699373695199 0.03339517625231911
1 0.395615866388309 0.5487012987012987 0.014613778705636743 0.03432282003710575
0 0.32437369519832987 0.8961038961038961 0.02244258872651357 0.03339517625231911
0 0.3248956158663883 0.9123376623376623 0.02035490605427975 0.03432282003710575
7 0.36143006263048016 0.9587198515769945 0.0975991649269311 0.08070500927643785
1 0.38335073068893527 0.9160482374768089 0.019311064718162838 0.05844155844155844
9 0.3870041753653445 0.9146567717996289 0.05167014613778706 0.05380333951762523
9 0.39979123173277664 0.8594619666048238 0.05219206680584551 0.06029684601113173
6 0.44911273486430064 0.9461966604823747 0.03288100208768267 0.10575139146567718
7 0.3995302713987474 0.7750463821892394 0.07776617954070981 0.09554730983302412
0 0.40605427974947805 0.7453617810760668 0.021920668058455117 0.05658627087198516
9 0.4418058455114823 0.7388682745825603 0.043319415448851775 0.04916512059369202
7 0.40735908141962424 0.6957328385899815 0.0652400835073069 0.08534322820037106
7 0.41414405010438415 0.6317254174397031 0.07463465553235908 0.07977736549165121
7 0.42275574112734865 0.5871985157699443 0.06993736951983298 0.07792207792207792
7 0.47390396659707723 0.615491651205937 0.029227557411273485 0.11595547309833024
0 0.4913883089770355 0.6178107606679035 0.013048016701461378 0.04452690166975881
0 0.5013048016701461 0.6136363636363636 0.01722338204592902 0.0640074211502783
1 0.49164926931106473 0.6674397031539888 0.020876826722338204 0.06771799628942486
0 0.5130480167014614 0.6637291280148423 0.017745302713987474 0.06957328385899815
6 0.5013048016701461 0.6581632653061225 0.05688935281837161 0.08256029684601113
7 0.43162839248434237 0.5097402597402597 0.061586638830897704 0.07884972170686456
7 0.4418058455114823 0.4619666048237477 0.05793319415448852 0.07050092764378478
6 0.4924321503131524 0.5041743970315399 0.024530271398747392 0.10853432282003711
0 0.4932150313152401 0.511595547309833 0.018789144050104383 0.041743970315398886
9 0.4963465553235908 0.4684601113172542 0.030271398747390398 0.04638218923933209
0 0.4859081419624217 0.45037105751391465 0.014613778705636743 0.05287569573283859
6 0.4488517745302714 0.413265306122449 0.0511482254697286 0.06586270871985157
6 0.4979123173277662 0.39285714285714285 0.021920668058455117 0.09183673469387756
6 0.5182672233820459 0.3589981447124304 0.026096033402922755 0.05009276437847866
6 0.48851774530271397 0.3580705009276438 0.027139874739039668 0.055658627087198514
1 0.4822546972860125 0.34833024118738404 0.012526096033402923 0.036178107606679034
1 0.4715553235908142 0.3432282003710575 0.012004175365344467 0.027829313543599257
1 0.46111691022964507 0.3427643784786642 0.012004175365344467 0.03432282003710575
2 0.4485908141962422 0.3780148423005566 0.02139874739039666 0.03432282003710575
2 0.45328810020876825 0.37012987012987014 0.024530271398747392 0.03153988868274583
2 0.4668580375782881 0.3696660482374768 0.02244258872651357 0.036178107606679034
7 0.4835594989561587 0.3228200371057514 0.048538622129436326 0.061224489795918366
7 0.48982254697286015 0.3033395176252319 0.04540709812108559 0.059369202226345084
9 0.5127870563674322 0.300556586270872 0.016179540709812108 0.04452690166975881
0 0.4835594989561587 0.27690166975881264 0.008872651356993737 0.036178107606679034
9 0.502348643006263 0.274582560296846 0.027661795407098122 0.029684601113172542
9 0.4859081419624217 0.26716141001855287 0.025052192066805846 0.025974025974025976
7 0.48982254697286015 0.24628942486085342 0.03496868475991649 0.04730983302411874
9 0.4819937369519833 0.2017625231910946 0.02035490605427975 0.0287569573283859
9 0.5065240083507306 0.20964749536178107 0.02348643006263048 0.027829313543599257
9 0.5015657620041754 0.19202226345083487 0.015657620041753653 0.027829313543599257
9 0.49582463465553234 0.19434137291280149 0.017745302713987474 0.01948051948051948
1 0.5083507306889353 0.1989795918367347 0.009394572025052192 0.030612244897959183
9 0.5104384133611691 0.18552875695732837 0.010438413361169102 0.029684601113172542
1 0.511482254697286 0.18181818181818182 0.010438413361169102 0.03339517625231911
0 0.49765135699373697 0.1767161410018553 0.009916492693110648 0.038033395176252316
1 0.4822546972860125 0.16651205936920221 0.008350730688935281 0.030612244897959183
1 0.4697286012526096 0.1637291280148423 0.009394572025052192 0.03432282003710575
1 0.4804279749478079 0.14935064935064934 0.006784968684759917 0.03525046382189239
1 0.4783402922755741 0.14517625231910947 0.007828810020876827 0.03432282003710575
2 0.4814718162839248 0.15584415584415584 0.02661795407098121 0.027829313543599257
1 0.5237473903966597 0.13821892393320964 0.007828810020876827 0.022263450834879406
0 0.5190501043841336 0.13079777365491652 0.007828810020876827 0.04267161410018553
1 0.5289665970772442 0.1730055658627087 0.009916492693110648 0.030612244897959183
7 0.5276617954070981 0.18042671614100186 0.016701461377870562 0.041743970315398886
7 0.5508872651356994 0.18970315398886828 0.01722338204592902 0.05473098330241188
0 0.5 0.10296846011131726 0.008350730688935281 0.03710575139146568
0 0.5073068893528184 0.09786641929499072 0.009394572025052192 0.036178107606679034
1 0.49478079331941544 0.09972170686456401 0.008350730688935281 0.023191094619666047
1 0.5002609603340292 0.07792207792207792 0.007828810020876827 0.029684601113172542
9 0.5002609603340292 0.08302411873840446 0.009916492693110648 0.026901669758812616
1 0.5086116910229646 0.08580705009276438 0.006784968684759917 0.030612244897959183
1 0.5120041753653445 0.07374768089053803 0.008350730688935281 0.032467532467532464
9 0.5109603340292276 0.07838589981447125 0.010438413361169102 0.02504638218923933
0 0.5078288100208769 0.06215213358070501 0.008350730688935281 0.02411873840445269
1 0.47520876826722336 0.09415584415584416 0.006784968684759917 0.02504638218923933
9 0.4754697286012526 0.10064935064935066 0.018789144050104383 0.021335807050092765
0 0.45798538622129437 0.040352504638218926 0.006784968684759917 0.030612244897959183
9 0.4825156576200417 0.029684601113172542 0.016179540709812108 0.01855287569573284
6 0.5044363256784968 0.046846011131725415 0.02661795407098121 0.036178107606679034
6 0.4932150313152401 0.04267161410018553 0.025052192066805846 0.03525046382189239
6 0.5036534446764092 0.040352504638218926 0.029227557411273485 0.038033395176252316
6 0.5073068893528184 0.029684601113172542 0.027139874739039668 0.03525046382189239
6 0.5096555323590815 0.015306122448979591 0.02139874739039666 0.030612244897959183
6 0.5717640918580376 0.019016697588126158 0.013048016701461378 0.03432282003710575
7 0.5748956158663883 0.013914656771799629 0.027661795407098122 0.027829313543599257
0 0.5793319415448852 0.04452690166975881 0.006263048016701462 0.02040816326530612
0 0.5858559498956158 0.041743970315398886 0.006784968684759917 0.025974025974025976
1 0.6114300626304802 0.032467532467532464 0.006784968684759917 0.01855287569573284
0 0.6197807933194155 0.04359925788497217 0.004697286012526096 0.02040816326530612
1 0.630741127348643 0.030612244897959183 0.007828810020876827 0.027829313543599257
0 0.6145615866388309 0.06215213358070501 0.006784968684759917 0.025974025974025976
1 0.6043841336116911 0.06957328385899815 0.007306889352818371 0.027829313543599257
0 0.6328288100208769 0.0862708719851577 0.005741127348643006 0.027829313543599257
2 0.6325678496868476 0.09044526901669758 0.014613778705636743 0.021335807050092765
7 0.6372651356993737 0.017625231910946195 0.024008350730688934 0.03339517625231911
9 0.636482254697286 0.1414656771799629 0.019311064718162838 0.021335807050092765
0 0.6255219206680585 0.12523191094619665 0.012004175365344467 0.03153988868274583
9 0.6247390396659708 0.1331168831168831 0.013569937369519834 0.0287569573283859
0 0.6169102296450939 0.1660482374768089 0.008350730688935281 0.04081632653061224
0 0.6474425887265136 0.2036178107606679 0.008872651356993737 0.04730983302411874
7 0.5981210855949896 0.17161410018552875 0.03444676409185804 0.05009276437847866
1 0.5759394572025052 0.20640074211502782 0.008872651356993737 0.036178107606679034
1 0.5879436325678496 0.19666048237476808 0.009916492693110648 0.022263450834879406
1 0.5936847599164927 0.2166048237476809 0.008872651356993737 0.039888682745825604
1 0.6090814196242171 0.22402597402597402 0.009394572025052192 0.030612244897959183
9 0.5994258872651357 0.19155844155844157 0.029749478079331943 0.026901669758812616
9 0.5913361169102297 0.21057513914656772 0.018789144050104383 0.02411873840445269
9 0.593945720250522 0.2189239332096475 0.022964509394572025 0.029684601113172542
7 0.6169102296450939 0.2189239332096475 0.04384133611691023 0.04823747680890538
7 0.6137787056367432 0.24257884972170687 0.038622129436325675 0.04359925788497217
6 0.6169102296450939 0.2694805194805195 0.04175365344467641 0.04730983302411874
7 0.6323068893528184 0.29730983302411873 0.042275574112734866 0.05287569573283859
7 0.6419624217118998 0.3344155844155844 0.04279749478079332 0.04730983302411874
7 0.6458768267223383 0.35435992578849723 0.055845511482254695 0.059369202226345084
0 0.6933716075156576 0.3534322820037106 0.012004175365344467 0.059369202226345084
0 0.6805845511482255 0.36641929499072357 0.015657620041753653 0.0575139146567718
9 0.6197807933194155 0.39564007421150277 0.013048016701461378 0.045454545454545456
0 0.619258872651357 0.4095547309833024 0.009916492693110648 0.05287569573283859
0 0.634133611691023 0.41187384044526903 0.014613778705636743 0.04823747680890538
0 0.6244780793319415 0.436456400742115 0.009916492693110648 0.05287569573283859
1 0.6406576200417536 0.4253246753246753 0.014091858037578288 0.039888682745825604
6 0.6526617954070981 0.3961038961038961 0.04645093945720251 0.05380333951762523
6 0.6550104384133612 0.4336734693877551 0.05219206680584551 0.04730983302411874
7 0.6646659707724426 0.45037105751391465 0.05167014613778706 0.06957328385899815
6 0.6356993736951984 0.4907235621521336 0.027139874739039668 0.08905380333951762
6 0.6677974947807933 0.4777365491651206 0.04645093945720251 0.055658627087198514
7 0.677713987473904 0.5315398886827458 0.07254697286012526 0.07421150278293136
7 0.6884133611691023 0.5630797773654916 0.06889352818371608 0.0686456400742115
7 0.6884133611691023 0.6182745825602969 0.06993736951983298 0.08070500927643785
9 0.6758872651356994 0.6563079777365491 0.03444676409185804 0.04916512059369202
6 0.7022442588726514 0.6790352504638218 0.07881002087682672 0.07421150278293136
9 0.7742693110647182 0.6808905380333952 0.02139874739039666 0.07235621521335807
7 0.7077244258872651 0.7360853432282004 0.08559498956158663 0.09369202226345083
7 0.7225991649269311 0.8144712430426716 0.09342379958246347 0.10760667903525047
7 0.7406054279749478 0.8993506493506493 0.09603340292275574 0.12337662337662338
1 0.735125260960334 0.9276437847866419 0.029749478079331943 0.05380333951762523
1 0.6323068893528184 0.948051948051948 0.02661795407098121 0.09090909090909091
9 0.6325678496868476 0.9443413729128015 0.029227557411273485 0.10760667903525047
3 0.509133611691023 0.8766233766233766 0.06837160751565761 0.24489795918367346
9 0.5751565762004175 0.9582560296846011 0.037578288100208766 0.08163265306122448
7 0.6333507306889353 0.6697588126159555 0.03288100208768267 0.12430426716141002
1 0.593945720250522 0.7407235621521335 0.022964509394572025 0.05844155844155844
1 0.592901878914405 0.7305194805194806 0.022964509394572025 0.05658627087198516
9 0.5921189979123174 0.7597402597402597 0.031837160751565764 0.09276437847866419
9 0.5649791231732777 0.07838589981447125 0.010960334029227558 0.03432282003710575
1 0.5655010438413361 0.07653061224489796 0.006784968684759917 0.026901669758812616
1 0.5816805845511482 0.44758812615955473 0.016179540709812108 0.045454545454545456
1 0.5819415448851775 0.5037105751391465 0.018789144050104383 0.05009276437847866
1 0.5514091858037579 0.5213358070500927 0.019311064718162838 0.061224489795918366
1 0.6200417536534447 0.5570500927643784 0.019832985386221295 0.041743970315398886
9 0.5827244258872651 0.45408163265306123 0.01722338204592902 0.05658627087198516
9 0.5806367432150313 0.5097402597402597 0.01826722338204593 0.05658627087198516
9 0.5524530271398748 0.5301484230055659 0.016179540709812108 0.0640074211502783
6 0.6242171189979123 0.5793135435992579 0.028183716075156576 0.075139146567718
0 0.6059498956158664 0.5296846011131725 0.016701461377870562 0.061224489795918366
0 0.6119519832985386 0.5454545454545454 0.014091858037578288 0.04267161410018553