3 0.4332142857142857 0.7189086294416244 0.039285714285714285 0.03680203045685279
3 0.19714285714285715 0.6897208121827412 0.037142857142857144 0.03426395939086294
3 0.22214285714285714 0.6675126903553299 0.04285714285714286 0.03299492385786802
3 0.23785714285714285 0.6389593908629442 0.04 0.03426395939086294
3 0.2525 0.6192893401015228 0.03642857142857143 0.027918781725888325
3 0.2960714285714286 0.6567258883248731 0.03785714285714286 0.031725888324873094
3 0.30178571428571427 0.6345177664974619 0.03785714285714286 0.027918781725888325
5 0.2914285714285714 0.684010152284264 0.041428571428571426 0.03807106598984772
4 0.3467857142857143 0.700507614213198 0.03785714285714286 0.03807106598984772
3 0.37357142857142855 0.6776649746192893 0.04428571428571428 0.03807106598984772
3 0.30964285714285716 0.4346446700507614 0.035 0.02918781725888325
3 0.2575 0.45748730964467005 0.02642857142857143 0.031725888324873094
3 0.2342857142857143 0.44416243654822335 0.025714285714285714 0.030456852791878174
3 0.30964285714285716 0.475253807106599 0.02214285714285714 0.03680203045685279
3 0.3275 0.48223350253807107 0.02214285714285714 0.03553299492385787
4 0.4767857142857143 0.4854060913705584 0.013571428571428571 0.04187817258883249
3 0.6039285714285715 0.4803299492385787 0.019285714285714285 0.02918781725888325
3 0.6285714285714286 0.4651015228426396 0.02 0.031725888324873094
4 0.6721428571428572 0.45685279187817257 0.017142857142857144 0.030456852791878174
4 0.8889285714285714 0.45114213197969544 0.020714285714285713 0.03680203045685279
5 0.665 0.6852791878172588 0.2042857142857143 0.09644670050761421
5 0.5517857142857143 0.6979695431472082 0.20214285714285715 0.10152284263959391