3 0.0890557939914163 0.7729007633587787 0.1680972818311874 0.19083969465648856
3 0.36123032904148783 0.6650763358778626 0.13447782546494993 0.15648854961832062
3 0.42739628040057226 0.4041030534351145 0.10515021459227468 0.13454198473282442
3 0.48319027181688123 0.541030534351145 0.11516452074391989 0.1297709923664122
3 0.41523605150214593 0.5901717557251909 0.12374821173104435 0.14408396946564886
3 0.29542203147353363 0.7471374045801527 0.13304721030042918 0.18893129770992367
3 0.5350500715307582 0.48139312977099236 0.11731044349070101 0.14026717557251908
3 0.5650929899856938 0.4179389312977099 0.11444921316165951 0.12404580152671756
4 0.14949928469241774 0.924618320610687 0.13161659513590845 0.14694656488549618
4 0.2374821173104435 0.8664122137404581 0.1473533619456366 0.2366412213740458
0 0.2592989985693848 0.8201335877862596 0.026466380543633764 0.02767175572519084
0 0.06545064377682404 0.5176526717557252 0.035050071530758224 0.03721374045801527
0 0.44849785407725323 0.3301526717557252 0.01430615164520744 0.04198473282442748
0 0.7103004291845494 0.6254770992366412 0.024320457796852647 0.039122137404580155
0 0.7203147353361946 0.4413167938931298 0.024320457796852647 0.042938931297709926
0 0.7503576537911302 0.41603053435114506 0.027181688125894134 0.04198473282442748
2 0.20028612303290416 0.5849236641221374 0.04291845493562232 0.04770992366412214
0 0.4406294706723891 0.9580152671755725 0.02861230329041488 0.04770992366412214
0 0.600143061516452 0.5791984732824428 0.017167381974248927 0.04198473282442748
0 0.796137339055794 0.2299618320610687 0.012875536480686695 0.04389312977099236
3 0.35371959942775394 0.20801526717557253 0.07510729613733906 0.08778625954198473
7 0.7954220314735336 0.5109732824427481 0.05150214592274678 0.06393129770992366
0 0.8279685264663805 0.4618320610687023 0.02503576537911302 0.04580152671755725
0 0.8644492131616596 0.3530534351145038 0.027896995708154508 0.04198473282442748
2 0.7278254649499285 0.23950381679389313 0.033619456366237484 0.04007633587786259
9 0.6047925608011445 0.6211832061068703 0.033619456366237484 0.061068702290076333
2 0.8315450643776824 0.33587786259541985 0.023605150214592276 0.03816793893129771
2 0.8458512160228898 0.3497137404580153 0.022174535050071532 0.04103053435114504
2 0.9298998569384835 0.1989503816793893 0.015736766809728183 0.03148854961832061
2 0.7868383404864091 0.23043893129770993 0.03719599427753934 0.039122137404580155
2 0.3465665236051502 0.13072519083969467 0.026466380543633764 0.030534351145038167
2 0.7986409155937053 0.183206106870229 0.016452074391988557 0.030534351145038167
0 0.8215307582260372 0.1226145038167939 0.0178826895565093 0.04103053435114504
0 0.9166666666666666 0.16173664122137404 0.019313304721030045 0.039122137404580155
0 0.9273962804005722 0.1674618320610687 0.022174535050071532 0.04484732824427481
3 0.9631616595135909 0.2767175572519084 0.06652360515021459 0.08969465648854962
1 0.8361945636623748 0.3148854961832061 0.01859799713876967 0.026717557251908396
1 0.8522889842632332 0.3325381679389313 0.016452074391988557 0.02385496183206107
1 0.8125894134477826 0.5367366412213741 0.024320457796852647 0.02385496183206107
7 0.642346208869814 0.4713740458015267 0.04148783977110158 0.08587786259541985
1 0.6040772532188842 0.6164122137404581 0.032188841201716736 0.03816793893129771