3 0.016911764705882352 0.938562091503268 0.03235294117647059 0.026143790849673203
3 0.05514705882352941 0.8549019607843137 0.022058823529411766 0.07058823529411765
3 0.20220588235294118 0.9267973856209151 0.020588235294117647 0.06797385620915032
3 0.2852941176470588 0.8738562091503268 0.01911764705882353 0.06666666666666667
3 0.36176470588235293 0.8699346405228758 0.016176470588235296 0.06928104575163399
4 0.31838235294117645 0.7470588235294118 0.01764705882352941 0.0718954248366013
3 0.3599264705882353 0.7261437908496732 0.016911764705882352 0.06405228758169934
3 0.4415441176470588 0.8993464052287582 0.016911764705882352 0.06797385620915032
3 0.4702205882352941 0.8627450980392157 0.016911764705882352 0.06535947712418301
3 0.45036764705882354 0.7431372549019608 0.01838235294117647 0.06143790849673202
3 0.5029411764705882 0.7320261437908496 0.016176470588235296 0.06535947712418301
3 0.5272058823529412 0.7490196078431373 0.016176470588235296 0.06274509803921569
3 0.6231617647058824 0.9607843137254902 0.03308823529411765 0.054901960784313725
4 0.8323529411764706 0.9581699346405229 0.03529411764705882 0.02875816993464052
3 0.8841911764705882 0.9300653594771242 0.019852941176470587 0.07450980392156863
3 0.9452205882352941 0.9470588235294117 0.03897058823529412 0.03790849673202614
3 0.9452205882352941 0.9071895424836601 0.03897058823529412 0.03398692810457516
3 0.9161764705882353 0.5973856209150327 0.025 0.06797385620915032
3 0.94375 0.5777777777777777 0.030147058823529412 0.054901960784313725
3 0.9683823529411765 0.5718954248366013 0.022058823529411766 0.06666666666666667
3 0.9919117647058824 0.3084967320261438 0.016176470588235296 0.06797385620915032
3 0.9816176470588235 0.22418300653594772 0.01911764705882353 0.06405228758169934
9 0.38676470588235295 0.6549019607843137 0.0058823529411764705 0.026143790849673203
1 0.3860294117647059 0.6522875816993464 0.004411764705882353 0.01045751633986928
0 0.36911764705882355 0.634640522875817 0.0058823529411764705 0.009150326797385621
0 0.36323529411764705 0.6326797385620915 0.0058823529411764705 0.00784313725490196
3 0.3180147058823529 0.5084967320261438 0.022794117647058822 0.06013071895424837
3 0.3599264705882353 0.4738562091503268 0.015441176470588236 0.06143790849673202
3 0.46397058823529413 0.41830065359477125 0.01764705882352941 0.06535947712418301
9 0.5433823529411764 0.5235294117647059 0.0058823529411764705 0.022222222222222223
1 0.5433823529411764 0.5254901960784314 0.0058823529411764705 0.013071895424836602
9 0.6080882352941176 0.4673202614379085 0.0058823529411764705 0.027450980392156862
1 0.6084558823529411 0.46797385620915033 0.005147058823529412 0.013071895424836602
4 0.524264705882353 0.40522875816993464 0.014705882352941176 0.054901960784313725
0 0.6011029411764706 0.29869281045751633 0.005147058823529412 0.009150326797385621
3 0.4922794117647059 0.28954248366013075 0.016911764705882352 0.06405228758169934
3 0.5183823529411765 0.15555555555555556 0.014705882352941176 0.06013071895424837
3 0.5992647058823529 0.12287581699346405 0.014705882352941176 0.06013071895424837
0 0.569485294117647 0.13725490196078433 0.005147058823529412 0.01568627450980392
0 0.5632352941176471 0.13986928104575164 0.004411764705882353 0.013071895424836602
0 0.5731617647058823 0.13986928104575164 0.005147058823529412 0.01568627450980392
9 0.42683823529411763 0.1869281045751634 0.006617647058823529 0.023529411764705882
9 0.4275735294117647 0.08562091503267974 0.006617647058823529 0.027450980392156862
1 0.42720588235294116 0.07973856209150326 0.0058823529411764705 0.013071895424836602
1 0.42720588235294116 0.1830065359477124 0.0058823529411764705 0.01045751633986928
3 0.4636029411764706 0.13790849673202615 0.015441176470588236 0.06143790849673202
3 0.3613970588235294 0.07712418300653595 0.01838235294117647 0.06797385620915032
3 0.1036764705882353 0.17058823529411765 0.039705882352941174 0.03790849673202614
3 0.10955882352941176 0.08235294117647059 0.03823529411764706 0.03398692810457516
3 0.11213235294117647 0.011764705882352941 0.03897058823529412 0.023529411764705882
3 0.07279411764705883 0.5575163398692811 0.039705882352941174 0.032679738562091505