1 0.5075520833333333 0.9796296296296296 0.013020833333333334 0.03888888888888889
9 0.5059895833333333 0.9828703703703704 0.0171875 0.03425925925925926
0 0.5213541666666667 0.9268518518518518 0.011458333333333333 0.06296296296296296
7 0.6283854166666667 0.9657407407407408 0.0546875 0.06851851851851852
0 0.6268229166666667 0.9893518518518518 0.011979166666666667 0.021296296296296296
9 0.6 0.9199074074074074 0.023958333333333335 0.03796296296296296
0 0.59609375 0.8958333333333334 0.013020833333333334 0.05462962962962963
1 0.6078125 0.8763888888888889 0.011458333333333333 0.030555555555555555
2 0.56640625 0.8972222222222223 0.0140625 0.06111111111111111
1 0.7286458333333333 0.975925925925926 0.01875 0.046296296296296294
2 0.6 0.8282407407407407 0.03125 0.03425925925925926
9 0.6013020833333333 0.8060185185185185 0.0296875 0.028703703703703703
9 0.5981770833333333 0.7958333333333333 0.0265625 0.030555555555555555
9 0.5911458333333334 0.7722222222222223 0.030208333333333334 0.02962962962962963
9 0.5888020833333333 0.7569444444444444 0.03697916666666667 0.03425925925925926
9 0.5747395833333333 0.8055555555555556 0.022395833333333334 0.03888888888888889
9 0.5838541666666667 0.712037037037037 0.029166666666666667 0.037037037037037035
1 0.5015625 0.7185185185185186 0.009375 0.03518518518518519
9 0.50078125 0.7356481481481482 0.0067708333333333336 0.03425925925925926
1 0.39869791666666665 0.8490740740740741 0.0067708333333333336 0.025925925925925925
1 0.4 0.8439814814814814 0.009375 0.03796296296296296
9 0.3997395833333333 0.8666666666666667 0.015104166666666667 0.046296296296296294
1 0.3734375 0.8513888888888889 0.013541666666666667 0.03981481481481482
9 0.3729166666666667 0.8708333333333333 0.011458333333333333 0.049074074074074076
0 0.39296875 0.5388888888888889 0.0067708333333333336 0.037037037037037035
3 0.3848958333333333 0.6087962962962963 0.026041666666666668 0.06018518518518518
1 0.40390625 0.6212962962962963 0.008854166666666666 0.025925925925925925
9 0.4044270833333333 0.6314814814814815 0.0109375 0.03518518518518519
1 0.43203125 0.5967592592592592 0.0067708333333333336 0.021296296296296296
9 0.4315104166666667 0.6023148148148149 0.009895833333333333 0.04537037037037037
0 0.5752604166666667 0.6689814814814815 0.0067708333333333336 0.04351851851851852
0 0.5700520833333333 0.6662037037037037 0.0078125 0.04351851851851852
9 0.5716145833333334 0.6597222222222222 0.0140625 0.032407407407407406
9 0.5674479166666667 0.6291666666666667 0.018229166666666668 0.025
9 0.57109375 0.6101851851851852 0.011979166666666667 0.025925925925925925
9 0.5653645833333333 0.6180555555555556 0.018229166666666668 0.023148148148148147
6 0.5505208333333333 0.5138888888888888 0.0125 0.03148148148148148
0 0.57109375 0.5148148148148148 0.0067708333333333336 0.03333333333333333
1 0.54453125 0.5574074074074075 0.0067708333333333336 0.03148148148148148
9 0.5434895833333333 0.5675925925925925 0.005729166666666666 0.022222222222222223
3 0.4890625 0.5018518518518519 0.020833333333333332 0.037037037037037035
0 0.41848958333333336 0.4675925925925926 0.005729166666666666 0.03148148148148148
0 0.41380208333333335 0.4689814814814815 0.005729166666666666 0.026851851851851852
3 0.4908854166666667 0.40879629629629627 0.016145833333333335 0.030555555555555555
1 0.5330729166666667 0.41064814814814815 0.0036458333333333334 0.01574074074074074
0 0.540625 0.4162037037037037 0.003125 0.019444444444444445
6 0.5388020833333333 0.4222222222222222 0.008854166666666666 0.018518518518518517
2 0.5328125 0.41898148148148145 0.005208333333333333 0.017592592592592594
1 0.43125 0.3907407407407407 0.004166666666666667 0.018518518518518517
6 0.4317708333333333 0.3990740740740741 0.007291666666666667 0.020370370370370372
1 0.1515625 0.3282407407407407 0.003125 0.012037037037037037
1 0.15390625 0.32916666666666666 0.0036458333333333334 0.013888888888888888
9 0.15364583333333334 0.3347222222222222 0.009375 0.012037037037037037
3 0.18072916666666666 0.32083333333333336 0.029166666666666667 0.023148148148148147
3 0.23854166666666668 0.3314814814814815 0.03125 0.020370370370370372
3 0.28489583333333335 0.3375 0.03229166666666667 0.021296296296296296
1 0.31276041666666665 0.3486111111111111 0.005729166666666666 0.017592592592592594
9 0.31354166666666666 0.3541666666666667 0.011458333333333333 0.013888888888888888
3 0.33645833333333336 0.37407407407407406 0.03125 0.03148148148148148
1 0.346875 0.3592592592592593 0.005208333333333333 0.020370370370370372
4 0.3229166666666667 0.3375 0.025 0.023148148148148147
3 0.6005208333333333 0.3087962962962963 0.011458333333333333 0.021296296296296296
3 0.5817708333333333 0.3074074074074074 0.0125 0.020370370370370372
3 0.540625 0.2861111111111111 0.010416666666666666 0.016666666666666666
1 0.4557291666666667 0.31666666666666665 0.004166666666666667 0.014814814814814815
2 0.45651041666666664 0.32314814814814813 0.005729166666666666 0.012962962962962963
0 0.4088541666666667 0.3074074074074074 0.004166666666666667 0.020370370370370372
3 0.46041666666666664 0.15 0.008333333333333333 0.007407407407407408
3 0.4552083333333333 0.14537037037037037 0.007291666666666667 0.007407407407407408
3 0.46510416666666665 0.15694444444444444 0.005208333333333333 0.010185185185185186
3 0.44505208333333335 0.1597222222222222 0.0046875 0.006481481481481481
5 0.44036458333333334 0.16574074074074074 0.005729166666666666 0.012962962962962963
5 0.43802083333333336 0.1685185185185185 0.00625 0.012962962962962963
5 0.43671875 0.1736111111111111 0.005729166666666666 0.01574074074074074
3 0.42291666666666666 0.23287037037037037 0.013541666666666667 0.012037037037037037
3 0.4244791666666667 0.2273148148148148 0.014583333333333334 0.013888888888888888
3 0.42604166666666665 0.22175925925925927 0.015625 0.012037037037037037
3 0.42552083333333335 0.21898148148148147 0.013541666666666667 0.01574074074074074
0 0.42994791666666665 0.24166666666666667 0.0015625 0.011111111111111112
0 0.4322916666666667 0.24212962962962964 0.0020833333333333333 0.010185185185185186
1 0.4244791666666667 0.2662037037037037 0.003125 0.010185185185185186
2 0.42473958333333334 0.27314814814814814 0.0026041666666666665 0.011111111111111112
1 0.4348958333333333 0.2662037037037037 0.003125 0.012037037037037037
2 0.43463541666666666 0.27314814814814814 0.0026041666666666665 0.011111111111111112
1 0.44192708333333336 0.2611111111111111 0.0026041666666666665 0.009259259259259259
9 0.44166666666666665 0.26666666666666666 0.003125 0.011111111111111112
1 0.4546875 0.24675925925925926 0.003125 0.008333333333333333
9 0.4552083333333333 0.2523148148148148 0.003125 0.008333333333333333
3 0.46328125 0.23657407407407408 0.008854166666666666 0.01574074074074074
3 0.46432291666666664 0.19953703703703704 0.0067708333333333336 0.010185185185185186
3 0.45625 0.19398148148148148 0.00625 0.010185185185185186
3 0.46588541666666666 0.18101851851851852 0.0046875 0.008333333333333333
3 0.46640625 0.1712962962962963 0.0046875 0.007407407407407408
0 0.44583333333333336 0.1685185185185185 0.0020833333333333333 0.007407407407407408
0 0.44817708333333334 0.16898148148148148 0.0026041666666666665 0.008333333333333333
1 0.44869791666666664 0.20879629629629629 0.0026041666666666665 0.006481481481481481
9 0.44895833333333335 0.21296296296296297 0.003125 0.009259259259259259
3 0.24348958333333334 0.9268518518518518 0.09427083333333333 0.10555555555555556
4 0.2609375 0.8310185185185185 0.078125 0.0824074074074074
1 0.6294270833333333 0.7930555555555555 0.011979166666666667 0.025
1 0.6434895833333333 0.7949074074074074 0.011979166666666667 0.030555555555555555
1 0.6450520833333333 0.7708333333333334 0.008854166666666666 0.025
1 0.6494791666666667 0.7537037037037037 0.011458333333333333 0.022222222222222223
1 0.6216145833333333 0.7574074074074074 0.011979166666666667 0.03148148148148148
1 0.6403645833333333 0.7189814814814814 0.0109375 0.030555555555555555
1 0.6575520833333334 0.7092592592592593 0.009895833333333333 0.03333333333333333
0 0.6864583333333333 0.787962962962963 0.008333333333333333 0.04814814814814815
9 0.6200520833333333 0.48703703703703705 0.009895833333333333 0.025925925925925925
0 0.4921875 0.16944444444444445 0.0020833333333333333 0.009259259259259259
1 0.4796875 0.18101851851851852 0.0020833333333333333 0.004629629629629629
6 0.47942708333333334 0.1837962962962963 0.0036458333333333334 0.006481481481481481
1 0.48151041666666666 0.2023148148148148 0.0026041666666666665 0.006481481481481481
9 0.48151041666666666 0.20601851851851852 0.0026041666666666665 0.006481481481481481
1 0.4869791666666667 0.2310185185185185 0.003125 0.008333333333333333
9 0.4864583333333333 0.2351851851851852 0.0020833333333333333 0.007407407407407408
1 0.49114583333333334 0.23148148148148148 0.0020833333333333333 0.007407407407407408
9 0.49140625 0.2375 0.0026041666666666665 0.006481481481481481
0 0.49557291666666664 0.21805555555555556 0.0026041666666666665 0.013888888888888888
0 0.4973958333333333 0.21898148148148147 0.003125 0.013888888888888888
3 0.5252604166666667 0.262037037037037 0.015104166666666667 0.014814814814814815
3 0.5205729166666667 0.23657407407407408 0.015104166666666667 0.012037037037037037
3 0.5072916666666667 0.17824074074074073 0.004166666666666667 0.008333333333333333
3 0.5088541666666667 0.18194444444444444 0.005208333333333333 0.010185185185185186
3 0.51015625 0.1884259259259259 0.005729166666666666 0.010185185185185186
3 0.5130208333333334 0.19583333333333333 0.005208333333333333 0.012037037037037037
0 0.50703125 0.25601851851851853 0.0026041666666666665 0.013888888888888888
0 0.5088541666666667 0.25601851851851853 0.003125 0.012037037037037037
0 0.5114583333333333 0.2569444444444444 0.0020833333333333333 0.01574074074074074
1 0.515625 0.26435185185185184 0.003125 0.012037037037037037
9 0.5161458333333333 0.2689814814814815 0.0020833333333333333 0.010185185185185186
1 0.5213541666666667 0.27870370370370373 0.004166666666666667 0.012962962962962963
9 0.5216145833333333 0.2851851851851852 0.0046875 0.011111111111111112
1 0.5106770833333333 0.287962962962963 0.0026041666666666665 0.009259259259259259
2 0.5111979166666667 0.29583333333333334 0.0036458333333333334 0.010185185185185186
1 0.5125 0.3101851851851852 0.003125 0.011111111111111112
9 0.5127604166666667 0.31342592592592594 0.0046875 0.017592592592592594
1 0.496875 0.2712962962962963 0.003125 0.009259259259259259
9 0.49661458333333336 0.2777777777777778 0.0046875 0.011111111111111112
1 0.50625 0.27546296296296297 0.0020833333333333333 0.006481481481481481
1 0.5057291666666667 0.2726851851851852 0.0020833333333333333 0.006481481481481481
9 0.50625 0.2800925925925926 0.004166666666666667 0.010185185185185186
1 0.5005208333333333 0.2875 0.003125 0.008333333333333333
1 0.50078125 0.2851851851851852 0.0026041666666666665 0.011111111111111112
9 0.5 0.29259259259259257 0.003125 0.007407407407407408