4 0.5764285714285714 0.9657360406091371 0.06571428571428571 0.06598984771573604
0 0.6121428571428571 0.9441624365482234 0.022857142857142857 0.03807106598984772
3 0.7421428571428571 0.8020304568527918 0.04857142857142857 0.1649746192893401
3 0.5457142857142857 0.7208121827411168 0.054285714285714284 0.17766497461928935
3 0.6985714285714286 0.3553299492385787 0.045714285714285714 0.1218274111675127
3 0.5442857142857143 0.3946700507614213 0.037142857142857144 0.1319796954314721
3 0.4685714285714286 0.3965736040609137 0.04 0.11802030456852793
3 0.4207142857142857 0.39847715736040606 0.04 0.1319796954314721
3 0.37714285714285717 0.4232233502538071 0.03857142857142857 0.13324873096446702
3 0.030357142857142857 0.25761421319796957 0.060714285714285714 0.09390862944162437
3 0.02107142857142857 0.2233502538071066 0.04214285714285714 0.07614213197969544
3 0.1442857142857143 0.05203045685279188 0.054285714285714284 0.06091370558375635
3 0.15321428571428572 0.01713197969543147 0.04642857142857143 0.03426395939086294