3 0.4566176470588235 0.5895424836601307 0.08235294117647059 0.17254901960784313
3 0.6338235294117647 0.6254901960784314 0.058823529411764705 0.16601307189542483
3 0.7577205882352941 0.75359477124183 0.08161764705882353 0.18169934640522875
3 0.4650735294117647 0.9071895424836601 0.06838235294117648 0.18562091503267975
3 0.24889705882352942 0.34248366013071896 0.08308823529411764 0.08888888888888889
3 0.5540441176470589 0.23660130718954248 0.03897058823529412 0.0915032679738562
3 0.6584558823529412 0.21437908496732025 0.03897058823529412 0.0784313725490196
3 0.5816176470588236 0.11699346405228758 0.041176470588235294 0.07712418300653595
3 0.6044117647058823 0.044444444444444446 0.03235294117647059 0.06797385620915032
3 0.4334558823529412 0.08627450980392157 0.06985294117647059 0.06535947712418301
3 0.09852941176470588 0.30130718954248364 0.09852941176470588 0.07712418300653595
3 0.07463235294117647 0.21568627450980393 0.09044117647058823 0.07320261437908497
3 0.04852941176470588 0.3581699346405229 0.09705882352941177 0.0915032679738562
6 0.9536764705882353 0.9091503267973856 0.07647058823529412 0.17124183006535948
9 0.03272058823529412 0.15947712418300652 0.015441176470588236 0.0392156862745098
9 0.052573529411764706 0.16732026143790849 0.02426470588235294 0.044444444444444446
0 0.24411764705882352 0.2169934640522876 0.016176470588235296 0.04967320261437908
2 0.25882352941176473 0.17254901960784313 0.010294117647058823 0.044444444444444446
9 0.24191176470588235 0.169281045751634 0.020588235294117647 0.043137254901960784
9 0.21985294117647058 0.17450980392156862 0.014705882352941176 0.0457516339869281
2 0.2036764705882353 0.17712418300653596 0.008823529411764706 0.040522875816993466
9 0.19044117647058822 0.17908496732026144 0.014705882352941176 0.0392156862745098
0 0.24044117647058824 0.1437908496732026 0.008823529411764706 0.04183006535947712
0 0.18161764705882352 0.09607843137254903 0.008823529411764706 0.0457516339869281
0 0.18235294117647058 0.10130718954248366 0.008823529411764706 0.03529411764705882
9 0.125 0.4411764705882353 0.033823529411764704 0.040522875816993466
0 0.12022058823529412 0.4294117647058823 0.019852941176470587 0.048366013071895426
9 0.048161764705882355 0.4326797385620915 0.03308823529411765 0.04967320261437908
0 0.04301470588235294 0.4196078431372549 0.022794117647058822 0.05228758169934641
0 0.11213235294117647 0.40784313725490196 0.015441176470588236 0.06535947712418301
0 0.1963235294117647 0.4718954248366013 0.016176470588235296 0.06274509803921569
0 0.10625 0.6647058823529411 0.027205882352941177 0.0718954248366013
0 0.05367647058823529 0.7745098039215687 0.026470588235294117 0.07712418300653595
0 0.0724264705882353 0.7647058823529411 0.028676470588235293 0.07581699346405228
0 0.1036764705882353 0.8019607843137255 0.025 0.07450980392156863
0 0.09669117647058824 0.838562091503268 0.019852941176470587 0.05620915032679739
9 0.1786764705882353 0.8058823529411765 0.025 0.07712418300653595
0 0.1801470588235294 0.7836601307189542 0.03235294117647059 0.06666666666666667
0 0.17941176470588235 0.7660130718954249 0.01911764705882353 0.05228758169934641
9 0.40147058823529413 0.503921568627451 0.026470588235294117 0.06928104575163399
0 0.4011029411764706 0.492156862745098 0.019852941176470587 0.06666666666666667
9 0.3764705882352941 0.42549019607843136 0.020588235294117647 0.058823529411764705
0 0.375 0.4111111111111111 0.01764705882352941 0.06143790849673202
9 0.45955882352941174 0.4627450980392157 0.01764705882352941 0.05751633986928104
0 0.4602941176470588 0.4477124183006536 0.01911764705882353 0.058823529411764705
9 0.5220588235294118 0.34901960784313724 0.01911764705882353 0.06013071895424837
0 0.5224264705882353 0.338562091503268 0.015441176470588236 0.05751633986928104
9 0.5047794117647059 0.3235294117647059 0.021323529411764706 0.06928104575163399
0 0.5036764705882353 0.31437908496732025 0.014705882352941176 0.050980392156862744
2 0.5014705882352941 0.3137254901960784 0.025 0.02875816993464052
0 0.49779411764705883 0.2627450980392157 0.008823529411764706 0.06013071895424837
0 0.5183823529411765 0.20392156862745098 0.008823529411764706 0.05228758169934641
0 0.5213235294117647 0.19869281045751633 0.007352941176470588 0.05228758169934641
9 0.48566176470588235 0.134640522875817 0.016911764705882352 0.044444444444444446
0 0.4621323529411765 0.13202614379084968 0.009558823529411765 0.04967320261437908
0 0.4536764705882353 0.13660130718954247 0.007352941176470588 0.048366013071895426
0 0.3411764705882353 0.13202614379084968 0.010294117647058823 0.047058823529411764
0 0.3408088235294118 0.12745098039215685 0.006617647058823529 0.050980392156862744
6 0.30183823529411763 0.13398692810457516 0.03308823529411765 0.03529411764705882
5 0.5341911764705882 0.022222222222222223 0.03161764705882353 0.044444444444444446
9 0.5669117647058823 0.07973856209150326 0.007352941176470588 0.036601307189542485
0 0.5680147058823529 0.06274509803921569 0.008088235294117648 0.03398692810457516
9 0.5742647058823529 0.058823529411764705 0.0058823529411764705 0.03137254901960784
0 0.575735294117647 0.05032679738562092 0.008823529411764706 0.040522875816993466
9 0.7073529411764706 0.11503267973856209 0.008823529411764706 0.0392156862745098
0 0.7088235294117647 0.11372549019607843 0.008823529411764706 0.03398692810457516
0 0.7084558823529412 0.10326797385620914 0.009558823529411765 0.0392156862745098
6 0.731985294117647 0.09673202614379085 0.0125 0.044444444444444446
0 0.7463235294117647 0.0915032679738562 0.008823529411764706 0.0392156862745098
0 0.7426470588235294 0.08758169934640522 0.007352941176470588 0.036601307189542485
0 0.74375 0.09542483660130718 0.003676470588235294 0.03137254901960784
9 0.7172794117647059 0.3287581699346405 0.009558823529411765 0.05359477124183006
0 0.7191176470588235 0.3137254901960784 0.01764705882352941 0.047058823529411764
1 0.8632352941176471 0.32287581699346407 0.014705882352941176 0.03137254901960784
0 0.8893382352941176 0.3326797385620915 0.019852941176470587 0.05359477124183006
0 0.8941176470588236 0.32745098039215687 0.016176470588235296 0.05359477124183006
0 0.9838235294117647 0.2928104575163399 0.016176470588235296 0.06013071895424837
9 0.6 0.3712418300653595 0.013235294117647059 0.05228758169934641
0 0.5996323529411764 0.3477124183006536 0.0125 0.05228758169934641
9 0.8025735294117647 0.918954248366013 0.016911764705882352 0.0915032679738562
0 0.8044117647058824 0.8986928104575164 0.03529411764705882 0.06405228758169934