3 0.3417857142857143 0.5532994923857868 0.03642857142857143 0.06598984771573604
3 0.38392857142857145 0.5501269035532995 0.03357142857142857 0.06979695431472081
3 0.4660714285714286 0.48286802030456855 0.02642857142857143 0.07233502538071065
3 0.6117857142857143 0.8286802030456852 0.027857142857142858 0.09137055837563451
3 0.5375 0.6713197969543148 0.020714285714285713 0.07360406091370558
3 0.5939285714285715 0.4936548223350254 0.019285714285714285 0.0532994923857868
3 0.5107142857142857 0.40609137055837563 0.02142857142857143 0.0583756345177665
3 0.49714285714285716 0.21129441624365483 0.017142857142857144 0.046954314720812185
3 0.4575 0.15545685279187818 0.016428571428571428 0.031725888324873094
3 0.45785714285714285 0.0583756345177665 0.015714285714285715 0.030456852791878174
3 0.4182142857142857 0.674492385786802 0.03642857142857143 0.09263959390862944
3 0.2357142857142857 0.9657360406091371 0.054285714285714284 0.06598984771573604
5 0.09892857142857144 0.7874365482233503 0.062142857142857146 0.11294416243654823
5 0.09214285714285714 0.7531725888324873 0.06 0.11548223350253807
5 0.07642857142857143 0.7258883248730964 0.05714285714285714 0.10913705583756345
5 0.05785714285714286 0.7093908629441624 0.06571428571428571 0.10913705583756345
5 0.03642857142857143 0.6954314720812182 0.07285714285714286 0.12944162436548223
5 0.026071428571428572 0.6675126903553299 0.052142857142857144 0.10913705583756345
5 0.43392857142857144 0.31916243654822335 0.03642857142857143 0.0850253807106599
8 0.075 0.44352791878172587 0.07142857142857142 0.10786802030456853
3 0.6407142857142857 0.15862944162436549 0.02 0.030456852791878174
3 0.6267857142857143 0.11611675126903553 0.013571428571428571 0.031725888324873094
3 0.6432142857142857 0.10279187817258884 0.013571428571428571 0.025380710659898477
3 0.6975 0.116751269035533 0.020714285714285713 0.027918781725888325
3 0.7460714285714286 0.31916243654822335 0.019285714285714285 0.03680203045685279
3 0.7753571428571429 0.2201776649746193 0.030714285714285715 0.02918781725888325
3 0.7803571428571429 0.20812182741116753 0.025 0.027918781725888325
3 0.79 0.1967005076142132 0.027142857142857142 0.03299492385786802
3 0.8157142857142857 0.15038071065989847 0.02142857142857143 0.02918781725888325
3 0.8232142857142857 0.14403553299492386 0.02214285714285714 0.02918781725888325
3 0.8128571428571428 0.16370558375634517 0.025714285714285714 0.027918781725888325
3 0.8378571428571429 0.19923857868020303 0.03 0.027918781725888325
3 0.8464285714285714 0.15291878172588833 0.024285714285714285 0.0266497461928934
3 0.9114285714285715 0.16116751269035534 0.022857142857142857 0.025380710659898477
3 0.9378571428571428 0.20241116751269037 0.03142857142857143 0.02918781725888325
3 0.9721428571428572 0.20241116751269037 0.03142857142857143 0.024111675126903553
3 0.9325 0.19098984771573604 0.025 0.01903553299492386
3 0.955 0.1814720812182741 0.025714285714285714 0.02030456852791878
3 0.9489285714285715 0.1713197969543147 0.023571428571428573 0.015228426395939087
3 0.9417857142857143 0.16116751269035534 0.029285714285714286 0.02030456852791878
3 0.9260714285714285 0.13769035532994925 0.03214285714285714 0.0266497461928934
0 0.9385714285714286 0.1199238578680203 0.007142857142857143 0.01903553299492386
0 0.9010714285714285 0.11104060913705584 0.0064285714285714285 0.01903553299492386
8 0.1417857142857143 0.4118020304568528 0.04642857142857143 0.06472081218274112
4 0.3625 0.31281725888324874 0.016428571428571428 0.04949238578680203
3 0.36464285714285716 0.27220812182741116 0.017857142857142856 0.031725888324873094
3 0.36714285714285716 0.23223350253807107 0.012857142857142857 0.030456852791878174
3 0.3703571428571429 0.1319796954314721 0.013571428571428571 0.025380710659898477
3 0.2392857142857143 0.19923857868020303 0.017142857142857144 0.027918781725888325
3 0.24535714285714286 0.17258883248730963 0.017857142857142856 0.02284263959390863
3 0.03321428571428572 0.3013959390862944 0.023571428571428573 0.031725888324873094
3 0.018214285714285714 0.3147208121827411 0.025 0.03299492385786802
3 0.05892857142857143 0.28616751269035534 0.02642857142857143 0.03934010152284264
3 0.055357142857142855 0.28109137055837563 0.03357142857142857 0.02918781725888325
3 0.04642857142857143 0.2696700507614213 0.03428571428571429 0.03426395939086294
3 0.05 0.22906091370558376 0.024285714285714285 0.02918781725888325
3 0.07607142857142857 0.21446700507614214 0.030714285714285715 0.025380710659898477
3 0.06857142857142857 0.20748730964467005 0.024285714285714285 0.024111675126903553
3 0.04 0.22461928934010153 0.024285714285714285 0.025380710659898477
3 0.035 0.217005076142132 0.027142857142857142 0.027918781725888325
3 0.025357142857142856 0.21446700507614214 0.027857142857142858 0.03299492385786802
3 0.1 0.1649746192893401 0.027142857142857142 0.03553299492385787
3 0.10678571428571429 0.1681472081218274 0.02642857142857143 0.03426395939086294
5 0.5892857142857143 0.0932741116751269 0.025714285714285714 0.04187817258883249
0 0.37464285714285717 0.060279187817258884 0.0035714285714285713 0.01649746192893401
3 0.38 0.07741116751269035 0.01 0.017766497461928935
3 0.38035714285714284 0.05710659898477157 0.010714285714285714 0.02030456852791878
3 0.38392857142857145 0.03426395939086294 0.009285714285714286 0.02030456852791878
3 0.2782142857142857 0.09517766497461928 0.012142857142857143 0.017766497461928935
3 0.28785714285714287 0.10215736040609137 0.017142857142857144 0.013959390862944163
3 0.3032142857142857 0.0717005076142132 0.007857142857142858 0.021573604060913704