3 0.453 0.34 0.006 0.006666666666666667
3 0.431 0.3436666666666667 0.005 0.006
3 0.431 0.347 0.011 0.007333333333333333
4 0.465 0.3413333333333333 0.006 0.005333333333333333
3 0.46775 0.345 0.0105 0.006
3 0.46675 0.3466666666666667 0.0125 0.006666666666666667
3 0.46325 0.3443333333333333 0.0095 0.006
0 0.477 0.3496666666666667 0.002 0.007333333333333333
0 0.471 0.33866666666666667 0.002 0.005333333333333333
3 0.46775 0.35433333333333333 0.0145 0.008666666666666666
4 0.463 0.356 0.013 0.009333333333333334
4 0.445 0.345 0.005 0.008666666666666666
3 0.47475 0.359 0.0055 0.007333333333333333
3 0.4725 0.362 0.016 0.006666666666666667
3 0.472 0.3636666666666667 0.014 0.01
3 0.4755 0.36833333333333335 0.017 0.008666666666666666
3 0.47525 0.37366666666666665 0.0165 0.008666666666666666
3 0.479 0.37633333333333335 0.017 0.01
3 0.48125 0.38133333333333336 0.0165 0.010666666666666666
3 0.473 0.385 0.019 0.01
3 0.4795 0.387 0.017 0.01
3 0.4825 0.39 0.018 0.010666666666666666
3 0.42675 0.3566666666666667 0.0065 0.009333333333333334
3 0.425 0.36033333333333334 0.006 0.007333333333333333
3 0.445 0.379 0.008 0.01
3 0.48875 0.40066666666666667 0.0115 0.012
3 0.42325 0.369 0.0075 0.008666666666666666
5 0.4205 0.37666666666666665 0.009 0.017333333333333333
3 0.4825 0.4146666666666667 0.01 0.012
3 0.48775 0.4246666666666667 0.0145 0.014666666666666666
3 0.42 0.39 0.009 0.010666666666666666
3 0.421 0.39666666666666667 0.01 0.010666666666666666
5 0.42 0.402 0.01 0.013333333333333334
5 0.41825 0.413 0.0105 0.016666666666666666
3 0.41475 0.43233333333333335 0.0115 0.015333333333333332
3 0.412 0.44433333333333336 0.012 0.014
3 0.411 0.46 0.013 0.017333333333333333
3 0.41025 0.475 0.0185 0.018
0 0.48575 0.365 0.0025 0.007333333333333333
3 0.46 0.45966666666666667 0.014 0.016666666666666666
3 0.53375 0.4876666666666667 0.0355 0.022
3 0.44425 0.524 0.0185 0.028
3 0.47025 0.5376666666666666 0.0185 0.027333333333333334
3 0.40325 0.5033333333333333 0.0175 0.024
3 0.402 0.549 0.021 0.03266666666666666
3 0.39975 0.5866666666666667 0.0265 0.036
1 0.404 0.5843333333333334 0.006 0.016666666666666666
3 0.5225 0.591 0.046 0.043333333333333335
3 0.56175 0.5363333333333333 0.0465 0.027333333333333334
3 0.55475 0.529 0.0445 0.024666666666666667
4 0.5665 0.5503333333333333 0.045 0.03133333333333333
4 0.5895 0.5943333333333334 0.049 0.03666666666666667
3 0.47775 0.672 0.0325 0.04933333333333333
3 0.6275 0.6336666666666667 0.06 0.03266666666666666
3 0.625 0.66 0.064 0.034666666666666665
3 0.62425 0.6903333333333334 0.0755 0.04466666666666667
3 0.57775 0.7603333333333333 0.0405 0.07
3 0.516 0.816 0.048 0.08666666666666667
3 0.342 0.9333333333333333 0.057 0.13333333333333333
4 0.3025 0.7573333333333333 0.04 0.06533333333333333
3 0.0375 0.6243333333333333 0.056 0.048666666666666664
2 0.01275 0.883 0.0255 0.04466666666666667
1 0.0085 0.8673333333333333 0.017 0.042666666666666665
9 0.36125 0.7443333333333333 0.0105 0.034
1 0.3575 0.7343333333333333 0.017 0.027333333333333334
5 0.36025 0.5373333333333333 0.0275 0.058666666666666666
0 0.36 0.604 0.005 0.024
0 0.35475 0.609 0.0035 0.015333333333333332
9 0.56275 0.5816666666666667 0.0165 0.018
2 0.55625 0.577 0.0095 0.018
2 0.554 0.571 0.011 0.015333333333333332
1 0.55575 0.5696666666666667 0.0075 0.018
0 0.50825 0.5823333333333334 0.0085 0.024666666666666667
0 0.57275 0.5546666666666666 0.0055 0.025333333333333333
0 0.5645 0.558 0.008 0.021333333333333333
1 0.565 0.5523333333333333 0.007 0.016666666666666666
1 0.562 0.4846666666666667 0.007 0.012
0 0.545 0.4523333333333333 0.003 0.014
9 0.53125 0.474 0.0105 0.010666666666666666
9 0.52925 0.46366666666666667 0.0085 0.007333333333333333
6 0.525 0.462 0.012 0.009333333333333334
0 0.51225 0.41333333333333333 0.0025 0.012
0 0.51525 0.4106666666666667 0.0025 0.012
0 0.5 0.4146666666666667 0.003 0.012
1 0.49125 0.414 0.0035 0.008
9 0.4915 0.41633333333333333 0.004 0.007333333333333333
7 0.4965 0.41433333333333333 0.005 0.018
9 0.483 0.441 0.004 0.01
1 0.48325 0.438 0.0045 0.010666666666666666
9 0.47275 0.42433333333333334 0.0035 0.008666666666666666
1 0.472 0.42133333333333334 0.003 0.010666666666666666
6 0.42625 0.43966666666666665 0.0085 0.014
0 0.4685 0.4066666666666667 0.003 0.012
0 0.4745 0.4053333333333333 0.004 0.012
0 0.47825 0.4076666666666667 0.0035 0.011333333333333334
0 0.47925 0.4056666666666667 0.0025 0.011333333333333334
0 0.47875 0.4053333333333333 0.0025 0.012
9 0.46325 0.407 0.0035 0.007333333333333333
1 0.463 0.404 0.004 0.008
0 0.43225 0.3983333333333333 0.0035 0.01
9 0.461 0.379 0.002 0.007333333333333333
1 0.46075 0.377 0.0025 0.007333333333333333
6 0.432 0.379 0.003 0.006
1 0.432 0.37633333333333335 0.003 0.006
0 0.42875 0.36333333333333334 0.0025 0.008
9 0.4365 0.357 0.002 0.004666666666666667
9 0.4385 0.35533333333333333 0.002 0.004
9 0.43925 0.349 0.0015 0.004666666666666667
1 0.43625 0.355 0.0025 0.006
1 0.43825 0.35333333333333333 0.0025 0.005333333333333333
1 0.43925 0.3473333333333333 0.0025 0.005333333333333333
0 0.4935 0.364 0.002 0.008
0 0.49175 0.373 0.0025 0.008666666666666666
9 0.7165 0.761 0.025 0.026
9 0.42425 0.5223333333333333 0.0055 0.014
1 0.42425 0.517 0.0065 0.019333333333333334
0 0.3955 0.4686666666666667 0.003 0.009333333333333334
0 0.38875 0.4686666666666667 0.0045 0.014666666666666666
1 0.387 0.46366666666666667 0.002 0.006
0 0.3905 0.466 0.004 0.012