3 0.7225 0.5736040609137056 0.085 0.06852791878172589
3 0.9275 0.48984771573604063 0.07357142857142857 0.06091370558375635
3 0.39107142857142857 0.4200507614213198 0.05785714285714286 0.05583756345177665
3 0.09928571428571428 0.3153553299492386 0.054285714285714284 0.046954314720812185
8 0.31357142857142856 0.2785532994923858 0.08 0.06979695431472081
4 0.3342857142857143 0.6624365482233503 0.06142857142857143 0.06091370558375635
3 0.7103571428571429 0.7557106598984772 0.06357142857142857 0.05710659898477157
3 0.57 0.6941624365482234 0.05142857142857143 0.05583756345177665
4 0.6435714285714286 0.7239847715736041 0.06428571428571428 0.06472081218274112
5 0.48857142857142855 0.6421319796954315 0.08571428571428572 0.09644670050761421
4 0.8589285714285714 0.7055837563451777 0.07214285714285715 0.0583756345177665
3 0.08892857142857143 0.2436548223350254 0.062142857142857146 0.0583756345177665
8 0.4567857142857143 0.2753807106598985 0.05928571428571429 0.0532994923857868
4 0.8178571428571428 0.2151015228426396 0.018571428571428572 0.04949238578680203
3 0.8396428571428571 0.22525380710659898 0.017857142857142856 0.04187817258883249
5 0.9696428571428571 0.2848984771573604 0.060714285714285714 0.06472081218274112
5 0.9675 0.23730964467005075 0.056428571428571425 0.0532994923857868
5 0.9664285714285714 0.21763959390862944 0.05857142857142857 0.04949238578680203
5 0.9632142857142857 0.16307106598984772 0.04928571428571429 0.05710659898477157
3 0.905 0.29124365482233505 0.05285714285714286 0.04187817258883249
3 0.9092857142857143 0.2696700507614213 0.04857142857142857 0.02918781725888325
3 0.9075 0.23921319796954316 0.039285714285714285 0.031725888324873094
4 0.9092857142857143 0.21954314720812182 0.047142857142857146 0.03807106598984772
3 0.9035714285714286 0.20939086294416243 0.037142857142857144 0.025380710659898477
3 0.9060714285714285 0.19416243654822335 0.04071428571428572 0.02284263959390863
3 0.9071428571428571 0.16560913705583757 0.03857142857142857 0.02918781725888325
4 0.9089285714285714 0.14784263959390864 0.04071428571428572 0.03680203045685279
3 0.8403571428571428 0.13388324873096447 0.016428571428571428 0.03680203045685279
3 0.8046428571428571 0.1516497461928934 0.019285714285714285 0.04187817258883249
3 0.8221428571428572 0.12563451776649745 0.01 0.03299492385786802
4 0.8078571428571428 0.11357868020304568 0.015714285714285715 0.03680203045685279
3 0.7914285714285715 0.11611675126903553 0.012857142857142857 0.031725888324873094
3 0.7710714285714285 0.13642131979695432 0.02214285714285714 0.05203045685279188
3 0.7542857142857143 0.13261421319796954 0.02 0.04949238578680203
3 0.6671428571428571 0.03299492385786802 0.02857142857142857 0.027918781725888325
3 0.7007142857142857 0.03807106598984772 0.03428571428571429 0.03299492385786802
3 0.7621428571428571 0.02284263959390863 0.032857142857142856 0.02030456852791878
3 0.7578571428571429 0.05456852791878172 0.03 0.030456852791878174
3 0.7214285714285714 0.24809644670050762 0.03571428571428571 0.031725888324873094
3 0.7217857142857143 0.22842639593908629 0.03642857142857143 0.03299492385786802
3 0.7225 0.20875634517766498 0.03642857142857143 0.03680203045685279
3 0.7253571428571428 0.19289340101522842 0.03642857142857143 0.03299492385786802
3 0.7260714285714286 0.17385786802030456 0.03214285714285714 0.030456852791878174
3 0.7282142857142857 0.1567258883248731 0.03785714285714286 0.03680203045685279
3 0.7160714285714286 0.26649746192893403 0.03642857142857143 0.04314720812182741
3 0.735 0.1281725888324873 0.017142857142857144 0.04060913705583756
3 0.7192857142857143 0.12055837563451777 0.02 0.03553299492385787
3 0.7107142857142857 0.09200507614213198 0.017142857142857144 0.03426395939086294
3 0.6932142857142857 0.08692893401015228 0.017857142857142856 0.03680203045685279
3 0.6675 0.10025380710659898 0.019285714285714285 0.04060913705583756
3 0.6785714285714286 0.25317258883248733 0.03142857142857143 0.03934010152284264
4 0.6875 0.2049492385786802 0.023571428571428573 0.0266497461928934
4 0.7728571428571429 0.10532994923857868 0.012857142857142857 0.027918781725888325
4 0.7578571428571429 0.10469543147208121 0.015714285714285715 0.02918781725888325
4 0.7407142857142858 0.09771573604060914 0.018571428571428572 0.027918781725888325
3 0.8939285714285714 0.09454314720812183 0.03357142857142857 0.02918781725888325
4 0.8582142857142857 0.08121827411167512 0.03785714285714286 0.027918781725888325
4 0.7946428571428571 0.06218274111675127 0.03357142857142857 0.03553299492385787
4 0.8003571428571429 0.05012690355329949 0.03357142857142857 0.03426395939086294
4 0.7992857142857143 0.02284263959390863 0.03428571428571429 0.027918781725888325
3 0.8553571428571428 0.06916243654822335 0.04071428571428572 0.0266497461928934
3 0.8596428571428572 0.04758883248730964 0.029285714285714286 0.024111675126903553
3 0.8939285714285714 0.07741116751269035 0.030714285714285715 0.025380710659898477
3 0.8957142857142857 0.057741116751269035 0.03571428571428571 0.031725888324873094
3 0.8960714285714285 0.03362944162436548 0.03214285714285714 0.0266497461928934
3 0.8596428571428572 0.02284263959390863 0.030714285714285715 0.025380710659898477
3 0.9682142857142857 0.116751269035533 0.029285714285714286 0.030456852791878174
3 0.965 0.0983502538071066 0.03571428571428571 0.031725888324873094
3 0.96 0.06472081218274112 0.03571428571428571 0.030456852791878174
3 0.9542857142857143 0.023477157360406092 0.03428571428571429 0.024111675126903553
3 0.9867857142857143 0.04251269035532995 0.02214285714285714 0.02918781725888325
0 0.5975 0.8331218274111675 0.016428571428571428 0.02918781725888325
0 0.8364285714285714 0.9073604060913706 0.015714285714285715 0.04568527918781726
0 0.11392857142857143 0.6154822335025381 0.013571428571428571 0.02284263959390863
0 0.05821428571428571 0.684010152284264 0.016428571428571428 0.030456852791878174
0 0.037142857142857144 0.5653553299492385 0.017142857142857144 0.0266497461928934
0 0.6621428571428571 0.6725888324873096 0.01 0.02284263959390863
0 0.3242857142857143 0.682741116751269 0.014285714285714285 0.03299492385786802
3 0.41535714285714287 0.6192893401015228 0.055 0.06091370558375635
3 0.84 0.33375634517766495 0.024285714285714285 0.0532994923857868
3 0.685 0.23096446700507614 0.02857142857142857 0.03299492385786802
3 0.6714285714285714 0.010786802030456852 0.03428571428571429 0.021573604060913704
3 0.9610714285714286 0.05964467005076142 0.030714285714285715 0.027918781725888325
0 0.9864285714285714 0.8845177664974619 0.012857142857142857 0.03299492385786802