3 0.9488517745302714 0.5969387755102041 0.055323590814196244 0.08256029684601113
6 0.35386221294363257 0.9090909090909091 0.05323590814196242 0.059369202226345084
9 0.32933194154488515 0.601113172541744 0.013569937369519834 0.04452690166975881
5 0.45120041753653445 0.5941558441558441 0.02661795407098121 0.10296846011131726
9 0.3935281837160752 0.5644712430426716 0.021920668058455117 0.030612244897959183
9 0.3551670146137787 0.46289424860853434 0.02035490605427975 0.022263450834879406
0 0.35908141962421714 0.4735621521335807 0.009394572025052192 0.036178107606679034
9 0.3575156576200417 0.44387755102040816 0.017745302713987474 0.02504638218923933
7 0.36012526096033404 0.41929499072356213 0.028183716075156576 0.03710575139146568
6 0.36664926931106473 0.39285714285714285 0.02870563674321503 0.026901669758812616
9 0.3653444676409186 0.38636363636363635 0.020876826722338204 0.01948051948051948
3 0.3870041753653445 0.35482374768089053 0.048538622129436326 0.036178107606679034
3 0.4538100208768267 0.30565862708719854 0.02348643006263048 0.06029684601113173
9 0.38648225469728603 0.19387755102040816 0.013048016701461378 0.01855287569573284
9 0.4052713987473904 0.19805194805194806 0.005741127348643006 0.023191094619666047
6 0.3924843423799583 0.19155844155844157 0.016701461377870562 0.017625231910946195
9 0.39979123173277664 0.15445269016697588 0.015657620041753653 0.017625231910946195
9 0.4024008350730689 0.13636363636363635 0.014613778705636743 0.014842300556586271
0 0.4144050104384134 0.07467532467532467 0.006263048016701462 0.015769944341372914
3 0.4240605427974948 0.11270871985157699 0.01826722338204593 0.041743970315398886
3 0.45433194154488515 0.12755102040816327 0.016179540709812108 0.039888682745825604
3 0.4574634655532359 0.07560296846011132 0.014091858037578288 0.03432282003710575
7 0.4715553235908142 0.08812615955473098 0.012004175365344467 0.029684601113172542
7 0.4859081419624217 0.05148423005565863 0.009394572025052192 0.026901669758812616
3 0.5156576200417536 0.036178107606679034 0.015657620041753653 0.025974025974025976
3 0.5213987473903967 0.08348794063079777 0.014613778705636743 0.029684601113172542
1 0.49582463465553234 0.08441558441558442 0.005219206680584551 0.014842300556586271
1 0.4866910229645094 0.11641929499072357 0.006784968684759917 0.015769944341372914
1 0.47312108559498955 0.14656771799628943 0.006784968684759917 0.02040816326530612
1 0.5161795407098121 0.161873840445269 0.006263048016701462 0.017625231910946195
9 0.49582463465553234 0.09044526901669758 0.006263048016701462 0.017625231910946195
9 0.48721294363256784 0.12198515769944342 0.007828810020876827 0.01948051948051948
9 0.47312108559498955 0.150278293135436 0.006784968684759917 0.02040816326530612
9 0.5159185803757829 0.16697588126159554 0.006784968684759917 0.02040816326530612
3 0.5313152400835073 0.16465677179962895 0.015657620041753653 0.0287569573283859
7 0.502348643006263 0.16651205936920221 0.012004175365344467 0.03432282003710575
7 0.48329853862212946 0.16094619666048238 0.013569937369519834 0.039888682745825604
7 0.5443632567849687 0.26205936920222633 0.022964509394572025 0.03432282003710575
3 0.5396659707724426 0.300556586270872 0.021920668058455117 0.05194805194805195
3 0.5897703549060542 0.29267161410018555 0.037578288100208766 0.04730983302411874
9 0.6156054279749478 0.3098330241187384 0.010960334029227558 0.029684601113172542
9 0.6111691022964509 0.3232838589981447 0.020876826722338204 0.02504638218923933
0 0.6156054279749478 0.34183673469387754 0.007828810020876827 0.0287569573283859
9 0.6461377870563675 0.3464749536178108 0.014613778705636743 0.013914656771799629
9 0.6495302713987474 0.37105751391465674 0.009916492693110648 0.03710575139146568
4 0.6098643006263048 0.387291280148423 0.024530271398747392 0.06029684601113173
3 0.5553235908141962 0.39517625231910947 0.021920668058455117 0.05194805194805195
9 0.6654488517745303 0.39007421150278293 0.016701461377870562 0.023191094619666047
9 0.675365344467641 0.3687384044526902 0.009394572025052192 0.0287569573283859
2 0.6362212943632568 0.5106679035250464 0.011482254697286013 0.03432282003710575
9 0.619258872651357 0.47680890538033394 0.02139874739039666 0.025974025974025976
4 0.5701983298538622 0.49443413729128016 0.029749478079331943 0.0686456400742115
7 0.5467118997912317 0.6080705009276438 0.02139874739039666 0.07142857142857142
7 0.7022442588726514 0.609925788497217 0.031837160751565764 0.06957328385899815
7 0.615866388308977 0.8130797773654916 0.028183716075156576 0.09740259740259741
1 0.5704592901878914 0.7824675324675324 0.013569937369519834 0.03432282003710575
9 0.5691544885177453 0.7852504638218923 0.013048016701461378 0.04916512059369202
0 0.23068893528183715 0.9712430426716141 0.016701461377870562 0.04267161410018553
5 0.6080375782881002 0.25092764378478666 0.049060542797494784 0.041743970315398886
3 0.5686325678496869 0.16326530612244897 0.01722338204592902 0.04081632653061224
3 0.5900313152400835 0.15630797773654917 0.0255741127348643 0.038033395176252316
3 0.5808977035490606 0.12291280148423006 0.031315240083507306 0.026901669758812616
3 0.5688935281837161 0.08302411873840446 0.027139874739039668 0.0287569573283859
9 0.5501043841336117 0.02365491651205937 0.006263048016701462 0.013914656771799629