0 0.047857142857142855 0.3730964467005076 0.007142857142857143 0.027918781725888325
0 0.05071428571428571 0.36611675126903553 0.007142857142857143 0.021573604060913704
0 0.05142857142857143 0.35786802030456855 0.008571428571428572 0.02030456852791878
0 0.05142857142857143 0.3553299492385787 0.01 0.025380710659898477
8 0.06642857142857143 0.44543147208121825 0.1 0.11928934010152284
4 0.09392857142857143 0.4289340101522843 0.045 0.06091370558375635
4 0.1457142857142857 0.4498730964467005 0.04857142857142857 0.05964467005076142
4 0.19392857142857142 0.4746192893401015 0.05071428571428571 0.0583756345177665
4 0.29714285714285715 0.5285532994923858 0.054285714285714284 0.06725888324873096
3 0.24428571428571427 0.5076142131979695 0.05142857142857143 0.0532994923857868
3 0.35678571428571426 0.5653553299492385 0.056428571428571425 0.06218274111675127
4 0.42 0.5964467005076142 0.05714285714285714 0.06345177664974619
0 0.10035714285714285 0.40545685279187815 0.0064285714285714285 0.0266497461928934
0 0.11357142857142857 0.41116751269035534 0.01 0.030456852791878174
0 0.11535714285714285 0.407994923857868 0.007857142857142858 0.03680203045685279
0 0.10714285714285714 0.37246192893401014 0.008571428571428572 0.024111675126903553
0 0.12142857142857143 0.41116751269035534 0.007142857142857143 0.030456852791878174
0 0.12285714285714286 0.41878172588832485 0.007142857142857143 0.025380710659898477
0 0.12928571428571428 0.3946700507614213 0.008571428571428572 0.030456852791878174
0 0.13035714285714287 0.41624365482233505 0.007857142857142858 0.030456852791878174
0 0.13392857142857142 0.41116751269035534 0.0064285714285714285 0.030456852791878174
0 0.13535714285714287 0.42258883248730966 0.0064285714285714285 0.027918781725888325
0 0.1425 0.41814720812182743 0.007857142857142858 0.0266497461928934
0 0.2807142857142857 0.47652284263959394 0.008571428571428572 0.03426395939086294
2 0.26 0.49048223350253806 0.017142857142857144 0.024111675126903553
1 0.3675 0.22208121827411167 0.007857142857142858 0.02030456852791878
1 0.37785714285714284 0.20939086294416243 0.004285714285714286 0.017766497461928935
1 0.38321428571428573 0.19860406091370558 0.0064285714285714285 0.01649746192893401
0 0.39321428571428574 0.19289340101522842 0.0035714285714285713 0.015228426395939087
0 0.39785714285714285 0.20304568527918782 0.002857142857142857 0.015228426395939087
0 0.5903571428571428 0.25951776649746194 0.0064285714285714285 0.024111675126903553
0 0.5992857142857143 0.2639593908629442 0.004285714285714286 0.02284263959390863
0 0.6046428571428571 0.30647208121827413 0.0064285714285714285 0.024111675126903553
0 0.575 0.3432741116751269 0.007142857142857143 0.02918781725888325
4 0.5267857142857143 0.22461928934010153 0.039285714285714285 0.04568527918781726
4 0.5392857142857143 0.21890862944162437 0.03142857142857143 0.03426395939086294
4 0.5142857142857142 0.3293147208121827 0.032857142857142856 0.07487309644670051
4 0.5332142857142858 0.2918781725888325 0.023571428571428573 0.050761421319796954
4 0.5457142857142857 0.26015228426395937 0.022857142857142857 0.048223350253807105
4 0.5925 0.4137055837563452 0.056428571428571425 0.06091370558375635
4 0.5882142857142857 0.3166243654822335 0.023571428571428573 0.05203045685279188
4 0.6296428571428572 0.3343908629441624 0.030714285714285715 0.07487309644670051
4 0.6746428571428571 0.35215736040609136 0.02642857142857143 0.06979695431472081
4 0.7232142857142857 0.37817258883248733 0.020714285714285713 0.0583756345177665
4 0.7325 0.27982233502538073 0.05357142857142857 0.05203045685279188
3 0.6403571428571428 0.23223350253807107 0.02214285714285714 0.04314720812182741
3 0.6785714285714286 0.24175126903553298 0.017142857142857144 0.03934010152284264
3 0.6003571428571428 0.28616751269035534 0.025 0.044416243654822336
3 0.6203571428571428 0.29758883248730966 0.02214285714285714 0.031725888324873094
3 0.6421428571428571 0.3052030456852792 0.022857142857142857 0.04187817258883249
3 0.6514285714285715 0.35215736040609136 0.025714285714285714 0.05203045685279188
3 0.6635714285714286 0.3102791878172589 0.022857142857142857 0.03934010152284264
3 0.6860714285714286 0.31789340101522845 0.02214285714285714 0.04187817258883249
3 0.6960714285714286 0.36928934010152287 0.020714285714285713 0.050761421319796954
3 0.75 0.3565989847715736 0.022857142857142857 0.04060913705583756
3 0.73 0.3381979695431472 0.022857142857142857 0.044416243654822336
3 0.7064285714285714 0.3299492385786802 0.02142857142857143 0.03553299492385787
9 0.5682142857142857 0.21446700507614214 0.012142857142857143 0.017766497461928935
9 0.57 0.2049492385786802 0.011428571428571429 0.0266497461928934
9 0.5742857142857143 0.19733502538071065 0.012857142857142857 0.024111675126903553
9 0.5764285714285714 0.1947969543147208 0.012857142857142857 0.024111675126903553
9 0.6003571428571428 0.22461928934010153 0.015 0.017766497461928935
9 0.6014285714285714 0.22081218274111675 0.014285714285714285 0.025380710659898477
9 0.6021428571428571 0.21573604060913706 0.012857142857142857 0.02030456852791878
9 0.6917857142857143 0.25444162436548223 0.010714285714285714 0.024111675126903553
9 0.7025 0.2569796954314721 0.007857142857142858 0.0266497461928934
9 0.7814285714285715 0.28553299492385786 0.008571428571428572 0.027918781725888325
9 0.8003571428571429 0.29124365482233505 0.007857142857142858 0.0266497461928934
9 0.7928571428571428 0.2880710659898477 0.01 0.027918781725888325
9 0.8075 0.29314720812182743 0.009285714285714286 0.030456852791878174
9 0.8160714285714286 0.2887055837563452 0.009285714285714286 0.021573604060913704
9 0.8242857142857143 0.2652284263959391 0.018571428571428572 0.02284263959390863
9 0.8289285714285715 0.25571065989847713 0.020714285714285713 0.02918781725888325
9 0.8782142857142857 0.10596446700507614 0.005 0.01903553299492386
9 0.885 0.1065989847715736 0.007142857142857143 0.02030456852791878
4 0.8575 0.07931472081218274 0.013571428571428571 0.03680203045685279
4 0.9164285714285715 0.13261421319796954 0.037142857142857144 0.031725888324873094
4 0.9192857142857143 0.14403553299492386 0.037142857142857144 0.02918781725888325
4 0.9092857142857143 0.20114213197969544 0.02142857142857143 0.02918781725888325
3 0.875 0.2430203045685279 0.022857142857142857 0.031725888324873094
3 0.8485714285714285 0.17068527918781726 0.03 0.02918781725888325
3 0.9071428571428571 0.17258883248730963 0.015714285714285715 0.027918781725888325
9 0.8542857142857143 0.15609137055837563 0.02 0.02030456852791878
9 0.9196428571428571 0.11611675126903553 0.016428571428571428 0.01903553299492386
0 0.7867857142857143 0.5234771573604061 0.009285714285714286 0.03426395939086294
0 0.7910714285714285 0.5304568527918782 0.0064285714285714285 0.03299492385786802
0 0.9546428571428571 0.5304568527918782 0.007857142857142858 0.02284263959390863
0 0.9460714285714286 0.5203045685279187 0.0064285714285714285 0.017766497461928935
0 0.9332142857142857 0.5380710659898477 0.007857142857142858 0.02030456852791878
0 0.9282142857142858 0.5348984771573604 0.007857142857142858 0.01903553299492386
0 0.9167857142857143 0.5717005076142132 0.009285714285714286 0.021573604060913704
0 0.9310714285714285 0.5894670050761421 0.007857142857142858 0.0266497461928934
0 0.9003571428571429 0.5977157360406091 0.007857142857142858 0.02284263959390863
0 0.905 0.6034263959390863 0.01 0.024111675126903553
0 0.9114285714285715 0.6034263959390863 0.008571428571428572 0.024111675126903553
4 0.9764285714285714 0.7982233502538071 0.037142857142857144 0.06345177664974619
8 0.8960714285714285 0.8730964467005076 0.13214285714285715 0.14213197969543148
0 0.8675 0.7785532994923858 0.010714285714285714 0.03426395939086294
9 0.7985714285714286 0.815989847715736 0.018571428571428572 0.05583756345177665
9 0.7864285714285715 0.8045685279187818 0.015714285714285715 0.0532994923857868
9 0.7757142857142857 0.800761421319797 0.014285714285714285 0.06091370558375635
9 0.75 0.7931472081218274 0.011428571428571429 0.050761421319796954
9 0.7403571428571428 0.7791878172588832 0.015 0.0583756345177665
9 0.7296428571428571 0.7785532994923858 0.013571428571428571 0.05203045685279188
9 0.7189285714285715 0.7677664974619289 0.012142857142857143 0.0532994923857868
9 0.7089285714285715 0.7620558375634517 0.010714285714285714 0.05203045685279188
9 0.6975 0.7620558375634517 0.012142857142857143 0.05456852791878172
9 0.6885714285714286 0.7563451776649747 0.014285714285714285 0.0532994923857868
9 0.6796428571428571 0.7436548223350253 0.015 0.0583756345177665
9 0.6685714285714286 0.7385786802030457 0.012857142857142857 0.050761421319796954
9 0.6585714285714286 0.7373096446700508 0.011428571428571429 0.03553299492385787
9 0.6482142857142857 0.7315989847715736 0.010714285714285714 0.03934010152284264
9 0.6378571428571429 0.7182741116751269 0.014285714285714285 0.0583756345177665
9 0.6275 0.7131979695431472 0.015 0.0583756345177665
9 0.6178571428571429 0.7151015228426396 0.015714285714285715 0.03934010152284264
9 0.6096428571428572 0.7081218274111675 0.013571428571428571 0.050761421319796954
9 0.5907142857142857 0.7036802030456852 0.015714285714285715 0.04187817258883249
0 0.6835714285714286 0.6986040609137056 0.005714285714285714 0.031725888324873094
0 0.5446428571428571 0.9232233502538071 0.007857142857142858 0.031725888324873094
0 0.4857142857142857 0.5691624365482234 0.008571428571428572 0.024111675126903553
0 0.42714285714285716 0.5520304568527918 0.007142857142857143 0.025380710659898477
3 0.485 0.6357868020304569 0.05714285714285714 0.06345177664974619
4 0.5464285714285714 0.666243654822335 0.06428571428571428 0.08375634517766498