3 0.17720588235294119 0.777124183006536 0.06764705882352941 0.134640522875817
3 0.2511029411764706 0.5908496732026144 0.04779411764705882 0.08888888888888889
3 0.20477941176470588 0.5836601307189543 0.05073529411764706 0.08496732026143791
3 0.2775735294117647 0.3862745098039216 0.030147058823529412 0.048366013071895426
3 0.2386029411764706 0.3712418300653595 0.028676470588235293 0.04183006535947712
9 0.1661764705882353 0.545751633986928 0.01764705882352941 0.0457516339869281
1 0.16580882352941176 0.5424836601307189 0.01838235294117647 0.05228758169934641
1 0.1676470588235294 0.5359477124183006 0.013235294117647059 0.044444444444444446
3 0.9595588235294118 0.6091503267973856 0.07794117647058824 0.07320261437908497
3 0.5540441176470589 0.550326797385621 0.07279411764705883 0.06274509803921569
6 0.5147058823529411 0.4797385620915033 0.054411764705882354 0.054901960784313725
1 0.5036764705882353 0.4764705882352941 0.014705882352941176 0.040522875816993466
4 0.8275735294117647 0.526797385620915 0.06691176470588235 0.06797385620915032
0 0.9797794117647058 0.33202614379084966 0.008088235294117648 0.02875816993464052
4 0.9871323529411765 0.2973856209150327 0.025735294117647058 0.03790849673202614
0 0.9518382352941176 0.3803921568627451 0.006617647058823529 0.0392156862745098
5 0.9371323529411765 0.3627450980392157 0.11691176470588235 0.08496732026143791
5 0.9117647058823529 0.3431372549019608 0.1 0.07712418300653595
0 0.8132352941176471 0.2797385620915033 0.0058823529411764705 0.026143790849673203
0 0.7753676470588236 0.32287581699346407 0.006617647058823529 0.02875816993464052
6 0.7867647058823529 0.31176470588235294 0.027941176470588237 0.022222222222222223
3 0.7834558823529412 0.30130718954248364 0.03602941176470588 0.027450980392156862
4 0.8003676470588236 0.2529411764705882 0.030147058823529412 0.027450980392156862
5 0.7823529411764706 0.2751633986928105 0.057352941176470586 0.048366013071895426
4 0.7485294117647059 0.28104575163398693 0.03529411764705882 0.03137254901960784
3 0.7227941176470588 0.2699346405228758 0.03235294117647059 0.027450980392156862
3 0.7069852941176471 0.2601307189542484 0.03455882352941177 0.026143790849673203
4 0.694485294117647 0.2019607843137255 0.028676470588235293 0.032679738562091505
3 0.6801470588235294 0.24444444444444444 0.029411764705882353 0.026143790849673203
3 0.6643382352941176 0.234640522875817 0.030147058823529412 0.02483660130718954
4 0.6522058823529412 0.22941176470588234 0.026470588235294117 0.02483660130718954
3 0.5463235294117647 0.17254901960784313 0.023529411764705882 0.018300653594771243
3 0.5639705882352941 0.17712418300653596 0.022058823529411766 0.0196078431372549
6 0.5220588235294118 0.20261437908496732 0.011764705882352941 0.018300653594771243
1 0.5191176470588236 0.19673202614379084 0.004411764705882353 0.01437908496732026
3 0.45551470588235293 0.1758169934640523 0.016911764705882352 0.0196078431372549
3 0.34301470588235294 0.22875816993464052 0.015441176470588236 0.02875816993464052
3 0.33455882352941174 0.17254901960784313 0.011764705882352941 0.02091503267973856
3 0.3400735294117647 0.13137254901960785 0.009558823529411765 0.011764705882352941
3 0.36875 0.12679738562091503 0.013970588235294118 0.01568627450980392
0 0.30367647058823527 0.18366013071895426 0.004411764705882353 0.0196078431372549
5 0.45 0.12222222222222222 0.04852941176470588 0.030065359477124184
4 0.4202205882352941 0.12418300653594772 0.011029411764705883 0.01568627450980392
0 0.4025735294117647 0.11895424836601307 0.0022058823529411764 0.013071895424836602
3 0.4036764705882353 0.11699346405228758 0.010294117647058823 0.01437908496732026
4 0.37573529411764706 0.08888888888888889 0.008823529411764706 0.013071895424836602
4 0.37941176470588234 0.06862745098039216 0.011764705882352941 0.011764705882352941
6 0.31838235294117645 0.21176470588235294 0.010294117647058823 0.023529411764705882
1 0.3176470588235294 0.2084967320261438 0.004411764705882353 0.01699346405228758
3 0.35 0.0803921568627451 0.007352941176470588 0.009150326797385621
3 0.33455882352941174 0.06013071895424837 0.0058823529411764705 0.01045751633986928
4 0.34558823529411764 0.0673202614379085 0.008823529411764706 0.011764705882352941
3 0.3518382352941177 0.06993464052287582 0.011029411764705883 0.006535947712418301
3 0.3297794117647059 0.07058823529411765 0.006617647058823529 0.00784313725490196
3 0.31875 0.06209150326797386 0.006617647058823529 0.009150326797385621
3 0.31948529411764703 0.06993464052287582 0.006617647058823529 0.009150326797385621
3 0.3235294117647059 0.07581699346405228 0.0058823529411764705 0.01045751633986928
3 0.3316176470588235 0.08169934640522876 0.008823529411764706 0.009150326797385621