3 0.4117857142857143 0.8128172588832487 0.013571428571428571 0.044416243654822336
3 0.5264285714285715 0.7170050761421319 0.012857142857142857 0.050761421319796954
3 0.5235714285714286 0.549492385786802 0.011428571428571429 0.04568527918781726
3 0.49464285714285716 0.5799492385786802 0.010714285714285714 0.04568527918781726
3 0.5382142857142858 0.9593908629441624 0.013571428571428571 0.05583756345177665
8 0.47285714285714286 0.9612944162436549 0.017142857142857144 0.07233502538071065
9 0.5225 0.006345177664974619 0.0035714285714285713 0.012690355329949238
9 0.5071428571428571 0.34073604060913704 0.004285714285714286 0.01903553299492386
1 0.5067857142857143 0.33946700507614214 0.0035714285714285713 0.006345177664974619
3 0.9864285714285714 0.440989847715736 0.017142857142857144 0.03934010152284264
3 0.9025 0.5076142131979695 0.012142857142857143 0.030456852791878174
3 0.9132142857142858 0.5120558375634517 0.010714285714285714 0.03426395939086294
3 0.9242857142857143 0.3953045685279188 0.011428571428571429 0.03680203045685279
3 0.9567857142857142 0.32741116751269034 0.013571428571428571 0.04060913705583756
0 0.8246428571428571 0.5602791878172588 0.0035714285714285713 0.011421319796954314
0 0.82 0.5571065989847716 0.004285714285714286 0.012690355329949238
0 0.8217857142857142 0.5596446700507615 0.0035714285714285713 0.01015228426395939
0 0.8282142857142857 0.5748730964467005 0.0035714285714285713 0.007614213197969543
0 0.8232142857142857 0.5736040609137056 0.005 0.01015228426395939
0 0.8307142857142857 0.5678934010152284 0.002857142857142857 0.008883248730964468
0 0.8303571428571429 0.5634517766497462 0.005 0.01015228426395939
0 0.8146428571428571 0.6053299492385786 0.0035714285714285713 0.007614213197969543
0 0.8857142857142857 0.434010152284264 0.004285714285714286 0.007614213197969543
0 0.8853571428571428 0.40926395939086296 0.0035714285714285713 0.008883248730964468
0 0.8825 0.40418781725888325 0.002142857142857143 0.008883248730964468
0 0.8928571428571429 0.41941624365482233 0.004285714285714286 0.011421319796954314
0 0.9089285714285714 0.3680203045685279 0.005 0.012690355329949238
0 0.8975 0.41116751269035534 0.0035714285714285713 0.007614213197969543
0 0.8889285714285714 0.41053299492385786 0.005 0.011421319796954314
0 0.8875 0.42258883248730966 0.0035714285714285713 0.01015228426395939
0 0.8796428571428572 0.4346446700507614 0.0035714285714285713 0.008883248730964468
0 0.8678571428571429 0.45875634517766495 0.002857142857142857 0.008883248730964468
0 0.8225 0.5323604060913706 0.0035714285714285713 0.006345177664974619
3 0.9892857142857143 0.11230964467005077 0.012857142857142857 0.031725888324873094
0 0.9607142857142857 0.1751269035532995 0.004285714285714286 0.01015228426395939
0 0.9521428571428572 0.23096446700507614 0.004285714285714286 0.01015228426395939
0 0.9507142857142857 0.21890862944162437 0.004285714285714286 0.008883248730964468
0 0.9492857142857143 0.22715736040609136 0.002857142857142857 0.01015228426395939
0 0.9732142857142857 0.09517766497461928 0.005 0.007614213197969543
0 0.9746428571428571 0.08375634517766498 0.005 0.01015228426395939
0 0.9867857142857143 0.02728426395939086 0.0035714285714285713 0.013959390862944163
0 0.9932142857142857 0.015862944162436547 0.0035714285714285713 0.011421319796954314
0 0.9903571428571428 0.006979695431472081 0.005 0.013959390862944163
0 0.9828571428571429 0.05203045685279188 0.004285714285714286 0.007614213197969543
0 0.9803571428571428 0.07550761421319797 0.005 0.013959390862944163
0 0.9810714285714286 0.06662436548223351 0.0064285714285714285 0.013959390862944163
0 0.9825 0.05964467005076142 0.0035714285714285713 0.012690355329949238