3 0.14852941176470588 0.01764705882352941 0.030882352941176472 0.032679738562091505
4 0.2400735294117647 0.00980392156862745 0.03897058823529412 0.0196078431372549
3 0.18088235294117647 0.028104575163398694 0.025 0.03790849673202614
3 0.20294117647058824 0.040522875816993466 0.027941176470588237 0.03398692810457516
3 0.18308823529411763 0.06535947712418301 0.03529411764705882 0.03398692810457516
3 0.17169117647058824 0.10065359477124183 0.03161764705882353 0.0392156862745098
2 0.07757352941176471 0.10718954248366012 0.021323529411764706 0.026143790849673203
9 0.1297794117647059 0.03529411764705882 0.01838235294117647 0.023529411764705882
6 0.017279411764705883 0.13856209150326798 0.016911764705882352 0.023529411764705882
3 0.04963235294117647 0.17320261437908496 0.06691176470588235 0.043137254901960784
3 0.20808823529411766 0.165359477124183 0.061764705882352944 0.048366013071895426
3 0.2025735294117647 0.2019607843137255 0.06838235294117648 0.048366013071895426
3 0.16911764705882354 0.25098039215686274 0.07794117647058824 0.08104575163398693
0 0.008455882352941176 0.46601307189542485 0.016911764705882352 0.05620915032679739
0 0.020588235294117647 0.4522875816993464 0.016176470588235296 0.05751633986928104
0 0.021323529411764706 0.4398692810457516 0.011764705882352941 0.048366013071895426
0 0.008455882352941176 0.43856209150326797 0.0125 0.048366013071895426
0 0.10441176470588236 0.4562091503267974 0.014705882352941176 0.05228758169934641
0 0.1213235294117647 0.44901960784313727 0.01911764705882353 0.058823529411764705
3 0.14779411764705883 0.5686274509803921 0.060294117647058824 0.13333333333333333
4 0.39889705882352944 0.13398692810457516 0.028676470588235293 0.06143790849673202
4 0.3761029411764706 0.257516339869281 0.030147058823529412 0.08366013071895424
3 0.3654411764705882 0.36209150326797385 0.03529411764705882 0.07581699346405228
4 0.3547794117647059 0.4797385620915033 0.04926470588235294 0.12287581699346405
0 0.38676470588235295 0.4627450980392157 0.011764705882352941 0.05228758169934641
0 0.4047794117647059 0.3588235294117647 0.009558823529411765 0.048366013071895426
0 0.3900735294117647 0.33986928104575165 0.0125 0.04967320261437908
0 0.39705882352941174 0.30130718954248364 0.008823529411764706 0.040522875816993466
0 0.39558823529411763 0.2797385620915033 0.007352941176470588 0.03398692810457516
0 0.4022058823529412 0.3411764705882353 0.008823529411764706 0.036601307189542485
3 0.3625 0.8300653594771242 0.061764705882352944 0.20915032679738563
3 0.4658088235294118 0.4934640522875817 0.04191176470588235 0.11633986928104575
4 0.46286764705882355 0.14836601307189543 0.025735294117647058 0.06405228758169934
3 0.524264705882353 0.3686274509803922 0.03676470588235294 0.08104575163398693
3 0.5411764705882353 0.13398692810457516 0.025 0.03790849673202614
3 0.5613970588235294 0.07647058823529412 0.022794117647058822 0.040522875816993466
3 0.5569852941176471 0.04183006535947712 0.021323529411764706 0.03398692810457516
3 0.6261029411764706 0.5588235294117647 0.06838235294117648 0.12156862745098039
3 0.70625 0.6934640522875817 0.06102941176470588 0.134640522875817
0 0.6286764705882353 0.4339869281045752 0.010294117647058823 0.04967320261437908
0 0.6485294117647059 0.4019607843137255 0.010294117647058823 0.043137254901960784
0 0.6654411764705882 0.426797385620915 0.008823529411764706 0.050980392156862744
0 0.6591911764705882 0.4418300653594771 0.008088235294117648 0.0392156862745098
6 0.6455882352941177 0.44575163398692813 0.029411764705882353 0.0784313725490196
3 0.6558823529411765 0.015032679738562092 0.033823529411764704 0.027450980392156862
3 0.6680147058823529 0.06862745098039216 0.027205882352941177 0.043137254901960784
0 0.6672794117647058 0.1 0.006617647058823529 0.032679738562091505
0 0.6911764705882353 0.08627450980392157 0.0058823529411764705 0.036601307189542485
1 0.6761029411764706 0.10980392156862745 0.006617647058823529 0.018300653594771243
1 0.675 0.11895424836601307 0.008823529411764706 0.02091503267973856
9 0.6746323529411765 0.12418300653594772 0.006617647058823529 0.02091503267973856
3 0.7165441176470588 0.08758169934640522 0.03455882352941177 0.023529411764705882
3 0.7238970588235294 0.09934640522875816 0.03455882352941177 0.03137254901960784
1 0.7415441176470589 0.23594771241830065 0.008088235294117648 0.030065359477124184
6 0.7202205882352941 0.21633986928104576 0.021323529411764706 0.0457516339869281
0 0.805514705882353 0.08366013071895424 0.008088235294117648 0.03137254901960784
1 0.8349264705882353 0.09084967320261438 0.003676470588235294 0.01699346405228758
0 0.8360294117647059 0.09738562091503268 0.007352941176470588 0.027450980392156862
0 0.8470588235294118 0.09477124183006536 0.004411764705882353 0.03529411764705882
0 0.8511029411764706 0.10196078431372549 0.006617647058823529 0.02875816993464052
0 0.8544117647058823 0.09542483660130718 0.0058823529411764705 0.02875816993464052
3 0.8143382352941176 0.1326797385620915 0.03602941176470588 0.05620915032679739
0 0.9003676470588236 0.2150326797385621 0.008088235294117648 0.03529411764705882
9 0.9150735294117647 0.1869281045751634 0.016911764705882352 0.03398692810457516
2 0.9459558823529411 0.2411764705882353 0.016911764705882352 0.02483660130718954
1 0.9514705882352941 0.25163398692810457 0.014705882352941176 0.022222222222222223
9 0.9610294117647059 0.2549019607843137 0.014705882352941176 0.03398692810457516
0 0.7169117647058824 0.3045751633986928 0.007352941176470588 0.044444444444444446
0 0.8025735294117647 0.40980392156862744 0.011029411764705883 0.058823529411764705
2 0.8029411764705883 0.43137254901960786 0.025 0.03137254901960784
0 0.8919117647058824 0.4954248366013072 0.013235294117647059 0.04967320261437908
1 0.9183823529411764 0.5431372549019607 0.014705882352941176 0.032679738562091505
2 0.9720588235294118 0.5699346405228758 0.020588235294117647 0.05228758169934641
6 0.9477941176470588 0.5535947712418301 0.05 0.07712418300653595
6 0.7761029411764706 0.5986928104575163 0.03897058823529412 0.09934640522875816
0 0.7985294117647059 0.565359477124183 0.011764705882352941 0.06143790849673202
6 0.7860294117647059 0.7071895424836602 0.06470588235294118 0.13071895424836602
0 0.8198529411764706 0.7326797385620915 0.010294117647058823 0.05620915032679739
0 0.8426470588235294 0.7032679738562092 0.011764705882352941 0.06013071895424837
6 0.8165441176470588 0.6660130718954248 0.0375 0.08496732026143791
0 0.8503676470588235 0.6803921568627451 0.011029411764705883 0.05620915032679739
6 0.9441176470588235 0.6457516339869281 0.07058823529411765 0.06797385620915032
1 0.9573529411764706 0.6568627450980392 0.016176470588235296 0.050980392156862744
0 0.9158088235294117 0.661437908496732 0.01838235294117647 0.05751633986928104
0 0.830514705882353 0.7509803921568627 0.019852941176470587 0.058823529411764705
0 0.8676470588235294 0.8117647058823529 0.023529411764705882 0.07581699346405228
1 0.8529411764705882 0.7549019607843137 0.016176470588235296 0.030065359477124184
0 0.8845588235294117 0.7843137254901961 0.016176470588235296 0.06274509803921569
6 0.8441176470588235 0.7941176470588235 0.07794117647058824 0.0718954248366013
1 0.9102941176470588 0.7542483660130719 0.01764705882352941 0.06013071895424837
0 0.9025735294117647 0.7411764705882353 0.016911764705882352 0.044444444444444446
9 0.9036764705882353 0.7810457516339869 0.020588235294117647 0.06143790849673202
0 0.9485294117647058 0.8084967320261438 0.01911764705882353 0.07973856209150326
1 0.9441176470588235 0.7607843137254902 0.020588235294117647 0.047058823529411764
9 0.9389705882352941 0.7928104575163398 0.022058823529411766 0.06143790849673202
3 0.8841911764705882 0.8934640522875817 0.13455882352941176 0.03790849673202614