3 0.4496428571428571 0.015862944162436547 0.017857142857142856 0.024111675126903553
3 0.38 0.10469543147208121 0.032857142857142856 0.024111675126903553
4 0.43214285714285716 0.030456852791878174 0.018571428571428572 0.025380710659898477
4 0.4060714285714286 0.04949238578680203 0.023571428571428573 0.03299492385786802
4 0.3871428571428571 0.07423857868020305 0.02 0.02918781725888325
4 0.35535714285714287 0.16434010152284265 0.03214285714285714 0.03680203045685279
5 0.34535714285714286 0.19543147208121828 0.03642857142857143 0.06852791878172589
5 0.32392857142857145 0.2652284263959391 0.039285714285714285 0.09137055837563451
0 0.435 0.005710659898477157 0.002857142857142857 0.011421319796954314
0 0.43785714285714283 0.006979695431472081 0.004285714285714286 0.013959390862944163
0 0.3242857142857143 0.15101522842639595 0.005714285714285714 0.025380710659898477
0 0.3292857142857143 0.1148477157360406 0.004285714285714286 0.024111675126903553
0 0.3410714285714286 0.10786802030456853 0.005 0.025380710659898477
0 0.345 0.10786802030456853 0.007142857142857143 0.025380710659898477
0 0.6117857142857143 0.025380710659898477 0.0035714285714285713 0.017766497461928935
0 0.5992857142857143 0.018401015228426396 0.002857142857142857 0.01649746192893401
0 0.6028571428571429 0.017766497461928935 0.004285714285714286 0.02030456852791878
0 0.6028571428571429 0.050761421319796954 0.004285714285714286 0.02030456852791878
0 0.5889285714285715 0.07931472081218274 0.005 0.021573604060913704
0 0.5892857142857143 0.13451776649746192 0.004285714285714286 0.02284263959390863
0 0.5864285714285714 0.1567258883248731 0.005714285714285714 0.024111675126903553
0 0.5925 0.1567258883248731 0.005 0.024111675126903553
0 0.6325 0.49682741116751267 0.007857142857142858 0.03934010152284264
0 0.6489285714285714 0.501269035532995 0.007857142857142858 0.03553299492385787
0 0.6385714285714286 0.5222081218274112 0.008571428571428572 0.03680203045685279
0 0.6321428571428571 0.5222081218274112 0.007142857142857143 0.03680203045685279
0 0.6585714285714286 0.807741116751269 0.01 0.04949238578680203
0 0.8792857142857143 0.6535532994923858 0.008571428571428572 0.027918781725888325
0 0.9414285714285714 0.6579949238578681 0.02 0.04187817258883249
0 0.9446428571428571 0.6700507614213198 0.016428571428571428 0.04568527918781726
1 0.9103571428571429 0.38071065989847713 0.010714285714285714 0.027918781725888325
1 0.9132142857142858 0.37817258883248733 0.012142857142857143 0.025380710659898477
1 0.8360714285714286 0.3343908629441624 0.010714285714285714 0.0266497461928934
3 0.7607142857142857 0.42956852791878175 0.06714285714285714 0.05456852791878172
0 0.9978571428571429 0.23794416243654823 0.004285714285714286 0.0266497461928934
1 0.9767857142857143 0.16751269035532995 0.0064285714285714285 0.025380710659898477
1 0.8910714285714286 0.18274111675126903 0.009285714285714286 0.030456852791878174
0 0.9092857142857143 0.1802030456852792 0.012857142857142857 0.03299492385786802
1 0.845 0.22398477157360405 0.007142857142857143 0.024111675126903553
1 0.8096428571428571 0.21573604060913706 0.007857142857142858 0.027918781725888325
1 0.8178571428571428 0.2182741116751269 0.007142857142857143 0.027918781725888325
1 0.8064285714285714 0.21192893401015228 0.008571428571428572 0.015228426395939087
0 0.8835714285714286 0.21637055837563451 0.005714285714285714 0.021573604060913704
0 0.9110714285714285 0.20875634517766498 0.0064285714285714285 0.021573604060913704
9 0.22392857142857142 0.5342639593908629 0.03357142857142857 0.03807106598984772
0 0.22714285714285715 0.39720812182741116 0.01 0.03807106598984772
0 0.15642857142857142 0.6357868020304569 0.011428571428571429 0.04314720812182741
0 0.17892857142857144 0.5107868020304569 0.015 0.03680203045685279
0 0.1875 0.5126903553299492 0.010714285714285714 0.03807106598984772