0 0.0565 0.351 0.01 0.027333333333333334
9 0.1085 0.36233333333333334 0.016 0.020666666666666667
9 0.121 0.3556666666666667 0.015 0.018
9 0.13875 0.36933333333333335 0.0135 0.018666666666666668
9 0.14775 0.369 0.0095 0.018
9 0.15825 0.36666666666666664 0.0165 0.016
3 0.34125 0.39966666666666667 0.0495 0.034
3 0.37175 0.37333333333333335 0.0455 0.034666666666666665
3 0.39725 0.38 0.0535 0.04133333333333333
2 0.4605 0.4066666666666667 0.02 0.021333333333333333
0 0.47975 0.385 0.0095 0.026
0 0.514 0.3576666666666667 0.008 0.027333333333333334
0 0.609 0.28633333333333333 0.006 0.022
3 0.5305 0.37866666666666665 0.038 0.037333333333333336
3 0.55775 0.35533333333333333 0.0335 0.03333333333333333
3 0.813 0.16433333333333333 0.011 0.01
3 0.828 0.189 0.014 0.014
3 0.83325 0.20366666666666666 0.0155 0.015333333333333332
3 0.83825 0.22133333333333333 0.0145 0.017333333333333333
3 0.83875 0.25566666666666665 0.0175 0.019333333333333334
3 0.8365 0.2693333333333333 0.019 0.024
3 0.7905 0.22066666666666668 0.015 0.016
3 0.786 0.228 0.013 0.013333333333333334
3 0.78425 0.244 0.0165 0.018666666666666668
3 0.77975 0.25633333333333336 0.0185 0.019333333333333334
3 0.73875 0.28 0.0395 0.02266666666666667
3 0.726 0.291 0.041 0.020666666666666667
3 0.72925 0.303 0.0405 0.024666666666666667
3 0.74675 0.3253333333333333 0.0245 0.029333333333333333
3 0.82925 0.3393333333333333 0.0235 0.02666666666666667
3 0.81625 0.38566666666666666 0.0305 0.03666666666666667
9 0.689 0.42633333333333334 0.01 0.022
3 0.69825 0.41633333333333333 0.0135 0.018
3 0.45725 0.5573333333333333 0.0705 0.07466666666666667
3 0.344 0.6303333333333333 0.054 0.09933333333333333
3 0.38525 0.6496666666666666 0.0795 0.09266666666666666
3 0.236 0.735 0.104 0.11533333333333333
3 0.299 0.7583333333333333 0.097 0.12333333333333334
3 0.65775 0.335 0.0295 0.03
3 0.618 0.379 0.033 0.05266666666666667