0 0.03825 0.008666666666666666 0.0065 0.016
3 0.0255 0.026 0.028 0.03333333333333333
3 0.07675 0.019333333333333334 0.0285 0.02666666666666667
3 0.026 0.082 0.034 0.034666666666666665
3 0.09 0.13833333333333334 0.027 0.028666666666666667
3 0.1215 0.20933333333333334 0.03 0.036
3 0.015 0.3233333333333333 0.03 0.04133333333333333
2 0.0725 0.357 0.009 0.020666666666666667
3 0.17975 0.4226666666666667 0.0325 0.04133333333333333
2 0.025 0.44866666666666666 0.013 0.021333333333333333
3 0.19075 0.37166666666666665 0.0325 0.05266666666666667
3 0.2035 0.31833333333333336 0.024 0.05
3 0.2295 0.44666666666666666 0.023 0.050666666666666665
3 0.05475 0.5173333333333333 0.0585 0.03333333333333333
3 0.16275 0.5026666666666667 0.0475 0.052
3 0.23025 0.5046666666666667 0.0275 0.052
0 0.2045 0.513 0.01 0.019333333333333334
3 0.0415 0.5513333333333333 0.063 0.037333333333333336
3 0.03325 0.5833333333333334 0.0655 0.037333333333333336
3 0.107 0.5366666666666666 0.049 0.052
3 0.13475 0.5686666666666667 0.0555 0.050666666666666665
3 0.08525 0.6213333333333333 0.0575 0.068
3 0.122 0.6343333333333333 0.047 0.06866666666666667
3 0.15725 0.6306666666666667 0.0405 0.06666666666666667
3 0.19525 0.6343333333333333 0.0405 0.06866666666666667
3 0.23425 0.635 0.0315 0.06733333333333333
3 0.26825 0.5343333333333333 0.0585 0.04066666666666666
1 0.28925 0.5083333333333333 0.0105 0.018
3 0.27725 0.5923333333333334 0.0675 0.051333333333333335
3 0.226 0.5646666666666667 0.048 0.05333333333333334
3 0.37725 0.543 0.0535 0.03666666666666667
3 0.35125 0.6376666666666667 0.0315 0.07533333333333334
3 0.38875 0.6456666666666667 0.0315 0.066
3 0.42725 0.647 0.0295 0.07533333333333334
3 0.4365 0.5386666666666666 0.052 0.042666666666666665
3 0.48125 0.528 0.0385 0.05733333333333333
3 0.52675 0.514 0.0425 0.06533333333333333
3 0.565 0.502 0.048 0.064
3 0.46175 0.6536666666666666 0.0295 0.074
3 0.49675 0.662 0.0305 0.07866666666666666
3 0.53075 0.6616666666666666 0.0275 0.078
3 0.56475 0.657 0.0285 0.07666666666666666
3 0.61975 0.606 0.0675 0.04
3 0.60675 0.6686666666666666 0.0275 0.08266666666666667
3 0.639 0.6676666666666666 0.03 0.07133333333333333
3 0.69025 0.546 0.0515 0.052
3 0.69525 0.6386666666666667 0.0605 0.04133333333333333
0 0.71575 0.49166666666666664 0.0095 0.020666666666666667
3 0.75575 0.565 0.0675 0.043333333333333335
3 0.76375 0.6403333333333333 0.0645 0.042
3 0.8445 0.579 0.065 0.035333333333333335
3 0.8335 0.648 0.061 0.04
3 0.903 0.6526666666666666 0.065 0.03866666666666667
3 0.9155 0.5766666666666667 0.068 0.05466666666666667
3 0.94125 0.5586666666666666 0.0615 0.05466666666666667
3 0.989 0.51 0.022 0.030666666666666665
3 0.382 0.722 0.07 0.04666666666666667
3 0.46675 0.7336666666666667 0.0775 0.04733333333333333
2 0.60925 0.7863333333333333 0.0255 0.019333333333333334
0 0.6065 0.779 0.009 0.016666666666666666
3 0.7065 0.7533333333333333 0.068 0.04933333333333333
3 0.8705 0.785 0.08 0.059333333333333335
3 0.9745 0.6586666666666666 0.051 0.04133333333333333
3 0.96575 0.7893333333333333 0.0685 0.04666666666666667
3 0.77725 0.8443333333333334 0.0775 0.04733333333333333
2 0.734 0.8893333333333333 0.029 0.016
1 0.73625 0.887 0.0135 0.016666666666666666
9 0.8135 0.9343333333333333 0.028 0.020666666666666667
1 0.81575 0.933 0.0145 0.016666666666666666
2 0.88725 0.9503333333333334 0.0265 0.016666666666666666
1 0.89275 0.9516666666666667 0.0155 0.019333333333333334
9 0.8975 0.9876666666666667 0.032 0.019333333333333334
1 0.901 0.9886666666666667 0.016 0.02
2 0.5275 0.8813333333333333 0.025 0.018666666666666668
1 0.52925 0.879 0.0145 0.018
3 0.35175 0.9893333333333333 0.0785 0.021333333333333333
3 0.0575 0.973 0.075 0.05266666666666667
2 0.02475 0.8403333333333334 0.0255 0.016666666666666666
1 0.0215 0.839 0.016 0.019333333333333334
2 0.158 0.8436666666666667 0.026 0.012666666666666666
1 0.15625 0.8413333333333334 0.0095 0.017333333333333333