3 0.3385 0.8656666666666667 0.069 0.138
4 0.56625 0.8346666666666667 0.0725 0.11066666666666666
3 0.396 0.593 0.043 0.06466666666666666
3 0.3625 0.5163333333333333 0.025 0.043333333333333335
3 0.48425 0.5393333333333333 0.0395 0.044
3 0.38725 0.415 0.0215 0.03666666666666667
3 0.376 0.3636666666666667 0.013 0.020666666666666667
0 0.20025 0.8163333333333334 0.0165 0.062
5 0.05025 0.8566666666666667 0.0975 0.12666666666666668
3 0.48025 0.304 0.0215 0.012
0 0.471 0.316 0.003 0.010666666666666666
2 0.47125 0.31866666666666665 0.0065 0.006666666666666667
5 0.41175 0.32166666666666666 0.0135 0.018
5 0.39125 0.31266666666666665 0.0225 0.016
6 0.36425 0.30666666666666664 0.0065 0.012
3 0.42775 0.30666666666666664 0.0175 0.010666666666666666
3 0.43875 0.3006666666666667 0.0175 0.012
5 0.36675 0.28833333333333333 0.0095 0.018
1 0.457 0.32033333333333336 0.003 0.01
2 0.45625 0.3243333333333333 0.0035 0.008666666666666666
3 0.39225 0.2986666666666667 0.0085 0.009333333333333334
3 0.403 0.29633333333333334 0.012 0.012666666666666666
1 0.403 0.302 0.007 0.009333333333333334
2 0.4025 0.303 0.006 0.006
3 0.38525 0.29233333333333333 0.0085 0.01
5 0.3775 0.2866666666666667 0.013 0.018666666666666668
3 0.403 0.2836666666666667 0.009 0.007333333333333333
3 0.377 0.2773333333333333 0.023 0.006666666666666667
4 0.3975 0.254 0.008 0.012
3 0.41175 0.259 0.0125 0.007333333333333333
3 0.401 0.261 0.007 0.004666666666666667
0 0.38375 0.26166666666666666 0.0035 0.007333333333333333
5 0.3775 0.235 0.006 0.011333333333333334
3 0.39125 0.24533333333333332 0.0045 0.006666666666666667
3 0.381 0.24866666666666667 0.006 0.006666666666666667
3 0.382 0.27066666666666667 0.006 0.008
3 0.3795 0.27266666666666667 0.005 0.009333333333333334
3 0.42525 0.25966666666666666 0.0095 0.007333333333333333
4 0.057 0.511 0.059 0.026
3 0.091 0.4816666666666667 0.045 0.024666666666666667
3 0.10875 0.4683333333333333 0.0495 0.023333333333333334
3 0.116 0.45466666666666666 0.036 0.018666666666666668
3 0.12975 0.44233333333333336 0.0405 0.014
3 0.07225 0.425 0.0295 0.026
3 0.0905 0.4003333333333333 0.027 0.026
0 0.11625 0.426 0.0095 0.024
3 0.08125 0.387 0.0365 0.016666666666666666
3 0.12225 0.37066666666666664 0.0285 0.017333333333333333
9 0.17425 0.3443333333333333 0.0055 0.011333333333333334
7 0.18025 0.3463333333333333 0.0085 0.015333333333333332
9 0.051 0.431 0.011 0.014
9 0.036 0.44233333333333336 0.019 0.011333333333333334
3 0.194 0.323 0.019 0.016666666666666666
3 0.23825 0.337 0.0405 0.03133333333333333
1 0.22625 0.30266666666666664 0.0045 0.010666666666666666
2 0.225 0.30433333333333334 0.008 0.006
1 0.206 0.31866666666666665 0.006 0.013333333333333334
9 0.2055 0.32266666666666666 0.004 0.010666666666666666
2 0.104 0.37666666666666665 0.015 0.016
2 0.08775 0.376 0.0135 0.013333333333333334
1 0.3655 0.26966666666666667 0.003 0.004666666666666667
9 0.36575 0.2713333333333333 0.0015 0.004
0 0.40325 0.24766666666666667 0.0025 0.006