3 0.5242857142857142 0.5856598984771574 0.01 0.031725888324873094
3 0.5303571428571429 0.5234771573604061 0.009285714285714286 0.0266497461928934
3 0.5325 0.467005076142132 0.009285714285714286 0.02284263959390863
3 0.5396428571428571 0.4282994923857868 0.007857142857142858 0.021573604060913704
3 0.6325 0.5126903553299492 0.009285714285714286 0.027918781725888325
3 0.48142857142857143 0.39847715736040606 0.02 0.017766497461928935
3 0.5046428571428572 0.2823604060913706 0.019285714285714285 0.011421319796954314
3 0.5953571428571428 0.31218274111675126 0.019285714285714285 0.017766497461928935
3 0.6410714285714286 0.29124365482233505 0.020714285714285713 0.01649746192893401
3 0.5632142857142857 0.34390862944162437 0.010714285714285714 0.012690355329949238
3 0.5467857142857143 0.37055837563451777 0.010714285714285714 0.017766497461928935
3 0.5403571428571429 0.3953045685279188 0.009285714285714286 0.01903553299492386
8 0.545 0.4739847715736041 0.012857142857142857 0.04187817258883249
8 0.5146428571428572 0.7366751269035533 0.017857142857142856 0.07233502538071065
8 0.5421428571428571 0.5710659898477157 0.011428571428571429 0.050761421319796954
4 0.6307142857142857 0.43908629441624364 0.008571428571428572 0.027918781725888325
8 0.5517857142857143 0.40418781725888325 0.010714285714285714 0.03934010152284264
3 0.5571428571428572 0.37880710659898476 0.01 0.01903553299492386
4 0.33 0.3635786802030457 0.02 0.01903553299492386
4 0.31392857142857145 0.2703045685279188 0.019285714285714285 0.015228426395939087
8 0.5778571428571428 0.9746192893401016 0.02 0.048223350253807105
3 0.5735714285714286 0.2620558375634518 0.014285714285714285 0.013959390862944163
4 0.19535714285714287 0.27982233502538073 0.017857142857142856 0.01649746192893401
3 0.1575 0.2766497461928934 0.017857142857142856 0.015228426395939087
3 0.09642857142857143 0.28616751269035534 0.017142857142857144 0.013959390862944163
3 0.031071428571428573 0.2982233502538071 0.016428571428571428 0.015228426395939087
4 0.031071428571428573 0.27918781725888325 0.017857142857142856 0.015228426395939087
3 0.011428571428571429 0.2880710659898477 0.015714285714285715 0.012690355329949238
4 0.42392857142857143 0.10977157360406091 0.009285714285714286 0.021573604060913704
3 0.43 0.09581218274111675 0.004285714285714286 0.011421319796954314
3 0.4175 0.12690355329949238 0.0064285714285714285 0.01015228426395939
3 0.4332142857142857 0.09073604060913705 0.0064285714285714285 0.013959390862944163
3 0.43642857142857144 0.08375634517766498 0.005714285714285714 0.01015228426395939
8 0.59 0.3426395939086294 0.04285714285714286 0.03299492385786802