3 0.8485294117647059 0.7098039215686275 0.09705882352941177 0.08627450980392157
3 0.7415441176470589 0.515032679738562 0.06544117647058824 0.0784313725490196
3 0.5959558823529412 0.5372549019607843 0.05073529411764706 0.08888888888888889
3 0.6599264705882353 0.4222222222222222 0.05661764705882353 0.06013071895424837
0 0.5518382352941177 0.492156862745098 0.0125 0.050980392156862744
0 0.5323529411764706 0.49084967320261436 0.010294117647058823 0.05359477124183006
0 0.5371323529411764 0.4738562091503268 0.009558823529411765 0.05620915032679739
3 0.5485294117647059 0.45816993464052286 0.04852941176470588 0.06143790849673202
3 0.5963235294117647 0.3464052287581699 0.04264705882352941 0.08104575163398693
3 0.48051470588235295 0.5784313725490197 0.0375 0.09281045751633987
3 0.4547794117647059 0.4797385620915033 0.04632352941176471 0.07320261437908497
3 0.4102941176470588 0.39019607843137255 0.03235294117647059 0.08496732026143791
4 0.18933823529411764 0.4320261437908497 0.04191176470588235 0.10326797385620914
4 0.20073529411764707 0.569281045751634 0.05 0.13725490196078433
0 0.011029411764705883 0.134640522875817 0.007352941176470588 0.02875816993464052
1 0.015441176470588236 0.1450980392156863 0.007352941176470588 0.02091503267973856
0 0.022058823529411766 0.12745098039215685 0.008823529411764706 0.02483660130718954
1 0.02022058823529412 0.13986928104575164 0.008088235294117648 0.018300653594771243
1 0.027573529411764705 0.1411764705882353 0.009558823529411765 0.018300653594771243
1 0.03235294117647059 0.14248366013071895 0.010294117647058823 0.02091503267973856
1 0.04154411764705882 0.13660130718954247 0.008088235294117648 0.0196078431372549
1 0.051470588235294115 0.13529411764705881 0.007352941176470588 0.022222222222222223
1 0.059926470588235296 0.13725490196078433 0.006617647058823529 0.01568627450980392
0 0.06691176470588235 0.1411764705882353 0.008823529411764706 0.03398692810457516
0 0.08823529411764706 0.13071895424836602 0.007352941176470588 0.03137254901960784
0 0.11176470588235295 0.10588235294117647 0.007352941176470588 0.03137254901960784
3 0.12352941176470589 0.13398692810457516 0.01911764705882353 0.032679738562091505
3 0.10661764705882353 0.12418300653594772 0.027941176470588237 0.02875816993464052
3 0.06323529411764706 0.11633986928104575 0.045588235294117645 0.02875816993464052
3 0.07720588235294118 0.10392156862745099 0.047058823529411764 0.02483660130718954
3 0.0661764705882353 0.07973856209150326 0.03529411764705882 0.026143790849673203
3 0.1036764705882353 0.08104575163398693 0.023529411764705882 0.03137254901960784
3 0.13051470588235295 0.07124183006535947 0.013970588235294118 0.032679738562091505
0 0.11029411764705882 0.10392156862745099 0.007352941176470588 0.032679738562091505
0 0.033455882352941176 0.0784313725490196 0.008088235294117648 0.02875816993464052
0 0.026470588235294117 0.07712418300653595 0.007352941176470588 0.026143790849673203
0 0.040808823529411765 0.0673202614379085 0.006617647058823529 0.027450980392156862
0 0.05808823529411765 0.06535947712418301 0.007352941176470588 0.03137254901960784
4 0.6886029411764706 0.18496732026143792 0.04044117647058824 0.03790849673202614
4 0.6845588235294118 0.2607843137254902 0.041176470588235294 0.040522875816993466
4 0.7033088235294118 0.28823529411764703 0.0375 0.05620915032679739
4 0.8654411764705883 0.26666666666666666 0.045588235294117645 0.06274509803921569
3 0.9235294117647059 0.31176470588235294 0.057352941176470586 0.048366013071895426
3 0.8301470588235295 0.31633986928104574 0.025 0.05751633986928104
3 0.7422794117647059 0.2235294117647059 0.03602941176470588 0.04183006535947712