3 0.26285714285714284 0.4733502538071066 0.03 0.048223350253807105
3 0.2667857142857143 0.5317258883248731 0.030714285714285715 0.0532994923857868
3 0.2957142857142857 0.5266497461928934 0.03142857142857143 0.050761421319796954
3 0.3289285714285714 0.5291878172588832 0.03357142857142857 0.050761421319796954
3 0.32857142857142857 0.5799492385786802 0.03 0.0532994923857868
3 0.3 0.5989847715736041 0.02857142857142857 0.0532994923857868
3 0.8060714285714285 0.39847715736040606 0.029285714285714286 0.04060913705583756
3 0.6778571428571428 0.491751269035533 0.03428571428571429 0.04187817258883249
3 0.7107142857142857 0.5145939086294417 0.03428571428571429 0.044416243654822336
3 0.6935714285714286 0.6199238578680203 0.03857142857142857 0.05456852791878172
3 0.5446428571428571 0.6954314720812182 0.03785714285714286 0.06345177664974619
3 0.5992857142857143 0.6275380710659898 0.03857142857142857 0.05203045685279188
3 0.6567857142857143 0.5666243654822335 0.03642857142857143 0.04949238578680203
3 0.7407142857142858 0.4517766497461929 0.03142857142857143 0.03807106598984772
3 0.8232142857142857 0.3381979695431472 0.02642857142857143 0.03680203045685279
3 0.8707142857142857 0.27347715736040606 0.02857142857142857 0.04187817258883249
3 0.8957142857142857 0.19733502538071065 0.022857142857142857 0.0266497461928934
3 0.9203571428571429 0.2151015228426396 0.023571428571428573 0.031725888324873094
4 0.9714285714285714 0.08248730964467005 0.02857142857142857 0.03299492385786802
3 0.9546428571428571 0.17068527918781726 0.020714285714285713 0.0266497461928934
4 0.7014285714285714 0.2766497461928934 0.03142857142857143 0.03807106598984772
4 0.7525 0.31408629441624364 0.03357142857142857 0.044416243654822336
0 0.22357142857142856 0.8324873096446701 0.01 0.025380710659898477
0 0.21785714285714286 0.825507614213198 0.005714285714285714 0.024111675126903553
0 0.26964285714285713 0.7734771573604061 0.0064285714285714285 0.021573604060913704
0 0.2625 0.7709390862944162 0.0064285714285714285 0.024111675126903553
0 0.30392857142857144 0.7531725888324873 0.0064285714285714285 0.02918781725888325
0 0.21642857142857144 0.9765228426395939 0.011428571428571429 0.024111675126903553
0 0.21035714285714285 0.9803299492385786 0.007857142857142858 0.024111675126903553
0 0.3510714285714286 0.4847715736040609 0.0064285714285714285 0.02284263959390863
0 0.6675 0.440989847715736 0.0064285714285714285 0.024111675126903553
0 0.6925 0.3134517766497462 0.0035714285714285713 0.012690355329949238
0 0.6985714285714286 0.31218274111675126 0.004285714285714286 0.02284263959390863
0 0.705 0.29441624365482233 0.007142857142857143 0.02030456852791878
0 0.9410714285714286 0.49619289340101524 0.007857142857142858 0.025380710659898477
0 0.9121428571428571 0.47906091370558374 0.005714285714285714 0.021573604060913704
5 0.6025 0.559010152284264 0.06928571428571428 0.11040609137055837