0 0.22058823529411764 0.8333333333333334 0.01911764705882353 0.09803921568627451
1 0.28566176470588234 0.7816993464052288 0.027205882352941177 0.06797385620915032
1 0.06838235294117648 0.5862745098039216 0.025 0.06405228758169934
1 0.023161764705882354 0.6274509803921569 0.03308823529411765 0.07320261437908497
1 0.1636029411764706 0.5104575163398692 0.019852941176470587 0.06143790849673202
1 0.24375 0.4503267973856209 0.030147058823529412 0.058823529411764705
1 0.2911764705882353 0.4222222222222222 0.016176470588235296 0.05751633986928104
1 0.30330882352941174 0.41568627450980394 0.0125 0.05228758169934641
1 0.33492647058823527 0.4013071895424837 0.016911764705882352 0.04967320261437908
1 0.34558823529411764 0.3993464052287582 0.01764705882352941 0.048366013071895426
9 0.375 0.4 0.030882352941176472 0.047058823529411764
1 0.3709558823529412 0.3764705882352941 0.01838235294117647 0.054901960784313725
1 0.38198529411764703 0.37254901960784315 0.016911764705882352 0.054901960784313725
1 0.3897058823529412 0.36993464052287583 0.011764705882352941 0.04967320261437908
1 0.39926470588235297 0.3633986928104575 0.016176470588235296 0.054901960784313725
1 0.4117647058823529 0.36013071895424836 0.013235294117647059 0.05620915032679739
1 0.42426470588235293 0.35490196078431374 0.011764705882352941 0.05359477124183006
1 0.43161764705882355 0.3542483660130719 0.011764705882352941 0.04183006535947712
1 0.4452205882352941 0.3477124183006536 0.019852941176470587 0.04967320261437908
2 0.4713235294117647 0.33398692810457514 0.033823529411764704 0.043137254901960784
0 0.2985294117647059 0.24313725490196078 0.011764705882352941 0.05228758169934641
0 0.23713235294117646 0.2477124183006536 0.008088235294117648 0.043137254901960784
0 0.25220588235294117 0.25359477124183005 0.010294117647058823 0.047058823529411764
2 0.2202205882352941 0.26143790849673204 0.03161764705882353 0.03398692810457516
0 0.2172794117647059 0.12222222222222222 0.008088235294117648 0.040522875816993466
0 0.2452205882352941 0.0934640522875817 0.011029411764705883 0.03529411764705882
0 0.31470588235294117 0.16797385620915034 0.007352941176470588 0.048366013071895426
0 0.3139705882352941 0.12091503267973856 0.007352941176470588 0.0457516339869281
0 0.32536764705882354 0.09542483660130718 0.006617647058823529 0.0392156862745098
0 0.3290441176470588 0.07058823529411765 0.011029411764705883 0.0392156862745098
0 0.057352941176470586 0.08823529411764706 0.008823529411764706 0.040522875816993466
0 0.12316176470588236 0.21372549019607842 0.013970588235294118 0.05620915032679739
0 0.1547794117647059 0.2281045751633987 0.013970588235294118 0.050980392156862744
0 0.15036764705882352 0.10915032679738562 0.015441176470588236 0.0457516339869281
0 0.10147058823529412 0.06339869281045751 0.010294117647058823 0.03790849673202614
0 0.11397058823529412 0.044444444444444446 0.007352941176470588 0.03398692810457516
0 0.11102941176470588 0.07777777777777778 0.010294117647058823 0.0457516339869281
1 0.12352941176470589 0.04771241830065359 0.0058823529411764705 0.01437908496732026
9 0.12169117647058823 0.05228758169934641 0.0125 0.013071895424836602
4 0.12389705882352942 0.03529411764705882 0.03161764705882353 0.036601307189542485
4 0.18713235294117647 0.03333333333333333 0.04632352941176471 0.032679738562091505
3 0.2363970588235294 0.03594771241830065 0.04338235294117647 0.03529411764705882
3 0.31580882352941175 0.04379084967320261 0.04191176470588235 0.03529411764705882
0 0.38125 0.19281045751633988 0.009558823529411765 0.043137254901960784
0 0.3816176470588235 0.18823529411764706 0.013235294117647059 0.04183006535947712
0 0.4345588235294118 0.06862745098039216 0.0058823529411764705 0.03529411764705882
0 0.43713235294117647 0.06601307189542484 0.005147058823529412 0.03529411764705882
0 0.43933823529411764 0.06470588235294118 0.006617647058823529 0.032679738562091505
3 0.3863970588235294 0.011111111111111112 0.03897058823529412 0.022222222222222223
5 0.42169117647058824 0.03398692810457516 0.06397058823529411 0.04183006535947712
0 0.4621323529411765 0.04379084967320261 0.008088235294117648 0.027450980392156862
0 0.5139705882352941 0.029411764705882353 0.004411764705882353 0.030065359477124184
0 0.5176470588235295 0.058823529411764705 0.008823529411764706 0.036601307189542485
0 0.5238970588235294 0.05359477124183006 0.006617647058823529 0.036601307189542485
0 0.544485294117647 0.05816993464052288 0.005147058823529412 0.027450980392156862
0 0.5503676470588236 0.05816993464052288 0.006617647058823529 0.027450980392156862
0 0.5588235294117647 0.06013071895424837 0.0058823529411764705 0.02875816993464052
3 0.5305147058823529 0.05163398692810457 0.03897058823529412 0.032679738562091505
0 0.5713235294117647 0.08888888888888889 0.008823529411764706 0.036601307189542485
0 0.5790441176470589 0.10065359477124183 0.006617647058823529 0.0392156862745098
0 0.5727941176470588 0.05359477124183006 0.0058823529411764705 0.02875816993464052
0 0.575 0.0542483660130719 0.004411764705882353 0.027450980392156862
1 0.5849264705882353 0.06993464052287582 0.006617647058823529 0.01699346405228758
0 0.5977941176470588 0.06993464052287582 0.0058823529411764705 0.022222222222222223
0 0.6036764705882353 0.06862745098039216 0.0058823529411764705 0.02483660130718954
0 0.6091911764705882 0.07124183006535947 0.005147058823529412 0.02483660130718954
0 0.618014705882353 0.0784313725490196 0.006617647058823529 0.01568627450980392
0 0.6257352941176471 0.06339869281045751 0.0058823529411764705 0.030065359477124184
0 0.6327205882352941 0.07908496732026143 0.005147058823529412 0.01699346405228758
2 0.6242647058823529 0.06993464052287582 0.0029411764705882353 0.01699346405228758
0 0.6393382352941176 0.0718954248366013 0.005147058823529412 0.023529411764705882
0 0.6533088235294118 0.0718954248366013 0.005147058823529412 0.023529411764705882
9 0.649264705882353 0.0718954248366013 0.007352941176470588 0.02091503267973856
1 0.6595588235294118 0.0738562091503268 0.0058823529411764705 0.01699346405228758
0 0.6610294117647059 0.0718954248366013 0.004411764705882353 0.023529411764705882
1 0.6661764705882353 0.08169934640522876 0.004411764705882353 0.01437908496732026
0 0.6716911764705882 0.07124183006535947 0.005147058823529412 0.022222222222222223
1 0.675 0.08235294117647059 0.004411764705882353 0.01568627450980392
0 0.6878676470588235 0.07450980392156863 0.003676470588235294 0.02091503267973856
1 0.7044117647058824 0.0803921568627451 0.0058823529411764705 0.01699346405228758
1 0.7125 0.0803921568627451 0.004411764705882353 0.01699346405228758
9 0.7014705882352941 0.07254901960784314 0.014705882352941176 0.022222222222222223
6 0.6786764705882353 0.06797385620915032 0.016176470588235296 0.02091503267973856
0 0.7264705882352941 0.06797385620915032 0.0058823529411764705 0.036601307189542485
0 0.7301470588235294 0.06601307189542484 0.0058823529411764705 0.03529411764705882
0 0.7327205882352941 0.0673202614379085 0.003676470588235294 0.030065359477124184
0 0.7099264705882353 0.04183006535947712 0.006617647058823529 0.02875816993464052
1 0.7077205882352942 0.03594771241830065 0.005147058823529412 0.01699346405228758
0 0.6996323529411764 0.038562091503267976 0.005147058823529412 0.032679738562091505
0 0.6941176470588235 0.03137254901960784 0.004411764705882353 0.026143790849673203
1 0.6852941176470588 0.011764705882352941 0.007352941176470588 0.023529411764705882
1 0.6893382352941176 0.01241830065359477 0.005147058823529412 0.0196078431372549
9 0.6838235294117647 0.01699346405228758 0.014705882352941176 0.018300653594771243
3 0.6713235294117647 0.01045751633986928 0.039705882352941174 0.02091503267973856
3 0.6698529411764705 0.044444444444444446 0.03676470588235294 0.02875816993464052
0 0.7202205882352941 0.03333333333333333 0.005147058823529412 0.02483660130718954
0 0.7224264705882353 0.03071895424836601 0.005147058823529412 0.027450980392156862
3 0.7272058823529411 0.02875816993464052 0.03823529411764706 0.02875816993464052
4 0.7235294117647059 0.058823529411764705 0.027941176470588237 0.0392156862745098
1 0.7397058823529412 0.0784313725490196 0.007352941176470588 0.01568627450980392
0 0.7448529411764706 0.07124183006535947 0.004411764705882353 0.027450980392156862
1 0.7485294117647059 0.08104575163398693 0.004411764705882353 0.01568627450980392
0 0.7544117647058823 0.06993464052287582 0.007352941176470588 0.032679738562091505
4 0.7095588235294118 0.009150326797385621 0.03676470588235294 0.018300653594771243
4 0.743014705882353 0.01045751633986928 0.03602941176470588 0.02091503267973856
4 0.7540441176470588 0.040522875816993466 0.03897058823529412 0.04183006535947712
0 0.7665441176470589 0.06470588235294118 0.005147058823529412 0.027450980392156862
1 0.7643382352941176 0.0738562091503268 0.006617647058823529 0.011764705882352941
1 0.7772058823529412 0.07254901960784314 0.0058823529411764705 0.01699346405228758
9 0.7801470588235294 0.06013071895424837 0.0058823529411764705 0.02091503267973856
6 0.7691176470588236 0.05816993464052288 0.022058823529411766 0.043137254901960784
0 0.7941176470588235 0.0738562091503268 0.004411764705882353 0.02483660130718954
0 0.7966911764705882 0.07058823529411765 0.005147058823529412 0.02875816993464052
0 0.8275735294117647 0.09411764705882353 0.008088235294117648 0.03398692810457516
0 0.8323529411764706 0.09738562091503268 0.008823529411764706 0.03790849673202614
3 0.775 0.00980392156862745 0.033823529411764704 0.0196078431372549
3 0.8183823529411764 0.011764705882352941 0.04411764705882353 0.023529411764705882
0 0.8128676470588235 0.03725490196078431 0.008088235294117648 0.02483660130718954
0 0.819485294117647 0.03790849673202614 0.005147058823529412 0.026143790849673203
3 0.8286764705882353 0.03202614379084967 0.04411764705882353 0.030065359477124184
0 0.8466911764705882 0.13660130718954247 0.008088235294117648 0.030065359477124184
0 0.8551470588235294 0.11699346405228758 0.008823529411764706 0.03529411764705882
3 0.8088235294117647 0.06143790849673202 0.030882352941176472 0.02875816993464052
3 0.830514705882353 0.05751633986928104 0.03161764705882353 0.02875816993464052
0 0.8272058823529411 0.06405228758169934 0.0058823529411764705 0.02091503267973856
0 0.8323529411764706 0.06339869281045751 0.004411764705882353 0.0196078431372549
0 0.8408088235294118 0.06535947712418301 0.008088235294117648 0.03137254901960784
0 0.8466911764705882 0.06209150326797386 0.003676470588235294 0.027450980392156862
6 0.8375 0.052941176470588235 0.014705882352941176 0.03790849673202614
6 0.8606617647058824 0.07777777777777778 0.016911764705882352 0.022222222222222223
0 0.8738970588235294 0.07647058823529412 0.005147058823529412 0.02483660130718954
3 0.8683823529411765 0.06405228758169934 0.03529411764705882 0.03137254901960784
3 0.8757352941176471 0.052941176470588235 0.05 0.03529411764705882
3 0.8727941176470588 0.013725490196078431 0.04411764705882353 0.02483660130718954
0 0.8775735294117647 0.013725490196078431 0.008088235294117648 0.027450980392156862
4 0.8977941176470589 0.041176470588235294 0.03823529411764706 0.03790849673202614
4 0.9158088235294117 0.013071895424836602 0.04338235294117647 0.026143790849673203
1 0.9106617647058823 0.07516339869281045 0.008088235294117648 0.022222222222222223
0 0.9165441176470588 0.0784313725490196 0.008088235294117648 0.036601307189542485
6 0.9235294117647059 0.06209150326797386 0.023529411764705882 0.022222222222222223
1 0.9246323529411765 0.0738562091503268 0.006617647058823529 0.022222222222222223
1 0.9327205882352941 0.07450980392156863 0.006617647058823529 0.023529411764705882
4 0.950735294117647 0.040522875816993466 0.051470588235294115 0.0392156862745098
3 0.9529411764705882 0.026143790849673203 0.03823529411764706 0.02875816993464052
0 0.9492647058823529 0.07450980392156863 0.008823529411764706 0.036601307189542485
0 0.9551470588235295 0.08235294117647059 0.0058823529411764705 0.02091503267973856
0 0.9632352941176471 0.08104575163398693 0.008823529411764706 0.03137254901960784
0 0.9599264705882353 0.08104575163398693 0.005147058823529412 0.023529411764705882
0 0.9654411764705882 0.07254901960784314 0.007352941176470588 0.030065359477124184
0 0.9676470588235294 0.07908496732026143 0.0058823529411764705 0.02483660130718954
0 0.9852941176470589 0.06993464052287582 0.0058823529411764705 0.030065359477124184
1 0.9808823529411764 0.09019607843137255 0.0058823529411764705 0.013071895424836602
1 0.9889705882352942 0.09084967320261438 0.007352941176470588 0.01699346405228758
0 0.9959558823529412 0.08431372549019608 0.006617647058823529 0.02483660130718954
7 0.9691176470588235 0.07058823529411765 0.03529411764705882 0.03137254901960784
0 0.9783088235294117 0.0457516339869281 0.006617647058823529 0.023529411764705882
3 0.9573529411764706 0.016339869281045753 0.04264705882352941 0.027450980392156862
3 0.9882352941176471 0.01437908496732026 0.023529411764705882 0.026143790849673203
0 0.5860294117647059 0.20718954248366014 0.010294117647058823 0.05359477124183006
1 0.65625 0.13594771241830064 0.009558823529411765 0.0392156862745098
9 0.6558823529411765 0.14836601307189543 0.010294117647058823 0.03529411764705882
0 0.6628676470588235 0.15555555555555556 0.006617647058823529 0.044444444444444446
1 0.6676470588235294 0.13529411764705881 0.008823529411764706 0.030065359477124184
1 0.669485294117647 0.13660130718954247 0.008088235294117648 0.030065359477124184
9 0.6669117647058823 0.14640522875816994 0.008823529411764706 0.036601307189542485
0 0.7025735294117647 0.23921568627450981 0.011029411764705883 0.06013071895424837
0 0.7106617647058824 0.2326797385620915 0.013970588235294118 0.04967320261437908
0 0.7455882352941177 0.24640522875816995 0.011764705882352941 0.05620915032679739
0 0.7503676470588235 0.2647058823529412 0.0125 0.05620915032679739
0 0.7551470588235294 0.25098039215686274 0.011764705882352941 0.06274509803921569
0 0.5386029411764706 0.8712418300653595 0.03602941176470588 0.1084967320261438