3 0.42316176470588235 0.8333333333333334 0.07279411764705883 0.22091503267973855
3 0.6841911764705882 0.8013071895424837 0.06985294117647059 0.16993464052287582
3 0.6503676470588236 0.5895424836601307 0.05367647058823529 0.11764705882352941
3 0.6375 0.49411764705882355 0.041176470588235294 0.08366013071895424
3 0.7488970588235294 0.5568627450980392 0.1125 0.08888888888888889
3 0.7724264705882353 0.6679738562091503 0.10220588235294117 0.08627450980392157
3 0.7602941176470588 0.47058823529411764 0.06764705882352941 0.09673202614379085
3 0.32941176470588235 0.7026143790849673 0.075 0.17124183006535948
3 0.20808823529411766 0.6993464052287581 0.11323529411764706 0.13071895424836602
3 0.2113970588235294 0.9274509803921569 0.07720588235294118 0.1450980392156863
3 0.3941176470588235 0.3908496732026144 0.03823529411764706 0.07581699346405228
3 0.38125 0.31241830065359477 0.08014705882352942 0.054901960784313725
3 0.42058823529411765 0.2503267973856209 0.029411764705882353 0.06928104575163399
3 0.4363970588235294 0.22875816993464052 0.02426470588235294 0.05228758169934641
3 0.6143382352941177 0.3352941176470588 0.0375 0.06143790849673202
3 0.6077205882352941 0.28823529411764703 0.03161764705882353 0.048366013071895426
3 0.5996323529411764 0.2065359477124183 0.02426470588235294 0.04183006535947712
3 0.5904411764705882 0.14444444444444443 0.01764705882352941 0.032679738562091505
3 0.5727941176470588 0.1065359477124183 0.01764705882352941 0.032679738562091505
3 0.5834558823529412 0.08758169934640522 0.030147058823529412 0.03137254901960784
3 0.6205882352941177 0.09803921568627451 0.03823529411764706 0.03137254901960784
3 0.4349264705882353 0.1326797385620915 0.03897058823529412 0.03529411764705882
3 0.45845588235294116 0.1111111111111111 0.01838235294117647 0.0392156862745098
3 0.44448529411764703 0.09215686274509804 0.030147058823529412 0.030065359477124184
0 0.21507352941176472 0.5542483660130719 0.01838235294117647 0.06535947712418301
0 0.20330882352941176 0.5581699346405229 0.0125 0.05751633986928104
9 0.28566176470588234 0.47320261437908495 0.015441176470588236 0.054901960784313725
9 0.30367647058823527 0.4477124183006536 0.033823529411764704 0.040522875816993466
9 0.2985294117647059 0.4143790849673203 0.011764705882352941 0.044444444444444446
0 0.2933823529411765 0.2647058823529412 0.008823529411764706 0.0457516339869281
9 0.663235294117647 0.28169934640522876 0.020588235294117647 0.022222222222222223
9 0.6341911764705882 0.17320261437908496 0.016911764705882352 0.01699346405228758
9 0.6275735294117647 0.1477124183006536 0.0375 0.0392156862745098
3 0.663235294117647 0.058823529411764705 0.022058823529411766 0.026143790849673203
3 0.6705882352941176 0.03594771241830065 0.013235294117647059 0.02483660130718954
2 0.705514705882353 0.13594771241830064 0.011029411764705883 0.018300653594771243
1 0.5735294117647058 0.16666666666666666 0.010294117647058823 0.032679738562091505
2 0.5731617647058823 0.17058823529411765 0.008088235294117648 0.030065359477124184
1 0.5503676470588236 0.1588235294117647 0.006617647058823529 0.027450980392156862
9 0.55 0.16470588235294117 0.007352941176470588 0.026143790849673203
3 0.5161764705882353 0.07058823529411765 0.011764705882352941 0.03398692810457516
3 0.5143382352941176 0.05228758169934641 0.015441176470588236 0.026143790849673203
3 0.4915441176470588 0.06339869281045751 0.011029411764705883 0.030065359477124184
3 0.5485294117647059 0.048366013071895426 0.01911764705882353 0.02875816993464052
3 0.5455882352941176 0.028104575163398694 0.013235294117647059 0.0196078431372549
3 0.5238970588235294 0.027450980392156862 0.013970588235294118 0.023529411764705882
3 0.5253676470588236 0.009150326797385621 0.0125 0.01568627450980392
3 0.48933823529411763 0.01895424836601307 0.013970588235294118 0.02483660130718954
3 0.5040441176470588 0.011111111111111112 0.013970588235294118 0.022222222222222223
0 0.5727941176470588 0.030065359477124184 0.0029411764705882353 0.023529411764705882
9 0.8551470588235294 0.8738562091503268 0.04852941176470588 0.06143790849673202
9 0.8970588235294118 0.6777777777777778 0.027941176470588237 0.05620915032679739
9 0.9102941176470588 0.5522875816993464 0.022058823529411766 0.0457516339869281
9 0.9202205882352941 0.5869281045751634 0.02426470588235294 0.05228758169934641