3 0.1213235294117647 0.8026143790849674 0.11470588235294117 0.07320261437908497
3 0.10772058823529412 0.8790849673202614 0.10073529411764706 0.06666666666666667
3 0.2375 0.8555555555555555 0.10441176470588236 0.08496732026143791
3 0.23823529411764705 0.7947712418300653 0.09705882352941177 0.07058823529411765
0 0.26066176470588237 0.873202614379085 0.0125 0.05751633986928104
0 0.33492647058823527 0.7843137254901961 0.011029411764705883 0.06013071895424837
3 0.31323529411764706 0.7104575163398693 0.03676470588235294 0.09542483660130718
3 0.3275735294117647 0.6470588235294118 0.07867647058823529 0.06535947712418301
3 0.325 0.6019607843137255 0.045588235294117645 0.05620915032679739
3 0.3397058823529412 0.550326797385621 0.04852941176470588 0.05228758169934641
3 0.34963235294117645 0.503921568627451 0.03602941176470588 0.058823529411764705
3 0.3492647058823529 0.4647058823529412 0.05 0.043137254901960784
2 0.3948529411764706 0.5424836601307189 0.008823529411764706 0.03398692810457516
1 0.39375 0.5313725490196078 0.008088235294117648 0.03529411764705882
3 0.4886029411764706 0.6993464052287581 0.03897058823529412 0.07320261437908497
6 0.35441176470588237 0.4437908496732026 0.033823529411764704 0.027450980392156862
3 0.35625 0.4294117647058823 0.04926470588235294 0.03790849673202614
3 0.35698529411764707 0.4137254901960784 0.04926470588235294 0.040522875816993466
3 0.3654411764705882 0.3843137254901961 0.045588235294117645 0.036601307189542485
3 0.37169117647058825 0.36209150326797385 0.04485294117647059 0.02875816993464052
6 0.37169117647058825 0.34967320261437906 0.027205882352941177 0.02483660130718954
5 0.3724264705882353 0.3300653594771242 0.04632352941176471 0.030065359477124184
4 0.37058823529411766 0.3150326797385621 0.03529411764705882 0.02875816993464052
3 0.3738970588235294 0.3104575163398693 0.0375 0.02483660130718954
3 0.3786764705882353 0.3006535947712418 0.03529411764705882 0.023529411764705882
3 0.37316176470588236 0.28823529411764703 0.016911764705882352 0.022222222222222223
3 0.38566176470588237 0.2725490196078431 0.015441176470588236 0.027450980392156862
3 0.37720588235294117 0.25882352941176473 0.01764705882352941 0.023529411764705882
3 0.3522058823529412 0.25555555555555554 0.013235294117647059 0.02483660130718954
3 0.32132352941176473 0.25555555555555554 0.014705882352941176 0.030065359477124184
3 0.33639705882352944 0.2699346405228758 0.025735294117647058 0.027450980392156862
9 0.26580882352941176 0.4803921568627451 0.022794117647058822 0.022222222222222223
0 0.3272058823529412 0.3477124183006536 0.0058823529411764705 0.026143790849673203
4 0.3176470588235294 0.21568627450980393 0.014705882352941176 0.023529411764705882
3 0.3047794117647059 0.21045751633986928 0.0125 0.02091503267973856
3 0.3694852941176471 0.2437908496732026 0.03161764705882353 0.02483660130718954
3 0.37536764705882353 0.21176470588235294 0.01838235294117647 0.018300653594771243
3 0.37426470588235294 0.18758169934640523 0.020588235294117647 0.01699346405228758
3 0.3238970588235294 0.20588235294117646 0.013970588235294118 0.022222222222222223
3 0.35294117647058826 0.23660130718954248 0.022058823529411766 0.018300653594771243
3 0.3602941176470588 0.23137254901960785 0.025 0.01568627450980392
3 0.35955882352941176 0.22156862745098038 0.022058823529411766 0.0196078431372549
3 0.4632352941176471 0.18496732026143792 0.01764705882352941 0.0196078431372549
3 0.4838235294117647 0.18496732026143792 0.01764705882352941 0.01699346405228758
3 0.5213235294117647 0.2 0.023529411764705882 0.01568627450980392
9 0.4566176470588235 0.2065359477124183 0.008823529411764706 0.00784313725490196
1 0.45625 0.20065359477124184 0.005147058823529412 0.01437908496732026
9 0.41213235294117645 0.38496732026143793 0.006617647058823529 0.02483660130718954
1 0.4117647058823529 0.3758169934640523 0.0058823529411764705 0.02483660130718954
0 0.38125 0.47058823529411764 0.006617647058823529 0.036601307189542485
0 0.38125 0.4568627450980392 0.008088235294117648 0.032679738562091505
0 0.46838235294117647 0.4647058823529412 0.007352941176470588 0.032679738562091505
4 0.4772058823529412 0.47843137254901963 0.020588235294117647 0.04967320261437908
3 0.49779411764705883 0.21241830065359477 0.014705882352941176 0.0196078431372549
3 0.5139705882352941 0.21241830065359477 0.013235294117647059 0.022222222222222223
3 0.5029411764705882 0.2326797385620915 0.014705882352941176 0.023529411764705882
3 0.4753676470588235 0.21633986928104576 0.0125 0.01699346405228758
3 0.4772058823529412 0.22941176470588234 0.013235294117647059 0.0196078431372549
3 0.47904411764705884 0.24313725490196078 0.011029411764705883 0.018300653594771243
3 0.4823529411764706 0.25620915032679736 0.014705882352941176 0.02091503267973856
3 0.48455882352941176 0.27058823529411763 0.016176470588235296 0.02091503267973856
3 0.49558823529411766 0.28104575163398693 0.026470588235294117 0.023529411764705882
3 0.4808823529411765 0.2973856209150327 0.030882352941176472 0.022222222222222223
3 0.4860294117647059 0.30522875816993467 0.033823529411764704 0.022222222222222223
3 0.48676470588235293 0.3209150326797386 0.03676470588235294 0.022222222222222223
9 0.4375 0.2411764705882353 0.004411764705882353 0.01437908496732026
1 0.43713235294117647 0.23594771241830065 0.005147058823529412 0.01699346405228758
1 0.5202205882352942 0.296078431372549 0.005147058823529412 0.01699346405228758
9 0.5209558823529412 0.26666666666666666 0.013970588235294118 0.018300653594771243
0 0.53125 0.2856209150326797 0.005147058823529412 0.022222222222222223
0 0.5286764705882353 0.3738562091503268 0.0058823529411764705 0.02875816993464052
0 0.5422794117647058 0.3405228758169935 0.005147058823529412 0.027450980392156862
1 0.55 0.3352941176470588 0.007352941176470588 0.0196078431372549
3 0.60625 0.9379084967320261 0.10661764705882353 0.08758169934640522
3 0.6389705882352941 0.8516339869281045 0.09117647058823529 0.09803921568627451
3 0.6176470588235294 0.792156862745098 0.09705882352941177 0.07581699346405228
3 0.6272058823529412 0.7091503267973857 0.08823529411764706 0.06405228758169934
3 0.5963235294117647 0.6758169934640523 0.07352941176470588 0.06013071895424837
3 0.5882352941176471 0.6385620915032679 0.075 0.050980392156862744
3 0.6044117647058823 0.6039215686274509 0.07058823529411765 0.04967320261437908
3 0.5455882352941176 0.5895424836601307 0.0661764705882353 0.05228758169934641
3 0.5327205882352941 0.5575163398692811 0.05661764705882353 0.048366013071895426
3 0.5316176470588235 0.526797385620915 0.052941176470588235 0.044444444444444446
3 0.5257352941176471 0.4993464052287582 0.04852941176470588 0.047058823529411764
3 0.5213235294117647 0.47058823529411764 0.041176470588235294 0.036601307189542485
3 0.5091911764705882 0.45294117647058824 0.04926470588235294 0.03790849673202614
3 0.5227941176470589 0.43071895424836604 0.054411764705882354 0.03529411764705882
4 0.5022058823529412 0.40522875816993464 0.045588235294117645 0.044444444444444446
9 0.5654411764705882 0.42483660130718953 0.01764705882352941 0.02091503267973856
0 0.5683823529411764 0.4745098039215686 0.0058823529411764705 0.026143790849673203
1 0.5698529411764706 0.4934640522875817 0.010294117647058823 0.027450980392156862
6 0.5764705882352941 0.4673202614379085 0.03529411764705882 0.03529411764705882
2 0.5922794117647059 0.47908496732026146 0.019852941176470587 0.030065359477124184
9 0.6036764705882353 0.5202614379084968 0.020588235294117647 0.02091503267973856
9 0.600735294117647 0.5098039215686274 0.01764705882352941 0.02875816993464052
2 0.7058823529411765 0.8183006535947712 0.03235294117647059 0.04183006535947712
9 0.7014705882352941 0.7934640522875817 0.033823529411764704 0.03137254901960784
3 0.5235294117647059 0.40065359477124185 0.03235294117647059 0.030065359477124184
3 0.5025735294117647 0.37712418300653594 0.04044117647058824 0.027450980392156862
3 0.49558823529411766 0.365359477124183 0.03823529411764706 0.030065359477124184
3 0.4889705882352941 0.3509803921568627 0.03529411764705882 0.027450980392156862
3 0.48970588235294116 0.3333333333333333 0.03676470588235294 0.02091503267973856