1 0.14338235294117646 0.6222222222222222 0.016176470588235296 0.04967320261437908
9 0.14154411764705882 0.6352941176470588 0.03308823529411765 0.047058823529411764
0 0.3371323529411765 0.742483660130719 0.015441176470588236 0.07320261437908497
3 0.5816176470588236 0.807843137254902 0.054411764705882354 0.12810457516339868
3 0.34595588235294117 0.8562091503267973 0.09191176470588236 0.16209150326797386
3 0.4360294117647059 0.5620915032679739 0.04264705882352941 0.0784313725490196
3 0.51875 0.5235294117647059 0.03161764705882353 0.050980392156862744
3 0.5319852941176471 0.434640522875817 0.02426470588235294 0.043137254901960784
3 0.4345588235294118 0.4366013071895425 0.026470588235294117 0.044444444444444446
3 0.5441176470588235 0.3111111111111111 0.01764705882352941 0.023529411764705882
3 0.5430147058823529 0.28366013071895424 0.015441176470588236 0.02091503267973856
3 0.5507352941176471 0.2529411764705882 0.013235294117647059 0.022222222222222223
3 0.5003676470588235 0.26862745098039215 0.0125 0.022222222222222223
3 0.5268382352941177 0.24901960784313726 0.011029411764705883 0.022222222222222223
3 0.5566176470588236 0.23202614379084968 0.008823529411764706 0.01699346405228758
1 0.3095588235294118 0.465359477124183 0.011764705882352941 0.03398692810457516
2 0.30919117647058825 0.47843137254901963 0.013970588235294118 0.03137254901960784
1 0.39448529411764705 0.4437908496732026 0.006617647058823529 0.027450980392156862
2 0.3941176470588235 0.45751633986928103 0.010294117647058823 0.02875816993464052
0 0.2580882352941177 0.3464052287581699 0.008823529411764706 0.03137254901960784
3 0.3003676470588235 0.3411764705882353 0.03308823529411765 0.026143790849673203
1 0.3150735294117647 0.4019607843137255 0.013970588235294118 0.03790849673202614
1 0.5845588235294118 0.41045751633986927 0.008823529411764706 0.026143790849673203
1 0.5698529411764706 0.3431372549019608 0.007352941176470588 0.0196078431372549
1 0.5801470588235295 0.296078431372549 0.007352941176470588 0.01699346405228758
1 0.5698529411764706 0.27647058823529413 0.004411764705882353 0.01437908496732026
9 0.5852941176470589 0.4215686274509804 0.010294117647058823 0.0196078431372549
9 0.5691176470588235 0.35228758169934643 0.0058823529411764705 0.0196078431372549
9 0.58125 0.3026143790849673 0.005147058823529412 0.011764705882352941
9 0.5691176470588235 0.2823529411764706 0.004411764705882353 0.01045751633986928
4 0.5345588235294118 0.3535947712418301 0.01764705882352941 0.03529411764705882
4 0.5154411764705882 0.28888888888888886 0.013235294117647059 0.02875816993464052
4 0.5036764705882353 0.25359477124183005 0.011764705882352941 0.023529411764705882
4 0.5529411764705883 0.6045751633986928 0.039705882352941174 0.09281045751633987
3 0.7863970588235294 0.6104575163398693 0.04338235294117647 0.06274509803921569
4 0.7595588235294117 0.4915032679738562 0.04264705882352941 0.06274509803921569
3 0.9584558823529412 0.7986928104575164 0.08308823529411764 0.11241830065359477
9 0.8323529411764706 0.6516339869281046 0.013235294117647059 0.05620915032679739
9 0.8272058823529411 0.6111111111111112 0.011764705882352941 0.03790849673202614
9 0.8393382352941177 0.6300653594771242 0.0125 0.0392156862745098
9 0.8470588235294118 0.6130718954248366 0.014705882352941176 0.04967320261437908
9 0.8996323529411765 0.6725490196078432 0.019852941176470587 0.050980392156862744
9 0.8731617647058824 0.6738562091503268 0.030147058823529412 0.03790849673202614
9 0.8654411764705883 0.6562091503267974 0.029411764705882353 0.03398692810457516
9 0.8522058823529411 0.49869281045751634 0.013235294117647059 0.032679738562091505
9 0.9345588235294118 0.696078431372549 0.030882352941176472 0.040522875816993466
9 0.95625 0.7130718954248366 0.03161764705882353 0.040522875816993466
9 0.9279411764705883 0.6686274509803921 0.011764705882352941 0.03790849673202614
9 0.9180147058823529 0.6627450980392157 0.03161764705882353 0.03137254901960784
9 0.9422794117647059 0.6712418300653594 0.016911764705882352 0.043137254901960784
2 0.913235294117647 0.6359477124183006 0.01764705882352941 0.043137254901960784
9 0.9323529411764706 0.6333333333333333 0.01764705882352941 0.043137254901960784
9 0.9650735294117647 0.6535947712418301 0.028676470588235293 0.03137254901960784
9 0.9786764705882353 0.7058823529411765 0.014705882352941176 0.05228758169934641
2 0.9875 0.6843137254901961 0.025 0.030065359477124184
2 0.9856617647058824 0.6666666666666666 0.02426470588235294 0.026143790849673203
9 0.99375 0.7215686274509804 0.0125 0.0392156862745098
9 0.9073529411764706 0.6071895424836601 0.030882352941176472 0.03529411764705882
2 0.9367647058823529 0.596078431372549 0.025 0.02875816993464052
9 0.9698529411764706 0.6006535947712418 0.026470588235294117 0.043137254901960784
2 0.9933823529411765 0.6248366013071895 0.013235294117647059 0.036601307189542485
9 0.8246323529411764 0.45816993464052286 0.021323529411764706 0.02483660130718954
9 0.8661764705882353 0.4993464052287582 0.011764705882352941 0.03398692810457516
2 0.8393382352941177 0.477124183006536 0.019852941176470587 0.026143790849673203
2 0.6981617647058823 0.42549019607843136 0.009558823529411765 0.027450980392156862
0 0.6698529411764705 0.36797385620915035 0.007352941176470588 0.030065359477124184
3 0.7121323529411765 0.3483660130718954 0.04191176470588235 0.032679738562091505
4 0.6941176470588235 0.32679738562091504 0.01764705882352941 0.02875816993464052
4 0.6882352941176471 0.3084967320261438 0.016176470588235296 0.023529411764705882
0 0.7753676470588236 0.36666666666666664 0.006617647058823529 0.030065359477124184
2 0.7191176470588235 0.3196078431372549 0.007352941176470588 0.01699346405228758
0 0.711764705882353 0.3137254901960784 0.0058823529411764705 0.026143790849673203
0 0.5819852941176471 0.2581699346405229 0.003676470588235294 0.01437908496732026
3 0.580514705882353 0.2522875816993464 0.016911764705882352 0.02091503267973856
3 0.5830882352941177 0.23202614379084968 0.011764705882352941 0.0196078431372549
3 0.5772058823529411 0.21372549019607842 0.008823529411764706 0.01699346405228758
4 0.5540441176470589 0.21568627450980393 0.008088235294117648 0.013071895424836602
3 0.5566176470588236 0.20784313725490197 0.007352941176470588 0.013071895424836602
3 0.5452205882352941 0.19411764705882353 0.006617647058823529 0.011764705882352941
3 0.544485294117647 0.1803921568627451 0.006617647058823529 0.00784313725490196
3 0.5610294117647059 0.1830065359477124 0.007352941176470588 0.01045751633986928
3 0.3948529411764706 0.27450980392156865 0.033823529411764704 0.02875816993464052
3 0.48713235294117646 0.19934640522875818 0.030147058823529412 0.0196078431372549