3 0.5128571428571429 0.9695431472081218 0.017142857142857144 0.04568527918781726
3 0.5039285714285714 0.9156091370558376 0.017857142857142856 0.046954314720812185
3 0.49714285714285716 0.8654822335025381 0.014285714285714285 0.04060913705583756
3 0.5053571428571428 0.815989847715736 0.015 0.03807106598984772
4 0.4953571428571429 0.756979695431472 0.015 0.03934010152284264
8 0.4828571428571429 0.774746192893401 0.027142857142857142 0.10532994923857868
3 0.49642857142857144 0.6821065989847716 0.02 0.02918781725888325
8 0.5835714285714285 0.6389593908629442 0.054285714285714284 0.04949238578680203
8 0.575 0.6243654822335025 0.05285714285714286 0.0532994923857868
3 0.5539285714285714 0.6224619289340102 0.019285714285714285 0.021573604060913704
3 0.5575 0.6059644670050761 0.019285714285714285 0.021573604060913704
4 0.6289285714285714 0.6199238578680203 0.025 0.0266497461928934
4 0.6425 0.5977157360406091 0.025 0.025380710659898477
3 0.6146428571428572 0.5774111675126904 0.02214285714285714 0.025380710659898477
8 0.6221428571428571 0.5469543147208121 0.02857142857142857 0.030456852791878174
3 0.5882142857142857 0.5482233502538071 0.017857142857142856 0.017766497461928935
3 0.49964285714285717 0.5888324873096447 0.017857142857142856 0.02030456852791878
3 0.4657142857142857 0.616751269035533 0.022857142857142857 0.02030456852791878
4 0.5192857142857142 0.5596446700507615 0.02142857142857143 0.02284263959390863
3 0.46035714285714285 0.5171319796954315 0.010714285714285714 0.02918781725888325
5 0.47 0.49746192893401014 0.014285714285714285 0.048223350253807105
3 0.48428571428571426 0.5088832487309645 0.011428571428571429 0.025380710659898477
3 0.4789285714285714 0.48286802030456855 0.010714285714285714 0.024111675126903553
3 0.46464285714285714 0.4631979695431472 0.010714285714285714 0.025380710659898477
3 0.47285714285714286 0.4549492385786802 0.01 0.024111675126903553
3 0.4610714285714286 0.43274111675126903 0.007857142857142858 0.027918781725888325
3 0.47 0.43210659898477155 0.01 0.021573604060913704
3 0.45785714285714285 0.4086294416243655 0.008571428571428572 0.02284263959390863
3 0.4685714285714286 0.4086294416243655 0.008571428571428572 0.025380710659898477
3 0.465 0.37753807106598986 0.011428571428571429 0.04187817258883249
3 0.4635714285714286 0.31408629441624364 0.007142857142857143 0.01903553299492386
4 0.4375 0.28109137055837563 0.0064285714285714285 0.01903553299492386
3 0.45964285714285713 0.2620558375634518 0.0064285714285714285 0.013959390862944163
3 0.3417857142857143 0.6579949238578681 0.023571428571428573 0.021573604060913704
3 0.3267857142857143 0.6053299492385786 0.019285714285714285 0.02284263959390863
3 0.23964285714285713 0.684010152284264 0.025 0.02284263959390863
4 0.2542857142857143 0.6370558375634517 0.022857142857142857 0.025380710659898477
5 0.22607142857142856 0.6446700507614214 0.029285714285714286 0.027918781725888325
3 0.19464285714285715 0.6567258883248731 0.02214285714285714 0.01903553299492386
3 0.16214285714285714 0.4156091370558376 0.011428571428571429 0.021573604060913704
3 0.18535714285714286 0.39720812182741116 0.013571428571428571 0.025380710659898477
3 0.17821428571428571 0.3762690355329949 0.009285714285714286 0.021573604060913704
3 0.18357142857142858 0.3604060913705584 0.011428571428571429 0.02030456852791878
3 0.18857142857142858 0.34390862944162437 0.008571428571428572 0.02030456852791878
3 0.18535714285714286 0.33248730964467005 0.009285714285714286 0.02030456852791878
3 0.1475 0.4213197969543147 0.012142857142857143 0.02284263959390863
3 0.15464285714285714 0.4003807106598985 0.013571428571428571 0.0266497461928934
3 0.16071428571428573 0.3819796954314721 0.01 0.02030456852791878
3 0.1667857142857143 0.36484771573604063 0.010714285714285714 0.021573604060913704
3 0.1725 0.3477157360406091 0.010714285714285714 0.02030456852791878
3 0.17857142857142858 0.33248730964467005 0.01 0.02030456852791878
8 0.145 0.3020304568527919 0.024285714285714285 0.0532994923857868
8 0.12357142857142857 0.3083756345177665 0.024285714285714285 0.0532994923857868
8 0.10392857142857143 0.3147208121827411 0.023571428571428573 0.04568527918781726
3 0.09321428571428571 0.24175126903553298 0.013571428571428571 0.011421319796954314
3 0.11642857142857142 0.23921319796954316 0.017142857142857144 0.013959390862944163
3 0.6864285714285714 0.48921319796954316 0.02 0.01903553299492386
3 0.7089285714285715 0.491751269035533 0.016428571428571428 0.01903553299492386
3 0.7964285714285714 0.44416243654822335 0.015714285714285715 0.02030456852791878
3 0.8332142857142857 0.4365482233502538 0.019285714285714285 0.02030456852791878
3 0.8753571428571428 0.4549492385786802 0.019285714285714285 0.021573604060913704
3 0.8464285714285714 0.4118020304568528 0.02 0.021573604060913704
3 0.8539285714285715 0.39276649746192893 0.017857142857142856 0.01649746192893401
8 0.8775 0.3895939086294416 0.027857142857142858 0.030456852791878174
3 0.8760714285714286 0.41116751269035534 0.017857142857142856 0.017766497461928935
3 0.945 0.4486040609137056 0.017142857142857144 0.021573604060913704
3 0.8964285714285715 0.3623096446700508 0.015714285714285715 0.01649746192893401
3 0.9603571428571429 0.3470812182741117 0.017857142857142856 0.01903553299492386
3 0.6925 0.17703045685279187 0.009285714285714286 0.01903553299492386
3 0.69 0.15736040609137056 0.007142857142857143 0.02030456852791878
3 0.6939285714285715 0.07804568527918782 0.0064285714285714285 0.013959390862944163