0 0.7610714285714286 0.9530456852791879 0.016428571428571428 0.030456852791878174
0 0.8925 0.9200507614213198 0.019285714285714285 0.027918781725888325
0 0.7692857142857142 0.6256345177664975 0.012857142857142857 0.03553299492385787
0 0.7735714285714286 0.5761421319796954 0.014285714285714285 0.03553299492385787
0 0.7871428571428571 0.5799492385786802 0.014285714285714285 0.030456852791878174
0 0.8021428571428572 0.583756345177665 0.012857142857142857 0.03299492385786802
0 0.8007142857142857 0.5380710659898477 0.015714285714285715 0.030456852791878174
0 0.7603571428571428 0.5513959390862944 0.013571428571428571 0.03426395939086294
0 0.7507142857142857 0.5101522842639594 0.012857142857142857 0.030456852791878174
0 0.88 0.5101522842639594 0.014285714285714285 0.030456852791878174
0 0.7003571428571429 0.43781725888324874 0.012142857142857143 0.027918781725888325
0 0.68 0.4010152284263959 0.011428571428571429 0.030456852791878174
0 0.6567857142857143 0.3604060913705584 0.010714285714285714 0.030456852791878174
0 0.6710714285714285 0.36484771573604063 0.012142857142857143 0.03680203045685279
0 0.635 0.274746192893401 0.01 0.02918781725888325
0 0.6367857142857143 0.28743654822335024 0.0064285714285714285 0.01903553299492386
0 0.6485714285714286 0.2899746192893401 0.014285714285714285 0.03426395939086294
0 0.6196428571428572 0.22588832487309646 0.010714285714285714 0.03807106598984772
0 0.6332142857142857 0.09454314720812183 0.009285714285714286 0.02918781725888325