0 0.39357142857142857 0.14974619289340102 0.004285714285714286 0.030456852791878174
0 0.39964285714285713 0.1484771573604061 0.009285714285714286 0.030456852791878174
0 0.41535714285714287 0.2906091370558376 0.010714285714285714 0.03299492385786802
0 0.3821428571428571 0.5951776649746193 0.008571428571428572 0.03553299492385787
0 0.7214285714285714 0.8934010152284264 0.008571428571428572 0.03807106598984772
0 0.6914285714285714 0.5444162436548223 0.008571428571428572 0.030456852791878174
0 0.7203571428571428 0.5425126903553299 0.015 0.03934010152284264
0 0.6521428571428571 0.33121827411167515 0.007142857142857143 0.02284263959390863
0 0.5246428571428572 0.3769035532994924 0.013571428571428571 0.030456852791878174
1 0.5189285714285714 0.33248730964467005 0.012142857142857143 0.02284263959390863
0 0.4685714285714286 0.3210659898477157 0.008571428571428572 0.02030456852791878
0 0.6471428571428571 0.2614213197969543 0.012857142857142857 0.03299492385786802
0 0.6628571428571428 0.09200507614213198 0.007142857142857143 0.02918781725888325
0 0.66 0.06725888324873096 0.008571428571428572 0.027918781725888325
0 0.6453571428571429 0.06852791878172589 0.0064285714285714285 0.027918781725888325
0 0.6289285714285714 0.06408629441624365 0.007857142857142858 0.02918781725888325
0 0.6342857142857142 0.06091370558375635 0.005714285714285714 0.025380710659898477
0 0.6403571428571428 0.05901015228426396 0.0064285714285714285 0.02918781725888325
1 0.5460714285714285 0.2703045685279188 0.012142857142857143 0.02284263959390863
1 0.5417857142857143 0.25888324873096447 0.019285714285714285 0.017766497461928935
1 0.44142857142857145 0.21954314720812182 0.008571428571428572 0.025380710659898477
1 0.44107142857142856 0.20748730964467005 0.009285714285714286 0.021573604060913704
4 0.7914285714285715 0.2785532994923858 0.06 0.12563451776649745
3 0.8935714285714286 0.2468274111675127 0.05 0.10279187817258884
3 0.9471428571428572 0.024111675126903553 0.03571428571428571 0.048223350253807105
3 0.9217857142857143 0.9251269035532995 0.09071428571428572 0.14720812182741116
3 0.9825 0.8718274111675127 0.035 0.1598984771573604
3 0.9832142857142857 0.6288071065989848 0.03357142857142857 0.14593908629441624
1 0.5042857142857143 0.14911167512690354 0.008571428571428572 0.01903553299492386
1 0.4442857142857143 0.48223350253807107 0.012857142857142857 0.02030456852791878
1 0.4432142857142857 0.47715736040609136 0.013571428571428571 0.02030456852791878