5 0.4942857142857143 0.16560913705583757 0.07285714285714286 0.06725888324873096
5 0.11142857142857143 0.9631979695431472 0.21142857142857144 0.07106598984771574
3 0.5517857142857143 0.13324873096446702 0.055 0.050761421319796954
3 0.8564285714285714 0.10723350253807107 0.06571428571428571 0.044416243654822336
3 0.6321428571428571 0.07868020304568528 0.055714285714285716 0.04568527918781726
3 0.8139285714285714 0.06789340101522842 0.055 0.044416243654822336
3 0.8510714285714286 0.03616751269035533 0.052142857142857144 0.044416243654822336
3 0.4657142857142857 0.7366751269035533 0.05142857142857143 0.14593908629441624
3 0.30892857142857144 0.7081218274111675 0.08071428571428571 0.07868020304568528
3 0.30357142857142855 0.8153553299492385 0.11142857142857143 0.09517766497461928
3 0.2982142857142857 0.9486040609137056 0.125 0.09263959390862944
3 0.5203571428571429 0.7106598984771574 0.047857142857142855 0.12436548223350254
4 0.915 0.8934010152284264 0.06142857142857143 0.1446700507614213
4 0.8753571428571428 0.8013959390862944 0.05785714285714286 0.1281725888324873
4 0.8432142857142857 0.7246192893401016 0.055 0.1218274111675127
4 0.8 0.6529187817258884 0.055714285714285716 0.12055837563451777
3 0.7096428571428571 0.6529187817258884 0.07928571428571428 0.0850253807106599
3 0.7303571428571428 0.6986040609137056 0.08214285714285714 0.09771573604060914
3 0.7621428571428571 0.75 0.09142857142857143 0.09898477157360407
3 0.7853571428571429 0.8197969543147208 0.09785714285714285 0.1065989847715736
3 0.8114285714285714 0.8984771573604061 0.10285714285714286 0.1065989847715736
3 0.8432142857142857 0.9593908629441624 0.105 0.07868020304568528
3 0.4567857142857143 0.4206852791878173 0.06642857142857143 0.05710659898477157
3 0.5375 0.4098984771573604 0.05785714285714286 0.0532994923857868
3 0.7157142857142857 0.4543147208121827 0.05857142857142857 0.05583756345177665
3 0.7789285714285714 0.38071065989847713 0.04642857142857143 0.050761421319796954
3 0.8421428571428572 0.3730964467005076 0.05285714285714286 0.0532994923857868
3 0.6878571428571428 0.3895939086294416 0.06428571428571428 0.0532994923857868
3 0.6210714285714286 0.3953045685279188 0.05357142857142857 0.05964467005076142
3 0.6928571428571428 0.35723350253807107 0.05 0.05203045685279188
3 0.6664285714285715 0.30774111675126903 0.03571428571428571 0.05964467005076142
3 0.5642857142857143 0.31091370558375636 0.03428571428571429 0.07614213197969544
3 0.5342857142857143 0.3115482233502538 0.025714285714285714 0.06218274111675127
3 0.6978571428571428 0.29441624365482233 0.02857142857142857 0.0583756345177665
3 0.7232142857142857 0.29885786802030456 0.03357142857142857 0.05964467005076142
3 0.7510714285714286 0.2956852791878173 0.030714285714285715 0.06598984771573604
3 0.7796428571428572 0.2868020304568528 0.03785714285714286 0.06091370558375635
3 0.8225 0.2868020304568528 0.03642857142857143 0.07106598984771574
4 0.8610714285714286 0.29124365482233505 0.04071428571428572 0.0850253807106599
4 0.9460714285714286 0.11230964467005077 0.06785714285714285 0.05964467005076142
3 0.7978571428571428 0.23413705583756345 0.05857142857142857 0.03934010152284264
3 0.5289285714285714 0.26078680203045684 0.047857142857142855 0.044416243654822336
3 0.585 0.24492385786802032 0.054285714285714284 0.050761421319796954
3 0.6621428571428571 0.24428934010152284 0.054285714285714284 0.04949238578680203
0 0.2125 0.35723350253807107 0.013571428571428571 0.03934010152284264
0 0.20464285714285715 0.35152284263959394 0.013571428571428571 0.03807106598984772
0 0.2675 0.3331218274111675 0.007857142857142858 0.02918781725888325
0 0.26107142857142857 0.3286802030456853 0.009285714285714286 0.03299492385786802