5 0.0075 0.06979695431472081 0.015 0.03299492385786802
5 0.023214285714285715 0.09137055837563451 0.016428571428571428 0.03299492385786802
5 0.11607142857142858 0.17956852791878172 0.023571428571428573 0.04187817258883249
5 0.07428571428571429 0.20748730964467005 0.018571428571428572 0.03426395939086294
8 0.054642857142857146 0.11802030456852793 0.02642857142857143 0.05583756345177665
8 0.046785714285714285 0.16751269035532995 0.030714285714285715 0.05583756345177665
3 0.0975 0.1446700507614213 0.010714285714285714 0.017766497461928935
3 0.09214285714285714 0.21065989847715735 0.012857142857142857 0.02030456852791878
3 0.14464285714285716 0.2430203045685279 0.015 0.031725888324873094
3 0.12035714285714286 0.21637055837563451 0.015 0.021573604060913704
3 0.10035714285714285 0.18718274111675126 0.013571428571428571 0.0266497461928934
3 0.2875 0.3883248730964467 0.02214285714285714 0.03807106598984772
3 0.3682142857142857 0.4498730964467005 0.025 0.03680203045685279
3 0.295 0.16941624365482233 0.022857142857142857 0.01903553299492386
3 0.3560714285714286 0.258248730964467 0.013571428571428571 0.0266497461928934
3 0.37857142857142856 0.2633248730964467 0.015714285714285715 0.02918781725888325
3 0.40714285714285714 0.21383248730964466 0.012857142857142857 0.024111675126903553
3 0.35464285714285715 0.17068527918781726 0.013571428571428571 0.021573604060913704
3 0.37642857142857145 0.16370558375634517 0.012857142857142857 0.02030456852791878
3 0.4710714285714286 0.5044416243654822 0.025 0.03934010152284264
3 0.43535714285714283 0.4263959390862944 0.02642857142857143 0.04314720812182741
3 0.3892857142857143 0.4073604060913706 0.025714285714285714 0.03807106598984772
3 0.42142857142857143 0.1618020304568528 0.011428571428571429 0.02918781725888325
3 0.3657142857142857 0.11738578680203046 0.011428571428571429 0.021573604060913704
3 0.28035714285714286 0.25888324873096447 0.016428571428571428 0.030456852791878174
3 0.22071428571428572 0.19606598984771573 0.014285714285714285 0.021573604060913704
3 0.5410714285714285 0.692258883248731 0.045 0.06472081218274112
3 0.6032142857142857 0.6218274111675127 0.04071428571428572 0.06598984771573604
3 0.38 0.061548223350253804 0.008571428571428572 0.024111675126903553
3 0.4782142857142857 0.1446700507614213 0.009285714285714286 0.02030456852791878
3 0.39535714285714285 0.050761421319796954 0.009285714285714286 0.02284263959390863
3 0.2914285714285714 0.15736040609137056 0.02 0.017766497461928935
3 0.5660714285714286 0.3331218274111675 0.015 0.0266497461928934
3 0.5910714285714286 0.33121827411167515 0.013571428571428571 0.030456852791878174
3 0.5478571428571428 0.25571065989847713 0.012857142857142857 0.0266497461928934
3 0.5592857142857143 0.25 0.012857142857142857 0.030456852791878174
3 0.5717857142857142 0.2519035532994924 0.013571428571428571 0.02918781725888325
3 0.5835714285714285 0.25253807106598986 0.014285714285714285 0.025380710659898477
3 0.5964285714285714 0.25 0.014285714285714285 0.02284263959390863
3 0.6096428571428572 0.25 0.015 0.027918781725888325
3 0.6210714285714286 0.24746192893401014 0.013571428571428571 0.025380710659898477
3 0.6353571428571428 0.24746192893401014 0.015 0.03299492385786802
3 0.6967857142857142 0.3286802030456853 0.015 0.027918781725888325
3 0.6696428571428571 0.3299492385786802 0.015 0.02284263959390863
3 0.6678571428571428 0.27982233502538073 0.024285714285714285 0.024111675126903553
3 0.6239285714285714 0.2982233502538071 0.027857142857142858 0.02284263959390863
3 0.6982142857142857 0.2969543147208122 0.02214285714285714 0.02284263959390863
3 0.7221428571428572 0.22525380710659898 0.012857142857142857 0.024111675126903553
3 0.7371428571428571 0.20939086294416243 0.015714285714285715 0.02284263959390863
3 0.7560714285714286 0.22208121827411167 0.016428571428571428 0.027918781725888325
3 0.8107142857142857 0.18464467005076143 0.015714285714285715 0.0266497461928934
3 0.8503571428571428 0.26713197969543145 0.016428571428571428 0.0266497461928934
3 0.8842857142857142 0.30076142131979694 0.018571428571428572 0.025380710659898477
3 0.8689285714285714 0.31789340101522845 0.017857142857142856 0.02918781725888325
3 0.8489285714285715 0.3819796954314721 0.019285714285714285 0.03299492385786802
3 0.8767857142857143 0.3819796954314721 0.02214285714285714 0.04060913705583756
3 0.8275 0.4270304568527919 0.020714285714285713 0.03426395939086294
3 0.8710714285714286 0.4302030456852792 0.017857142857142856 0.03299492385786802
3 0.9014285714285715 0.4270304568527919 0.022857142857142857 0.02918781725888325
3 0.8935714285714286 0.38261421319796957 0.018571428571428572 0.03934010152284264
3 0.9060714285714285 0.3604060913705584 0.020714285714285713 0.030456852791878174
3 0.9235714285714286 0.3597715736040609 0.02142857142857143 0.031725888324873094
3 0.9378571428571428 0.3597715736040609 0.02 0.031725888324873094
3 0.8785714285714286 0.35786802030456855 0.017142857142857144 0.027918781725888325
3 0.8667857142857143 0.3597715736040609 0.015 0.0266497461928934
3 0.8510714285714286 0.3616751269035533 0.020714285714285713 0.027918781725888325
3 0.8378571428571429 0.3610406091370558 0.017142857142857144 0.03426395939086294
3 0.8235714285714286 0.3813451776649746 0.015714285714285715 0.04187817258883249
3 0.805 0.38388324873096447 0.01 0.03426395939086294
3 0.8175 0.3210659898477157 0.016428571428571428 0.025380710659898477
3 0.8310714285714286 0.3229695431472081 0.016428571428571428 0.02918781725888325
3 0.8442857142857143 0.3217005076142132 0.017142857142857144 0.031725888324873094
3 0.8185714285714286 0.3013959390862944 0.015714285714285715 0.021573604060913704
3 0.8346428571428571 0.30076142131979694 0.015 0.02030456852791878
3 0.8442857142857143 0.30076142131979694 0.018571428571428572 0.027918781725888325
3 0.8582142857142857 0.3013959390862944 0.015 0.0266497461928934
3 0.6317857142857143 0.33058375634517767 0.013571428571428571 0.031725888324873094
3 0.665 0.2626903553299492 0.024285714285714285 0.017766497461928935
3 0.6975 0.28553299492385786 0.017857142857142856 0.015228426395939087
3 0.6621428571428571 0.25444162436548223 0.024285714285714285 0.0266497461928934
3 0.6603571428571429 0.24555837563451777 0.023571428571428573 0.0266497461928934
3 0.6896428571428571 0.25444162436548223 0.02214285714285714 0.01903553299492386
3 0.6892857142857143 0.2652284263959391 0.025714285714285714 0.02030456852791878
3 0.6785714285714286 0.23477157360406092 0.02 0.017766497461928935
3 0.7139285714285715 0.21129441624365483 0.012142857142857143 0.01649746192893401
3 0.7328571428571429 0.25253807106598986 0.012857142857142857 0.027918781725888325
3 0.7878571428571428 0.26649746192893403 0.012857142857142857 0.025380710659898477
3 0.6567857142857143 0.21763959390862944 0.020714285714285713 0.021573604060913704
3 0.6753571428571429 0.2233502538071066 0.025 0.017766497461928935
4 0.7117857142857142 0.32614213197969544 0.019285714285714285 0.03553299492385787
4 0.6457142857142857 0.3248730964467005 0.015714285714285715 0.03299492385786802
4 0.6203571428571428 0.28616751269035534 0.02642857142857143 0.021573604060913704
4 0.8896428571428572 0.4276649746192893 0.020714285714285713 0.03807106598984772
4 0.8617857142857143 0.2620558375634518 0.016428571428571428 0.031725888324873094
4 0.8017857142857143 0.2645939086294416 0.015 0.0266497461928934
4 0.7778571428571428 0.2645939086294416 0.011428571428571429 0.0266497461928934
4 0.7646428571428572 0.2639593908629442 0.016428571428571428 0.03299492385786802
4 0.7535714285714286 0.26713197969543145 0.015714285714285715 0.03426395939086294
4 0.8125 0.22081218274111675 0.016428571428571428 0.030456852791878174
4 0.8232142857142857 0.22208121827411167 0.016428571428571428 0.030456852791878174
4 0.835 0.2201776649746193 0.014285714285714285 0.02918781725888325
4 0.8464285714285714 0.21890862944162437 0.015714285714285715 0.03426395939086294
4 0.7039285714285715 0.18210659898477158 0.013571428571428571 0.031725888324873094
4 0.7396428571428572 0.26586294416243655 0.015 0.031725888324873094
3 0.7525 0.3001269035532995 0.015 0.02918781725888325
3 0.7660714285714286 0.30076142131979694 0.015 0.02284263959390863
4 0.5846428571428571 0.2366751269035533 0.015 0.024111675126903553
3 0.5717857142857142 0.23604060913705585 0.013571428571428571 0.02284263959390863
3 0.5532142857142858 0.23540609137055837 0.017857142857142856 0.021573604060913704
4 0.5421428571428571 0.4803299492385787 0.03142857142857143 0.05964467005076142
5 0.6082142857142857 0.350253807106599 0.020714285714285713 0.06598984771573604
5 0.6396428571428572 0.3477157360406091 0.020714285714285713 0.06091370558375635
5 0.7060714285714286 0.3470812182741117 0.02214285714285714 0.05710659898477157
5 0.8307142857142857 0.13705583756345177 0.02142857142857143 0.03299492385786802
5 0.6014285714285714 0.42576142131979694 0.02142857142857143 0.05710659898477157
5 0.6567857142857143 0.3464467005076142 0.02214285714285714 0.0583756345177665
5 0.6203571428571428 0.4276649746192893 0.020714285714285713 0.04568527918781726
5 0.6385714285714286 0.42956852791878175 0.022857142857142857 0.05203045685279188
5 0.6557142857142857 0.4276649746192893 0.024285714285714285 0.0583756345177665
5 0.6728571428571428 0.42385786802030456 0.027142857142857142 0.07614213197969544
5 0.6925 0.4282994923857868 0.02642857142857143 0.07741116751269035
5 0.7289285714285715 0.4213197969543147 0.030714285714285715 0.05583756345177665
5 0.645 0.20558375634517767 0.04 0.03553299492385787
5 0.6432142857142857 0.1967005076142132 0.03357142857142857 0.03299492385786802
5 0.6396428571428572 0.18908629441624367 0.029285714285714286 0.027918781725888325
5 0.6389285714285714 0.18083756345177665 0.035 0.0266497461928934
5 0.6364285714285715 0.15862944162436549 0.03857142857142857 0.03807106598984772
5 0.6392857142857142 0.17449238578680204 0.037142857142857144 0.03680203045685279
5 0.6417857142857143 0.1567258883248731 0.04357142857142857 0.03426395939086294
5 0.8460714285714286 0.13959390862944163 0.02214285714285714 0.04314720812182741
8 0.7196428571428571 0.15736040609137056 0.023571428571428573 0.05583756345177665
8 0.7764285714285715 0.15862944162436549 0.03 0.0532994923857868
8 0.7346428571428572 0.15736040609137056 0.025 0.050761421319796954
8 0.7910714285714285 0.1598984771573604 0.029285714285714286 0.050761421319796954
8 0.8521428571428571 0.16751269035532995 0.032857142857142856 0.06598984771573604
8 0.4878571428571429 0.015228426395939087 0.01 0.02284263959390863
8 0.48678571428571427 0.0266497461928934 0.012142857142857143 0.027918781725888325
8 0.4982142857142857 0.02918781725888325 0.010714285714285714 0.027918781725888325
8 0.4992857142857143 0.017766497461928935 0.011428571428571429 0.02284263959390863
8 0.49892857142857144 0.01015228426395939 0.007857142857142858 0.02030456852791878
8 0.4785714285714286 0.020939086294416244 0.01 0.02918781725888325
8 0.48464285714285715 0.04631979695431472 0.012142857142857143 0.03426395939086294
8 0.49464285714285716 0.04885786802030457 0.013571428571428571 0.031725888324873094
8 0.43 0.03362944162436548 0.012857142857142857 0.04187817258883249
3 0.4542857142857143 0.05520304568527919 0.008571428571428572 0.01903553299492386
8 0.4564285714285714 0.013959390862944163 0.012857142857142857 0.027918781725888325
5 0.44607142857142856 0.282994923857868 0.030714285714285715 0.06598984771573604
5 0.5817857142857142 0.6675126903553299 0.06357142857142857 0.10406091370558376
4 0.39464285714285713 0.33058375634517767 0.017857142857142856 0.03934010152284264
4 0.3585714285714286 0.6947969543147208 0.03428571428571429 0.05456852791878172
4 0.39357142857142857 0.5076142131979695 0.03 0.050761421319796954
5 0.37392857142857144 0.1916243654822335 0.016428571428571428 0.04568527918781726
3 0.5539285714285714 0.3032994923857868 0.02642857142857143 0.025380710659898477
3 0.5417857142857143 0.33248730964467005 0.013571428571428571 0.03299492385786802
4 0.8028571428571428 0.22271573604060912 0.015714285714285715 0.03680203045685279
4 0.8242857142857143 0.1148477157360406 0.014285714285714285 0.021573604060913704
3 0.7885714285714286 0.08375634517766498 0.008571428571428572 0.012690355329949238
3 0.7989285714285714 0.08565989847715735 0.007857142857142858 0.013959390862944163
3 0.8039285714285714 0.09263959390862944 0.012142857142857143 0.015228426395939087
0 0.45714285714285713 0.20812182741116753 0.005714285714285714 0.017766497461928935
8 0.8617857142857143 0.5152284263959391 0.09642857142857143 0.06091370558375635
4 0.21357142857142858 0.1814720812182741 0.014285714285714285 0.02030456852791878
0 0.19964285714285715 0.1713197969543147 0.0064285714285714285 0.017766497461928935
0 0.2810714285714286 0.21573604060913706 0.0035714285714285713 0.015228426395939087
0 0.2760714285714286 0.22144670050761422 0.005 0.01649746192893401
3 0.2307142857142857 0.3534263959390863 0.025714285714285714 0.031725888324873094