3 0.3880480167014614 0.8766233766233766 0.050626304801670144 0.1391465677179963
3 0.4232776617954071 0.6377551020408163 0.03444676409185804 0.08441558441558442
3 0.48538622129436326 0.24443413729128013 0.011482254697286013 0.036178107606679034
3 0.7027661795407099 0.62291280148423 0.07150313152400835 0.05473098330241188
3 0.6761482254697286 0.5918367346938775 0.0662839248434238 0.055658627087198514
9 0.5487995824634656 0.7611317254174397 0.014091858037578288 0.041743970315398886
1 0.5487995824634656 0.7537105751391465 0.012004175365344467 0.032467532467532464
7 0.4650313152400835 0.7578849721706865 0.024008350730688934 0.07606679035250463
3 0.6414405010438413 0.6767161410018553 0.03549060542797495 0.11038961038961038
9 0.6450939457202505 0.550556586270872 0.020876826722338204 0.02504638218923933
7 0.6920668058455115 0.5463821892393321 0.015657620041753653 0.04081632653061224
0 0.6631002087682673 0.5292207792207793 0.007828810020876827 0.032467532467532464
7 0.6693632567849687 0.5454545454545454 0.01826722338204593 0.04823747680890538
9 0.6717118997912317 0.44805194805194803 0.006263048016701462 0.029684601113172542
9 0.6855427974947808 0.4401669758812616 0.010960334029227558 0.021335807050092765
7 0.5738517745302714 0.47959183673469385 0.02035490605427975 0.04638218923933209
0 0.5553235908141962 0.45408163265306123 0.006263048016701462 0.0287569573283859
0 0.5474947807933194 0.44758812615955473 0.005219206680584551 0.0287569573283859
7 0.555062630480167 0.44387755102040816 0.014091858037578288 0.038033395176252316
0 0.5514091858037579 0.3622448979591837 0.004697286012526096 0.023191094619666047
5 0.45694154488517746 0.4155844155844156 0.029749478079331943 0.08534322820037106
2 0.5827244258872651 0.3469387755102041 0.014091858037578288 0.016697588126159554
9 0.537839248434238 0.3200371057513915 0.007828810020876827 0.01855287569573284
1 0.5367954070981211 0.3144712430426716 0.005741127348643006 0.01855287569573284
6 0.558455114822547 0.325139146567718 0.011482254697286013 0.0287569573283859
0 0.6098643006263048 0.2852504638218924 0.004697286012526096 0.023191094619666047
7 0.5067849686847599 0.1971243042671614 0.008350730688935281 0.01948051948051948
7 0.49269311064718163 0.16743970315398887 0.007306889352818371 0.017625231910946195
3 0.5448851774530271 0.20918367346938777 0.018789144050104383 0.017625231910946195
1 0.5302713987473904 0.21150278293135436 0.0041753653444676405 0.00927643784786642
9 0.5302713987473904 0.21614100185528756 0.005219206680584551 0.014842300556586271
3 0.46007306889352817 0.13404452690166976 0.009916492693110648 0.015769944341372914
3 0.4110125260960334 0.11920222634508348 0.012004175365344467 0.013914656771799629
3 0.40735908141962424 0.1150278293135436 0.016179540709812108 0.012987012987012988
9 0.5106993736951984 0.14795918367346939 0.0026096033402922755 0.01020408163265306
1 0.5104384133611691 0.14517625231910947 0.003131524008350731 0.01020408163265306
3 0.33402922755741127 0.09554730983302412 0.017745302713987474 0.014842300556586271
6 0.8275052192066806 0.9461966604823747 0.050626304801670144 0.05380333951762523
9 0.8254175365344467 0.9197588126159555 0.029749478079331943 0.039888682745825604
9 0.8280271398747391 0.9053803339517625 0.030793319415448852 0.03896103896103896
9 0.6727557411273486 0.3942486085343228 0.007306889352818371 0.02040816326530612
0 0.6028183716075156 0.45686456400742115 0.007306889352818371 0.032467532467532464
3 0.502348643006263 0.11363636363636363 0.007828810020876827 0.012059369202226345
3 0.5193110647181628 0.10760667903525047 0.007306889352818371 0.012987012987012988
3 0.5297494780793319 0.10992578849721707 0.007306889352818371 0.012059369202226345
4 0.5177453027139874 0.09183673469387756 0.007306889352818371 0.014842300556586271
7 0.5417536534446764 0.11131725417439703 0.006263048016701462 0.012987012987012988
0 0.550365344467641 0.15120593692022263 0.0026096033402922755 0.012987012987012988
0 0.5430584551148225 0.15120593692022263 0.0026096033402922755 0.011131725417439703
1 0.5357515657620042 0.15630797773654917 0.0036534446764091857 0.01020408163265306
9 0.5357515657620042 0.1590909090909091 0.0026096033402922755 0.01020408163265306
0 0.5420146137787056 0.08116883116883117 0.0026096033402922755 0.01020408163265306
9 0.5106993736951984 0.10343228200371057 0.0026096033402922755 0.006493506493506494
1 0.5106993736951984 0.10064935064935066 0.0026096033402922755 0.006493506493506494
9 0.5328810020876826 0.0640074211502783 0.0020876826722338203 0.0055658627087198514
1 0.5331419624217119 0.061224489795918366 0.0015657620041753654 0.0055658627087198514
5 0.5088726513569938 0.07050092764378478 0.009394572025052192 0.022263450834879406
4 0.5347077244258872 0.03942486085343228 0.004697286012526096 0.008348794063079777
3 0.5334029227557411 0.029684601113172542 0.0041753653444676405 0.0055658627087198514
3 0.5260960334029228 0.018089053803339517 0.007306889352818371 0.006493506493506494
5 0.5266179540709812 0.036641929499072357 0.006263048016701462 0.013914656771799629
0 0.5216597077244259 0.02736549165120594 0.0015657620041753654 0.006493506493506494
3 0.5357515657620042 0.04916512059369202 0.0036534446764091857 0.0074211502782931356
9 0.34342379958246344 0.599721706864564 0.011482254697286013 0.039888682745825604
9 0.5508872651356994 0.20408163265306123 0.005741127348643006 0.00927643784786642
9 0.5365344467640919 0.05519480519480519 0.0041753653444676405 0.006493506493506494
9 0.7299060542797495 0.575139146567718 0.02139874739039666 0.02411873840445269