4 0.5613256784968684 0.5816326530612245 0.01722338204592902 0.061224489795918366
3 0.56419624217119 0.5273654916512059 0.017745302713987474 0.05658627087198516
3 0.5649791231732777 0.35482374768089053 0.01722338204592902 0.045454545454545456
4 0.5655010438413361 0.3033395176252319 0.016179540709812108 0.05009276437847866
3 0.56758872651357 0.17115027829313545 0.012004175365344467 0.030612244897959183
3 0.5691544885177453 0.14842300556586271 0.013048016701461378 0.03153988868274583
4 0.5686325678496869 0.10157699443413729 0.010960334029227558 0.0287569573283859
0 0.5923799582463466 0.08673469387755102 0.003131524008350731 0.015769944341372914
5 0.07463465553235908 0.1924860853432282 0.04697286012526096 0.0640074211502783
5 0.0720250521920668 0.11038961038961038 0.04801670146137787 0.059369202226345084
5 0.051931106471816285 0.07328385899814471 0.05375782881002088 0.061224489795918366