8 0.4057142857142857 0.5958121827411168 0.03142857142857143 0.11548223350253807
3 0.24285714285714285 0.5780456852791879 0.018571428571428572 0.03680203045685279
3 0.062142857142857146 0.5717005076142132 0.022857142857142857 0.03680203045685279
3 0.09607142857142857 0.5748730964467005 0.02214285714285714 0.03807106598984772
3 0.11357142857142857 0.5761421319796954 0.02 0.03553299492385787
4 0.22607142857142856 0.5774111675126904 0.019285714285714285 0.04314720812182741
4 0.21 0.5774111675126904 0.02 0.04314720812182741
4 0.19357142857142856 0.5780456852791879 0.02 0.04187817258883249
3 0.17642857142857143 0.5793147208121827 0.024285714285714285 0.03934010152284264
3 0.13107142857142856 0.575507614213198 0.012142857142857143 0.031725888324873094
3 0.145 0.5780456852791879 0.014285714285714285 0.03680203045685279
3 0.16285714285714287 0.5780456852791879 0.017142857142857144 0.03426395939086294
4 0.08071428571428571 0.5697969543147208 0.02 0.03807106598984772
3 0.45607142857142857 0.39720812182741116 0.009285714285714286 0.027918781725888325
3 0.4682142857142857 0.37880710659898476 0.007857142857142858 0.021573604060913704
3 0.5164285714285715 0.48286802030456855 0.024285714285714285 0.024111675126903553
3 0.5571428571428572 0.48350253807106597 0.027142857142857142 0.02030456852791878
8 0.4114285714285714 0.15355329949238578 0.02142857142857143 0.050761421319796954
4 0.4317857142857143 0.3902284263959391 0.015 0.03680203045685279
4 0.235 0.05964467005076142 0.012857142857142857 0.015228426395939087
8 0.24821428571428572 0.05266497461928934 0.017857142857142856 0.01903553299492386
8 0.2332142857142857 0.04631979695431472 0.015 0.013959390862944163
4 0.3175 0.0532994923857868 0.010714285714285714 0.017766497461928935
4 0.33285714285714285 0.03616751269035533 0.008571428571428572 0.013959390862944163
3 0.3264285714285714 0.04251269035532995 0.008571428571428572 0.011421319796954314
3 0.3360714285714286 0.028553299492385786 0.0064285714285714285 0.008883248730964468
3 0.33035714285714285 0.05203045685279188 0.010714285714285714 0.01015228426395939
0 0.3539285714285714 0.6738578680203046 0.0035714285714285713 0.017766497461928935
0 0.5153571428571428 0.37817258883248733 0.002142857142857143 0.012690355329949238
0 0.4407142857142857 0.21192893401015228 0.0014285714285714286 0.012690355329949238
0 0.44535714285714284 0.18464467005076143 0.0035714285714285713 0.013959390862944163
0 0.43964285714285717 0.19860406091370558 0.0035714285714285713 0.011421319796954314