3 0.1645 0.9296666666666666 0.036 0.062
3 0.125 0.787 0.027 0.04066666666666666
3 0.11525 0.743 0.0245 0.04066666666666666
3 0.10425 0.7096666666666667 0.0265 0.03933333333333333
3 0.102 0.628 0.024 0.03333333333333333
3 0.04375 0.4786666666666667 0.0155 0.018666666666666668
3 0.04125 0.4633333333333333 0.0155 0.016
3 0.03575 0.4513333333333333 0.0155 0.017333333333333333
3 0.03325 0.439 0.0145 0.016666666666666666
3 0.03075 0.425 0.0145 0.016666666666666666
4 0.027 0.4136666666666667 0.009 0.012666666666666666
3 0.02525 0.402 0.0125 0.013333333333333334
3 0.02175 0.3913333333333333 0.0125 0.013333333333333334
3 0.01475 0.37233333333333335 0.0115 0.012666666666666666
3 0.01325 0.3626666666666667 0.0105 0.010666666666666666
3 0.0125 0.355 0.01 0.01
3 0.005 0.336 0.01 0.012
3 0.0275 0.32166666666666666 0.011 0.012666666666666666
3 0.01325 0.3006666666666667 0.0175 0.010666666666666666
3 0.01075 0.293 0.0165 0.01
3 0.00825 0.2856666666666667 0.0145 0.008666666666666666
3 0.00825 0.277 0.0145 0.008666666666666666
4 0.702 0.437 0.024 0.020666666666666667
4 0.7115 0.4736666666666667 0.033 0.03266666666666666
3 0.7295 0.4623333333333333 0.026 0.019333333333333334
3 0.74025 0.45366666666666666 0.0225 0.015333333333333332
4 0.66 0.495 0.026 0.024666666666666667
3 0.69125 0.5143333333333333 0.0305 0.028666666666666667
3 0.72475 0.537 0.0245 0.022
3 0.413 0.5526666666666666 0.022 0.028
3 0.42875 0.5423333333333333 0.0185 0.023333333333333334
3 0.456 0.5333333333333333 0.024 0.028
3 0.4765 0.523 0.027 0.028666666666666667
3 0.4195 0.6096666666666667 0.023 0.027333333333333334
3 0.439 0.6296666666666667 0.023 0.027333333333333334
3 0.45525 0.6216666666666667 0.0215 0.026
3 0.47575 0.6116666666666667 0.0265 0.028666666666666667
3 0.49325 0.6056666666666667 0.0265 0.028666666666666667
3 0.51025 0.599 0.0265 0.028666666666666667
3 0.52575 0.5903333333333334 0.0265 0.028666666666666667
3 0.54325 0.5793333333333334 0.0265 0.029333333333333333
3 0.559 0.5713333333333334 0.024 0.024
3 0.438 0.6016666666666667 0.027 0.028666666666666667
3 0.45475 0.593 0.0285 0.028666666666666667
3 0.4705 0.5843333333333334 0.028 0.027333333333333334
3 0.48925 0.576 0.0245 0.025333333333333333
3 0.50525 0.5693333333333334 0.0275 0.029333333333333333
3 0.5205 0.5606666666666666 0.029 0.02666666666666667
3 0.536 0.5523333333333333 0.025 0.026
3 0.54875 0.5463333333333333 0.0255 0.023333333333333334
3 0.54875 0.512 0.0325 0.02
3 0.5785 0.5316666666666666 0.027 0.023333333333333334
3 0.589 0.5573333333333333 0.034 0.036
3 0.60775 0.5523333333333333 0.0335 0.03
3 0.61975 0.5426666666666666 0.0295 0.030666666666666665
3 0.63175 0.5363333333333333 0.0315 0.027333333333333334
3 0.6455 0.5296666666666666 0.032 0.027333333333333334
3 0.60725 0.5186666666666667 0.0275 0.021333333333333333
3 0.62 0.511 0.032 0.024666666666666667
3 0.39225 0.8483333333333334 0.0315 0.06066666666666667
1 0.08025 0.82 0.0105 0.02
1 0.109 0.8756666666666667 0.01 0.018
1 0.10025 0.812 0.0105 0.02
1 0.07725 0.7103333333333334 0.0085 0.016666666666666666
1 0.078 0.6936666666666667 0.008 0.016666666666666666
1 0.0355 0.6076666666666667 0.007 0.015333333333333332
0 0.196 0.8806666666666667 0.009 0.02
9 0.2095 0.809 0.009 0.019333333333333334
9 0.2265 0.8696666666666667 0.019 0.020666666666666667
2 0.109 0.8786666666666667 0.009 0.02266666666666667
2 0.101 0.8163333333333334 0.008 0.018
2 0.081 0.8243333333333334 0.008 0.018
1 0.136 0.704 0.009 0.016
0 0.147 0.693 0.008 0.019333333333333334
0 0.15375 0.6993333333333334 0.0075 0.017333333333333333
7 0.0785 0.7376666666666667 0.019 0.03666666666666667
2 0.07875 0.697 0.0075 0.014
2 0.07875 0.7153333333333334 0.0075 0.014666666666666666
2 0.036 0.6116666666666667 0.007 0.016666666666666666
1 0.109 0.5893333333333334 0.009 0.013333333333333334
9 0.10825 0.592 0.0115 0.014666666666666666
3 0.16525 0.5043333333333333 0.0245 0.014
3 0.15875 0.4886666666666667 0.0295 0.018666666666666668
0 0.152 0.4746666666666667 0.007 0.013333333333333334
1 0.10225 0.507 0.0065 0.011333333333333334
2 0.104 0.5093333333333333 0.013 0.009333333333333334
0 0.08225 0.49033333333333334 0.0055 0.014
0 0.11225 0.45466666666666666 0.0045 0.013333333333333334
1 0.0185 0.439 0.004 0.01
1 0.0135 0.4533333333333333 0.005 0.009333333333333334
1 0.026 0.474 0.006 0.010666666666666666
1 0.0325 0.49066666666666664 0.005 0.012
2 0.0265 0.4766666666666667 0.006 0.010666666666666666
2 0.034 0.494 0.005 0.012
2 0.014 0.4563333333333333 0.005 0.008666666666666666
2 0.01875 0.44266666666666665 0.0045 0.009333333333333334