3 0.37714285714285717 0.024746192893401017 0.03571428571428571 0.04949238578680203
3 0.31857142857142856 0.11548223350253807 0.03571428571428571 0.06598984771573604
0 0.28 0.08121827411167512 0.008571428571428572 0.030456852791878174
4 0.395 0.08185279187817258 0.05 0.06472081218274112
4 0.3457142857142857 0.18908629441624367 0.04 0.08629441624365482
0 0.38321428571428573 0.14403553299492386 0.007857142857142858 0.031725888324873094
0 0.37357142857142855 0.2100253807106599 0.008571428571428572 0.02918781725888325
0 0.35535714285714287 0.23477157360406092 0.010714285714285714 0.025380710659898477
0 0.35535714285714287 0.30647208121827413 0.0064285714285714285 0.0266497461928934
5 0.44357142857142856 0.1782994923857868 0.05857142857142857 0.13071065989847716
0 0.5103571428571428 0.2265228426395939 0.0064285714285714285 0.03426395939086294
0 0.5014285714285714 0.23223350253807107 0.004285714285714286 0.025380710659898477
3 0.37607142857142856 0.2836294416243655 0.04214285714285714 0.0850253807106599
3 0.4142857142857143 0.37119289340101524 0.04285714285714286 0.0901015228426396
0 0.355 0.4676395939086294 0.01 0.0266497461928934
0 0.3582142857142857 0.46256345177664976 0.005 0.024111675126903553
0 0.35928571428571426 0.5196700507614214 0.008571428571428572 0.024111675126903553
0 0.36714285714285716 0.5329949238578681 0.007142857142857143 0.027918781725888325
9 0.4828571428571429 0.2626903553299492 0.024285714285714285 0.03299492385786802
9 0.48714285714285716 0.27411167512690354 0.022857142857142857 0.04060913705583756
9 0.495 0.28743654822335024 0.02 0.03934010152284264
9 0.49642857142857144 0.2969543147208122 0.027142857142857142 0.04060913705583756
9 0.5017857142857143 0.30456852791878175 0.025 0.04060913705583756
9 0.5042857142857143 0.3210659898477157 0.024285714285714285 0.03553299492385787
9 0.51 0.3299492385786802 0.024285714285714285 0.04060913705583756
9 0.5153571428571428 0.3413705583756345 0.025 0.03553299492385787
9 0.52 0.35152284263959394 0.025714285714285714 0.03807106598984772
9 0.5239285714285714 0.3597715736040609 0.029285714285714286 0.05203045685279188
9 0.5264285714285715 0.37944162436548223 0.024285714285714285 0.03299492385786802
9 0.5321428571428571 0.39403553299492383 0.025714285714285714 0.031725888324873094
9 0.5364285714285715 0.4029187817258883 0.02142857142857143 0.031725888324873094
9 0.5432142857142858 0.41814720812182743 0.020714285714285713 0.031725888324873094
0 0.5614285714285714 0.37119289340101524 0.008571428571428572 0.03426395939086294
9 0.555 0.43908629441624364 0.027142857142857142 0.04060913705583756
9 0.5646428571428571 0.48286802030456855 0.019285714285714285 0.031725888324873094
9 0.5617857142857143 0.46446700507614214 0.025 0.03807106598984772
9 0.5596428571428571 0.4517766497461929 0.020714285714285713 0.03299492385786802
0 0.32857142857142857 0.616751269035533 0.01 0.030456852791878174
9 0.30607142857142855 0.5939086294416244 0.017857142857142856 0.02284263959390863
0 0.49392857142857144 0.6675126903553299 0.007857142857142858 0.02030456852791878
0 0.5371428571428571 0.7303299492385786 0.011428571428571429 0.021573604060913704
0 0.48035714285714287 0.6947969543147208 0.010714285714285714 0.031725888324873094
0 0.5014285714285714 0.7062182741116751 0.008571428571428572 0.021573604060913704
0 0.42678571428571427 0.674492385786802 0.0064285714285714285 0.024111675126903553
0 0.35035714285714287 0.6871827411167513 0.007857142857142858 0.021573604060913704
0 0.37464285714285717 0.6928934010152284 0.009285714285714286 0.015228426395939087
0 0.38607142857142857 0.7163705583756346 0.009285714285714286 0.01649746192893401
0 0.37142857142857144 0.7100253807106599 0.01 0.01903553299492386
0 0.3757142857142857 0.7271573604060914 0.008571428571428572 0.02030456852791878
0 0.6464285714285715 0.700507614213198 0.011428571428571429 0.02284263959390863
0 0.7232142857142857 0.6967005076142132 0.012142857142857143 0.02030456852791878
0 0.8078571428571428 0.6345177664974619 0.011428571428571429 0.02284263959390863
0 0.8239285714285715 0.5894670050761421 0.012142857142857143 0.021573604060913704
0 0.2739285714285714 0.7760152284263959 0.012142857142857143 0.024111675126903553
0 0.2689285714285714 0.756979695431472 0.013571428571428571 0.024111675126903553
0 0.24928571428571428 0.8286802030456852 0.01 0.015228426395939087
2 0.5157142857142857 0.6928934010152284 0.012857142857142857 0.03553299492385787