5 0.8335714285714285 0.2068527918781726 0.07 0.13451776649746192
3 0.8942857142857142 0.7550761421319797 0.07428571428571429 0.1598984771573604
3 0.77 0.07931472081218274 0.03571428571428571 0.06979695431472081
3 0.8225 0.08439086294416244 0.047857142857142855 0.07741116751269035
0 0.4467857142857143 0.7728426395939086 0.010714285714285714 0.03807106598984772
0 0.4660714285714286 0.9854060913705583 0.015 0.0266497461928934
0 0.5678571428571428 0.9124365482233503 0.017142857142857144 0.03299492385786802
0 0.6778571428571428 0.7354060913705583 0.01 0.03934010152284264
0 0.6675 0.7068527918781726 0.010714285714285714 0.03807106598984772
0 0.6807142857142857 0.7157360406091371 0.011428571428571429 0.03299492385786802
0 0.6803571428571429 0.6973350253807107 0.010714285714285714 0.03426395939086294
0 0.6678571428571428 0.6890862944162437 0.011428571428571429 0.04060913705583756
0 0.6421428571428571 0.39593908629441626 0.01 0.02284263959390863
1 0.5539285714285714 0.6307106598984772 0.015 0.02284263959390863
1 0.5507142857142857 0.6142131979695431 0.012857142857142857 0.02030456852791878
1 0.4689285714285714 0.5717005076142132 0.012142857142857143 0.0266497461928934
1 0.46964285714285714 0.5609137055837563 0.012142857142857143 0.02284263959390863
0 0.4875 0.42385786802030456 0.012142857142857143 0.03553299492385787
0 0.5639285714285714 0.3876903553299492 0.0064285714285714285 0.01649746192893401
0 0.5692857142857143 0.37753807106598986 0.008571428571428572 0.0266497461928934
0 0.4132142857142857 0.3769035532994924 0.010714285714285714 0.04314720812182741
0 0.4142857142857143 0.366751269035533 0.008571428571428572 0.03299492385786802
0 0.42142857142857143 0.3083756345177665 0.007142857142857143 0.03299492385786802
0 0.42714285714285716 0.30076142131979694 0.008571428571428572 0.030456852791878174
0 0.45535714285714285 0.29885786802030456 0.007857142857142858 0.03934010152284264
0 0.46214285714285713 0.2969543147208122 0.007142857142857143 0.03807106598984772
0 0.6671428571428571 0.1751269035532995 0.007142857142857143 0.030456852791878174
0 0.6596428571428572 0.1618020304568528 0.010714285714285714 0.024111675126903553
0 0.6478571428571429 0.11421319796954314 0.005714285714285714 0.015228426395939087
0 0.65 0.07233502538071065 0.005714285714285714 0.030456852791878174
0 0.6557142857142857 0.07423857868020305 0.007142857142857143 0.02918781725888325
1 0.47214285714285714 0.19733502538071065 0.011428571428571429 0.0266497461928934
1 0.4767857142857143 0.12309644670050761 0.007857142857142858 0.02284263959390863
1 0.475 0.10723350253807107 0.007142857142857143 0.013959390862944163
1 0.5128571428571429 0.22461928934010153 0.005714285714285714 0.01015228426395939
1 0.52 0.06535532994923858 0.005714285714285714 0.01649746192893401
1 0.5242857142857142 0.06852791878172589 0.01 0.012690355329949238
1 0.4739285714285714 0.43908629441624364 0.010714285714285714 0.02284263959390863
1 0.5153571428571428 0.07043147208121828 0.005 0.01649746192893401
1 0.47464285714285714 0.04314720812182741 0.007857142857142858 0.02030456852791878
1 0.4735714285714286 0.0399746192893401 0.007142857142857143 0.021573604060913704