3 0.39571428571428574 0.748730964467005 0.05714285714285714 0.08883248730964467
3 0.29678571428571426 0.6770304568527918 0.06642857142857143 0.05964467005076142
3 0.5439285714285714 0.8591370558375635 0.05928571428571429 0.10152284263959391
3 0.4982142857142857 0.5894670050761421 0.056428571428571425 0.09263959390862944
3 0.5446428571428571 0.9714467005076142 0.055 0.05456852791878172
3 0.9414285714285714 0.6154822335025381 0.06142857142857143 0.09137055837563451
4 0.18892857142857142 0.6243654822335025 0.06357142857142857 0.07106598984771574
4 0.4207142857142857 0.6611675126903553 0.05857142857142857 0.09898477157360407
4 0.6792857142857143 0.5920050761421319 0.06428571428571428 0.10532994923857868
4 0.35714285714285715 0.28553299492385786 0.06857142857142857 0.1065989847715736
0 0.6053571428571428 0.2315989847715736 0.010714285714285714 0.02918781725888325
0 0.5746428571428571 0.1967005076142132 0.009285714285714286 0.025380710659898477
0 0.4342857142857143 0.03553299492385787 0.008571428571428572 0.025380710659898477
0 0.8310714285714286 0.5348984771573604 0.016428571428571428 0.0266497461928934
3 0.7742857142857142 0.32550761421319796 0.04857142857142857 0.0850253807106599