3 0.03529411764705882 0.2222222222222222 0.03823529411764706 0.023529411764705882
3 0.04301470588235294 0.20326797385620915 0.03161764705882353 0.02483660130718954
3 0.05 0.18758169934640523 0.023529411764705882 0.0196078431372549
0 0.14926470588235294 0.8627450980392157 0.008823529411764706 0.03137254901960784
0 0.1463235294117647 0.8450980392156863 0.007352941176470588 0.032679738562091505
9 0.13051470588235295 0.8150326797385621 0.016911764705882352 0.032679738562091505
2 0.05 0.9464052287581699 0.013235294117647059 0.02875816993464052
0 0.07904411764705882 0.9901960784313726 0.009558823529411765 0.0196078431372549
3 0.17941176470588235 0.9588235294117647 0.045588235294117645 0.08235294117647059
3 0.24558823529411763 0.7294117647058823 0.03676470588235294 0.08627450980392157
3 0.2639705882352941 0.5575163398692811 0.04852941176470588 0.03790849673202614
4 0.27205882352941174 0.4300653594771242 0.03823529411764706 0.0392156862745098
4 0.2485294117647059 0.3941176470588235 0.022058823529411766 0.05359477124183006
3 0.2783088235294118 0.3908496732026144 0.022794117647058822 0.047058823529411764
2 0.3154411764705882 0.18496732026143792 0.011764705882352941 0.011764705882352941
3 0.3371323529411765 0.24705882352941178 0.015441176470588236 0.03398692810457516
3 0.3602941176470588 0.25163398692810457 0.01764705882352941 0.030065359477124184
3 0.3477941176470588 0.29215686274509806 0.020588235294117647 0.040522875816993466
4 0.3360294117647059 0.3359477124183007 0.01764705882352941 0.04183006535947712
3 0.3246323529411765 0.3908496732026144 0.019852941176470587 0.0392156862745098
9 0.4099264705882353 0.37777777777777777 0.008088235294117648 0.023529411764705882
0 0.4102941176470588 0.36993464052287583 0.0058823529411764705 0.02091503267973856
3 0.4716911764705882 0.6320261437908496 0.021323529411764706 0.06143790849673202
9 0.5272058823529412 0.8771241830065359 0.007352941176470588 0.04183006535947712
0 0.5279411764705882 0.8673202614379085 0.010294117647058823 0.022222222222222223
9 0.5459558823529411 0.8836601307189542 0.009558823529411765 0.036601307189542485
0 0.5459558823529411 0.8751633986928105 0.008088235294117648 0.022222222222222223
2 0.6147058823529412 0.8679738562091504 0.007352941176470588 0.04183006535947712
0 0.6150735294117647 0.8581699346405228 0.008088235294117648 0.022222222222222223
2 0.6371323529411764 0.9588235294117647 0.008088235294117648 0.0457516339869281
0 0.6375 0.9522875816993464 0.010294117647058823 0.027450980392156862
4 0.8172794117647059 0.7241830065359477 0.05220588235294118 0.04967320261437908
0 0.8165441176470588 0.7405228758169935 0.008088235294117648 0.03529411764705882
8 0.4959558823529412 0.4084967320261438 0.028676470588235293 0.10588235294117647
3 0.4702205882352941 0.1758169934640523 0.013970588235294118 0.030065359477124184
3 0.5022058823529412 0.13202614379084968 0.011764705882352941 0.023529411764705882
0 0.56875 0.09542483660130718 0.003676470588235294 0.018300653594771243
0 0.5665441176470588 0.09738562091503268 0.003676470588235294 0.01699346405228758
3 0.6636029411764706 0.1084967320261438 0.0125 0.023529411764705882
3 0.6845588235294118 0.1980392156862745 0.016176470588235296 0.032679738562091505
1 0.6411764705882353 0.09673202614379085 0.004411764705882353 0.01045751633986928
3 0.6602941176470588 0.054901960784313725 0.013235294117647059 0.02091503267973856
3 0.6786764705882353 0.056862745098039215 0.013235294117647059 0.022222222222222223
3 0.6930147058823529 0.05816993464052288 0.011029411764705883 0.0196078431372549
3 0.5772058823529411 0.052941176470588235 0.010294117647058823 0.0196078431372549
3 0.5772058823529411 0.03790849673202614 0.010294117647058823 0.018300653594771243
4 0.5202205882352942 0.02483660130718954 0.009558823529411765 0.02091503267973856
4 0.5073529411764706 0.00980392156862745 0.010294117647058823 0.0196078431372549
0 0.6481617647058824 0.27647058823529413 0.003676470588235294 0.0196078431372549
1 0.6224264705882353 0.2784313725490196 0.003676470588235294 0.013071895424836602
9 0.6205882352941177 0.3006535947712418 0.010294117647058823 0.01568627450980392
0 0.6808823529411765 0.3281045751633987 0.004411764705882353 0.023529411764705882
0 0.44448529411764703 0.07908496732026143 0.005147058823529412 0.0196078431372549
3 0.3952205882352941 0.08954248366013072 0.0125 0.022222222222222223
0 0.34154411764705883 0.1437908496732026 0.003676470588235294 0.01568627450980392
0 0.34448529411764706 0.14575163398692811 0.003676470588235294 0.01699346405228758