3 0.4224264705882353 0.5065359477124183 0.04338235294117647 0.10588235294117647
3 0.49926470588235294 0.4444444444444444 0.03823529411764706 0.07320261437908497
3 0.3110294117647059 0.36993464052287583 0.05588235294117647 0.07058823529411765
3 0.3830882352941177 0.307843137254902 0.029411764705882353 0.06666666666666667
3 0.40588235294117647 0.2372549019607843 0.029411764705882353 0.0457516339869281
3 0.4047794117647059 0.2084967320261438 0.022794117647058822 0.032679738562091505
0 0.42683823529411763 0.22679738562091503 0.008088235294117648 0.03529411764705882
0 0.5294117647058824 0.24183006535947713 0.008823529411764706 0.0392156862745098
0 0.5378676470588235 0.24509803921568626 0.006617647058823529 0.03790849673202614
0 0.544485294117647 0.24183006535947713 0.006617647058823529 0.036601307189542485
0 0.6077205882352941 0.8477124183006536 0.019852941176470587 0.07712418300653595
3 0.0375 0.6176470588235294 0.075 0.08758169934640522
3 0.06875 0.4888888888888889 0.10661764705882353 0.07058823529411765
3 0.08713235294117647 0.4549019607843137 0.09632352941176471 0.06797385620915032
3 0.11139705882352942 0.42026143790849674 0.07426470588235294 0.07973856209150326
3 0.14227941176470588 0.3843137254901961 0.07573529411764705 0.06535947712418301
3 0.15588235294117647 0.3581699346405229 0.07205882352941176 0.07058823529411765
3 0.18161764705882352 0.3254901960784314 0.07352941176470588 0.06013071895424837
3 0.18786764705882353 0.3065359477124183 0.06397058823529411 0.050980392156862744
3 0.1875 0.2777777777777778 0.0661764705882353 0.05620915032679739
3 0.21360294117647058 0.26143790849673204 0.06397058823529411 0.04967320261437908
4 0.04264705882352941 0.24705882352941178 0.058823529411764705 0.04967320261437908
3 0.06911764705882353 0.22026143790849673 0.06323529411764706 0.040522875816993466
3 0.10330882352941176 0.2045751633986928 0.05220588235294118 0.03529411764705882
3 0.11102941176470588 0.1954248366013072 0.03676470588235294 0.03790849673202614
4 0.13088235294117648 0.165359477124183 0.04852941176470588 0.040522875816993466
3 0.14779411764705883 0.1568627450980392 0.041176470588235294 0.036601307189542485
3 0.15330882352941178 0.1392156862745098 0.04485294117647059 0.032679738562091505
4 0.18676470588235294 0.07254901960784314 0.020588235294117647 0.032679738562091505
3 0.22279411764705884 0.07777777777777778 0.023529411764705882 0.030065359477124184
4 0.2426470588235294 0.12287581699346405 0.01911764705882353 0.0392156862745098
3 0.4360294117647059 0.10196078431372549 0.01764705882352941 0.026143790849673203
5 0.4360294117647059 0.07516339869281045 0.014705882352941176 0.027450980392156862
6 0.5088235294117647 0.14313725490196078 0.010294117647058823 0.027450980392156862
3 0.4900735294117647 0.03398692810457516 0.011029411764705883 0.018300653594771243
3 0.5095588235294117 0.040522875816993466 0.013235294117647059 0.01568627450980392
4 0.4886029411764706 0.01437908496732026 0.009558823529411765 0.02091503267973856
3 0.45183823529411765 0.015032679738562092 0.011029411764705883 0.01699346405228758
3 0.5128676470588235 0.024183006535947713 0.009558823529411765 0.01699346405228758
9 0.8878676470588235 0.5189542483660131 0.02426470588235294 0.0392156862745098
9 0.8735294117647059 0.5058823529411764 0.027941176470588237 0.03398692810457516
9 0.8665441176470589 0.47843137254901963 0.030147058823529412 0.036601307189542485
9 0.8757352941176471 0.492156862745098 0.030882352941176472 0.03790849673202614
9 0.8393382352941177 0.434640522875817 0.011029411764705883 0.040522875816993466
9 0.7838235294117647 0.34183006535947713 0.026470588235294117 0.032679738562091505
9 0.7915441176470588 0.361437908496732 0.009558823529411765 0.03790849673202614
9 0.8033088235294118 0.36013071895424836 0.011029411764705883 0.03790849673202614
1 0.046691176470588236 0.907843137254902 0.028676470588235293 0.06928104575163399
0 0.17647058823529413 0.1934640522875817 0.007352941176470588 0.03398692810457516
0 0.18198529411764705 0.19215686274509805 0.008088235294117648 0.03137254901960784
1 0.10882352941176471 0.24901960784313726 0.011764705882352941 0.032679738562091505
9 0.11029411764705882 0.25620915032679736 0.023529411764705882 0.026143790849673203
9 0.9709558823529412 0.6581699346405229 0.02426470588235294 0.06666666666666667
9 0.9886029411764706 0.6633986928104575 0.022794117647058822 0.0718954248366013
1 0.5047794117647059 0.22483660130718955 0.008088235294117648 0.02875816993464052
9 0.5051470588235294 0.23398692810457516 0.007352941176470588 0.026143790849673203
9 0.06213235294117647 0.28888888888888886 0.01838235294117647 0.03137254901960784
0 0.4091911764705882 0.11568627450980393 0.005147058823529412 0.022222222222222223
0 0.41654411764705884 0.11568627450980393 0.005147058823529412 0.02483660130718954
0 0.41948529411764707 0.10065359477124183 0.003676470588235294 0.02091503267973856
0 0.425 0.1 0.004411764705882353 0.0196078431372549
0 0.4209558823529412 0.09477124183006536 0.005147058823529412 0.0196078431372549
1 0.4783088235294118 0.1326797385620915 0.005147058823529412 0.01699346405228758
9 0.47904411764705884 0.1411764705882353 0.008088235294117648 0.02091503267973856
1 0.4536764705882353 0.10784313725490197 0.0058823529411764705 0.0196078431372549
9 0.4536764705882353 0.11503267973856209 0.0058823529411764705 0.018300653594771243
1 0.4738970588235294 0.07450980392156863 0.005147058823529412 0.01568627450980392
9 0.4742647058823529 0.08169934640522876 0.007352941176470588 0.01437908496732026