4 0.15571428571428572 0.7373096446700508 0.06714285714285714 0.08883248730964467
5 0.7482142857142857 0.6941624365482234 0.052142857142857144 0.1218274111675127
5 0.7203571428571428 0.5958121827411168 0.030714285714285715 0.05456852791878172
3 0.5117857142857143 0.4663705583756345 0.017857142857142856 0.03426395939086294
3 0.47964285714285715 0.3953045685279188 0.016428571428571428 0.031725888324873094
3 0.48 0.2265228426395939 0.014285714285714285 0.024111675126903553
3 0.4575 0.16434010152284265 0.010714285714285714 0.01903553299492386
3 0.5692857142857143 0.16624365482233502 0.008571428571428572 0.02030456852791878
9 0.41714285714285715 0.1618020304568528 0.005714285714285714 0.01649746192893401
3 0.42607142857142855 0.12563451776649745 0.010714285714285714 0.02030456852791878
9 0.4253571428571429 0.10532994923857868 0.005 0.012690355329949238
9 0.43 0.08375634517766498 0.005714285714285714 0.015228426395939087
3 0.43142857142857144 0.06662436548223351 0.01 0.021573604060913704