0 0.11964285714285715 0.2569796954314721 0.0035714285714285713 0.011421319796954314
0 0.12178571428571429 0.2550761421319797 0.0035714285714285713 0.012690355329949238
0 0.1332142857142857 0.2715736040609137 0.0035714285714285713 0.015228426395939087
8 0.014642857142857143 0.28109137055837563 0.029285714285714286 0.04187817258883249
8 0.02 0.21763959390862944 0.04 0.044416243654822336
8 0.019642857142857142 0.2265228426395939 0.039285714285714285 0.046954314720812185
8 0.02857142857142857 0.23921319796954316 0.055714285714285716 0.05456852791878172
8 0.036071428571428574 0.23857868020304568 0.060714285714285714 0.04568527918781726
8 0.048928571428571425 0.24175126903553298 0.06642857142857143 0.046954314720812185
8 0.05607142857142857 0.25444162436548223 0.060714285714285714 0.044416243654822336
8 0.07035714285714285 0.26015228426395937 0.062142857142857146 0.048223350253807105
8 0.07785714285714286 0.2645939086294416 0.06285714285714286 0.046954314720812185
8 0.08285714285714285 0.274746192893401 0.045714285714285714 0.03426395939086294
4 0.03142857142857143 0.42956852791878175 0.022857142857142857 0.024111675126903553
4 0.060714285714285714 0.49682741116751267 0.018571428571428572 0.03934010152284264
3 0.06285714285714286 0.4549492385786802 0.015714285714285715 0.02918781725888325
3 0.05678571428571429 0.5482233502538071 0.019285714285714285 0.03807106598984772
3 0.0575 0.5977157360406091 0.02214285714285714 0.03807106598984772
8 0.03464285714285714 0.6713197969543148 0.055 0.1446700507614213
3 0.012142857142857143 0.8128172588832487 0.024285714285714285 0.06472081218274112
4 0.31607142857142856 0.8597715736040609 0.02214285714285714 0.06979695431472081
4 0.38607142857142857 0.8934010152284264 0.02214285714285714 0.06852791878172589
4 0.5517857142857143 0.7874365482233503 0.019285714285714285 0.06725888324873096
3 0.5196428571428572 0.8940355329949239 0.023571428571428573 0.07741116751269035
3 0.5935714285714285 0.8293147208121827 0.02142857142857143 0.07487309644670051
4 0.5575 0.8902284263959391 0.023571428571428573 0.07487309644670051
3 0.4667857142857143 0.5996192893401016 0.019285714285714285 0.044416243654822336
3 0.5042857142857143 0.4993654822335025 0.014285714285714285 0.04187817258883249
4 0.6235714285714286 0.5482233502538071 0.018571428571428572 0.05583756345177665
3 0.7478571428571429 0.5609137055837563 0.017142857142857144 0.04568527918781726
5 0.785 0.5666243654822335 0.022857142857142857 0.06218274111675127
3 0.8478571428571429 0.8026649746192893 0.027142857142857142 0.05964467005076142
4 0.8114285714285714 0.7810913705583756 0.027142857142857142 0.05964467005076142
4 0.7828571428571428 0.7684010152284264 0.025714285714285714 0.06725888324873096
4 0.7846428571428572 0.9517766497461929 0.055 0.08121827411167512
4 0.7775 0.9815989847715736 0.04357142857142857 0.03426395939086294
5 0.8960714285714285 0.9562182741116751 0.047857142857142855 0.0850253807106599
0 0.9382142857142857 0.6053299492385786 0.0064285714285714285 0.02284263959390863
1 0.8914285714285715 0.4866751269035533 0.007142857142857143 0.011421319796954314
0 0.8942857142857142 0.48223350253807107 0.005714285714285714 0.02030456852791878
0 0.8935714285714286 0.4651015228426396 0.007142857142857143 0.01903553299492386
4 0.9339285714285714 0.4118020304568528 0.023571428571428573 0.04187817258883249
5 0.8564285714285714 0.29441624365482233 0.018571428571428572 0.04314720812182741
9 0.6082142857142857 0.3870558375634518 0.0035714285714285713 0.02030456852791878
1 0.6078571428571429 0.38261421319796957 0.004285714285714286 0.013959390862944163
3 0.4757142857142857 0.3965736040609137 0.014285714285714285 0.0266497461928934
3 0.4907142857142857 0.3210659898477157 0.014285714285714285 0.02030456852791878
4 0.5057142857142857 0.3883248730964467 0.014285714285714285 0.03553299492385787
4 0.6425 0.3299492385786802 0.012142857142857143 0.027918781725888325
4 0.6028571428571429 0.26586294416243655 0.011428571428571429 0.024111675126903553
4 0.4714285714285714 0.3020304568527919 0.014285714285714285 0.02284263959390863
4 0.5096428571428572 0.26713197969543145 0.012142857142857143 0.021573604060913704
3 0.6264285714285714 0.26903553299492383 0.012857142857142857 0.017766497461928935
3 0.6507142857142857 0.26015228426395937 0.01 0.02284263959390863
3 0.31285714285714283 0.4302030456852792 0.015714285714285715 0.027918781725888325
8 0.31142857142857144 0.31725888324873097 0.032857142857142856 0.07614213197969544
5 0.3992857142857143 0.25 0.02142857142857143 0.03553299492385787
5 0.4835714285714286 0.26776649746192893 0.02 0.04060913705583756
3 0.5803571428571429 0.26015228426395937 0.013571428571428571 0.02030456852791878
3 0.5560714285714285 0.25888324873096447 0.013571428571428571 0.02284263959390863
3 0.2 0.1484771573604061 0.02 0.012690355329949238
3 0.22464285714285714 0.15926395939086294 0.023571428571428573 0.013959390862944163
3 0.2867857142857143 0.1484771573604061 0.02214285714285714 0.015228426395939087
8 0.3464285714285714 0.14720812182741116 0.05857142857142857 0.04314720812182741
8 0.42857142857142855 0.1516497461928934 0.03857142857142857 0.024111675126903553
4 0.4785714285714286 0.17449238578680204 0.022857142857142857 0.01903553299492386
3 0.6207142857142857 0.19035532994923857 0.025714285714285714 0.017766497461928935
4 0.7146428571428571 0.18527918781725888 0.025 0.02284263959390863
3 0.6371428571428571 0.17703045685279187 0.02142857142857143 0.01649746192893401
3 0.815 0.10786802030456853 0.007142857142857143 0.015228426395939087
3 0.8103571428571429 0.06725888324873096 0.0064285714285714285 0.01015228426395939
3 0.9192857142857143 0.09137055837563451 0.011428571428571429 0.012690355329949238
3 0.9296428571428571 0.11611675126903553 0.012142857142857143 0.013959390862944163
3 0.9414285714285714 0.1935279187817259 0.02142857142857143 0.01903553299492386
8 0.8753571428571428 0.20748730964467005 0.08071428571428571 0.05710659898477157
8 0.9892857142857143 0.17956852791878172 0.02142857142857143 0.04949238578680203
8 0.9467857142857142 0.14911167512690354 0.02214285714285714 0.044416243654822336
3 0.9782142857142857 0.22842639593908629 0.03214285714285714 0.02030456852791878
4 0.5139285714285714 0.14022842639593908 0.015 0.01649746192893401
3 0.5735714285714286 0.10469543147208121 0.011428571428571429 0.011421319796954314
4 0.5478571428571428 0.1649746192893401 0.012857142857142857 0.015228426395939087
4 0.6217857142857143 0.12309644670050761 0.010714285714285714 0.015228426395939087
3 0.5921428571428572 0.15418781725888325 0.011428571428571429 0.013959390862944163
3 0.5703571428571429 0.16053299492385786 0.010714285714285714 0.013959390862944163
3 0.6507142857142857 0.05710659898477157 0.008571428571428572 0.012690355329949238
3 0.6410714285714286 0.07296954314720812 0.007857142857142858 0.008883248730964468
3 0.6232142857142857 0.07804568527918782 0.007857142857142858 0.008883248730964468
8 0.5621428571428572 0.07677664974619289 0.027142857142857142 0.031725888324873094
8 0.5864285714285714 0.06979695431472081 0.03 0.03299492385786802
8 0.43107142857142855 0.10406091370558376 0.035 0.04060913705583756
0 0.48678571428571427 0.11104060913705584 0.002142857142857143 0.008883248730964468