3 0.4161764705882353 0.6300653594771242 0.039705882352941174 0.08888888888888889
3 0.5205882352941177 0.6313725490196078 0.03823529411764706 0.08366013071895424
3 0.6036764705882353 0.7254901960784313 0.04264705882352941 0.09934640522875816
3 0.4452205882352941 0.4418300653594771 0.028676470588235293 0.06013071895424837
3 0.5033088235294118 0.3954248366013072 0.02426470588235294 0.0457516339869281
3 0.49558823529411766 0.1830065359477124 0.01764705882352941 0.023529411764705882
3 0.5051470588235294 0.1542483660130719 0.010294117647058823 0.018300653594771243
3 0.5301470588235294 0.1869281045751634 0.013235294117647059 0.02091503267973856
3 0.5426470588235294 0.23398692810457516 0.014705882352941176 0.026143790849673203
3 0.4573529411764706 0.13529411764705881 0.010294117647058823 0.01699346405228758
3 0.13125 0.7084967320261438 0.06985294117647059 0.09673202614379085
3 0.19411764705882353 0.5830065359477125 0.051470588235294115 0.06797385620915032
3 0.32169117647058826 0.28888888888888886 0.03602941176470588 0.026143790849673203
3 0.5169117647058824 0.9104575163398693 0.05588235294117647 0.14248366013071895
3 0.7290441176470588 0.6124183006535948 0.05514705882352941 0.08496732026143791
3 0.6709558823529411 0.44640522875816996 0.03308823529411765 0.05620915032679739
3 0.6183823529411765 0.3058823529411765 0.01911764705882353 0.036601307189542485
3 0.6522058823529412 0.3241830065359477 0.025 0.03398692810457516
3 0.6610294117647059 0.2875816993464052 0.041176470588235294 0.02875816993464052
4 0.5786764705882353 0.17320261437908496 0.014705882352941176 0.02483660130718954
4 0.6014705882352941 0.17058823529411765 0.013235294117647059 0.02483660130718954
3 0.8558823529411764 0.9490196078431372 0.08529411764705883 0.10196078431372549
0 0.09705882352941177 0.818954248366013 0.016176470588235296 0.06928104575163399
0 0.046691176470588236 0.9137254901960784 0.019852941176470587 0.07320261437908497
0 0.023529411764705882 0.9071895424836601 0.01764705882352941 0.07320261437908497
0 0.6338235294117647 0.3915032679738562 0.007352941176470588 0.03529411764705882
0 0.6503676470588236 0.3954248366013072 0.006617647058823529 0.03529411764705882
0 0.6746323529411765 0.3359477124183007 0.006617647058823529 0.03137254901960784
0 0.6819852941176471 0.3352941176470588 0.006617647058823529 0.030065359477124184
0 0.5974264705882353 0.2130718954248366 0.005147058823529412 0.02091503267973856
3 0.5720588235294117 0.14183006535947712 0.013235294117647059 0.01699346405228758
1 0.43970588235294117 0.23529411764705882 0.004411764705882353 0.018300653594771243
9 0.4400735294117647 0.24052287581699347 0.003676470588235294 0.018300653594771243
0 0.39448529411764705 0.20392156862745098 0.003676470588235294 0.02091503267973856
0 0.41544117647058826 0.18888888888888888 0.004411764705882353 0.01699346405228758
0 0.3966911764705882 0.22875816993464052 0.003676470588235294 0.02091503267973856
0 0.7334558823529411 0.3503267973856209 0.009558823529411765 0.02875816993464052
1 0.4485294117647059 0.21437908496732025 0.004411764705882353 0.018300653594771243
1 0.45 0.18627450980392157 0.004411764705882353 0.01437908496732026
9 0.45 0.19019607843137254 0.004411764705882353 0.01437908496732026
9 0.4485294117647059 0.21895424836601307 0.004411764705882353 0.01437908496732026
4 0.4091911764705882 0.1627450980392157 0.015441176470588236 0.022222222222222223
3 0.41213235294117645 0.1522875816993464 0.013970588235294118 0.0196078431372549
3 0.41911764705882354 0.1450980392156863 0.008823529411764706 0.01568627450980392
3 0.4202205882352941 0.13725490196078433 0.009558823529411765 0.01568627450980392
4 0.42205882352941176 0.1326797385620915 0.016176470588235296 0.0196078431372549
3 0.42830882352941174 0.12156862745098039 0.009558823529411765 0.01568627450980392
3 0.43308823529411766 0.1130718954248366 0.008823529411764706 0.01437908496732026
3 0.4238970588235294 0.09803921568627451 0.016911764705882352 0.013071895424836602
3 0.45183823529411765 0.09411764705882353 0.013970588235294118 0.01045751633986928
3 0.5029411764705882 0.1084967320261438 0.008823529411764706 0.01568627450980392
3 0.4823529411764706 0.09477124183006536 0.007352941176470588 0.011764705882352941
7 0.4886029411764706 0.10392156862745099 0.006617647058823529 0.01437908496732026
1 0.5290441176470588 0.25098039215686274 0.005147058823529412 0.01568627450980392
1 0.5290441176470588 0.2549019607843137 0.005147058823529412 0.01568627450980392