3 0.8110294117647059 0.6372549019607843 0.0661764705882353 0.12941176470588237
8 0.9922794117647059 0.19869281045751633 0.015441176470588236 0.05751633986928104
3 0.9786764705882353 0.15947712418300652 0.029411764705882353 0.03398692810457516
3 0.9400735294117647 0.14575163398692811 0.030147058823529412 0.032679738562091505
3 0.8610294117647059 0.1326797385620915 0.030882352941176472 0.027450980392156862
3 0.8330882352941177 0.12418300653594772 0.029411764705882353 0.026143790849673203
3 0.7658088235294118 0.11830065359477124 0.03455882352941177 0.027450980392156862
3 0.7253676470588235 0.0457516339869281 0.027205882352941177 0.02091503267973856
3 0.7238970588235294 0.01437908496732026 0.02426470588235294 0.023529411764705882
6 0.6841911764705882 0.03202614379084967 0.013970588235294118 0.01699346405228758
6 0.6772058823529412 0.0392156862745098 0.014705882352941176 0.02091503267973856
3 0.6477941176470589 0.048366013071895426 0.026470588235294117 0.023529411764705882
3 0.6955882352941176 0.19934640522875818 0.045588235294117645 0.03790849673202614
3 0.8941176470588236 0.2823529411764706 0.039705882352941174 0.04967320261437908
3 0.7764705882352941 0.22941176470588234 0.052941176470588235 0.0457516339869281
3 0.7816176470588235 0.30130718954248364 0.052941176470588235 0.050980392156862744
3 0.6941176470588235 0.24901960784313726 0.058823529411764705 0.043137254901960784
3 0.6183823529411765 0.2549019607843137 0.054411764705882354 0.047058823529411764
0 0.6533088235294118 0.25359477124183005 0.006617647058823529 0.0392156862745098
3 0.6628676470588235 0.32222222222222224 0.07279411764705883 0.06405228758169934
3 0.53125 0.6673202614379085 0.09926470588235294 0.11895424836601307
5 0.4988970588235294 0.42810457516339867 0.17279411764705882 0.1869281045751634
4 0.49375 0.5287581699346405 0.07573529411764705 0.09281045751633987
3 0.4441176470588235 0.5581699346405229 0.08529411764705883 0.08627450980392157
5 0.41507352941176473 0.5986928104575163 0.13308823529411765 0.14901960784313725
3 0.4827205882352941 0.26862745098039215 0.05367647058823529 0.0457516339869281
3 0.4290441176470588 0.24183006535947713 0.05220588235294118 0.044444444444444446
3 0.33897058823529413 0.2901960784313726 0.057352941176470586 0.047058823529411764
0 0.35294117647058826 0.2718954248366013 0.008823529411764706 0.04183006535947712
0 0.3599264705882353 0.27908496732026145 0.009558823529411765 0.03529411764705882
3 0.14852941176470588 0.9156862745098039 0.11470588235294117 0.16862745098039217
3 0.25330882352941175 0.7006535947712418 0.09044117647058823 0.12549019607843137
4 0.37830882352941175 0.3836601307189543 0.06102941176470588 0.07712418300653595
4 0.3683823529411765 0.47320261437908495 0.06764705882352941 0.08366013071895424
4 0.2922794117647059 0.5699346405228758 0.08161764705882353 0.10718954248366012
0 0.3301470588235294 0.4823529411764706 0.011764705882352941 0.05751633986928104
3 0.2897058823529412 0.46797385620915033 0.0661764705882353 0.07058823529411765
3 0.2386029411764706 0.4980392156862745 0.06691176470588235 0.07581699346405228
2 0.3452205882352941 0.4392156862745098 0.030147058823529412 0.02875816993464052
2 0.31470588235294117 0.43333333333333335 0.026470588235294117 0.040522875816993466
2 0.30772058823529413 0.43071895424836604 0.02426470588235294 0.043137254901960784
2 0.29669117647058824 0.4169934640522876 0.027205882352941177 0.044444444444444446
2 0.2841911764705882 0.4071895424836601 0.021323529411764706 0.040522875816993466
9 0.275 0.4111111111111111 0.020588235294117647 0.043137254901960784
9 0.25036764705882353 0.4013071895424837 0.016911764705882352 0.0392156862745098
5 0.18419117647058825 0.3738562091503268 0.11544117647058824 0.1542483660130719
3 0.08970588235294118 0.4947712418300654 0.0661764705882353 0.07712418300653595
7 0.028676470588235293 0.5098039215686274 0.047058823529411764 0.08104575163398693
3 0.3125 0.20065359477124184 0.041176470588235294 0.03790849673202614
3 0.31213235294117647 0.169281045751634 0.03455882352941177 0.03529411764705882
3 0.26838235294117646 0.17777777777777778 0.03823529411764706 0.04183006535947712
3 0.24044117647058824 0.19019607843137254 0.039705882352941174 0.03529411764705882
3 0.2452205882352941 0.2261437908496732 0.05073529411764706 0.047058823529411764
3 0.12720588235294117 0.10065359477124183 0.016176470588235296 0.026143790849673203
4 0.1036764705882353 0.10196078431372549 0.027941176470588237 0.02875816993464052
9 0.07720588235294118 0.10915032679738562 0.01764705882352941 0.01699346405228758
0 0.06580882352941177 0.10718954248366012 0.008088235294117648 0.02875816993464052
0 0.06838235294117648 0.13529411764705881 0.008823529411764706 0.032679738562091505
3 0.04448529411764706 0.12156862745098039 0.03455882352941177 0.03137254901960784
4 0.039338235294117646 0.0915032679738562 0.03897058823529412 0.03137254901960784
3 0.04632352941176471 0.0738562091503268 0.030882352941176472 0.02483660130718954
3 0.036397058823529414 0.06666666666666667 0.03308823529411765 0.02091503267973856
3 0.10772058823529412 0.025490196078431372 0.013970588235294118 0.0196078431372549
5 0.04338235294117647 0.20392156862745098 0.08529411764705883 0.10457516339869281