3 0.21225 0.20433333333333334 0.0055 0.007333333333333333
3 0.2165 0.209 0.007 0.007333333333333333
3 0.21475 0.22066666666666668 0.0075 0.009333333333333334
3 0.22125 0.21966666666666668 0.0065 0.011333333333333334
3 0.22825 0.21933333333333332 0.0055 0.008
3 0.228 0.22566666666666665 0.006 0.008666666666666666
3 0.2275 0.23966666666666667 0.007 0.008666666666666666
3 0.2325 0.235 0.007 0.008666666666666666
3 0.23775 0.242 0.0065 0.008
3 0.2335 0.24866666666666667 0.008 0.010666666666666666
3 0.24425 0.25266666666666665 0.0065 0.009333333333333334
3 0.24125 0.261 0.0065 0.011333333333333334
3 0.2315 0.263 0.008 0.01
3 0.252 0.2663333333333333 0.007 0.01
3 0.25625 0.274 0.0075 0.012
3 0.2495 0.2816666666666667 0.008 0.008666666666666666
3 0.2695 0.277 0.006 0.008666666666666666
8 0.25875 0.258 0.0155 0.02266666666666667
8 0.23325 0.21466666666666667 0.0095 0.016
3 0.31475 0.249 0.0145 0.007333333333333333
3 0.275 0.286 0.009 0.010666666666666666
3 0.26575 0.2906666666666667 0.0105 0.010666666666666666
3 0.261 0.2996666666666667 0.01 0.012666666666666666
3 0.27425 0.302 0.0115 0.012
3 0.2875 0.303 0.009 0.011333333333333334
3 0.276 0.3243333333333333 0.01 0.014
3 0.2875 0.32366666666666666 0.012 0.012666666666666666
3 0.29475 0.31766666666666665 0.0105 0.012666666666666666
3 0.295 0.2836666666666667 0.009 0.011333333333333334
3 0.30075 0.2896666666666667 0.0075 0.01
3 0.304 0.2936666666666667 0.008 0.011333333333333334
3 0.309 0.3 0.01 0.012
3 0.3165 0.30966666666666665 0.011 0.012666666666666666
3 0.3315 0.33 0.012 0.012
3 0.33725 0.34 0.0095 0.012
3 0.348 0.351 0.013 0.014
3 0.359 0.3606666666666667 0.013 0.014666666666666666
4 0.3115 0.337 0.012 0.015333333333333332
3 0.299 0.3433333333333333 0.013 0.013333333333333334
3 0.2945 0.3566666666666667 0.013 0.013333333333333334
3 0.3255 0.361 0.011 0.014
3 0.31525 0.39 0.0125 0.014666666666666666
3 0.3285 0.3863333333333333 0.014 0.015333333333333332
3 0.356 0.4026666666666667 0.014 0.014666666666666666
3 0.345 0.41333333333333333 0.014 0.014666666666666666
3 0.35525 0.44066666666666665 0.0135 0.013333333333333334
3 0.381 0.44133333333333336 0.014 0.016
3 0.40675 0.412 0.0175 0.014666666666666666
3 0.43325 0.44433333333333336 0.0165 0.015333333333333332
3 0.44325 0.45666666666666667 0.0175 0.017333333333333333
4 0.466 0.4876666666666667 0.018 0.022
3 0.47775 0.506 0.0175 0.02
3 0.497 0.5446666666666666 0.021 0.021333333333333333
3 0.41375 0.49666666666666665 0.0185 0.02
3 0.411 0.5206666666666667 0.019 0.021333333333333333
3 0.44125 0.5576666666666666 0.0205 0.023333333333333334
1 0.43725 0.478 0.0075 0.009333333333333334
1 0.44575 0.476 0.0045 0.010666666666666666
1 0.4515 0.5083333333333333 0.005 0.01
1 0.46375 0.504 0.0045 0.009333333333333334
1 0.47575 0.533 0.0065 0.014
1 0.509 0.5966666666666667 0.006 0.014666666666666666
1 0.52525 0.607 0.0055 0.012666666666666666
2 0.438 0.4816666666666667 0.007 0.011333333333333334
2 0.4455 0.4796666666666667 0.007 0.01
2 0.45225 0.5116666666666667 0.0065 0.01
2 0.464 0.5066666666666667 0.006 0.009333333333333334
2 0.476 0.536 0.009 0.012
2 0.50825 0.5986666666666667 0.0085 0.013333333333333334
2 0.5265 0.61 0.009 0.012
9 0.54875 0.5846666666666667 0.0095 0.017333333333333333
3 0.5585 0.6213333333333333 0.025 0.02666666666666667
9 0.5765 0.6336666666666667 0.008 0.018
9 0.55525 0.632 0.0115 0.017333333333333333
3 0.588 0.656 0.032 0.030666666666666665
3 0.61525 0.692 0.0345 0.036
3 0.64325 0.7256666666666667 0.0335 0.03666666666666667
3 0.671 0.7616666666666667 0.037 0.042
3 0.7095 0.8133333333333334 0.041 0.048
3 0.748 0.8623333333333333 0.045 0.051333333333333335
3 0.7905 0.9183333333333333 0.05 0.058
3 0.84275 0.9753333333333334 0.0565 0.04933333333333333
1 0.77575 0.9383333333333334 0.0115 0.014
1 0.78175 0.945 0.0095 0.014
1 0.775 0.9593333333333334 0.011 0.02266666666666667
1 0.755 0.9033333333333333 0.012 0.018666666666666668
9 0.774 0.962 0.016 0.028
9 0.777 0.9413333333333334 0.018 0.02666666666666667
2 0.754 0.9063333333333333 0.017 0.023333333333333334
2 0.789 0.89 0.016 0.024
2 0.78275 0.829 0.0125 0.023333333333333334
3 0.5015 0.6866666666666666 0.028 0.03333333333333333
3 0.51375 0.8643333333333333 0.0365 0.06066666666666667
3 0.43575 0.7586666666666667 0.0295 0.048
1 0.47375 0.9626666666666667 0.0085 0.021333333333333333
2 0.47575 0.9716666666666667 0.0125 0.023333333333333334
8 0.41375 0.8933333333333333 0.0625 0.14133333333333334
3 0.3245 0.6853333333333333 0.021 0.037333333333333336
3 0.3155 0.6506666666666666 0.021 0.034666666666666665
3 0.30175 0.6173333333333333 0.0195 0.032
4 0.29225 0.5886666666666667 0.0175 0.034666666666666665
1 0.3075 0.5406666666666666 0.007 0.014666666666666666
9 0.3085 0.544 0.007 0.013333333333333334
0 0.23225 0.35033333333333333 0.0055 0.014
0 0.25525 0.41533333333333333 0.0065 0.014666666666666666
3 0.07475 0.361 0.0175 0.014