5 0.17535714285714285 0.8648477157360406 0.115 0.1814720812182741
4 0.31285714285714283 0.666243654822335 0.07 0.11421319796954314
5 0.22642857142857142 0.5710659898477157 0.10285714285714286 0.18527918781725888
3 0.2546428571428571 0.4593908629441624 0.045 0.06091370558375635
3 0.08785714285714286 0.28743654822335024 0.05 0.06979695431472081
3 0.12714285714285714 0.20558375634517767 0.03857142857142857 0.048223350253807105
8 0.4607142857142857 0.44225888324873097 0.07142857142857142 0.11294416243654823
3 0.5128571428571429 0.41751269035532995 0.025714285714285714 0.07614213197969544
3 0.5217857142857143 0.34454314720812185 0.04214285714285714 0.06472081218274112
5 0.59 0.23413705583756345 0.08142857142857143 0.13324873096446702
3 0.6121428571428571 0.5856598984771574 0.06285714285714286 0.09517766497461928
4 0.6760714285714285 0.6503807106598984 0.07071428571428572 0.10025380710659898
3 0.7521428571428571 0.7239847715736041 0.07857142857142857 0.11548223350253807
3 0.8346428571428571 0.799492385786802 0.07785714285714286 0.1116751269035533