3 0.3296428571428571 0.21637055837563451 0.027857142857142858 0.06979695431472081
3 0.4642857142857143 0.06979695431472081 0.018571428571428572 0.05583756345177665
3 0.6310714285714286 0.11548223350253807 0.03785714285714286 0.06345177664974619
3 0.8514285714285714 0.7170050761421319 0.06714285714285714 0.1319796954314721
3 0.3267857142857143 0.7024111675126904 0.03785714285714286 0.12563451776649745
3 0.5225 0.4460659898477157 0.029285714285714286 0.07741116751269035
5 0.31892857142857145 0.3876903553299492 0.04071428571428572 0.14593908629441624
4 0.6728571428571428 0.3680203045685279 0.047142857142857146 0.1065989847715736
4 0.5960714285714286 0.8496192893401016 0.04642857142857143 0.13578680203045684
4 0.49392857142857144 0.23477157360406092 0.019285714285714285 0.07106598984771574
3 0.06428571428571428 0.02601522842639594 0.02 0.03934010152284264
3 0.06607142857142857 0.07550761421319797 0.020714285714285713 0.044416243654822336
3 0.06714285714285714 0.11738578680203046 0.018571428571428572 0.046954314720812185
9 0.04857142857142857 0.8210659898477157 0.02 0.048223350253807105
1 0.0475 0.815989847715736 0.013571428571428571 0.030456852791878174