3 0.0825 0.02982233502538071 0.02214285714285714 0.044416243654822336
3 0.03964285714285714 0.2296954314720812 0.019285714285714285 0.03299492385786802
8 0.12321428571428572 0.1484771573604061 0.03357142857142857 0.09898477157360407
8 0.04535714285714286 0.05012690355329949 0.03214285714285714 0.07487309644670051
4 0.1667857142857143 0.4727157360406091 0.035 0.05456852791878172
3 0.039285714285714285 0.6421319796954315 0.05714285714285714 0.09390862944162437
5 0.2907142857142857 0.3534263959390863 0.05142857142857143 0.08756345177664974
3 0.34 0.17385786802030456 0.02857142857142857 0.03807106598984772
3 0.4010714285714286 0.1548223350253807 0.027857142857142858 0.03807106598984772
3 0.485 0.02601522842639594 0.02142857142857143 0.02918781725888325
3 0.4235714285714286 0.025380710659898477 0.02142857142857143 0.027918781725888325
3 0.37357142857142855 0.4460659898477157 0.03 0.05964467005076142
3 0.40214285714285714 0.39911167512690354 0.02857142857142857 0.046954314720812185
3 0.425 0.3426395939086294 0.024285714285714285 0.04314720812182741
3 0.4471428571428571 0.3115482233502538 0.02 0.02918781725888325
3 0.4710714285714286 0.2753807106598985 0.019285714285714285 0.03553299492385787
3 0.48142857142857143 0.33185279187817257 0.02142857142857143 0.03426395939086294
3 0.41785714285714287 0.5095177664974619 0.03142857142857143 0.04949238578680203
3 0.33107142857142857 0.6967005076142132 0.035 0.07360406091370558
3 0.5896428571428571 0.39593908629441626 0.017857142857142856 0.048223350253807105
4 0.6125 0.39911167512690354 0.016428571428571428 0.05456852791878172
4 0.6328571428571429 0.4073604060913706 0.017142857142857144 0.050761421319796954
3 0.6557142857142857 0.4168781725888325 0.018571428571428572 0.05456852791878172
3 0.6792857142857143 0.4270304568527919 0.02 0.046954314720812185
3 0.7025 0.43274111675126903 0.017857142857142856 0.048223350253807105
3 0.7246428571428571 0.4352791878172589 0.020714285714285713 0.0583756345177665
3 0.7525 0.44289340101522845 0.020714285714285713 0.06852791878172589
4 0.6725 0.37880710659898476 0.025 0.044416243654822336
4 0.7 0.38388324873096447 0.02142857142857143 0.046954314720812185
4 0.6185714285714285 0.3616751269035533 0.02857142857142857 0.04060913705583756
3 0.4967857142857143 0.5958121827411168 0.029285714285714286 0.05710659898477157
3 0.5403571428571429 0.6135786802030457 0.029285714285714286 0.06725888324873096
3 0.5857142857142857 0.6313451776649747 0.03 0.05964467005076142
5 0.585 0.7296954314720813 0.055714285714285716 0.1700507614213198
5 0.6507142857142857 0.7576142131979695 0.05 0.17258883248730963
5 0.6810714285714285 0.7696700507614214 0.04357142857142857 0.15355329949238578
5 0.7892857142857143 0.833756345177665 0.04428571428571428 0.1598984771573604
4 0.8289285714285715 0.7557106598984772 0.029285714285714286 0.0901015228426396
3 0.7960714285714285 0.7322335025380711 0.03214285714285714 0.06598984771573604
3 0.7414285714285714 0.7112944162436549 0.024285714285714285 0.07487309644670051
3 0.7153571428571428 0.7043147208121827 0.025 0.06852791878172589
4 0.6914285714285714 0.6789340101522843 0.027142857142857142 0.06598984771573604
3 0.6657142857142857 0.6637055837563451 0.022857142857142857 0.050761421319796954
3 0.6153571428571428 0.6484771573604061 0.025 0.07106598984771574
3 0.84 0.6402284263959391 0.05857142857142857 0.05203045685279188
3 0.8403571428571428 0.6046954314720813 0.04642857142857143 0.04187817258883249
4 0.8439285714285715 0.574238578680203 0.055 0.05964467005076142
3 0.7875 0.559010152284264 0.05785714285714286 0.046954314720812185
3 0.6807142857142857 0.5710659898477157 0.05 0.048223350253807105
4 0.6839285714285714 0.5361675126903553 0.052142857142857144 0.05456852791878172
4 0.7967857142857143 0.5126903553299492 0.04928571428571429 0.03807106598984772
4 0.7996428571428571 0.4860406091370558 0.05071428571428571 0.025380710659898477
4 0.8532142857142857 0.5355329949238579 0.047857142857142855 0.04060913705583756
4 0.8596428571428572 0.5095177664974619 0.04357142857142857 0.03680203045685279
3 0.8557142857142858 0.48223350253807107 0.04285714285714286 0.03553299492385787
3 0.8510714285714286 0.44352791878172587 0.055 0.03934010152284264
3 0.8560714285714286 0.41751269035532995 0.04928571428571429 0.027918781725888325
5 0.8060714285714285 0.3413705583756345 0.07928571428571428 0.06345177664974619
4 0.9467857142857142 0.32614213197969544 0.023571428571428573 0.06598984771573604
3 0.9514285714285714 0.4581218274111675 0.02142857142857143 0.050761421319796954
3 0.945 0.4067258883248731 0.024285714285714285 0.03934010152284264
3 0.9528571428571428 0.5323604060913706 0.024285714285714285 0.046954314720812185
4 0.9567857142857142 0.5958121827411168 0.029285714285714286 0.08248730964467005
4 0.9864285714285714 0.6116751269035533 0.024285714285714285 0.09137055837563451
3 0.9557142857142857 0.7170050761421319 0.03428571428571429 0.07106598984771574
4 0.9607142857142857 0.8013959390862944 0.037142857142857144 0.09517766497461928
3 0.9939285714285714 0.8128172588832487 0.012142857142857143 0.09517766497461928
3 0.9903571428571428 0.7201776649746193 0.019285714285714285 0.05203045685279188
5 0.46785714285714286 0.942258883248731 0.06571428571428571 0.10532994923857868
5 0.83 0.2303299492385787 0.07142857142857142 0.04949238578680203
5 0.8157142857142857 0.27411167512690354 0.06714285714285714 0.04568527918781726
5 0.81 0.31789340101522845 0.06285714285714286 0.05456852791878172
5 0.8546428571428571 0.22906091370558376 0.05785714285714286 0.05964467005076142
3 0.48392857142857143 0.2430203045685279 0.016428571428571428 0.03934010152284264
3 0.4575 0.2506345177664975 0.017857142857142856 0.03934010152284264
3 0.5689285714285715 0.3902284263959391 0.020714285714285713 0.05203045685279188
3 0.5907142857142857 0.3553299492385787 0.02 0.05583756345177665
3 0.6478571428571429 0.36928934010152287 0.02142857142857143 0.04568527918781726
3 0.7914285714285715 0.40926395939086296 0.037142857142857144 0.024111675126903553
3 0.8207142857142857 0.383248730964467 0.037142857142857144 0.030456852791878174
3 0.8039285714285714 0.43147208121827413 0.03357142857142857 0.027918781725888325
3 0.8003571428571429 0.45621827411167515 0.04071428571428572 0.02918781725888325
3 0.9935714285714285 0.4232233502538071 0.012857142857142857 0.046954314720812185
3 0.022857142857142857 0.8496192893401016 0.041428571428571426 0.09771573604060914
3 0.45785714285714285 0.014593908629441625 0.02142857142857143 0.0266497461928934
3 0.5457142857142857 0.5209390862944162 0.047142857142857146 0.046954314720812185
3 0.5492857142857143 0.491751269035533 0.04285714285714286 0.03934010152284264
3 0.5671428571428572 0.28553299492385786 0.022857142857142857 0.03807106598984772
3 0.4521428571428571 0.1935279187817259 0.03428571428571429 0.03934010152284264
3 0.43357142857142855 0.2068527918781726 0.02857142857142857 0.030456852791878174
3 0.4228571428571429 0.22588832487309646 0.032857142857142856 0.025380710659898477
3 0.3896428571428571 0.282994923857868 0.030714285714285715 0.04314720812182741
3 0.3967857142857143 0.2684010152284264 0.029285714285714286 0.04187817258883249
3 0.41 0.24873096446700507 0.03571428571428571 0.03553299492385787