3 0.23676470588235293 0.6300653594771242 0.10882352941176471 0.11764705882352941
3 0.33308823529411763 0.657516339869281 0.09264705882352942 0.12810457516339868
3 0.43161764705882355 0.6477124183006536 0.06323529411764706 0.12156862745098039
4 0.5213235294117647 0.6699346405228758 0.1 0.1450980392156863
3 0.61875 0.6888888888888889 0.07573529411764705 0.16993464052287582
3 0.7411764705882353 0.7601307189542483 0.10441176470588236 0.16862745098039217
3 0.8400735294117647 0.7627450980392156 0.11838235294117647 0.1607843137254902
3 0.9261029411764706 0.7490196078431373 0.14779411764705883 0.1803921568627451
0 0.7941176470588235 0.5699346405228758 0.022058823529411766 0.0784313725490196
0 0.8389705882352941 0.5535947712418301 0.016176470588235296 0.0718954248366013
9 0.7220588235294118 0.6065359477124183 0.05588235294117647 0.05751633986928104
1 0.7213235294117647 0.5954248366013072 0.022058823529411766 0.06405228758169934
6 0.9636029411764706 0.5928104575163399 0.07279411764705883 0.0718954248366013
5 0.90625 0.5594771241830065 0.10220588235294117 0.10980392156862745
3 0.8213235294117647 0.47320261437908495 0.08823529411764706 0.054901960784313725
3 0.7959558823529411 0.44901960784313727 0.09338235294117647 0.050980392156862744
3 0.7022058823529411 0.5633986928104575 0.11470588235294117 0.07320261437908497
3 0.5727941176470588 0.5437908496732026 0.10441176470588236 0.07058823529411765
3 0.21654411764705883 0.5771241830065359 0.12573529411764706 0.12156862745098039
3 0.28455882352941175 0.5320261437908497 0.10882352941176471 0.07320261437908497
3 0.16286764705882353 0.4588235294117647 0.09926470588235294 0.07320261437908497
3 0.09595588235294118 0.4065359477124183 0.05955882352941176 0.05228758169934641
3 0.07904411764705882 0.37516339869281046 0.05808823529411765 0.05228758169934641
3 0.1338235294117647 0.33790849673202616 0.04411764705882353 0.043137254901960784
3 0.2011029411764706 0.3281045751633987 0.03897058823529412 0.0392156862745098
3 0.1849264705882353 0.3032679738562091 0.03455882352941177 0.044444444444444446
3 0.12610294117647058 0.24901960784313726 0.021323529411764706 0.027450980392156862
9 0.3602941176470588 0.5405228758169934 0.014705882352941176 0.050980392156862744
0 0.43713235294117647 0.4895424836601307 0.013970588235294118 0.058823529411764705
0 0.4176470588235294 0.3581699346405229 0.008823529411764706 0.036601307189542485
3 0.29926470588235293 0.4503267973856209 0.08823529411764706 0.05359477124183006
3 0.3113970588235294 0.4176470588235294 0.08014705882352942 0.0457516339869281
3 0.31580882352941175 0.39869281045751637 0.07720588235294118 0.044444444444444446
3 0.33676470588235297 0.3810457516339869 0.07058823529411765 0.040522875816993466
3 0.3477941176470588 0.3718954248366013 0.060294117647058824 0.040522875816993466
3 0.36580882352941174 0.35490196078431374 0.05220588235294118 0.043137254901960784
3 0.3805147058823529 0.3464052287581699 0.04779411764705882 0.0392156862745098
3 0.3911764705882353 0.33398692810457514 0.051470588235294115 0.040522875816993466
3 0.40147058823529413 0.3300653594771242 0.04264705882352941 0.032679738562091505
3 0.43933823529411764 0.39281045751633986 0.0375 0.05620915032679739
3 0.4863970588235294 0.43856209150326797 0.08308823529411764 0.06143790849673202
3 0.49264705882352944 0.47058823529411764 0.08676470588235294 0.05751633986928104
3 0.5150735294117647 0.4895424836601307 0.08455882352941177 0.06928104575163399
3 0.5617647058823529 0.5104575163398692 0.10588235294117647 0.058823529411764705
3 0.46691176470588236 0.35947712418300654 0.026470588235294117 0.04183006535947712
0 0.6834558823529412 0.4797385620915033 0.0125 0.06013071895424837
0 0.5852941176470589 0.4803921568627451 0.010294117647058823 0.043137254901960784
0 0.6044117647058823 0.4895424836601307 0.010294117647058823 0.050980392156862744
0 0.6147058823529412 0.48627450980392156 0.010294117647058823 0.06013071895424837
3 0.6378676470588235 0.4777777777777778 0.0875 0.06143790849673202
3 0.5915441176470588 0.4588235294117647 0.08014705882352942 0.06013071895424837
3 0.5779411764705882 0.44052287581699345 0.07647058823529412 0.047058823529411764
3 0.5613970588235294 0.4189542483660131 0.0713235294117647 0.050980392156862744
3 0.5503676470588236 0.4065359477124183 0.06102941176470588 0.047058823529411764
3 0.5378676470588235 0.39215686274509803 0.06544117647058824 0.044444444444444446
3 0.5319852941176471 0.36993464052287583 0.05808823529411765 0.04183006535947712
3 0.5202205882352942 0.35751633986928105 0.05514705882352941 0.03529411764705882
4 0.5238970588235294 0.3405228758169935 0.06102941176470588 0.0457516339869281
4 0.5301470588235294 0.3333333333333333 0.04852941176470588 0.03398692810457516
4 0.5202205882352942 0.3209150326797386 0.04632352941176471 0.03790849673202614
4 0.5327205882352941 0.30522875816993467 0.04191176470588235 0.03529411764705882
3 0.5477941176470589 0.3026143790849673 0.03823529411764706 0.02483660130718954
4 0.5297794117647059 0.28954248366013075 0.03602941176470588 0.027450980392156862
3 0.5154411764705882 0.2849673202614379 0.03529411764705882 0.026143790849673203
0 0.4915441176470588 0.27450980392156865 0.005147058823529412 0.026143790849673203
0 0.649264705882353 0.3209150326797386 0.0058823529411764705 0.032679738562091505
1 0.6481617647058824 0.3156862745098039 0.005147058823529412 0.01437908496732026
9 0.2599264705882353 0.28169934640522876 0.009558823529411765 0.027450980392156862
1 0.25882352941176473 0.27712418300653596 0.007352941176470588 0.023529411764705882
3 0.28051470588235294 0.25098039215686274 0.022794117647058822 0.02875816993464052
3 0.30220588235294116 0.23594771241830065 0.01911764705882353 0.022222222222222223
3 0.31433823529411764 0.2065359477124183 0.013970588235294118 0.02091503267973856
9 0.29301470588235295 0.22091503267973855 0.005147058823529412 0.013071895424836602
1 0.29301470588235295 0.21633986928104576 0.005147058823529412 0.01437908496732026
4 0.015441176470588236 0.25163398692810457 0.030882352941176472 0.027450980392156862
3 0.7647058823529411 0.42745098039215684 0.08823529411764706 0.04967320261437908
3 0.7433823529411765 0.4084967320261438 0.06764705882352941 0.040522875816993466
3 0.73125 0.3980392156862745 0.06838235294117648 0.040522875816993466
0 0.8036764705882353 0.39869281045751637 0.010294117647058823 0.044444444444444446
0 0.7900735294117647 0.38823529411764707 0.011029411764705883 0.0392156862745098
0 0.76875 0.3915032679738562 0.008088235294117648 0.03790849673202614
0 0.7860294117647059 0.35555555555555557 0.0058823529411764705 0.03398692810457516
0 0.7345588235294118 0.3281045751633987 0.007352941176470588 0.03137254901960784
0 0.6801470588235294 0.3588235294117647 0.0058823529411764705 0.03790849673202614
0 0.6860294117647059 0.35947712418300654 0.0058823529411764705 0.036601307189542485
0 0.74375 0.3764705882352941 0.008088235294117648 0.03398692810457516
1 0.7378676470588236 0.37254901960784315 0.006617647058823529 0.02875816993464052
1 0.7338235294117647 0.36797385620915035 0.008823529411764706 0.030065359477124184
0 0.7253676470588235 0.3660130718954248 0.006617647058823529 0.03398692810457516
0 0.7183823529411765 0.365359477124183 0.0058823529411764705 0.03790849673202614
0 0.7110294117647059 0.36209150326797385 0.007352941176470588 0.0392156862745098
0 0.7147058823529412 0.36209150326797385 0.008823529411764706 0.036601307189542485
1 0.7705882352941177 0.3431372549019608 0.007352941176470588 0.032679738562091505
1 0.6926470588235294 0.3359477124183007 0.010294117647058823 0.02875816993464052
1 0.7047794117647059 0.3366013071895425 0.006617647058823529 0.030065359477124184
0 0.7091911764705883 0.2973856209150327 0.006617647058823529 0.027450980392156862
0 0.71875 0.29477124183006537 0.009558823529411765 0.030065359477124184
0 0.725735294117647 0.2934640522875817 0.0058823529411764705 0.027450980392156862
0 0.7308823529411764 0.296078431372549 0.004411764705882353 0.022222222222222223
0 0.731985294117647 0.2908496732026144 0.006617647058823529 0.030065359477124184
0 0.7382352941176471 0.2928104575163399 0.0058823529411764705 0.02875816993464052
0 0.7441176470588236 0.29411764705882354 0.0058823529411764705 0.02875816993464052
0 0.7566176470588235 0.29215686274509806 0.0058823529411764705 0.022222222222222223
9 0.7996323529411765 0.29673202614379085 0.015441176470588236 0.02091503267973856
0 0.84375 0.32287581699346407 0.008088235294117648 0.02875816993464052
0 0.9084558823529412 0.29215686274509806 0.006617647058823529 0.027450980392156862
0 0.9022058823529412 0.2901960784313726 0.004411764705882353 0.02875816993464052
0 0.8959558823529412 0.2901960784313726 0.006617647058823529 0.026143790849673203
0 0.8757352941176471 0.29150326797385623 0.007352941176470588 0.023529411764705882
0 0.8698529411764706 0.28888888888888886 0.0058823529411764705 0.026143790849673203
0 0.868014705882353 0.28888888888888886 0.005147058823529412 0.023529411764705882
0 0.8830882352941176 0.29215686274509806 0.004411764705882353 0.02483660130718954
0 0.8871323529411764 0.29150326797385623 0.005147058823529412 0.02875816993464052
0 0.7702205882352942 0.2797385620915033 0.006617647058823529 0.02875816993464052
1 0.7757352941176471 0.2111111111111111 0.004411764705882353 0.011764705882352941
1 0.78125 0.20980392156862746 0.003676470588235294 0.011764705882352941
1 0.80625 0.2130718954248366 0.003676470588235294 0.013071895424836602
1 0.8110294117647059 0.2084967320261438 0.004411764705882353 0.01437908496732026
0 0.9198529411764705 0.20915032679738563 0.004411764705882353 0.01568627450980392
0 0.9143382352941176 0.20915032679738563 0.003676470588235294 0.01568627450980392
3 0.4338235294117647 0.3104575163398693 0.04852941176470588 0.03529411764705882
3 0.4430147058823529 0.3058823529411765 0.03897058823529412 0.02875816993464052
3 0.44448529411764703 0.296078431372549 0.04485294117647059 0.02483660130718954
3 0.4474264705882353 0.28954248366013075 0.03455882352941177 0.02483660130718954
3 0.4172794117647059 0.2856209150326797 0.04044117647058824 0.02483660130718954
0 0.5588235294117647 0.26862745098039215 0.0058823529411764705 0.02483660130718954
9 0.5459558823529411 0.27712418300653596 0.006617647058823529 0.018300653594771243
3 0.5136029411764705 0.24052287581699347 0.03161764705882353 0.023529411764705882
4 0.5011029411764706 0.23594771241830065 0.028676470588235293 0.027450980392156862
3 0.49669117647058825 0.23594771241830065 0.025735294117647058 0.0196078431372549
3 0.49558823529411766 0.23202614379084968 0.026470588235294117 0.0196078431372549
3 0.48933823529411763 0.22941176470588234 0.025735294117647058 0.01699346405228758
3 0.4834558823529412 0.2261437908496732 0.022794117647058822 0.01568627450980392
3 0.4875 0.2222222222222222 0.022058823529411766 0.01568627450980392
3 0.4852941176470588 0.21764705882352942 0.020588235294117647 0.011764705882352941
3 0.48051470588235295 0.21568627450980393 0.022794117647058822 0.01568627450980392
3 0.4764705882352941 0.21176470588235294 0.022058823529411766 0.013071895424836602
3 0.42830882352941174 0.2784313725490196 0.027205882352941177 0.023529411764705882
3 0.4323529411764706 0.26862745098039215 0.03235294117647059 0.0196078431372549
3 0.4294117647058823 0.2633986928104575 0.03529411764705882 0.022222222222222223
3 0.43419117647058825 0.26143790849673204 0.03455882352941177 0.02091503267973856
3 0.4264705882352941 0.2549019607843137 0.029411764705882353 0.018300653594771243
3 0.43933823529411764 0.24901960784313726 0.027205882352941177 0.0196078431372549
4 0.43051470588235297 0.24052287581699347 0.03161764705882353 0.023529411764705882
3 0.42426470588235293 0.23790849673202613 0.030882352941176472 0.018300653594771243
3 0.4238970588235294 0.23006535947712417 0.027205882352941177 0.01568627450980392
3 0.42169117647058824 0.22483660130718955 0.027205882352941177 0.01568627450980392
3 0.41801470588235295 0.22091503267973855 0.025735294117647058 0.01568627450980392
3 0.4253676470588235 0.21437908496732025 0.022794117647058822 0.013071895424836602
3 0.4238970588235294 0.2111111111111111 0.02426470588235294 0.011764705882352941
3 0.4238970588235294 0.20588235294117646 0.025735294117647058 0.01699346405228758
0 0.1713235294117647 0.4241830065359477 0.010294117647058823 0.03790849673202614
0 0.20183823529411765 0.43529411764705883 0.008088235294117648 0.0392156862745098
0 0.19191176470588237 0.42810457516339867 0.007352941176470588 0.040522875816993466
1 0.18786764705882353 0.4222222222222222 0.006617647058823529 0.02091503267973856
1 0.1974264705882353 0.4294117647058823 0.006617647058823529 0.01699346405228758
0 0.08639705882352941 0.45555555555555555 0.019852941176470587 0.06143790849673202
1 0.07683823529411765 0.44248366013071894 0.011029411764705883 0.03790849673202614
3 0.16323529411764706 0.18496732026143792 0.008823529411764706 0.011764705882352941
3 0.38823529411764707 0.16013071895424835 0.013235294117647059 0.009150326797385621
3 0.39191176470588235 0.1588235294117647 0.011764705882352941 0.009150326797385621
4 0.011397058823529411 0.22156862745098038 0.022794117647058822 0.022222222222222223
4 0.03272058823529412 0.2235294117647059 0.022794117647058822 0.018300653594771243
3 0.029411764705882353 0.22679738562091503 0.014705882352941176 0.01699346405228758
3 0.09080882352941176 0.16797385620915034 0.013970588235294118 0.009150326797385621
3 0.16727941176470587 0.17647058823529413 0.008088235294117648 0.01045751633986928
3 0.16911764705882354 0.17450980392156862 0.007352941176470588 0.011764705882352941
3 0.17720588235294119 0.16862745098039217 0.0058823529411764705 0.01045751633986928
4 0.1801470588235294 0.15294117647058825 0.010294117647058823 0.00784313725490196
3 0.1676470588235294 0.15555555555555556 0.007352941176470588 0.00784313725490196
5 0.19963235294117648 0.15359477124183007 0.011029411764705883 0.009150326797385621
3 0.2599264705882353 0.15098039215686274 0.009558823529411765 0.006535947712418301
8 0.32426470588235295 0.14575163398692811 0.022058823529411766 0.01437908496732026
0 0.5529411764705883 0.26862745098039215 0.0058823529411764705 0.02483660130718954
0 0.5283088235294118 0.2130718954248366 0.003676470588235294 0.01568627450980392
0 0.5360294117647059 0.21633986928104576 0.0029411764705882353 0.01437908496732026
0 0.5345588235294118 0.21568627450980393 0.0029411764705882353 0.013071895424836602
0 0.5430147058823529 0.2019607843137255 0.003676470588235294 0.01437908496732026
1 0.5334558823529412 0.1954248366013072 0.003676470588235294 0.011764705882352941
1 0.5371323529411764 0.19477124183006536 0.003676470588235294 0.01045751633986928
1 0.6172794117647059 0.2196078431372549 0.003676470588235294 0.01568627450980392
1 0.6080882352941176 0.21830065359477124 0.004411764705882353 0.01045751633986928
0 0.6036764705882353 0.2281045751633987 0.004411764705882353 0.0196078431372549
0 0.6448529411764706 0.26666666666666666 0.0058823529411764705 0.026143790849673203
0 0.65625 0.29673202614379085 0.006617647058823529 0.02875816993464052
1 0.6547794117647059 0.29215686274509806 0.003676470588235294 0.01437908496732026
0 0.9761029411764706 0.28366013071895424 0.006617647058823529 0.026143790849673203