3 0.7835 0.9716666666666667 0.072 0.056666666666666664
0 0.53825 0.794 0.0085 0.036
1 0.60475 0.6673333333333333 0.0095 0.02666666666666667
9 0.60525 0.6736666666666666 0.0105 0.023333333333333334
1 0.19325 0.767 0.0125 0.03
1 0.20825 0.7616666666666667 0.0165 0.026
0 0.653 0.636 0.007 0.028
0 0.6775 0.651 0.007 0.03
3 0.63725 0.6726666666666666 0.0365 0.044
3 0.49225 0.649 0.0255 0.04466666666666667
3 0.5485 0.5586666666666666 0.035 0.036
3 0.38825 0.575 0.0455 0.026
3 0.217 0.5513333333333333 0.046 0.02666666666666667
2 0.29125 0.5913333333333334 0.0155 0.016
5 0.314 0.5953333333333334 0.035 0.048
3 0.18925 0.6003333333333334 0.0415 0.022
3 0.275 0.54 0.044 0.02266666666666667
4 0.19025 0.4836666666666667 0.0325 0.019333333333333334
0 0.225 0.48233333333333334 0.005 0.015333333333333332
0 0.37625 0.4796666666666667 0.0045 0.016666666666666666
4 0.369 0.4713333333333333 0.028 0.018666666666666668
3 0.50475 0.462 0.0125 0.014666666666666666
3 0.50325 0.45166666666666666 0.0115 0.014
3 0.497 0.43066666666666664 0.009 0.012
4 0.48175 0.41933333333333334 0.0095 0.013333333333333334
4 0.48 0.4136666666666667 0.008 0.012666666666666666
5 0.4795 0.4033333333333333 0.008 0.017333333333333333
5 0.4775 0.37166666666666665 0.008 0.016666666666666666
3 0.49725 0.38233333333333336 0.0055 0.006
3 0.51425 0.387 0.0055 0.007333333333333333
3 0.50275 0.36666666666666664 0.0045 0.005333333333333333
5 0.50925 0.37666666666666665 0.0095 0.014666666666666666
3 0.54 0.439 0.012 0.011333333333333334
3 0.538 0.43133333333333335 0.01 0.010666666666666666
3 0.535 0.42533333333333334 0.01 0.009333333333333334
3 0.53175 0.4196666666666667 0.0085 0.01
3 0.575 0.4 0.017 0.008
3 0.57325 0.4096666666666667 0.0155 0.007333333333333333
3 0.61725 0.383 0.0145 0.007333333333333333
0 0.62525 0.38233333333333336 0.0015 0.006
3 0.6265 0.38866666666666666 0.015 0.008
3 0.634 0.392 0.016 0.008
0 0.64475 0.3923333333333333 0.0025 0.007333333333333333
3 0.65975 0.3943333333333333 0.0115 0.008666666666666666
3 0.66975 0.39566666666666667 0.0115 0.008666666666666666
3 0.67225 0.4046666666666667 0.0145 0.010666666666666666
3 0.6835 0.4066666666666667 0.014 0.009333333333333334
4 0.69325 0.39666666666666667 0.0125 0.010666666666666666
3 0.7035 0.399 0.012 0.008666666666666666
3 0.715 0.3993333333333333 0.011 0.008
3 0.72675 0.402 0.0085 0.008
0 0.724 0.404 0.004 0.009333333333333334
3 0.73825 0.4013333333333333 0.0075 0.009333333333333334
3 0.75325 0.40166666666666667 0.0055 0.007333333333333333
3 0.769 0.405 0.011 0.008666666666666666
3 0.7825 0.4056666666666667 0.009 0.008666666666666666
3 0.8265 0.4063333333333333 0.017 0.01
3 0.864 0.4056666666666667 0.021 0.008666666666666666
3 0.869 0.41733333333333333 0.019 0.010666666666666666
0 0.628 0.42533333333333334 0.003 0.012
9 0.59625 0.43066666666666664 0.0025 0.008
1 0.5965 0.42733333333333334 0.002 0.008
0 0.67 0.42966666666666664 0.003 0.008666666666666666
0 0.67025 0.425 0.0025 0.008666666666666666
1 0.67525 0.42933333333333334 0.0035 0.008
0 0.6945 0.436 0.003 0.010666666666666666
1 0.70825 0.43233333333333335 0.0055 0.007333333333333333
1 0.71125 0.42866666666666664 0.0025 0.006666666666666667
0 0.75075 0.44466666666666665 0.0035 0.013333333333333334
3 0.7735 0.477 0.029 0.015333333333333332
3 0.82 0.47633333333333333 0.029 0.015333333333333332
0 0.774 0.4633333333333333 0.004 0.014666666666666666
0 0.7805 0.463 0.003 0.012666666666666666
0 0.78475 0.462 0.0035 0.012
1 0.87375 0.43133333333333335 0.0035 0.006666666666666667
1 0.9175 0.46166666666666667 0.007 0.01
9 0.91875 0.4646666666666667 0.0115 0.009333333333333334
9 0.66225 0.467 0.0105 0.01
1 0.66175 0.46366666666666667 0.0045 0.01
1 0.6595 0.4633333333333333 0.003 0.010666666666666666
3 0.59575 0.39366666666666666 0.0145 0.01
3 0.59275 0.39166666666666666 0.0155 0.014
3 0.58725 0.38766666666666666 0.0145 0.008666666666666666
3 0.57825 0.38 0.0155 0.008
3 0.572 0.37633333333333335 0.013 0.006
3 0.564 0.37066666666666664 0.012 0.006666666666666667
3 0.607 0.38066666666666665 0.019 0.004
3 0.6055 0.37666666666666665 0.016 0.006666666666666667
3 0.598 0.37233333333333335 0.011 0.006
3 0.59275 0.36733333333333335 0.0115 0.006666666666666667
3 0.58875 0.366 0.0115 0.006666666666666667
3 0.5845 0.365 0.016 0.007333333333333333
3 0.578 0.361 0.013 0.004666666666666667
3 0.5715 0.359 0.009 0.006