3 0.9575 0.8293333333333334 0.085 0.07066666666666667
0 0.875 0.6846666666666666 0.017 0.032
1 0.5855 0.8386666666666667 0.021 0.029333333333333333
2 0.5845 0.848 0.033 0.044
2 0.53525 0.7546666666666667 0.0295 0.029333333333333333
2 0.50325 0.687 0.0165 0.03933333333333333
3 0.30875 0.10766666666666666 0.0165 0.019333333333333334
3 0.289 0.16433333333333333 0.019 0.027333333333333334
3 0.29475 0.145 0.0185 0.027333333333333334
4 0.35 0.12066666666666667 0.016 0.024
3 0.35025 0.16066666666666668 0.0165 0.021333333333333333
3 0.3495 0.14166666666666666 0.016 0.018
3 0.36375 0.208 0.0385 0.02666666666666667
3 0.3615 0.23833333333333334 0.044 0.028666666666666667
3 0.349 0.27666666666666667 0.025 0.03333333333333333
3 0.3555 0.32033333333333336 0.025 0.03933333333333333
3 0.27525 0.2936666666666667 0.0255 0.04466666666666667
3 0.36525 0.4083333333333333 0.0285 0.04466666666666667
3 0.2645 0.5023333333333333 0.036 0.07133333333333333
3 0.37575 0.4663333333333333 0.0335 0.056666666666666664
3 0.38925 0.5366666666666666 0.0375 0.06933333333333333
3 0.41175 0.632 0.0485 0.088
0 0.365 0.006333333333333333 0.003 0.011333333333333334
3 0.2695 0.33766666666666667 0.025 0.05
3 0.2645 0.5843333333333334 0.041 0.08333333333333333
3 0.389 0.022333333333333334 0.022 0.01
3 0.38525 0.03233333333333333 0.0235 0.011333333333333334
5 0.39325 0.03166666666666667 0.0225 0.012666666666666666
3 0.39325 0.03966666666666667 0.0255 0.012666666666666666
3 0.38625 0.04466666666666667 0.0235 0.009333333333333334
2 0.76175 0.6966666666666667 0.0335 0.02666666666666667
2 0.75325 0.6803333333333333 0.0325 0.023333333333333334