8 0.4539285714285714 0.09898477157360407 0.017857142857142856 0.10406091370558376
3 0.47285714285714286 0.08883248730964467 0.011428571428571429 0.03299492385786802
3 0.4717857142857143 0.12563451776649745 0.012142857142857143 0.03807106598984772
3 0.4735714285714286 0.16751269035532995 0.012857142857142857 0.03807106598984772
3 0.49214285714285716 0.15926395939086294 0.012857142857142857 0.03426395939086294
3 0.4903571428571429 0.09454314720812183 0.012142857142857143 0.031725888324873094
3 0.37785714285714284 0.7525380710659898 0.022857142857142857 0.07614213197969544
3 0.38142857142857145 0.6510152284263959 0.02 0.06598984771573604
4 0.385 0.5628172588832487 0.018571428571428572 0.06218274111675127
4 0.3578571428571429 0.567258883248731 0.02 0.06091370558375635
4 0.3896428571428571 0.48223350253807107 0.019285714285714285 0.06091370558375635
3 0.36178571428571427 0.4796954314720812 0.017857142857142856 0.0532994923857868
3 0.39285714285714285 0.4067258883248731 0.017142857142857144 0.04949238578680203
3 0.3682142857142857 0.39593908629441626 0.016428571428571428 0.04568527918781726
4 0.3460714285714286 0.3699238578680203 0.017857142857142856 0.05203045685279188
3 0.3514285714285714 0.3115482233502538 0.015714285714285715 0.04187817258883249
3 0.3732142857142857 0.3299492385786802 0.015 0.03807106598984772
3 0.3985714285714286 0.3267766497461929 0.015714285714285715 0.044416243654822336
4 0.9285714285714286 0.02728426395939086 0.018571428571428572 0.02918781725888325
3 0.9417857142857143 0.09644670050761421 0.020714285714285713 0.03299492385786802