3 0.8799582463465553 0.08256029684601113 0.05741127348643006 0.07606679035250463
3 0.7202505219206681 0.22495361781076068 0.061586638830897704 0.08441558441558442
3 0.8259394572025052 0.13358070500927643 0.0652400835073069 0.08905380333951762
9 0.7711377870563675 0.23654916512059368 0.01722338204592902 0.05009276437847866
9 0.7870563674321504 0.2750463821892393 0.017745302713987474 0.039888682745825604
9 0.430062630480167 0.5069573283858998 0.027139874739039668 0.017625231910946195
1 0.3355949895615866 0.5788497217068646 0.008350730688935281 0.012987012987012988
1 0.33585594989561585 0.5941558441558441 0.007828810020876827 0.013914656771799629
1 0.3408141962421712 0.6136363636363636 0.009394572025052192 0.015769944341372914
0 0.35490605427974947 0.6136363636363636 0.009394572025052192 0.012059369202226345
1 0.34368475991649267 0.5987940630797773 0.008872651356993737 0.015769944341372914
1 0.3504697286012526 0.6020408163265306 0.006784968684759917 0.014842300556586271
1 0.3522964509394572 0.5695732838589982 0.008350730688935281 0.01855287569573284
1 0.3418580375782881 0.5686456400742115 0.008350730688935281 0.012987012987012988
1 0.3465553235908142 0.5589053803339518 0.009394572025052192 0.015769944341372914
3 0.20224425887265135 0.6901669758812616 0.07045929018789145 0.09090909090909091
9 0.15161795407098122 0.7518552875695733 0.027661795407098122 0.01948051948051948
3 0.08272442588726514 0.8446196660482375 0.050626304801670144 0.10853432282003711
9 0.5146137787056367 0.5431354359925789 0.015657620041753653 0.038033395176252316
9 0.6291753653444676 0.44109461966604824 0.010960334029227558 0.026901669758812616
9 0.6244780793319415 0.3891465677179963 0.007828810020876827 0.023191094619666047
9 0.627348643006263 0.4044526901669759 0.014613778705636743 0.02040816326530612
9 0.5822025052192067 0.2166048237476809 0.009916492693110648 0.023191094619666047
9 0.9355427974947808 0.15584415584415584 0.019311064718162838 0.04267161410018553
0 0.8259394572025052 0.05287569573283859 0.009916492693110648 0.01855287569573284