0 0.35035714285714287 0.7404822335025381 0.015 0.046954314720812185
4 0.5357142857142857 0.799492385786802 0.04285714285714286 0.1548223350253807
3 0.5889285714285715 0.7671319796954315 0.04642857142857143 0.1383248730964467
4 0.5182142857142857 0.5996192893401016 0.03357142857142857 0.12055837563451777
0 0.7082142857142857 0.9866751269035533 0.013571428571428571 0.024111675126903553
0 0.8192857142857143 0.9118020304568528 0.017142857142857144 0.04187817258883249
0 0.815 0.8972081218274112 0.017142857142857144 0.03807106598984772
0 0.8303571428571429 0.9029187817258884 0.012142857142857143 0.03680203045685279
0 0.3325 0.6941624365482234 0.010714285714285714 0.04060913705583756
0 0.3389285714285714 0.690989847715736 0.010714285714285714 0.04949238578680203
0 0.6753571428571429 0.7493654822335025 0.010714285714285714 0.046954314720812185
0 0.6992857142857143 0.756979695431472 0.007142857142857143 0.02918781725888325
0 0.7039285714285715 0.7385786802030457 0.009285714285714286 0.03807106598984772
0 0.7092857142857143 0.7354060913705583 0.008571428571428572 0.0266497461928934
0 0.6632142857142858 0.6256345177664975 0.007857142857142858 0.03807106598984772
0 0.6689285714285714 0.616751269035533 0.007857142857142858 0.04060913705583756
0 0.675 0.6148477157360406 0.01 0.03426395939086294
0 0.5935714285714285 0.4098984771573604 0.007142857142857143 0.03299492385786802
0 0.6064285714285714 0.43274111675126903 0.005714285714285714 0.03299492385786802
0 0.6214285714285714 0.4784263959390863 0.007142857142857143 0.03807106598984772
0 0.6246428571428572 0.4612944162436548 0.007857142857142858 0.03934010152284264
0 0.6217857142857143 0.4302030456852792 0.0064285714285714285 0.03553299492385787
0 0.6278571428571429 0.4270304568527919 0.005714285714285714 0.03680203045685279
4 0.5010714285714286 0.42449238578680204 0.030714285714285715 0.10025380710659898
4 0.4689285714285714 0.08375634517766498 0.019285714285714285 0.05583756345177665
8 0.4928571428571429 0.23286802030456852 0.04 0.11040609137055837
8 0.5114285714285715 0.12055837563451777 0.037142857142857144 0.1598984771573604
8 0.49178571428571427 0.01967005076142132 0.020714285714285713 0.03934010152284264
0 0.36214285714285716 0.24809644670050762 0.005714285714285714 0.03680203045685279
0 0.36714285714285716 0.25380710659898476 0.005714285714285714 0.02284263959390863
0 0.36964285714285716 0.12626903553299493 0.0064285714285714285 0.0266497461928934
0 0.36357142857142855 0.2068527918781726 0.005714285714285714 0.027918781725888325
0 0.3725 0.18972081218274112 0.007857142857142858 0.031725888324873094
0 0.36607142857142855 0.21573604060913706 0.0064285714285714285 0.02284263959390863
0 0.5767857142857142 0.309010152284264 0.005 0.024111675126903553
0 0.5810714285714286 0.3096446700507614 0.005 0.03299492385786802
0 0.5821428571428572 0.31789340101522845 0.005714285714285714 0.02918781725888325
0 0.5875 0.3096446700507614 0.005 0.03553299492385787
0 0.5907142857142857 0.3032994923857868 0.007142857142857143 0.027918781725888325
0 0.5964285714285714 0.2956852791878173 0.005714285714285714 0.030456852791878174
0 0.5828571428571429 0.26776649746192893 0.005714285714285714 0.03299492385786802
0 0.5896428571428571 0.26776649746192893 0.007857142857142858 0.03299492385786802
0 0.5339285714285714 0.09898477157360407 0.0064285714285714285 0.030456852791878174
0 0.5335714285714286 0.07614213197969544 0.005714285714285714 0.02284263959390863
0 0.5078571428571429 0.01713197969543147 0.005714285714285714 0.024111675126903553
0 0.5221428571428571 0.01967005076142132 0.005714285714285714 0.021573604060913704
0 0.5178571428571429 0.0450507614213198 0.005714285714285714 0.021573604060913704
0 0.5196428571428572 0.060279187817258884 0.005 0.0266497461928934
0 0.5267857142857143 0.046954314720812185 0.0064285714285714285 0.030456852791878174
0 0.5389285714285714 0.1732233502538071 0.005 0.0266497461928934
0 0.5425 0.17639593908629442 0.0035714285714285713 0.02030456852791878
0 0.5396428571428571 0.10977157360406091 0.005 0.02918781725888325
0 0.5410714285714285 0.10088832487309644 0.0064285714285714285 0.02918781725888325
0 0.5407142857142857 0.08375634517766498 0.007142857142857143 0.030456852791878174
0 0.5503571428571429 0.10088832487309644 0.007857142857142858 0.0266497461928934
0 0.5510714285714285 0.12309644670050761 0.0064285714285714285 0.02284263959390863
0 0.5457142857142857 0.157994923857868 0.004285714285714286 0.0266497461928934
0 0.5378571428571428 0.1383248730964467 0.007142857142857143 0.027918781725888325
0 0.56 0.18781725888324874 0.007142857142857143 0.030456852791878174
0 0.5660714285714286 0.1782994923857868 0.0064285714285714285 0.02918781725888325
0 0.5575 0.1446700507614213 0.005 0.025380710659898477
0 0.5571428571428572 0.16370558375634517 0.005714285714285714 0.025380710659898477
0 0.5760714285714286 0.157994923857868 0.005 0.0266497461928934
1 0.5817857142857142 0.1884517766497462 0.0064285714285714285 0.01903553299492386
0 0.5867857142857142 0.22588832487309646 0.0064285714285714285 0.030456852791878174
0 0.58 0.2315989847715736 0.005714285714285714 0.02918781725888325
0 0.5717857142857142 0.22842639593908629 0.005 0.030456852791878174
0 0.5778571428571428 0.22081218274111675 0.005714285714285714 0.03299492385786802
0 0.5810714285714286 0.22525380710659898 0.005 0.0266497461928934
0 0.5714285714285714 0.1916243654822335 0.005714285714285714 0.027918781725888325
0 0.5717857142857142 0.2017766497461929 0.0064285714285714285 0.027918781725888325
0 0.5607142857142857 0.21573604060913706 0.005714285714285714 0.030456852791878174
0 0.5660714285714286 0.21383248730964466 0.005 0.02918781725888325