3 0.39285714285714285 0.6935279187817259 0.027142857142857142 0.08756345177664974
3 0.44107142857142856 0.37182741116751267 0.045 0.04060913705583756
3 0.5042857142857143 0.3546954314720812 0.04428571428571428 0.03934010152284264
3 0.41714285714285715 0.2963197969543147 0.045714285714285714 0.04187817258883249
3 0.6357142857142857 0.309010152284264 0.045714285714285714 0.044416243654822336
3 0.7035714285714286 0.3039340101522843 0.03857142857142857 0.05964467005076142
3 0.7721428571428571 0.22906091370558376 0.045714285714285714 0.03426395939086294
3 0.8771428571428571 0.24873096446700507 0.03857142857142857 0.04568527918781726
3 0.8035714285714286 0.2715736040609137 0.045714285714285714 0.04568527918781726
3 0.7739285714285714 0.28109137055837563 0.04642857142857143 0.05456852791878172
4 0.7403571428571428 0.2887055837563452 0.05071428571428571 0.06725888324873096
4 0.9114285714285715 0.24175126903553298 0.04857142857142857 0.05964467005076142
4 0.9328571428571428 0.22715736040609136 0.05142857142857143 0.0583756345177665
3 0.9628571428571429 0.2100253807106599 0.04857142857142857 0.046954314720812185
3 0.41464285714285715 0.2468274111675127 0.020714285714285713 0.04949238578680203
3 0.4160714285714286 0.18401015228426396 0.017857142857142856 0.04568527918781726
3 0.4175 0.1351522842639594 0.017857142857142856 0.04187817258883249
3 0.4203571428571429 0.08756345177664974 0.015 0.04060913705583756
3 0.3867857142857143 0.06091370558375635 0.017857142857142856 0.04060913705583756
3 0.42142857142857143 0.053934010152284266 0.018571428571428572 0.04187817258883249
3 0.41214285714285714 0.35406091370558374 0.041428571428571426 0.0532994923857868
4 0.4042857142857143 0.5050761421319797 0.018571428571428572 0.06345177664974619
3 0.3725 0.8902284263959391 0.035 0.11548223350253807
3 0.37892857142857145 0.975253807106599 0.03214285714285714 0.046954314720812185
0 0.6521428571428571 0.25444162436548223 0.007142857142857143 0.03426395939086294
0 0.8553571428571428 0.17703045685279187 0.009285714285714286 0.031725888324873094