3 0.017142857142857144 0.6782994923857868 0.03428571428571429 0.06218274111675127
3 0.4589285714285714 0.9619289340101523 0.03642857142857143 0.07360406091370558
3 0.4932142857142857 0.8521573604060914 0.03214285714285714 0.06979695431472081
3 0.58 0.8331218274111675 0.03142857142857143 0.08756345177664974
3 0.6125 0.8578680203045685 0.02642857142857143 0.07106598984771574
3 0.6539285714285714 0.6751269035532995 0.02642857142857143 0.06598984771573604
3 0.7189285714285715 0.6116751269035533 0.019285714285714285 0.06852791878172589
3 0.6603571428571429 0.5317258883248731 0.02642857142857143 0.0583756345177665
5 0.5625 0.4879441624365482 0.04071428571428572 0.0901015228426396
8 0.7117857142857142 0.4530456852791878 0.03642857142857143 0.10152284263959391
3 0.6782142857142858 0.3629441624365482 0.02214285714285714 0.050761421319796954
3 0.7096428571428571 0.3553299492385787 0.02214285714285714 0.050761421319796954
3 0.7292857142857143 0.26776649746192893 0.02142857142857143 0.04568527918781726
3 0.7457142857142857 0.31852791878172587 0.02 0.0532994923857868
3 0.7814285714285715 0.29378172588832485 0.02142857142857143 0.05456852791878172
3 0.7735714285714286 0.19225888324873097 0.02 0.044416243654822336
3 0.7564285714285715 0.17766497461928935 0.018571428571428572 0.04060913705583756
3 0.6721428571428572 0.11421319796954314 0.02 0.03553299492385787
3 0.7714285714285715 0.10279187817258884 0.018571428571428572 0.04568527918781726
3 0.8003571428571429 0.0901015228426396 0.016428571428571428 0.03553299492385787
3 0.7839285714285714 0.041243654822335024 0.015 0.03680203045685279
3 0.8203571428571429 0.05583756345177665 0.013571428571428571 0.03807106598984772
3 0.3585714285714286 0.5145939086294417 0.03857142857142857 0.044416243654822336
3 0.3610714285714286 0.47779187817258884 0.039285714285714285 0.046954314720812185
0 0.4725 0.4016497461928934 0.005 0.011421319796954314
0 0.3989285714285714 0.608502538071066 0.007857142857142858 0.021573604060913704