3 0.2818371607515658 0.4554730983302412 0.029227557411273485 0.06679035250463822
3 0.3126304801670146 0.43692022263450836 0.032359081419624215 0.06307977736549165
3 0.24973903966597077 0.3047309833024119 0.024530271398747392 0.041743970315398886
3 0.19911273486430062 0.08858998144712431 0.012004175365344467 0.023191094619666047
3 0.12108559498956159 0.06957328385899815 0.009394572025052192 0.016697588126159554
3 0.10307933194154488 0.07560296846011132 0.010960334029227558 0.013914656771799629
3 0.17640918580375783 0.05844155844155844 0.009394572025052192 0.014842300556586271
3 0.18789144050104384 0.05102040816326531 0.010438413361169102 0.016697588126159554
3 0.18136743215031315 0.030612244897959183 0.006784968684759917 0.016697588126159554
3 0.17301670146137788 0.011595547309833023 0.006784968684759917 0.013914656771799629
3 0.16127348643006262 0.012059369202226345 0.007306889352818371 0.012987012987012988
3 0.10255741127348643 0.05612244897959184 0.008872651356993737 0.01020408163265306
3 0.10386221294363257 0.041280148423005564 0.009394572025052192 0.015769944341372914
3 0.1022964509394572 0.02458256029684601 0.010438413361169102 0.012059369202226345
1 0.2651356993736952 0.7666975881261595 0.010438413361169102 0.026901669758812616
1 0.5728079331941545 0.5222634508348795 0.007828810020876827 0.01855287569573284
1 0.5305323590814196 0.4601113172541744 0.010960334029227558 0.012987012987012988
1 0.524008350730689 0.43506493506493504 0.009394572025052192 0.02040816326530612
1 0.47573068893528186 0.31910946196660483 0.006784968684759917 0.00927643784786642
1 0.4572025052192067 0.31493506493506496 0.007306889352818371 0.01020408163265306
1 0.13569937369519833 0.17578849721706866 0.005219206680584551 0.008348794063079777
9 0.5735908141962421 0.5403525046382189 0.019832985386221295 0.023191094619666047
9 0.5307933194154488 0.4772727272727273 0.017745302713987474 0.02504638218923933
9 0.45772442588726514 0.32653061224489793 0.014613778705636743 0.012987012987012988
9 0.13778705636743216 0.18645640074211503 0.005219206680584551 0.00927643784786642
2 0.27009394572025053 0.7940630797773655 0.012004175365344467 0.025974025974025976
2 0.47494780793319413 0.3358070500927644 0.010438413361169102 0.012987012987012988
2 0.526356993736952 0.4489795918367347 0.012004175365344467 0.01855287569573284
1 0.299321503131524 0.09925788497217068 0.0036534446764091857 0.00927643784786642
1 0.3076722338204593 0.09786641929499072 0.0015657620041753654 0.0009276437847866419
9 0.30088726513569936 0.10575139146567718 0.004697286012526096 0.00927643784786642
2 0.3094989561586639 0.10575139146567718 0.005219206680584551 0.0037105751391465678