3 0.6932291666666667 0.9259259259259259 0.07604166666666666 0.14814814814814814
3 0.2708333333333333 0.9333333333333333 0.058333333333333334 0.13333333333333333
3 0.5166666666666667 0.5361111111111111 0.05 0.12037037037037036
1 0.47760416666666666 0.4962962962962963 0.011458333333333333 0.03333333333333333
6 0.478125 0.5101851851851852 0.016666666666666666 0.05
3 0.2760416666666667 0.45740740740740743 0.0375 0.11481481481481481
1 0.2125 0.2824074074074074 0.010416666666666666 0.024074074074074074
2 0.21197916666666666 0.2972222222222222 0.013541666666666667 0.03518518518518519
0 0.3098958333333333 0.2101851851851852 0.013541666666666667 0.03888888888888889
3 0.1671875 0.14444444444444443 0.057291666666666664 0.06296296296296296
3 0.46927083333333336 0.33425925925925926 0.036458333333333336 0.08333333333333333
3 0.44479166666666664 0.24444444444444444 0.03333333333333333 0.07407407407407407
6 0.48072916666666665 0.20462962962962963 0.019791666666666666 0.046296296296296294
1 0.4765625 0.18703703703703703 0.007291666666666667 0.025925925925925925
3 0.2947916666666667 0.04537037037037037 0.03958333333333333 0.06111111111111111
3 0.2942708333333333 0.019444444444444445 0.04479166666666667 0.03888888888888889
6 0.7375 0.4537037037037037 0.03125 0.07037037037037037