0 0.46948529411764706 0.6816993464052288 0.028676470588235293 0.09019607843137255
0 0.5683823529411764 0.5934640522875817 0.01764705882352941 0.06535947712418301
0 0.5617647058823529 0.5477124183006536 0.016176470588235296 0.07581699346405228
0 0.6176470588235294 0.9529411764705882 0.023529411764705882 0.09411764705882353
0 0.6452205882352942 0.9444444444444444 0.022794117647058822 0.08235294117647059
0 0.74375 0.3869281045751634 0.021323529411764706 0.06013071895424837
0 0.7238970588235294 0.4065359477124183 0.01838235294117647 0.05751633986928104
0 0.7073529411764706 0.44836601307189544 0.014705882352941176 0.05751633986928104
0 0.580514705882353 0.3130718954248366 0.0125 0.058823529411764705
0 0.5705882352941176 0.31437908496732025 0.013235294117647059 0.06405228758169934
0 0.8323529411764706 0.24901960784313726 0.01764705882352941 0.043137254901960784
0 0.6639705882352941 0.10522875816993464 0.010294117647058823 0.040522875816993466
0 0.9463235294117647 0.938562091503268 0.026470588235294117 0.08888888888888889
0 0.4797794117647059 0.22091503267973855 0.011029411764705883 0.047058823529411764
0 0.32683823529411765 0.10130718954248366 0.011029411764705883 0.040522875816993466
0 0.31875 0.040522875816993466 0.011029411764705883 0.03398692810457516
1 0.10735294117647058 0.5287581699346405 0.022058823529411766 0.07973856209150326
0 0.08897058823529412 0.9594771241830066 0.022058823529411766 0.06797385620915032
0 0.09816176470588235 0.9751633986928104 0.03897058823529412 0.044444444444444446
0 0.27794117647058825 0.10915032679738562 0.010294117647058823 0.043137254901960784
1 0.1474264705882353 0.3686274509803922 0.01838235294117647 0.06013071895424837
1 0.15551470588235294 0.3359477124183007 0.01838235294117647 0.0392156862745098
1 0.15808823529411764 0.3300653594771242 0.01911764705882353 0.0457516339869281
0 0.1400735294117647 0.330718954248366 0.015441176470588236 0.054901960784313725
0 0.14044117647058824 0.34509803921568627 0.008823529411764706 0.03398692810457516
0 0.21875 0.3411764705882353 0.015441176470588236 0.05751633986928104
0 0.2400735294117647 0.27320261437908494 0.0125 0.06013071895424837
0 0.2551470588235294 0.16143790849673204 0.010294117647058823 0.043137254901960784
1 0.19264705882352942 0.22679738562091503 0.011764705882352941 0.0457516339869281
1 0.20625 0.18169934640522875 0.015441176470588236 0.036601307189542485
1 0.21580882352941178 0.17647058823529413 0.011029411764705883 0.023529411764705882
1 0.26066176470588237 0.13529411764705881 0.009558823529411765 0.030065359477124184
1 0.23161764705882354 0.11895424836601307 0.007352941176470588 0.03137254901960784
0 0.20477941176470588 0.12941176470588237 0.0125 0.04183006535947712
0 0.20845588235294119 0.12352941176470589 0.009558823529411765 0.040522875816993466
2 0.3375 0.03725490196078431 0.01911764705882353 0.022222222222222223
9 0.43014705882352944 0.6261437908496732 0.05 0.06013071895424837
2 0.48566176470588235 0.39215686274509803 0.02426470588235294 0.047058823529411764
2 0.4698529411764706 0.39215686274509803 0.013235294117647059 0.047058823529411764
2 0.4577205882352941 0.39019607843137255 0.015441176470588236 0.048366013071895426
0 0.49963235294117647 0.36209150326797385 0.011029411764705883 0.04967320261437908
0 0.4727941176470588 0.3437908496732026 0.010294117647058823 0.054901960784313725
0 0.46875 0.3627450980392157 0.011029411764705883 0.050980392156862744
1 0.4591911764705882 0.35490196078431374 0.0125 0.040522875816993466
0 0.46911764705882353 0.2568627450980392 0.013235294117647059 0.050980392156862744
0 0.46286764705882355 0.24248366013071895 0.011029411764705883 0.05359477124183006
0 0.4713235294117647 0.26143790849673204 0.010294117647058823 0.03398692810457516
1 0.44669117647058826 0.17647058823529413 0.0125 0.036601307189542485
9 0.46139705882352944 0.17973856209150327 0.021323529411764706 0.032679738562091505
1 0.5073529411764706 0.13333333333333333 0.010294117647058823 0.036601307189542485
0 0.5161764705882353 0.13071895424836602 0.008823529411764706 0.0392156862745098
1 0.5389705882352941 0.11699346405228758 0.011764705882352941 0.032679738562091505
1 0.5459558823529411 0.11176470588235295 0.011029411764705883 0.032679738562091505
1 0.5415441176470588 0.10718954248366012 0.006617647058823529 0.02091503267973856
1 0.5625 0.10457516339869281 0.010294117647058823 0.03137254901960784
1 0.5658088235294118 0.10130718954248366 0.008088235294117648 0.032679738562091505
1 0.5753676470588235 0.09869281045751634 0.008088235294117648 0.032679738562091505
1 0.5985294117647059 0.0915032679738562 0.008823529411764706 0.03137254901960784
1 0.6294117647058823 0.08235294117647059 0.011764705882352941 0.03137254901960784
9 0.6455882352941177 0.0803921568627451 0.014705882352941176 0.030065359477124184
9 0.6555147058823529 0.0738562091503268 0.016911764705882352 0.022222222222222223
0 0.6455882352941177 0.1588235294117647 0.013235294117647059 0.043137254901960784
0 0.6441176470588236 0.15098039215686274 0.010294117647058823 0.0457516339869281
1 0.8643382352941177 0.2411764705882353 0.013970588235294118 0.02483660130718954
1 0.8779411764705882 0.2457516339869281 0.011764705882352941 0.023529411764705882
0 0.893014705882353 0.19869281045751633 0.0125 0.047058823529411764
0 0.9044117647058824 0.19150326797385622 0.011764705882352941 0.040522875816993466
0 0.9154411764705882 0.19673202614379084 0.010294117647058823 0.032679738562091505
0 0.9389705882352941 0.08888888888888889 0.010294117647058823 0.02875816993464052
0 0.7981617647058824 0.06993464052287582 0.005147058823529412 0.0196078431372549
0 0.9323529411764706 0.08562091503267974 0.008823529411764706 0.03790849673202614
0 0.9216911764705882 0.07712418300653595 0.0125 0.036601307189542485
0 0.9216911764705882 0.07516339869281045 0.009558823529411765 0.03790849673202614
0 0.9889705882352942 0.08562091503267974 0.011764705882352941 0.043137254901960784
0 0.7242647058823529 0.9673202614379085 0.030882352941176472 0.06535947712418301
0 0.9882352941176471 0.9686274509803922 0.023529411764705882 0.06274509803921569
0 0.9613970588235294 0.9830065359477124 0.03308823529411765 0.03398692810457516
0 0.6963235294117647 0.9882352941176471 0.025 0.023529411764705882
0 0.8011029411764706 0.05947712418300653 0.0125 0.01699346405228758
1 0.6132352941176471 0.6294117647058823 0.026470588235294117 0.07450980392156863
9 0.6143382352941177 0.6379084967320261 0.03455882352941177 0.07581699346405228
1 0.9404411764705882 0.2529411764705882 0.016176470588235296 0.030065359477124184