3 0.7903571428571429 0.942258883248731 0.05357142857142857 0.11294416243654823
5 0.7182142857142857 0.6072335025380711 0.06357142857142857 0.13324873096446702
3 0.5610714285714286 0.43781725888324874 0.019285714285714285 0.025380710659898477
4 0.4853571428571429 0.4289340101522843 0.019285714285714285 0.03553299492385787
3 0.6021428571428571 0.4397208121827411 0.02142857142857143 0.031725888324873094
3 0.6239285714285714 0.4365482233502538 0.02214285714285714 0.03299492385786802
3 0.565 0.36421319796954316 0.017142857142857144 0.030456852791878174
3 0.5989285714285715 0.38388324873096447 0.019285714285714285 0.0266497461928934
3 0.6207142857142857 0.3769035532994924 0.018571428571428572 0.027918781725888325
3 0.5960714285714286 0.3153553299492386 0.016428571428571428 0.021573604060913704
3 0.5603571428571429 0.2918781725888325 0.015 0.02030456852791878
3 0.5357142857142857 0.3134517766497462 0.015714285714285715 0.02030456852791878
3 0.5 0.26776649746192893 0.014285714285714285 0.017766497461928935
3 0.4739285714285714 0.2233502538071066 0.013571428571428571 0.02030456852791878
5 0.49642857142857144 0.20812182741116753 0.017142857142857144 0.030456852791878174
3 0.44035714285714284 0.2100253807106599 0.012142857142857143 0.013959390862944163
3 0.4471428571428571 0.2036802030456853 0.011428571428571429 0.01649746192893401
3 0.4225 0.1947969543147208 0.012142857142857143 0.01649746192893401
3 0.4164285714285714 0.17956852791878172 0.012857142857142857 0.01649746192893401
3 0.38392857142857145 0.13261421319796954 0.010714285714285714 0.011421319796954314