3 0.5146428571428572 0.22842639593908629 0.012142857142857143 0.03553299492385787
3 0.5585714285714286 0.31408629441624364 0.024285714285714285 0.03426395939086294
3 0.4225 0.21065989847715735 0.013571428571428571 0.03299492385786802
8 0.5253571428571429 0.2950507614213198 0.019285714285714285 0.05710659898477157
4 0.5664285714285714 0.6725888324873096 0.025714285714285714 0.07614213197969544
5 0.48214285714285715 0.028553299492385786 0.012857142857142857 0.04187817258883249
4 0.5075 0.17195431472081218 0.013571428571428571 0.031725888324873094
0 0.34964285714285714 0.5907360406091371 0.0064285714285714285 0.024111675126903553
0 0.34214285714285714 0.5653553299492385 0.007142857142857143 0.02918781725888325
0 0.33535714285714285 0.5634517766497462 0.0064285714285714285 0.030456852791878174
0 0.3532142857142857 0.5818527918781726 0.0064285714285714285 0.02918781725888325
0 0.6728571428571428 0.8420050761421319 0.007142857142857143 0.0266497461928934
0 0.655 0.8286802030456852 0.005714285714285714 0.03299492385786802
0 0.6603571428571429 0.8331218274111675 0.007857142857142858 0.021573604060913704
0 0.5964285714285714 0.40926395939086296 0.007142857142857143 0.021573604060913704
0 0.6064285714285714 0.36928934010152287 0.005714285714285714 0.017766497461928935
0 0.6053571428571428 0.38515228426395937 0.0064285714285714285 0.01903553299492386
0 0.6085714285714285 0.3876903553299492 0.005714285714285714 0.01649746192893401
0 0.6146428571428572 0.37055837563451777 0.005 0.025380710659898477
0 0.6185714285714285 0.37055837563451777 0.005714285714285714 0.02030456852791878
0 0.6246428571428572 0.16053299492385786 0.005 0.01903553299492386
0 0.6285714285714286 0.20050761421319796 0.004285714285714286 0.017766497461928935
3 0.6046428571428571 0.09454314720812183 0.025 0.021573604060913704
3 0.6067857142857143 0.0901015228426396 0.02214285714285714 0.017766497461928935
0 0.6207142857142857 0.12880710659898478 0.005714285714285714 0.01903553299492386
0 0.6410714285714286 0.19035532994923857 0.0035714285714285713 0.017766497461928935
0 0.6146428571428572 0.11040609137055837 0.0035714285714285713 0.017766497461928935