3 0.5158088235294118 0.6169934640522876 0.015441176470588236 0.03137254901960784
3 0.4860294117647059 0.5437908496732026 0.011764705882352941 0.026143790849673203
3 0.4591911764705882 0.5274509803921569 0.0125 0.022222222222222223
3 0.21654411764705883 0.6549019607843137 0.04191176470588235 0.03137254901960784
3 0.2275735294117647 0.6751633986928105 0.04338235294117647 0.027450980392156862
3 0.02426470588235294 0.7836601307189542 0.04852941176470588 0.03790849673202614
3 0.7731617647058824 0.930718954248366 0.04485294117647059 0.06535947712418301
3 0.40625 0.5666666666666667 0.013970588235294118 0.0196078431372549
3 0.38419117647058826 0.6241830065359477 0.015441176470588236 0.0196078431372549
3 0.3816176470588235 0.6496732026143791 0.016176470588235296 0.023529411764705882
8 0.36176470588235293 0.742483660130719 0.023529411764705882 0.05228758169934641
3 0.37463235294117647 0.7176470588235294 0.022794117647058822 0.02875816993464052
5 0.046691176470588236 0.757516339869281 0.06985294117647059 0.040522875816993466
4 0.02536764705882353 0.7287581699346405 0.04926470588235294 0.040522875816993466
4 0.12867647058823528 0.9751633986928104 0.0661764705882353 0.04967320261437908
3 0.7378676470588236 0.8562091503267973 0.03602941176470588 0.054901960784313725
3 0.7069852941176471 0.7895424836601307 0.030147058823529412 0.04967320261437908
3 0.6922794117647059 0.7588235294117647 0.028676470588235293 0.048366013071895426
3 0.6661764705882353 0.7065359477124183 0.023529411764705882 0.03790849673202614
3 0.6349264705882353 0.6470588235294118 0.01838235294117647 0.02875816993464052
3 0.638235294117647 0.6189542483660131 0.016176470588235296 0.02483660130718954
3 0.6680147058823529 0.9640522875816994 0.04191176470588235 0.0718954248366013
3 0.6419117647058824 0.8888888888888888 0.033823529411764704 0.07581699346405228
3 0.6308823529411764 0.8287581699346406 0.03529411764705882 0.054901960784313725
3 0.6147058823529412 0.7888888888888889 0.026470588235294117 0.040522875816993466
3 0.5981617647058823 0.7418300653594772 0.022794117647058822 0.050980392156862744
3 0.5908088235294118 0.7143790849673203 0.01838235294117647 0.03529411764705882
3 0.5863970588235294 0.6843137254901961 0.021323529411764706 0.048366013071895426
3 0.5448529411764705 0.5418300653594771 0.010294117647058823 0.01437908496732026
3 0.5533088235294118 0.5620915032679739 0.0125 0.023529411764705882
3 0.5580882352941177 0.5797385620915033 0.013235294117647059 0.02483660130718954
3 0.5606617647058824 0.6013071895424836 0.0125 0.018300653594771243
3 0.5709558823529411 0.6339869281045751 0.01838235294117647 0.036601307189542485
3 0.34044117647058825 0.5830065359477125 0.013235294117647059 0.018300653594771243
3 0.34411764705882353 0.773202614379085 0.016176470588235296 0.03790849673202614
0 0.7338235294117647 0.9228758169934641 0.007352941176470588 0.047058823529411764
0 0.7470588235294118 0.9529411764705882 0.007352941176470588 0.03398692810457516
3 0.48566176470588235 0.4777777777777778 0.008088235294117648 0.01699346405228758
3 0.47205882352941175 0.47581699346405226 0.011764705882352941 0.01568627450980392
3 0.6102941176470589 0.5895424836601307 0.01764705882352941 0.023529411764705882
3 0.45845588235294116 0.5169934640522876 0.011029411764705883 0.0196078431372549
3 0.4974264705882353 0.42483660130718953 0.009558823529411765 0.013071895424836602
3 0.47904411764705884 0.42026143790849674 0.006617647058823529 0.009150326797385621
3 0.4716911764705882 0.434640522875817 0.008088235294117648 0.009150326797385621
3 0.47941176470588237 0.465359477124183 0.007352941176470588 0.013071895424836602
3 0.4863970588235294 0.503921568627451 0.009558823529411765 0.01699346405228758
3 0.32683823529411765 0.8777777777777778 0.03308823529411765 0.07712418300653595
3 0.3180147058823529 0.9516339869281045 0.04779411764705882 0.06797385620915032
3 0.3977941176470588 0.5993464052287582 0.01764705882352941 0.027450980392156862
3 0.4264705882352941 0.5052287581699346 0.008823529411764706 0.0196078431372549
3 0.42169117647058824 0.5248366013071896 0.015441176470588236 0.01437908496732026
3 0.4073529411764706 0.5483660130718955 0.011764705882352941 0.01699346405228758
3 0.4143382352941177 0.48366013071895425 0.025735294117647058 0.01568627450980392
3 0.4125 0.4725490196078431 0.022058823529411766 0.011764705882352941
0 0.5007352941176471 0.6888888888888889 0.004411764705882353 0.023529411764705882
0 0.5022058823529412 0.6823529411764706 0.007352941176470588 0.02875816993464052
0 0.4577205882352941 0.6143790849673203 0.005147058823529412 0.023529411764705882
0 0.4540441176470588 0.6372549019607843 0.005147058823529412 0.022222222222222223
1 0.4713235294117647 0.5699346405228758 0.004411764705882353 0.01045751633986928
6 0.47095588235294117 0.5718954248366013 0.009558823529411765 0.01437908496732026
1 0.46286764705882355 0.5535947712418301 0.005147058823529412 0.011764705882352941
9 0.4621323529411765 0.5588235294117647 0.006617647058823529 0.011764705882352941
3 0.5588235294117647 0.465359477124183 0.014705882352941176 0.018300653594771243
3 0.5900735294117647 0.45098039215686275 0.013970588235294118 0.01568627450980392
3 0.5705882352941176 0.44052287581699345 0.016176470588235296 0.013071895424836602
3 0.5764705882352941 0.5111111111111111 0.011764705882352941 0.013071895424836602
3 0.475 0.39869281045751637 0.007352941176470588 0.01045751633986928
3 0.49779411764705883 0.39281045751633986 0.004411764705882353 0.009150326797385621
3 0.5029411764705882 0.4019607843137255 0.007352941176470588 0.006535947712418301
8 0.5147058823529411 0.3934640522875817 0.007352941176470588 0.013071895424836602
3 0.5191176470588236 0.40522875816993464 0.008823529411764706 0.00522875816993464
3 0.5536764705882353 0.43529411764705883 0.014705882352941176 0.01045751633986928
3 0.5606617647058824 0.4372549019607843 0.015441176470588236 0.011764705882352941
8 0.6099264705882353 0.4411764705882353 0.02426470588235294 0.0196078431372549
3 0.4514705882352941 0.403921568627451 0.010294117647058823 0.01045751633986928
1 0.5319852941176471 0.5379084967320261 0.005147058823529412 0.01437908496732026
9 0.5323529411764706 0.5431372549019607 0.007352941176470588 0.01699346405228758
1 0.5033088235294118 0.4594771241830065 0.003676470588235294 0.011764705882352941
9 0.5044117647058823 0.46405228758169936 0.008823529411764706 0.00784313725490196
1 0.4650735294117647 0.4666666666666667 0.003676470588235294 0.013071895424836602
9 0.4650735294117647 0.47124183006535947 0.006617647058823529 0.011764705882352941
3 0.29558823529411765 0.681045751633987 0.023529411764705882 0.0392156862745098