3 0.2025 0.004666666666666667 0.009 0.008
3 0.18975 0.014666666666666666 0.0105 0.010666666666666666
3 0.18425 0.021666666666666667 0.0085 0.01
3 0.1775 0.030666666666666665 0.012 0.009333333333333334
0 0.17075 0.032 0.0025 0.008
3 0.168 0.03966666666666667 0.013 0.01
3 0.1375 0.053 0.015 0.007333333333333333
3 0.129 0.07466666666666667 0.012 0.012
2 0.14475 0.07766666666666666 0.0035 0.006
1 0.144 0.075 0.003 0.008666666666666666
3 0.12475 0.11466666666666667 0.0125 0.013333333333333334
3 0.046 0.15033333333333335 0.019 0.018
9 0.06825 0.12833333333333333 0.0035 0.008666666666666666
0 0.239 0.238 0.006 0.014666666666666666
0 0.23575 0.24066666666666667 0.0055 0.013333333333333334
1 0.2345 0.233 0.004 0.011333333333333334
0 0.126 0.24866666666666667 0.004 0.013333333333333334
4 0.1545 0.225 0.016 0.020666666666666667
3 0.1275 0.23366666666666666 0.023 0.019333333333333334
4 0.10925 0.326 0.0185 0.028
0 0.01375 0.181 0.0055 0.012666666666666666
0 0.011 0.18133333333333335 0.006 0.013333333333333334
3 0.0195 0.20766666666666667 0.019 0.019333333333333334
3 0.01025 0.24333333333333335 0.0205 0.02266666666666667
0 0.30925 0.6773333333333333 0.0095 0.02
0 0.415 0.5856666666666667 0.006 0.020666666666666667
3 0.234 0.51 0.055 0.029333333333333333
3 0.30925 0.468 0.0455 0.028
3 0.30525 0.506 0.0505 0.02666666666666667
3 0.36275 0.5026666666666667 0.0485 0.030666666666666665
3 0.4255 0.49666666666666665 0.049 0.028
3 0.48925 0.446 0.0435 0.025333333333333333
5 0.5965 0.385 0.054 0.038
5 0.589 0.34833333333333333 0.036 0.034
3 0.5415 0.5963333333333334 0.025 0.05
3 0.71175 0.6136666666666667 0.0355 0.056666666666666664
3 0.6025 0.459 0.042 0.024666666666666667
1 0.64925 0.374 0.0045 0.009333333333333334
1 0.6495 0.364 0.005 0.012
1 0.659 0.366 0.009 0.014666666666666666
0 0.6635 0.37333333333333335 0.004 0.016
0 0.67275 0.371 0.0055 0.016666666666666666
3 0.6905 0.38366666666666666 0.04 0.026
3 0.88525 0.367 0.0405 0.023333333333333334
1 0.8565 0.3333333333333333 0.006 0.014666666666666666
3 0.9415 0.447 0.041 0.020666666666666667
3 0.9565 0.6956666666666667 0.057 0.07266666666666667
3 0.89375 0.6966666666666667 0.0545 0.068
3 0.96975 0.9046666666666666 0.0605 0.10533333333333333
0 0.77825 0.929 0.0145 0.023333333333333334
0 0.78725 0.9546666666666667 0.0185 0.021333333333333333
5 0.95525 0.23666666666666666 0.0255 0.030666666666666665