3 0.245 0.9092639593908629 0.045714285714285714 0.10025380710659898
3 0.33214285714285713 0.675761421319797 0.03142857142857143 0.05964467005076142
3 0.4110714285714286 0.6998730964467005 0.02642857142857143 0.05964467005076142
3 0.49142857142857144 0.399746192893401 0.02142857142857143 0.04568527918781726
3 0.4203571428571429 0.4073604060913706 0.016428571428571428 0.027918781725888325
0 0.22892857142857143 0.5133248730964467 0.0064285714285714285 0.024111675126903553
3 0.5621428571428572 0.2430203045685279 0.012857142857142857 0.024111675126903553
3 0.5521428571428572 0.19225888324873097 0.012857142857142857 0.024111675126903553
3 0.6007142857142858 0.16560913705583757 0.011428571428571429 0.01903553299492386
3 0.5721428571428572 0.157994923857868 0.008571428571428572 0.01903553299492386
3 0.5967857142857143 0.14911167512690354 0.010714285714285714 0.01649746192893401
3 0.6017857142857143 0.12119289340101523 0.012142857142857143 0.011421319796954314
3 0.61 0.1313451776649746 0.011428571428571429 0.01649746192893401
3 0.6292857142857143 0.12753807106598986 0.011428571428571429 0.01903553299492386
3 0.6453571428571429 0.2766497461928934 0.019285714285714285 0.02030456852791878
3 0.6460714285714285 0.10596446700507614 0.009285714285714286 0.01649746192893401
3 0.6671428571428571 0.0850253807106599 0.008571428571428572 0.012690355329949238
3 0.5203571428571429 0.20050761421319796 0.015 0.025380710659898477
3 0.8735714285714286 0.0266497461928934 0.007142857142857143 0.01015228426395939
3 0.8835714285714286 0.02284263959390863 0.007142857142857143 0.01015228426395939
3 0.8496428571428571 0.02982233502538071 0.009285714285714286 0.013959390862944163
3 0.7042857142857143 0.061548223350253804 0.008571428571428572 0.011421319796954314
3 0.7635714285714286 0.048223350253807105 0.008571428571428572 0.015228426395939087
3 0.7457142857142857 0.04885786802030457 0.008571428571428572 0.011421319796954314
3 0.7307142857142858 0.05901015228426396 0.008571428571428572 0.011421319796954314
3 0.7417857142857143 0.06218274111675127 0.010714285714285714 0.015228426395939087
3 0.6771428571428572 0.06979695431472081 0.011428571428571429 0.012690355329949238
8 0.4657142857142857 0.7423857868020305 0.054285714285714284 0.27411167512690354
4 0.5917857142857142 0.6897208121827412 0.03642857142857143 0.09263959390862944
4 0.5007142857142857 0.5723350253807107 0.027142857142857142 0.06091370558375635
4 0.49 0.31852791878172587 0.018571428571428572 0.03299492385786802
4 0.5207142857142857 0.16560913705583757 0.012857142857142857 0.01903553299492386
4 0.5478571428571428 0.15228426395939088 0.011428571428571429 0.02030456852791878
4 0.6089285714285714 0.0983502538071066 0.012142857142857143 0.01649746192893401
5 0.5646428571428571 0.3546954314720812 0.027857142857142858 0.07741116751269035
8 0.6189285714285714 0.4663705583756345 0.04928571428571429 0.1281725888324873
5 0.4585714285714286 0.38578680203045684 0.025714285714285714 0.06091370558375635
5 0.6832142857142857 0.25 0.02642857142857143 0.03299492385786802
5 0.6982142857142857 0.07423857868020305 0.016428571428571428 0.021573604060913704
5 0.78 0.046954314720812185 0.017142857142857144 0.02030456852791878
8 0.8217857142857142 0.03426395939086294 0.017857142857142856 0.02284263959390863