9 0.375 0.8028756957328386 0.02139874739039666 0.021335807050092765
6 0.4373695198329854 0.8687384044526901 0.012526096033402923 0.04359925788497217
1 0.47964509394572025 0.8678107606679035 0.007306889352818371 0.0287569573283859
9 0.47990605427974947 0.87847866419295 0.006784968684759917 0.03710575139146568
3 0.3674321503131524 0.8998144712430427 0.032359081419624215 0.04638218923933209
9 0.3703027139874739 0.8487940630797773 0.024530271398747392 0.03339517625231911
0 0.38961377870563674 0.7026901669758813 0.006784968684759917 0.02504638218923933
0 0.38648225469728603 0.6897031539888683 0.005741127348643006 0.032467532467532464
3 0.4819937369519833 0.5208719851576994 0.019311064718162838 0.036178107606679034
4 0.5088726513569938 0.5589053803339518 0.014613778705636743 0.04359925788497217
5 0.43502087682672236 0.5041743970315399 0.0360125260960334 0.026901669758812616
0 0.456419624217119 0.37244897959183676 0.0036534446764091857 0.013914656771799629
3 0.45563674321503134 0.39981447124304265 0.027139874739039668 0.016697588126159554
1 0.49660751565762007 0.4090909090909091 0.0036534446764091857 0.014842300556586271
9 0.4968684759916493 0.4141929499072356 0.003131524008350731 0.015769944341372914
3 0.5177453027139874 0.3585343228200371 0.010438413361169102 0.01948051948051948
4 0.535490605427975 0.3965677179962894 0.013569937369519834 0.036178107606679034
4 0.555062630480167 0.42161410018552875 0.02348643006263048 0.023191094619666047
3 0.5762004175365344 0.5264378478664193 0.032359081419624215 0.026901669758812616
9 0.5754175365344467 0.4675324675324675 0.010960334029227558 0.014842300556586271
9 0.5733298538622129 0.44712430426716143 0.014091858037578288 0.01855287569573284
3 0.5506263048016702 0.6363636363636364 0.019832985386221295 0.05194805194805195
3 0.569937369519833 0.7852504638218923 0.020876826722338204 0.05844155844155844
1 0.5401878914405011 0.8089053803339518 0.008350730688935281 0.022263450834879406
9 0.5404488517745303 0.814935064935065 0.005741127348643006 0.032467532467532464
9 0.5879436325678496 0.9777365491651205 0.013048016701461378 0.04267161410018553
0 0.5902922755741128 0.962430426716141 0.008350730688935281 0.032467532467532464
9 0.6012526096033403 0.7300556586270872 0.018789144050104383 0.02040816326530612
9 0.6103862212943633 0.7462894248608535 0.02244258872651357 0.026901669758812616
7 0.5015657620041754 0.27736549165120594 0.0041753653444676405 0.014842300556586271
7 0.5013048016701461 0.22263450834879406 0.0026096033402922755 0.012987012987012988
4 0.5146137787056367 0.20037105751391465 0.003131524008350731 0.00927643784786642
4 0.4342379958246347 0.5431354359925789 0.03966597077244259 0.032467532467532464
3 0.05454070981210856 0.5728200371057514 0.03288100208768267 0.04730983302411874
7 0.5474947807933194 0.3942486085343228 0.011482254697286013 0.022263450834879406
4 0.47677453027139877 0.21753246753246752 0.012004175365344467 0.013914656771799629
4 0.5274008350730689 0.22820037105751392 0.007828810020876827 0.016697588126159554
7 0.4921711899791232 0.2541743970315399 0.006263048016701462 0.012987012987012988
3 0.494258872651357 0.2481447124304267 0.007306889352818371 0.013914656771799629
3 0.49269311064718163 0.23979591836734693 0.008350730688935281 0.015769944341372914
6 0.519572025052192 0.24628942486085342 0.0036534446764091857 0.01020408163265306
1 0.519572025052192 0.24304267161410018 0.0036534446764091857 0.00927643784786642