3 0.16142857142857142 0.4866751269035533 0.04 0.03426395939086294
5 0.15178571428571427 0.43591370558375636 0.05785714285714286 0.04949238578680203
5 0.2975 0.4581218274111675 0.05785714285714286 0.0583756345177665
3 0.3442857142857143 0.5323604060913706 0.037142857142857144 0.03426395939086294
3 0.1682142857142857 0.6376903553299492 0.04357142857142857 0.02918781725888325
3 0.3475 0.6624365482233503 0.04071428571428572 0.04060913705583756
8 0.3242857142857143 0.7360406091370558 0.06571428571428571 0.09644670050761421
4 0.38107142857142856 0.8559644670050761 0.03357142857142857 0.06979695431472081
4 0.4610714285714286 0.6338832487309645 0.030714285714285715 0.06725888324873096
4 0.52 0.8343908629441624 0.03428571428571429 0.09771573604060914
5 0.605 0.5881979695431472 0.037142857142857144 0.10786802030456853
5 0.6871428571428572 0.7766497461928934 0.07857142857142857 0.06852791878172589
3 0.6264285714285714 0.881979695431472 0.045714285714285714 0.050761421319796954
3 0.9482142857142857 0.39149746192893403 0.020714285714285713 0.046954314720812185
3 0.9425 0.3115482233502538 0.016428571428571428 0.03426395939086294
3 0.9371428571428572 0.27347715736040606 0.02 0.03426395939086294
8 0.9342857142857143 0.05520304568527919 0.03571428571428571 0.06472081218274112
3 0.7925 0.041243654822335024 0.019285714285714285 0.03934010152284264
8 0.47785714285714287 0.12055837563451777 0.041428571428571426 0.04568527918781726
5 0.5292857142857142 0.09263959390862944 0.05714285714285714 0.0583756345177665
3 0.78 0.014593908629441625 0.02 0.0266497461928934
0 0.42607142857142855 0.06979695431472081 0.0064285714285714285 0.02284263959390863
0 0.675 0.575507614213198 0.007142857142857143 0.024111675126903553
0 0.7089285714285715 0.5786802030456852 0.007857142857142858 0.017766497461928935
3 0.715 0.46383248730964466 0.012857142857142857 0.044416243654822336
3 0.7182142857142857 0.41878172588832485 0.013571428571428571 0.048223350253807105
5 0.6978571428571428 0.48223350253807107 0.015714285714285715 0.06852791878172589
5 0.6760714285714285 0.47081218274111675 0.020714285714285713 0.07106598984771574
5 0.7007142857142857 0.43210659898477155 0.012857142857142857 0.046954314720812185
5 0.7046428571428571 0.39086294416243655 0.015 0.048223350253807105
5 0.7210714285714286 0.36421319796954316 0.013571428571428571 0.04060913705583756
3 0.7253571428571428 0.30583756345177665 0.030714285714285715 0.030456852791878174
8 0.7667857142857143 0.27220812182741116 0.04642857142857143 0.03934010152284264
3 0.7689285714285714 0.22842639593908629 0.025 0.02030456852791878
3 0.77 0.21129441624365483 0.02857142857142857 0.02918781725888325
3 0.7725 0.20050761421319796 0.03214285714285714 0.027918781725888325
3 0.7735714285714286 0.18781725888324874 0.025714285714285714 0.027918781725888325
3 0.7746428571428572 0.17576142131979697 0.025 0.02918781725888325
5 0.4932142857142857 0.38071065989847713 0.04928571428571429 0.050761421319796954
0 0.7310714285714286 0.5951776649746193 0.0035714285714285713 0.015228426395939087
0 0.7307142857142858 0.5926395939086294 0.005714285714285714 0.02030456852791878