3 0.20392857142857143 0.1598984771573604 0.029285714285714286 0.030456852791878174
3 0.15428571428571428 0.3083756345177665 0.018571428571428572 0.048223350253807105
3 0.2810714285714286 0.12119289340101523 0.027857142857142858 0.031725888324873094
3 0.23392857142857143 0.14022842639593908 0.02642857142857143 0.03934010152284264
3 0.3339285714285714 0.21637055837563451 0.023571428571428573 0.03426395939086294
3 0.023214285714285715 0.309010152284264 0.020714285714285713 0.05710659898477157
3 0.05107142857142857 0.7614213197969543 0.02214285714285714 0.06345177664974619
3 0.1225 0.5729695431472082 0.020714285714285713 0.05964467005076142
3 0.09857142857142857 0.9371827411167513 0.02142857142857143 0.07487309644670051
5 0.025357142857142856 0.5685279187817259 0.03642857142857143 0.08375634517766498
5 0.8935714285714286 0.5888324873096447 0.08285714285714285 0.08629441624365482
3 0.7132142857142857 0.46890862944162437 0.035 0.04187817258883249
3 0.845 0.375 0.02857142857142857 0.0266497461928934
3 0.40964285714285714 0.3236040609137056 0.02642857142857143 0.04060913705583756
4 0.30714285714285716 0.16307106598984772 0.02857142857142857 0.04187817258883249
0 0.5332142857142858 0.2296954314720812 0.0035714285714285713 0.012690355329949238
0 0.5364285714285715 0.2265228426395939 0.005714285714285714 0.01649746192893401
4 0.05821428571428571 0.35279187817258884 0.02214285714285714 0.048223350253807105
3 0.05 0.31281725888324874 0.02857142857142857 0.05203045685279188
3 0.065 0.40926395939086296 0.025714285714285714 0.046954314720812185
0 0.485 0.5729695431472082 0.005714285714285714 0.01903553299492386
0 0.35 0.39213197969543145 0.005714285714285714 0.012690355329949238
3 0.23964285714285713 0.6453045685279187 0.03642857142857143 0.03426395939086294
3 0.2317857142857143 0.6091370558375635 0.03357142857142857 0.027918781725888325
0 0.2764285714285714 0.6440355329949239 0.007142857142857143 0.013959390862944163
3 0.7239285714285715 0.5926395939086294 0.030714285714285715 0.04314720812182741
3 0.11321428571428571 0.0932741116751269 0.027857142857142858 0.031725888324873094