3 0.1779749478079332 0.2727272727272727 0.020876826722338204 0.014842300556586271
3 0.2056367432150313 0.25556586270871984 0.015657620041753653 0.01948051948051948
3 0.30193110647181626 0.6660482374768089 0.0255741127348643 0.05380333951762523
3 0.32907098121085593 0.5825602968460112 0.02035490605427975 0.04081632653061224
3 0.357776617954071 0.5037105751391465 0.01826722338204593 0.03339517625231911
4 0.5099164926931107 0.9452690166975881 0.027139874739039668 0.10760667903525047
9 0.5568893528183716 0.9819109461966605 0.009394572025052192 0.03432282003710575
3 0.5994258872651357 0.9601113172541744 0.031837160751565764 0.07792207792207792
3 0.6724947807933194 0.9605751391465677 0.03392484342379958 0.07699443413729128
3 0.7066805845511482 0.9596474953617811 0.03444676409185804 0.07884972170686456
6 0.6163883089770354 0.8399814471243042 0.024008350730688934 0.04359925788497217
9 0.5451461377870563 0.8580705009276438 0.010960334029227558 0.03896103896103896
3 0.5292275574112735 0.7397959183673469 0.04592901878914405 0.045454545454545456
3 0.5331419624217119 0.7031539888682746 0.03914405010438413 0.04452690166975881
3 0.5292275574112735 0.6753246753246753 0.03966597077244259 0.03525046382189239
3 0.7612212943632568 0.4744897959183674 0.031837160751565764 0.02504638218923933
3 0.7713987473903967 0.5936920222634509 0.03653444676409186 0.027829313543599257
3 0.7873173277661796 0.6289424860853432 0.044363256784968684 0.03153988868274583
3 0.81758872651357 0.7179962894248608 0.049582463465553235 0.03710575139146568
3 0.8042797494780793 0.6841372912801484 0.04384133611691023 0.036178107606679034
4 0.869258872651357 0.849721706864564 0.05375782881002088 0.05009276437847866
4 0.8943110647181628 0.9559369202226345 0.06732776617954071 0.05658627087198516
3 0.7899269311064718 0.9703153988868275 0.03914405010438413 0.0575139146567718