4 0.40083507306889354 0.6915584415584416 0.061586638830897704 0.16233766233766234
1 0.40501043841336115 0.7068645640074211 0.007306889352818371 0.03896103896103896
4 0.3817849686847599 0.5579777365491652 0.042275574112734866 0.09369202226345083
3 0.4746868475991649 0.34786641929499074 0.0255741127348643 0.04081632653061224
3 0.5347077244258872 0.24257884972170687 0.016179540709812108 0.03432282003710575
3 0.5407098121085595 0.17532467532467533 0.011482254697286013 0.02040816326530612
5 0.5822025052192067 0.09601113172541743 0.013048016701461378 0.032467532467532464
9 0.49373695198329853 0.21985157699443414 0.0041753653444676405 0.012987012987012988
4 0.6129958246346555 0.039888682745825604 0.004697286012526096 0.014842300556586271
1 0.49373695198329853 0.21382189239332097 0.0041753653444676405 0.015769944341372914
6 0.5297494780793319 0.1456400742115028 0.0041753653444676405 0.012987012987012988