3 0.39595588235294116 0.9228758169934641 0.06544117647058824 0.1542483660130719
3 0.26066176470588237 0.865359477124183 0.11838235294117647 0.09673202614379085
4 0.06544117647058824 0.9490196078431372 0.11470588235294117 0.10196078431372549
3 0.07426470588235294 0.8960784313725491 0.08235294117647059 0.11633986928104575
3 0.03051470588235294 0.8098039215686275 0.06102941176470588 0.09803921568627451
9 0.03051470588235294 0.8431372549019608 0.04044117647058824 0.047058823529411764
9 0.016176470588235296 0.8856209150326797 0.03235294117647059 0.05620915032679739
3 0.2838235294117647 0.7797385620915033 0.09411764705882353 0.08758169934640522
3 0.02426470588235294 0.5790849673202615 0.04852941176470588 0.08366013071895424
3 0.03419117647058824 0.4993464052287582 0.06691176470588235 0.05228758169934641
3 0.07647058823529412 0.5588235294117647 0.047058823529411764 0.07973856209150326
3 0.2977941176470588 0.6705882352941176 0.08823529411764706 0.11764705882352941
3 0.33897058823529413 0.5797385620915033 0.03529411764705882 0.09542483660130718
3 0.33897058823529413 0.7300653594771241 0.04264705882352941 0.10588235294117647
3 0.18786764705882353 0.4496732026143791 0.06544117647058824 0.05228758169934641
6 0.075 0.3758169934640523 0.03235294117647059 0.0457516339869281
0 0.13198529411764706 0.34444444444444444 0.009558823529411765 0.03529411764705882
1 0.1400735294117647 0.3954248366013072 0.008088235294117648 0.0196078431372549
3 0.27683823529411766 0.4222222222222222 0.06544117647058824 0.047058823529411764
2 0.2988970588235294 0.3915032679738562 0.009558823529411765 0.03529411764705882
9 0.30183823529411763 0.3633986928104575 0.008088235294117648 0.03137254901960784
4 0.3338235294117647 0.3895424836601307 0.029411764705882353 0.06274509803921569
9 0.36323529411764705 0.3836601307189543 0.01764705882352941 0.03790849673202614
3 0.3886029411764706 0.4130718954248366 0.028676470588235293 0.054901960784313725
3 0.4143382352941177 0.3934640522875817 0.025735294117647058 0.05228758169934641
2 0.3816176470588235 0.37450980392156863 0.016176470588235296 0.02483660130718954
9 0.4415441176470588 0.36209150326797385 0.022794117647058822 0.026143790849673203
1 0.47904411764705884 0.36405228758169933 0.009558823529411765 0.022222222222222223
1 0.49779411764705883 0.33137254901960783 0.0058823529411764705 0.02483660130718954
3 0.47573529411764703 0.46339869281045754 0.06323529411764706 0.050980392156862744
0 0.36764705882352944 0.5601307189542484 0.013235294117647059 0.0457516339869281
2 0.3654411764705882 0.5738562091503268 0.010294117647058823 0.036601307189542485
1 0.38419117647058826 0.5431372549019607 0.011029411764705883 0.032679738562091505
9 0.3845588235294118 0.5496732026143791 0.011764705882352941 0.027450980392156862
9 0.3897058823529412 0.5176470588235295 0.020588235294117647 0.03398692810457516
1 0.39080882352941176 0.5104575163398692 0.011029411764705883 0.03529411764705882
0 0.5305147058823529 0.028104575163398694 0.005147058823529412 0.0196078431372549
4 0.5386029411764706 0.42287581699346405 0.06691176470588235 0.058823529411764705
3 0.6125 0.426797385620915 0.058823529411764705 0.0457516339869281
9 0.5448529411764705 0.373202614379085 0.020588235294117647 0.027450980392156862
9 0.5279411764705882 0.3888888888888889 0.01764705882352941 0.022222222222222223
2 0.5856617647058824 0.36993464052287583 0.022794117647058822 0.023529411764705882
9 0.6161764705882353 0.37973856209150325 0.0058823529411764705 0.030065359477124184
9 0.6408088235294118 0.3836601307189543 0.006617647058823529 0.027450980392156862
2 0.6404411764705882 0.3718954248366013 0.020588235294117647 0.022222222222222223
3 0.5422794117647058 0.5745098039215686 0.04191176470588235 0.0718954248366013
3 0.6867647058823529 0.4326797385620915 0.061764705882352944 0.044444444444444446
0 0.7180147058823529 0.38300653594771245 0.005147058823529412 0.036601307189542485
1 0.725 0.37712418300653594 0.011764705882352941 0.027450980392156862
1 0.7400735294117647 0.37712418300653594 0.006617647058823529 0.0196078431372549
9 0.7753676470588236 0.4111111111111111 0.008088235294117648 0.032679738562091505
2 0.8110294117647059 0.3836601307189543 0.020588235294117647 0.022222222222222223
9 0.8632352941176471 0.39869281045751637 0.007352941176470588 0.03137254901960784
9 0.8705882352941177 0.39215686274509803 0.007352941176470588 0.03137254901960784
0 0.8455882352941176 0.4065359477124183 0.007352941176470588 0.03137254901960784
6 0.9036764705882353 0.434640522875817 0.04852941176470588 0.040522875816993466
9 0.9569852941176471 0.43856209150326797 0.02426470588235294 0.02483660130718954
9 0.9360294117647059 0.41830065359477125 0.007352941176470588 0.03137254901960784
6 0.6466911764705883 0.5450980392156862 0.05073529411764706 0.036601307189542485
3 0.6261029411764706 0.6006535947712418 0.04044117647058824 0.08758169934640522
3 0.6272058823529412 0.692156862745098 0.041176470588235294 0.09281045751633987
3 0.5213235294117647 0.7215686274509804 0.041176470588235294 0.10718954248366012
0 0.5599264705882353 0.7594771241830065 0.011029411764705883 0.04967320261437908
3 0.5985294117647059 0.8196078431372549 0.04264705882352941 0.11503267973856209
3 0.6720588235294118 0.769281045751634 0.08823529411764706 0.07712418300653595
3 0.6533088235294118 0.8967320261437909 0.04632352941176471 0.13856209150326798
4 0.6602941176470588 0.984313725490196 0.047058823529411764 0.03137254901960784
3 0.8529411764705882 0.5980392156862745 0.05 0.09019607843137255
4 0.7033088235294118 0.6137254901960785 0.05661764705882353 0.1084967320261438
3 0.7452205882352941 0.5895424836601307 0.05808823529411765 0.09934640522875816
3 0.7889705882352941 0.5947712418300654 0.058823529411764705 0.08888888888888889
0 0.7503676470588235 0.5320261437908497 0.009558823529411765 0.04183006535947712
4 0.9316176470588236 0.5627450980392157 0.075 0.09542483660130718
1 0.010294117647058823 0.365359477124183 0.011764705882352941 0.032679738562091505
0 0.14852941176470588 0.35228758169934643 0.010294117647058823 0.03529411764705882
0 0.15220588235294116 0.365359477124183 0.008823529411764706 0.032679738562091505
7 0.12389705882352942 0.2758169934640523 0.027205882352941177 0.047058823529411764