3 0.065 0.9276649746192893 0.032857142857142856 0.07614213197969544
3 0.39785714285714285 0.7170050761421319 0.04 0.06091370558375635
3 0.45 0.7779187817258884 0.03571428571428571 0.0583756345177665
3 0.5275 0.8984771573604061 0.039285714285714285 0.06345177664974619
3 0.37785714285714284 0.6554568527918782 0.027142857142857142 0.046954314720812185
3 0.39785714285714285 0.6383248730964467 0.027142857142857142 0.04314720812182741
3 0.4567857142857143 0.7214467005076142 0.03214285714285714 0.04187817258883249
4 0.3782142857142857 0.28426395939086296 0.02214285714285714 0.02284263959390863
3 0.7307142857142858 0.44225888324873097 0.025714285714285714 0.024111675126903553
3 0.7635714285714286 0.4276649746192893 0.024285714285714285 0.025380710659898477
3 0.7271428571428571 0.29251269035532995 0.018571428571428572 0.021573604060913704
3 0.7603571428571428 0.3147208121827411 0.019285714285714285 0.02284263959390863
3 0.6842857142857143 0.2823604060913706 0.02142857142857143 0.01903553299492386
3 0.6942857142857143 0.26586294416243655 0.02142857142857143 0.01903553299492386
3 0.6328571428571429 0.2766497461928934 0.02 0.02030456852791878
3 0.6357142857142857 0.2131979695431472 0.01 0.017766497461928935
3 0.78 0.20812182741116753 0.015714285714285715 0.02030456852791878
3 0.7957142857142857 0.1998730964467005 0.017142857142857144 0.01649746192893401
3 0.8167857142857143 0.19416243654822335 0.020714285714285713 0.02030456852791878
3 0.8546428571428571 0.1884517766497462 0.020714285714285713 0.013959390862944163
3 0.8103571428571429 0.22779187817258884 0.013571428571428571 0.01903553299492386
3 0.6917857142857143 0.22715736040609136 0.020714285714285713 0.02030456852791878
3 0.7425 0.22081218274111675 0.020714285714285713 0.015228426395939087
3 0.8064285714285714 0.3331218274111675 0.02857142857142857 0.0266497461928934
3 0.34535714285714286 0.23794416243654823 0.02214285714285714 0.021573604060913704
3 0.28214285714285714 0.26015228426395937 0.022857142857142857 0.02030456852791878
3 0.2075 0.2868020304568528 0.025 0.027918781725888325
3 0.05 0.3381979695431472 0.03 0.021573604060913704
3 0.07571428571428572 0.3153553299492386 0.027142857142857142 0.021573604060913704
3 0.2932142857142857 0.7265228426395939 0.030714285714285715 0.04949238578680203
3 0.3107142857142857 0.8331218274111675 0.04428571428571428 0.05456852791878172
3 0.38392857142857145 0.7791878172588832 0.04071428571428572 0.0532994923857868
5 0.3525 0.824238578680203 0.05071428571428571 0.0850253807106599
3 0.3725 0.8559644670050761 0.04071428571428572 0.05203045685279188
3 0.39571428571428574 0.876269035532995 0.04 0.05710659898477157
3 0.42678571428571427 0.9200507614213198 0.03642857142857143 0.0583756345177665
3 0.44035714285714284 0.9689086294416244 0.04642857142857143 0.05964467005076142
3 0.2714285714285714 0.9695431472081218 0.05 0.0583756345177665
4 0.42714285714285716 0.6269035532994924 0.025714285714285714 0.050761421319796954
4 0.4625 0.5894670050761421 0.02642857142857143 0.044416243654822336
3 0.48428571428571426 0.5697969543147208 0.027142857142857142 0.03553299492385787
3 0.48928571428571427 0.5463197969543148 0.027142857142857142 0.03426395939086294
3 0.5117857142857143 0.5488578680203046 0.02642857142857143 0.03934010152284264
4 0.5232142857142857 0.5310913705583756 0.023571428571428573 0.03934010152284264
4 0.54 0.5177664974619289 0.027142857142857142 0.04060913705583756
3 0.5546428571428571 0.5171319796954315 0.02642857142857143 0.03426395939086294
3 0.5664285714285714 0.5050761421319797 0.025714285714285714 0.04060913705583756
3 0.58 0.4936548223350254 0.03 0.03807106598984772
4 0.595 0.4847715736040609 0.024285714285714285 0.03807106598984772
4 0.6114285714285714 0.47715736040609136 0.022857142857142857 0.04060913705583756
3 0.6242857142857143 0.4676395939086294 0.024285714285714285 0.03426395939086294
4 0.6592857142857143 0.434010152284264 0.025714285714285714 0.03553299492385787
3 0.6717857142857143 0.4302030456852792 0.025 0.03299492385786802
3 0.6810714285714285 0.4206852791878173 0.025 0.04187817258883249
3 0.6925 0.4156091370558376 0.02642857142857143 0.03426395939086294
3 0.7171428571428572 0.39213197969543145 0.025714285714285714 0.027918781725888325
3 0.7289285714285715 0.3870558375634518 0.023571428571428573 0.03299492385786802
3 0.7392857142857143 0.3800761421319797 0.02 0.03426395939086294
3 0.7489285714285714 0.35279187817258884 0.02214285714285714 0.02284263959390863
3 0.7407142857142858 0.342005076142132 0.024285714285714285 0.0266497461928934
3 0.685 0.3026649746192893 0.022857142857142857 0.01903553299492386
3 0.6525 0.2906091370558376 0.02214285714285714 0.02030456852791878
3 0.555 0.2233502538071066 0.02 0.02284263959390863
3 0.5007142857142857 0.23540609137055837 0.02142857142857143 0.013959390862944163
3 0.1792857142857143 0.3096446700507614 0.024285714285714285 0.02030456852791878
3 0.25035714285714283 0.27284263959390864 0.02642857142857143 0.017766497461928935
3 0.3175 0.24619289340101522 0.019285714285714285 0.02030456852791878
3 0.3364285714285714 0.2772842639593909 0.025714285714285714 0.01903553299492386
5 0.2892857142857143 0.28553299492385786 0.032857142857142856 0.027918781725888325
5 0.3142857142857143 0.2303299492385787 0.02857142857142857 0.03934010152284264
3 0.15178571428571427 0.30710659898477155 0.02642857142857143 0.02284263959390863
3 0.1417857142857143 0.3013959390862944 0.023571428571428573 0.024111675126903553
3 0.2557142857142857 0.26015228426395937 0.018571428571428572 0.02030456852791878
4 0.37714285714285717 0.22398477157360405 0.02 0.021573604060913704
5 0.42214285714285715 0.19923857868020303 0.022857142857142857 0.02030456852791878
7 0.43857142857142856 0.17893401015228427 0.01 0.015228426395939087
3 0.19678571428571429 0.2836294416243655 0.020714285714285713 0.024111675126903553
3 0.41 0.27347715736040606 0.022857142857142857 0.01903553299492386
3 0.47214285714285714 0.24428934010152284 0.02 0.021573604060913704
5 0.5735714285714286 0.1732233502538071 0.02142857142857143 0.021573604060913704
5 0.6625 0.14593908629441624 0.020714285714285713 0.027918781725888325
3 0.6767857142857143 0.25317258883248733 0.019285714285714285 0.01649746192893401
3 0.6678571428571428 0.23096446700507614 0.02142857142857143 0.015228426395939087
3 0.6667857142857143 0.24746192893401014 0.017857142857142856 0.02030456852791878
3 0.7171428571428572 0.22461928934010153 0.02 0.015228426395939087
3 0.8178571428571428 0.32423857868020306 0.018571428571428572 0.024111675126903553
3 0.8275 0.32043147208121825 0.023571428571428573 0.024111675126903553
3 0.8332142857142857 0.3153553299492386 0.025 0.024111675126903553
3 0.8485714285714285 0.3032994923857868 0.018571428571428572 0.02284263959390863
4 0.8414285714285714 0.30647208121827413 0.022857142857142857 0.0266497461928934
4 0.8553571428571428 0.2956852791878173 0.019285714285714285 0.027918781725888325
3 0.8635714285714285 0.2906091370558376 0.02 0.025380710659898477
3 0.8675 0.28616751269035534 0.017857142857142856 0.024111675126903553
3 0.7307142857142858 0.4803299492385787 0.025714285714285714 0.03426395939086294
4 0.7235714285714285 0.4930203045685279 0.027142857142857142 0.031725888324873094
4 0.7010714285714286 0.46383248730964466 0.025 0.03934010152284264
3 0.7875 0.2366751269035533 0.017857142857142856 0.021573604060913704
3 0.8096428571428571 0.24873096446700507 0.020714285714285713 0.025380710659898477
0 0.7817857142857143 0.3902284263959391 0.005 0.01649746192893401
0 0.7782142857142857 0.38578680203045684 0.005 0.017766497461928935
0 0.8264285714285714 0.36928934010152287 0.004285714285714286 0.02030456852791878
3 0.8417857142857142 0.37119289340101524 0.019285714285714285 0.021573604060913704
3 0.8517857142857143 0.3610406091370558 0.023571428571428573 0.021573604060913704
3 0.8632142857142857 0.3546954314720812 0.019285714285714285 0.021573604060913704
3 0.8653571428571428 0.34581218274111675 0.017857142857142856 0.0266497461928934
4 0.8260714285714286 0.5932741116751269 0.04071428571428572 0.046954314720812185
9 0.925 0.6427664974619289 0.015714285714285715 0.021573604060913704
2 0.8078571428571428 0.5196700507614214 0.008571428571428572 0.01903553299492386
3 0.47535714285714287 0.7024111675126904 0.029285714285714286 0.046954314720812185
3 0.4953571428571429 0.6890862944162437 0.02642857142857143 0.03807106598984772
7 0.48142857142857143 0.8229695431472082 0.03142857142857143 0.06725888324873096
1 0.575 0.9593908629441624 0.01 0.025380710659898477
9 0.6128571428571429 0.9885786802030457 0.015714285714285715 0.02030456852791878
0 0.2507142857142857 0.7246192893401016 0.007142857142857143 0.02284263959390863
0 0.2567857142857143 0.7151015228426396 0.007857142857142858 0.0266497461928934
0 0.23392857142857143 0.7176395939086294 0.009285714285714286 0.024111675126903553
0 0.2382142857142857 0.7106598984771574 0.009285714285714286 0.030456852791878174
0 0.24107142857142858 0.991751269035533 0.009285714285714286 0.013959390862944163
0 0.14892857142857144 0.5628172588832487 0.007857142857142858 0.024111675126903553
0 0.15428571428571428 0.5552030456852792 0.005714285714285714 0.01903553299492386
0 0.165 0.5215736040609137 0.005714285714285714 0.02030456852791878
0 0.20285714285714285 0.3623096446700508 0.005714285714285714 0.013959390862944163
0 0.18321428571428572 0.38451776649746194 0.0064285714285714285 0.017766497461928935
0 0.24285714285714285 0.3464467005076142 0.004285714285714286 0.015228426395939087
0 0.13642857142857143 0.41814720812182743 0.004285714285714286 0.01903553299492386
0 0.13214285714285715 0.4118020304568528 0.004285714285714286 0.01903553299492386
0 0.1325 0.3934010152284264 0.005 0.017766497461928935
0 0.12607142857142858 0.39911167512690354 0.0064285714285714285 0.021573604060913704
0 0.1025 0.2956852791878173 0.005 0.017766497461928935
0 0.09785714285714285 0.29378172588832485 0.004285714285714286 0.01903553299492386
0 0.09035714285714286 0.29885786802030456 0.005 0.013959390862944163
3 0.07071428571428572 0.27411167512690354 0.027142857142857142 0.02284263959390863
0 0.0225 0.2652284263959391 0.0035714285714285713 0.015228426395939087
0 0.019285714285714285 0.2652284263959391 0.005714285714285714 0.015228426395939087
0 0.013571428571428571 0.26586294416243655 0.004285714285714286 0.013959390862944163
0 0.015 0.25317258883248733 0.005714285714285714 0.013959390862944163
0 0.010714285714285714 0.25380710659898476 0.004285714285714286 0.015228426395939087
0 0.43464285714285716 0.2772842639593909 0.005 0.01649746192893401
0 0.42642857142857143 0.2779187817258883 0.004285714285714286 0.017766497461928935
1 0.42678571428571427 0.28553299492385786 0.005 0.012690355329949238
1 0.43107142857142855 0.2848984771573604 0.005 0.011421319796954314
3 0.8846428571428572 0.03362944162436548 0.013571428571428571 0.01649746192893401