3 0.5234375 0.27870370370370373 0.003125 0.009259259259259259
3 0.4828125 0.38333333333333336 0.009375 0.014814814814814815
3 0.4734375 0.4074074074074074 0.011458333333333333 0.022222222222222223
3 0.4921875 0.4787037037037037 0.017708333333333333 0.03148148148148148
3 0.51875 0.45 0.0125 0.022222222222222223
3 0.5291666666666667 0.6861111111111111 0.03125 0.05740740740740741
3 0.48125 0.6944444444444444 0.029166666666666667 0.05185185185185185
3 0.3765625 0.812962962962963 0.046875 0.08148148148148149
3 0.4635416666666667 0.4351851851851852 0.0125 0.022222222222222223
3 0.4817708333333333 0.37037037037037035 0.009375 0.014814814814814815
3 0.4953125 0.36574074074074076 0.009375 0.012962962962962963
3 0.4979166666666667 0.33055555555555555 0.008333333333333333 0.012962962962962963
3 0.5005208333333333 0.31666666666666665 0.007291666666666667 0.014814814814814815
3 0.5130208333333334 0.2898148148148148 0.007291666666666667 0.009259259259259259
3 0.35260416666666666 0.6277777777777778 0.04895833333333333 0.037037037037037035
5 0.39375 0.6314814814814815 0.029166666666666667 0.08148148148148149
7 0.5119791666666667 0.6398148148148148 0.017708333333333333 0.04259259259259259
3 0.5052083333333334 0.30185185185185187 0.00625 0.011111111111111112
1 0.4947916666666667 0.37222222222222223 0.004166666666666667 0.011111111111111112
1 0.503125 0.37037037037037035 0.004166666666666667 0.011111111111111112
1 0.5098958333333333 0.36666666666666664 0.005208333333333333 0.011111111111111112
1 0.4890625 0.44074074074074077 0.005208333333333333 0.014814814814814815
1 0.47552083333333334 0.45925925925925926 0.005208333333333333 0.014814814814814815
1 0.46197916666666666 0.5333333333333333 0.007291666666666667 0.022222222222222223
1 0.5348958333333333 0.5203703703703704 0.005208333333333333 0.018518518518518517
1 0.5197916666666667 0.5388888888888889 0.00625 0.022222222222222223
1 0.5192708333333333 0.537962962962963 0.007291666666666667 0.024074074074074074
1 0.43125 0.6333333333333333 0.010416666666666666 0.025925925925925925
1 0.43802083333333336 0.6537037037037037 0.009375 0.025925925925925925
1 0.42552083333333335 0.687962962962963 0.009375 0.03148148148148148
1 0.440625 0.6990740740740741 0.010416666666666666 0.03148148148148148
1 0.4942708333333333 0.7925925925925926 0.009375 0.03333333333333333
1 0.4635416666666667 0.8009259259259259 0.016666666666666666 0.04259259259259259
1 0.465625 0.7916666666666666 0.010416666666666666 0.03518518518518519
1 0.4161458333333333 0.8222222222222222 0.009375 0.040740740740740744
1 0.4119791666666667 0.8296296296296296 0.011458333333333333 0.040740740740740744
9 0.41302083333333334 0.8537037037037037 0.013541666666666667 0.040740740740740744
9 0.46510416666666665 0.8148148148148148 0.009375 0.044444444444444446
9 0.4953125 0.8166666666666667 0.007291666666666667 0.037037037037037035
9 0.35104166666666664 0.7611111111111111 0.025 0.025925925925925925
9 0.353125 0.7435185185185185 0.025 0.03148148148148148
9 0.4244791666666667 0.7027777777777777 0.011458333333333333 0.03518518518518519
9 0.4421875 0.7148148148148148 0.009375 0.037037037037037035
9 0.43072916666666666 0.649074074074074 0.007291666666666667 0.03518518518518519
9 0.43854166666666666 0.6666666666666666 0.010416666666666666 0.02962962962962963
9 0.3953125 0.5555555555555556 0.021875 0.022222222222222223
9 0.4609375 0.5453703703703704 0.007291666666666667 0.024074074074074074
9 0.5203125 0.5481481481481482 0.005208333333333333 0.025925925925925925
9 0.5359375 0.5296296296296297 0.007291666666666667 0.018518518518518517
9 0.4895833333333333 0.44814814814814813 0.004166666666666667 0.014814814814814815
9 0.475 0.4675925925925926 0.004166666666666667 0.016666666666666666
9 0.49583333333333335 0.37777777777777777 0.004166666666666667 0.014814814814814815
9 0.503125 0.37592592592592594 0.004166666666666667 0.014814814814814815
9 0.5104166666666666 0.37407407407407406 0.00625 0.014814814814814815
9 0.4640625 0.44814814814814813 0.005208333333333333 0.014814814814814815
0 0.37447916666666664 0.7509259259259259 0.009375 0.053703703703703705
0 0.3848958333333333 0.75 0.009375 0.05185185185185185
1 0.14010416666666667 0.937037037037037 0.017708333333333333 0.05185185185185185
7 0.4828125 0.5009259259259259 0.011458333333333333 0.03148148148148148
9 0.45416666666666666 0.5175925925925926 0.004166666666666667 0.020370370370370372
1 0.4546875 0.5074074074074074 0.007291666666666667 0.014814814814814815