3 0.061764705882352944 0.46862745098039216 0.058823529411764705 0.12941176470588237
0 0.3209558823529412 0.2326797385620915 0.009558823529411765 0.05751633986928104
9 0.3125 0.09803921568627451 0.011764705882352941 0.036601307189542485
1 0.31286764705882353 0.08888888888888889 0.0125 0.0392156862745098
3 0.26286764705882354 0.12418300653594772 0.05514705882352941 0.09934640522875816
9 0.4386029411764706 0.0196078431372549 0.008088235294117648 0.0392156862745098
9 0.5110294117647058 0.0934640522875817 0.011764705882352941 0.040522875816993466
9 0.5488970588235295 0.21633986928104576 0.011029411764705883 0.05359477124183006
9 0.5735294117647058 0.29215686274509806 0.026470588235294117 0.0457516339869281
3 0.45441176470588235 0.1784313725490196 0.09264705882352942 0.0718954248366013
3 0.5264705882352941 0.27712418300653596 0.08529411764705883 0.08888888888888889
3 0.5360294117647059 0.35947712418300654 0.10735294117647058 0.09411764705882353
3 0.3779411764705882 0.6457516339869281 0.07941176470588235 0.17777777777777778
3 0.43676470588235294 0.8836601307189542 0.09705882352941177 0.2326797385620915
4 0.6183823529411765 0.9091503267973856 0.10735294117647058 0.18169934640522875
3 0.6106617647058824 0.538562091503268 0.11544117647058824 0.10718954248366012
2 0.9029411764705882 0.7712418300653595 0.023529411764705882 0.07581699346405228
9 0.8661764705882353 0.7261437908496732 0.03823529411764706 0.07973856209150326
2 0.7955882352941176 0.5699346405228758 0.027941176470588237 0.07320261437908497
2 0.7772058823529412 0.5745098039215686 0.03529411764705882 0.07450980392156863
3 0.6378676470588235 0.6941176470588235 0.09485294117647058 0.1568627450980392