3 0.6816176470588236 0.8751633986928105 0.09117647058823529 0.2496732026143791
3 0.4632352941176471 0.7967320261437908 0.06764705882352941 0.24705882352941178
3 0.5595588235294118 0.43333333333333335 0.052941176470588235 0.12941176470588237
4 0.4606617647058823 0.34509803921568627 0.03602941176470588 0.13333333333333333
0 0.9286764705882353 0.5169934640522876 0.025 0.0718954248366013
0 0.9522058823529411 0.5405228758169934 0.022058823529411766 0.06405228758169934
3 0.7455882352941177 0.05947712418300653 0.039705882352941174 0.05620915032679739
3 0.6073529411764705 0.08888888888888889 0.04264705882352941 0.05751633986928104
4 0.5463235294117647 0.07777777777777778 0.030882352941176472 0.06928104575163399
4 0.4676470588235294 0.04183006535947712 0.029411764705882353 0.07581699346405228
1 0.4202205882352941 0.05620915032679739 0.011029411764705883 0.026143790849673203
1 0.42058823529411765 0.05228758169934641 0.008823529411764706 0.026143790849673203
6 0.42058823529411765 0.06535947712418301 0.01764705882352941 0.05228758169934641
0 0.3650735294117647 0.20588235294117646 0.013970588235294118 0.05620915032679739
0 0.3599264705882353 0.19019607843137254 0.008088235294117648 0.040522875816993466
0 0.31727941176470587 0.13137254901960785 0.009558823529411765 0.05359477124183006
3 0.18676470588235294 0.032679738562091505 0.07352941176470588 0.044444444444444446
3 0.10036764705882353 0.1084967320261438 0.06544117647058824 0.06535947712418301
3 0.2261029411764706 0.1287581699346405 0.04338235294117647 0.08496732026143791
4 0.20588235294117646 0.18496732026143792 0.039705882352941174 0.07450980392156863
1 0.07610294117647058 0.1869281045751634 0.0125 0.036601307189542485
9 0.08014705882352942 0.2 0.01764705882352941 0.02875816993464052
1 0.06066176470588235 0.21568627450980393 0.016911764705882352 0.047058823529411764
9 0.06213235294117647 0.23202614379084968 0.013970588235294118 0.048366013071895426
0 0.020955882352941175 0.21437908496732025 0.0125 0.054901960784313725
9 0.027573529411764705 0.24705882352941178 0.03308823529411765 0.0392156862745098
0 0.023161764705882354 0.34901960784313724 0.015441176470588236 0.054901960784313725
3 0.03529411764705882 0.4071895424836601 0.06470588235294118 0.07712418300653595
3 0.04779411764705882 0.6483660130718955 0.08823529411764706 0.20130718954248367
3 0.1025735294117647 0.4823529411764706 0.08308823529411764 0.16209150326797386