4 0.5005219206680585 0.9369202226345084 0.05845511482254697 0.09276437847866419
3 0.4906054279749478 0.8766233766233766 0.060542797494780795 0.07050092764378478
6 0.23251565762004175 0.8905380333951762 0.029749478079331943 0.03339517625231911
7 0.25339248434237993 0.838126159554731 0.03914405010438413 0.04730983302411874
9 0.25052192066805845 0.813543599257885 0.021920668058455117 0.027829313543599257
9 0.2445198329853862 0.6804267161410018 0.02139874739039666 0.023191094619666047
3 0.3071503131524008 0.6771799628942486 0.05167014613778706 0.03896103896103896
0 0.2254697286012526 0.6539888682745826 0.011482254697286013 0.03339517625231911
7 0.270615866388309 0.5551948051948052 0.02139874739039666 0.02504638218923933
7 0.4091858037578288 0.549165120593692 0.015657620041753653 0.03896103896103896
3 0.3421189979123173 0.46614100185528756 0.02661795407098121 0.026901669758812616
3 0.3494258872651357 0.439239332096475 0.031837160751565764 0.021335807050092765
3 0.45224425887265135 0.4554730983302412 0.027661795407098122 0.027829313543599257
4 0.4525052192066806 0.41883116883116883 0.020876826722338204 0.0287569573283859
5 0.4363256784968685 0.4155844155844156 0.027139874739039668 0.0686456400742115
9 0.45433194154488515 0.3914656771799629 0.006784968684759917 0.012987012987012988
9 0.3264613778705637 0.45222634508348797 0.013048016701461378 0.013914656771799629
1 0.3541231732776618 0.42207792207792205 0.005741127348643006 0.011131725417439703
0 0.3619519832985386 0.41836734693877553 0.005741127348643006 0.014842300556586271
6 0.35934237995824636 0.4155844155844156 0.02035490605427975 0.012987012987012988
9 0.34264091858037576 0.4160482374768089 0.008872651356993737 0.01020408163265306
7 0.3504697286012526 0.40166975881261596 0.016179540709812108 0.01855287569573284
1 0.33820459290187893 0.3984230055658627 0.005219206680584551 0.008348794063079777
0 0.34237995824634654 0.39285714285714285 0.005219206680584551 0.01948051948051948
0 0.34603340292275575 0.36410018552875695 0.0041753653444676405 0.015769944341372914
3 0.36769311064718163 0.3803339517625232 0.02348643006263048 0.02040816326530612
3 0.3637787056367432 0.3715213358070501 0.022964509394572025 0.017625231910946195
3 0.3616910229645094 0.36410018552875695 0.021920668058455117 0.023191094619666047
3 0.36221294363256784 0.33070500927643787 0.020876826722338204 0.015769944341372914
9 0.3572546972860125 0.32235621521335805 0.008872651356993737 0.008348794063079777
7 0.35490605427974947 0.3186456400742115 0.012526096033402923 0.013914656771799629
9 0.36012526096033404 0.31586270871985156 0.008350730688935281 0.006493506493506494
3 0.3674321503131524 0.3051948051948052 0.019832985386221295 0.016697588126159554
3 0.36899791231732776 0.3014842300556586 0.020876826722338204 0.016697588126159554
6 0.36351774530271397 0.287569573283859 0.008872651356993737 0.011131725417439703
4 0.4407620041753653 0.35482374768089053 0.02035490605427975 0.02504638218923933
4 0.44258872651356995 0.3455473098330241 0.017745302713987474 0.023191094619666047
3 0.4410229645093946 0.3358070500927644 0.018789144050104383 0.02040816326530612
3 0.4394572025052192 0.3297773654916512 0.019832985386221295 0.017625231910946195
3 0.4344989561586639 0.32189239332096475 0.01722338204592902 0.016697588126159554
3 0.43606471816283926 0.31493506493506496 0.016179540709812108 0.015769944341372914
4 0.4386743215031315 0.30844155844155846 0.015135699373695199 0.017625231910946195
5 0.43606471816283926 0.28385899814471244 0.014091858037578288 0.03153988868274583
3 0.4339770354906054 0.26159554730983303 0.014091858037578288 0.012987012987012988
3 0.4321503131524008 0.25139146567717996 0.013569937369519834 0.011131725417439703
5 0.43162839248434237 0.24211502782931354 0.014613778705636743 0.011131725417439703
9 0.3893528183716075 0.27365491651205937 0.003131524008350731 0.0074211502782931356
6 0.3914405010438413 0.26669758812615957 0.012526096033402923 0.01020408163265306
1 0.38543841336116913 0.25742115027829315 0.0036534446764091857 0.006493506493506494
1 0.3901356993736952 0.2569573283858998 0.0036534446764091857 0.0074211502782931356
1 0.4078810020876827 0.23979591836734693 0.0026096033402922755 0.006493506493506494
9 0.4078810020876827 0.24257884972170687 0.0026096033402922755 0.008348794063079777
6 0.37656576200417535 0.25834879406307976 0.009916492693110648 0.012059369202226345
9 0.36482254697286015 0.26762523191094617 0.005219206680584551 0.006493506493506494
7 0.3729123173277662 0.24211502782931354 0.008872651356993737 0.00927643784786642
7 0.37734864300626303 0.23562152133580705 0.006263048016701462 0.011131725417439703
7 0.3768267223382046 0.2300556586270872 0.009394572025052192 0.011131725417439703
4 0.37656576200417535 0.22680890538033396 0.012004175365344467 0.012059369202226345
7 0.3796972860125261 0.21289424860853431 0.006784968684759917 0.01020408163265306
7 0.3880480167014614 0.22356215213358072 0.0036534446764091857 0.012987012987012988
4 0.38308977035490605 0.20315398886827457 0.012526096033402923 0.00927643784786642
5 0.3757828810020877 0.19294990723562153 0.015657620041753653 0.012987012987012988
9 0.424321503131524 0.23144712430426717 0.005219206680584551 0.006493506493506494
9 0.4298016701461378 0.2305194805194805 0.013048016701461378 0.01020408163265306
4 0.43162839248434237 0.2258812615955473 0.010438413361169102 0.01020408163265306
3 0.4290187891440501 0.2230983302411874 0.010438413361169102 0.008348794063079777
7 0.43032359081419624 0.212430426716141 0.004697286012526096 0.00927643784786642
5 0.42719206680584554 0.19109461966604824 0.008872651356993737 0.022263450834879406
9 0.4091858037578288 0.19109461966604824 0.0020876826722338203 0.0055658627087198514
1 0.40866388308977036 0.18923933209647495 0.0020876826722338203 0.0055658627087198514
7 0.4016179540709812 0.1790352504638219 0.004697286012526096 0.00927643784786642
3 0.4222338204592902 0.1456400742115028 0.006263048016701462 0.0055658627087198514
5 0.42458246346555323 0.16001855287569575 0.004697286012526096 0.01020408163265306
3 0.4081419624217119 0.1572356215213358 0.0041753653444676405 0.008348794063079777
3 0.39509394572025053 0.16512059369202226 0.007306889352818371 0.0074211502782931356
3 0.3940501043841336 0.17115027829313545 0.007306889352818371 0.006493506493506494
4 0.3914405010438413 0.14888682745825602 0.007306889352818371 0.006493506493506494
3 0.3935281837160752 0.1456400742115028 0.006263048016701462 0.0074211502782931356
3 0.6388308977035491 0.6196660482374768 0.025052192066805846 0.061224489795918366
5 0.5571503131524008 0.39888682745825604 0.015135699373695199 0.04452690166975881
3 0.5733298538622129 0.38311688311688313 0.013048016701461378 0.022263450834879406
5 0.5563674321503131 0.30241187384044527 0.027139874739039668 0.05194805194805195
3 0.6884133611691023 0.40862708719851576 0.016701461377870562 0.0287569573283859
6 0.6727557411273486 0.3845083487940631 0.016701461377870562 0.01948051948051948