3 0.3517857142857143 0.9746192893401016 0.056428571428571425 0.048223350253807105
3 0.014285714285714285 0.34390862944162437 0.02857142857142857 0.03807106598984772
3 0.01607142857142857 0.5171319796954315 0.03214285714285714 0.05456852791878172
3 0.36607142857142855 0.9384517766497462 0.04928571428571429 0.07233502538071065
3 0.35964285714285715 0.8927664974619289 0.04928571428571429 0.06725888324873096
3 0.3767857142857143 0.868020304568528 0.052142857142857144 0.06091370558375635
3 0.38785714285714284 0.8350253807106599 0.045714285714285714 0.05583756345177665
3 0.3964285714285714 0.8032994923857868 0.04857142857142857 0.05583756345177665
3 0.41535714285714287 0.7791878172588832 0.047857142857142855 0.05583756345177665
3 0.43214285714285716 0.7455583756345178 0.047142857142857146 0.046954314720812185
3 0.4425 0.7151015228426396 0.045 0.05203045685279188
3 0.4517857142857143 0.6878172588832487 0.04357142857142857 0.05583756345177665
3 0.4589285714285714 0.6643401015228426 0.03785714285714286 0.03934010152284264
3 0.4675 0.6446700507614214 0.04357142857142857 0.050761421319796954
3 0.4775 0.6275380710659898 0.039285714285714285 0.04949238578680203
3 0.48892857142857143 0.6072335025380711 0.039285714285714285 0.044416243654822336
3 0.5167857142857143 0.6053299492385786 0.03214285714285714 0.04060913705583756
3 0.5207142857142857 0.583756345177665 0.03571428571428571 0.04314720812182741
3 0.5257142857142857 0.5666243654822335 0.03571428571428571 0.03934010152284264
3 0.46035714285714285 0.7772842639593909 0.03642857142857143 0.06725888324873096
3 0.49107142857142855 0.6884517766497462 0.03214285714285714 0.05710659898477157
3 0.5096428571428572 0.6446700507614214 0.025 0.048223350253807105
3 0.6610714285714285 0.6123096446700508 0.027857142857142858 0.05456852791878172
3 0.685 0.626269035532995 0.025714285714285714 0.05203045685279188
3 0.6857142857142857 0.19860406091370558 0.012857142857142857 0.0266497461928934
3 0.7539285714285714 0.27220812182741116 0.023571428571428573 0.031725888324873094
0 0.7953571428571429 0.4035532994923858 0.007857142857142858 0.02284263959390863
0 0.7792857142857142 0.37055837563451777 0.007142857142857143 0.015228426395939087
0 0.7960714285714285 0.4346446700507614 0.0064285714285714285 0.024111675126903553
3 0.8217857142857142 0.2017766497461929 0.017857142857142856 0.027918781725888325
8 0.7057142857142857 0.34454314720812185 0.027142857142857142 0.09771573604060914
8 0.2760714285714286 0.3369289340101523 0.10071428571428571 0.10786802030456853
9 0.40214285714285714 0.2963197969543147 0.015714285714285715 0.01903553299492386
1 0.4025 0.2868020304568528 0.007857142857142858 0.02284263959390863
3 0.45821428571428574 0.2569796954314721 0.027857142857142858 0.02918781725888325
3 0.22857142857142856 0.24746192893401014 0.03 0.04060913705583756
3 0.12107142857142857 0.26649746192893403 0.03642857142857143 0.03299492385786802
3 0.030357142857142857 0.3115482233502538 0.04214285714285714 0.031725888324873094
3 0.37142857142857144 0.14593908629441624 0.022857142857142857 0.03299492385786802
3 0.5182142857142857 0.03553299492385787 0.015 0.02284263959390863
4 0.6192857142857143 0.08185279187817258 0.011428571428571429 0.021573604060913704
3 0.5864285714285714 0.1034263959390863 0.014285714285714285 0.01649746192893401
4 0.11642857142857142 0.06535532994923858 0.018571428571428572 0.01903553299492386