5 0.046189979123173276 0.36688311688311687 0.05793319415448852 0.06771799628942486
3 0.13778705636743216 0.38636363636363635 0.05636743215031315 0.04916512059369202
4 0.15605427974947808 0.3984230055658627 0.061586638830897704 0.05287569573283859
3 0.19076200417536535 0.4165120593692022 0.054801670146137786 0.04823747680890538
3 0.2160751565762004 0.4332096474953618 0.05845511482254697 0.055658627087198514
7 0.2640918580375783 0.4429499072356215 0.03653444676409186 0.04359925788497217
0 0.2340814196242171 0.44990723562152135 0.013048016701461378 0.03710575139146568
0 0.23877870563674322 0.48840445269016697 0.012004175365344467 0.04730983302411874
6 0.19806889352818371 0.462430426716141 0.03496868475991649 0.04730983302411874
6 0.2489561586638831 0.4865491651205937 0.0407098121085595 0.05287569573283859
6 0.302713987473904 0.5074211502782932 0.030271398747390398 0.04638218923933209
0 0.3081941544885177 0.49489795918367346 0.013048016701461378 0.04916512059369202
3 0.21163883089770355 0.5324675324675324 0.06732776617954071 0.061224489795918366
3 0.027400835073068893 0.5324675324675324 0.05375782881002088 0.07235621521335807
4 0.12212943632567849 0.6363636363636364 0.09081419624217119 0.10575139146567718
9 0.16727557411273486 0.6846011131725418 0.02244258872651357 0.05009276437847866
0 0.11978079331941545 0.5885899814471243 0.01722338204592902 0.04730983302411874
1 0.11638830897703549 0.5728200371057514 0.015657620041753653 0.03432282003710575
9 0.18241127348643008 0.6924860853432282 0.01722338204592902 0.04916512059369202
9 0.19598121085594988 0.7115027829313544 0.03288100208768267 0.04638218923933209
6 0.22834029227557412 0.6512059369202227 0.06002087682672234 0.06679035250463822
0 0.31863256784968685 0.6846011131725418 0.010960334029227558 0.0575139146567718
0 0.3890918580375783 0.7277365491651205 0.01722338204592902 0.06957328385899815
0 0.42484342379958245 0.6989795918367347 0.012526096033402923 0.06957328385899815
0 0.43058455114822547 0.7198515769944341 0.009394572025052192 0.04452690166975881
1 0.45981210855949894 0.7829313543599258 0.016701461377870562 0.061224489795918366
1 0.47781837160751567 0.7388682745825603 0.013048016701461378 0.05102040816326531
1 0.48747390396659707 0.7467532467532467 0.012526096033402923 0.05009276437847866
0 0.5200939457202505 0.8200371057513914 0.015135699373695199 0.07792207792207792
9 0.48956158663883087 0.8826530612244898 0.022964509394572025 0.10482374768089053
0 0.5973382045929019 0.7796846011131725 0.015135699373695199 0.05473098330241188
9 0.5615866388308977 0.9485157699443414 0.04697286012526096 0.06586270871985157
7 0.795929018789144 0.885899814471243 0.07515657620041753 0.11131725417439703
6 0.8225469728601252 0.7560296846011132 0.049060542797494784 0.09461966604823747
1 0.8301148225469729 0.7481447124304267 0.02139874739039666 0.05102040816326531
6 0.9702505219206681 0.672077922077922 0.049060542797494784 0.05844155844155844
6 0.903705636743215 0.6447124304267161 0.04018789144050104 0.07606679035250463
1 0.8572546972860126 0.5449907235621522 0.012004175365344467 0.02504638218923933
1 0.8478601252609603 0.5329313543599258 0.013048016701461378 0.03432282003710575
3 0.8828288100208769 0.5681818181818182 0.054801670146137786 0.06771799628942486
3 0.7948851774530271 0.4619666048237477 0.04175365344467641 0.055658627087198514
3 0.7776617954070981 0.4253246753246753 0.03653444676409186 0.04359925788497217
3 0.761482254697286 0.3868274582560297 0.028183716075156576 0.04081632653061224
3 0.7432150313152401 0.35064935064935066 0.027139874739039668 0.029684601113172542
0 0.7210334029227558 0.6182745825602969 0.014091858037578288 0.05844155844155844
0 0.6980688935281837 0.5681818181818182 0.009916492693110648 0.038033395176252316
0 0.7239039665970772 0.5431354359925789 0.010438413361169102 0.04916512059369202
0 0.7181628392484343 0.536178107606679 0.009394572025052192 0.04267161410018553
4 0.6784968684759917 0.4897959183673469 0.032359081419624215 0.07606679035250463
4 0.6711899791231732 0.4355287569573284 0.027139874739039668 0.05102040816326531
3 0.6586638830897703 0.38311688311688313 0.024008350730688934 0.055658627087198514
0 0.6918058455114823 0.41836734693877553 0.006784968684759917 0.027829313543599257
0 0.6860647181628392 0.4155844155844156 0.007828810020876827 0.03525046382189239
6 0.6244780793319415 0.5009276437847866 0.019311064718162838 0.03896103896103896
1 0.6299582463465553 0.608534322820037 0.018789144050104383 0.04081632653061224
1 0.6132567849686847 0.6159554730983302 0.013569937369519834 0.03525046382189239
1 0.6004697286012526 0.62847866419295 0.012004175365344467 0.03432282003710575
9 0.5795929018789144 0.5960111317254174 0.02661795407098121 0.038033395176252316
6 0.6200417536534447 0.5834879406307978 0.049060542797494784 0.059369202226345084
6 0.5138308977035491 0.6159554730983302 0.054801670146137786 0.07792207792207792
6 0.5274008350730689 0.5760667903525046 0.04749478079331942 0.055658627087198514
7 0.5274008350730689 0.5194805194805194 0.03914405010438413 0.061224489795918366
3 0.5887265135699373 0.511595547309833 0.055323590814196244 0.06957328385899815
6 0.44806889352818374 0.5811688311688312 0.031837160751565764 0.05287569573283859
1 0.43606471816283926 0.5653988868274582 0.013048016701461378 0.032467532467532464
1 0.42484342379958245 0.5598330241187384 0.011482254697286013 0.036178107606679034
1 0.41727557411273486 0.5570500927643784 0.008872651356993737 0.032467532467532464
0 0.4068371607515658 0.46660482374768086 0.014091858037578288 0.04452690166975881
6 0.3836116910229645 0.711038961038961 0.06680584551148225 0.08998144712430427
6 0.6615344467640919 0.2101113172541744 0.009916492693110648 0.015769944341372914
3 0.6046450939457203 0.2012987012987013 0.015135699373695199 0.025974025974025976
3 0.6461377870563675 0.32606679035250463 0.019832985386221295 0.05102040816326531
6 0.31941544885177453 0.6609461966604824 0.05323590814196242 0.07699443413729128
6 0.456419624217119 0.7606679035250464 0.07150313152400835 0.08534322820037106
7 0.7137265135699373 0.23469387755102042 0.015135699373695199 0.02411873840445269
6 0.9029227557411273 0.24675324675324675 0.024008350730688934 0.02040816326530612
9 0.9052713987473904 0.23376623376623376 0.004697286012526096 0.011131725417439703
9 0.9102296450939458 0.23608534322820038 0.005219206680584551 0.012059369202226345
5 0.9514613778705637 0.24257884972170687 0.028183716075156576 0.021335807050092765
4 0.9856471816283925 0.24675324675324675 0.027661795407098122 0.027829313543599257