1 0.23529411764705882 0.9379084967320261 0.03676470588235294 0.08235294117647059
1 0.2514705882352941 0.8986928104575164 0.03676470588235294 0.08235294117647059
1 0.18051470588235294 0.8718954248366013 0.028676470588235293 0.05751633986928104
6 0.12830882352941175 0.8555555555555555 0.09779411764705882 0.17647058823529413
1 0.11029411764705882 0.8738562091503268 0.04411764705882353 0.08758169934640522
5 0.1588235294117647 0.6777777777777778 0.17647058823529413 0.21568627450980393
2 0.3323529411764706 0.538562091503268 0.020588235294117647 0.06797385620915032
2 0.3003676470588235 0.5176470588235295 0.027205882352941177 0.06013071895424837
1 0.3297794117647059 0.5169934640522876 0.019852941176470587 0.06928104575163399
1 0.30183823529411763 0.49411764705882355 0.01838235294117647 0.07058823529411765
3 0.1988970588235294 0.44509803921568625 0.07867647058823529 0.11633986928104575
3 0.27095588235294116 0.45098039215686275 0.06397058823529411 0.10980392156862745
3 0.37058823529411766 0.3888888888888889 0.057352941176470586 0.12156862745098039
3 0.46691176470588236 0.33398692810457514 0.08970588235294118 0.07973856209150326
9 0.5125 0.34248366013071896 0.025 0.04967320261437908
0 0.1625 0.36405228758169933 0.01764705882352941 0.0718954248366013
3 0.04191176470588235 0.17973856209150327 0.0838235294117647 0.058823529411764705
3 0.05955882352941176 0.15098039215686274 0.08088235294117647 0.05620915032679739
3 0.09889705882352941 0.1300653594771242 0.07867647058823529 0.058823529411764705
3 0.12022058823529412 0.0869281045751634 0.05514705882352941 0.0457516339869281
3 0.13345588235294117 0.06405228758169934 0.06544117647058824 0.04967320261437908
3 0.16691176470588234 0.030065359477124184 0.051470588235294115 0.044444444444444446
6 0.19852941176470587 0.01764705882352941 0.022058823529411766 0.032679738562091505
3 0.2716911764705882 0.18562091503267975 0.07720588235294118 0.05751633986928104
3 0.2827205882352941 0.14836601307189543 0.05955882352941176 0.0457516339869281
3 0.29007352941176473 0.12549019607843137 0.06691176470588235 0.04967320261437908
3 0.3047794117647059 0.0934640522875817 0.06102941176470588 0.0457516339869281
3 0.3095588235294118 0.0784313725490196 0.05588235294117647 0.04183006535947712
3 0.3301470588235294 0.04379084967320261 0.052941176470588235 0.043137254901960784
3 0.33639705882352944 0.0196078431372549 0.0625 0.0392156862745098
3 0.3779411764705882 0.14836601307189543 0.03529411764705882 0.06928104575163399
3 0.3926470588235294 0.10522875816993464 0.0661764705882353 0.050980392156862744
3 0.3915441176470588 0.08235294117647059 0.06102941176470588 0.04967320261437908
0 0.43125 0.08366013071895424 0.008088235294117648 0.04183006535947712
5 0.40661764705882353 0.03529411764705882 0.057352941176470586 0.04183006535947712
3 0.41507352941176473 0.02483660130718954 0.05220588235294118 0.0392156862745098
0 0.45808823529411763 0.052941176470588235 0.010294117647058823 0.040522875816993466
0 0.4827205882352941 0.042483660130718956 0.008088235294117648 0.040522875816993466
0 0.48051470588235295 0.03529411764705882 0.008088235294117648 0.0392156862745098
7 0.6158088235294118 0.5967320261437908 0.10514705882352941 0.15555555555555556
7 0.5643382352941176 0.43071895424836604 0.08455882352941177 0.11633986928104575
2 0.5878676470588236 0.3738562091503268 0.028676470588235293 0.04967320261437908
9 0.6238970588235294 0.39738562091503266 0.015441176470588236 0.054901960784313725
0 0.6238970588235294 0.4718954248366013 0.0125 0.047058823529411764
0 0.6672794117647058 0.48169934640522877 0.015441176470588236 0.0457516339869281
9 0.555514705882353 0.3712418300653595 0.019852941176470587 0.044444444444444446
0 0.5658088235294118 0.3366013071895425 0.009558823529411765 0.06405228758169934
0 0.5926470588235294 0.3464052287581699 0.011764705882352941 0.06013071895424837
0 0.6080882352941176 0.3509803921568627 0.008823529411764706 0.07712418300653595
0 0.5952205882352941 0.3202614379084967 0.009558823529411765 0.05228758169934641
0 0.6154411764705883 0.38300653594771245 0.025 0.07058823529411765
1 0.7069852941176471 0.45816993464052286 0.016911764705882352 0.043137254901960784
1 0.7014705882352941 0.4980392156862745 0.01764705882352941 0.04183006535947712
1 0.7242647058823529 0.5 0.013235294117647059 0.0457516339869281
0 0.6761029411764706 0.5464052287581699 0.013970588235294118 0.07058823529411765
6 0.6496323529411765 0.5398692810457516 0.07720588235294118 0.07058823529411765
7 0.7334558823529411 0.5986928104575163 0.1036764705882353 0.1542483660130719
0 0.763235294117647 0.6509803921568628 0.016176470588235296 0.06274509803921569
0 0.7709558823529412 0.6333333333333333 0.013970588235294118 0.06928104575163399
0 0.7466911764705882 0.5065359477124183 0.013970588235294118 0.06928104575163399
7 0.7867647058823529 0.5281045751633987 0.07352941176470588 0.1803921568627451
3 0.8084558823529412 0.47843137254901963 0.12573529411764706 0.11503267973856209
9 0.7588235294117647 0.40522875816993464 0.03676470588235294 0.054901960784313725
7 0.8757352941176471 0.565359477124183 0.047058823529411764 0.134640522875817
3 0.9341911764705882 0.5084967320261438 0.13161764705882353 0.12810457516339868
9 0.8220588235294117 0.3202614379084967 0.022058823529411766 0.06013071895424837