3 0.5790441176470589 0.6019607843137255 0.0375 0.07973856209150326
3 0.6216911764705882 0.4725490196078431 0.03455882352941177 0.050980392156862744
3 0.7125 0.4588235294117647 0.033823529411764704 0.04967320261437908
3 0.7477941176470588 0.538562091503268 0.03529411764705882 0.06013071895424837
3 0.7761029411764706 0.6104575163398693 0.05073529411764706 0.07058823529411765
3 0.8080882352941177 0.6947712418300653 0.05588235294117647 0.08758169934640522
3 0.9591911764705883 0.8503267973856209 0.08161764705882353 0.08758169934640522
3 0.9426470588235294 0.777124183006536 0.09852941176470588 0.08496732026143791
3 0.9283088235294118 0.7313725490196078 0.08897058823529412 0.06143790849673202
3 0.9540441176470589 0.4666666666666667 0.06838235294117648 0.05228758169934641
3 0.96875 0.4895424836601307 0.0625 0.048366013071895426
3 0.9753676470588235 0.5254901960784314 0.04926470588235294 0.06013071895424837
3 0.9875 0.5575163398692811 0.025 0.048366013071895426
9 0.9422794117647059 0.42549019607843136 0.025735294117647058 0.03529411764705882
1 0.4128676470588235 0.5124183006535947 0.009558823529411765 0.03398692810457516
9 0.4125 0.5228758169934641 0.010294117647058823 0.0392156862745098
0 0.2735294117647059 0.5189542483660131 0.010294117647058823 0.044444444444444446
0 0.2051470588235294 0.44052287581699345 0.008823529411764706 0.04183006535947712
3 0.32830882352941176 0.2581699346405229 0.04044117647058824 0.032679738562091505
3 0.37279411764705883 0.1830065359477124 0.033823529411764704 0.026143790849673203
3 0.37536764705882353 0.16797385620915034 0.027205882352941177 0.02483660130718954
3 0.5308823529411765 0.13790849673202615 0.011764705882352941 0.0196078431372549
3 0.49375 0.30130718954248364 0.019852941176470587 0.03790849673202614
0 0.49963235294117647 0.18562091503267975 0.005147058823529412 0.02091503267973856
3 0.40845588235294117 0.1111111111111111 0.022794117647058822 0.01568627450980392
3 0.425 0.13137254901960785 0.011764705882352941 0.0196078431372549
4 0.42720588235294116 0.12156862745098039 0.010294117647058823 0.02091503267973856
3 0.43676470588235294 0.10326797385620914 0.010294117647058823 0.01568627450980392
3 0.8117647058823529 0.2928104575163399 0.03676470588235294 0.03137254901960784
3 0.799264705882353 0.2751633986928105 0.04264705882352941 0.03529411764705882
3 0.7540441176470588 0.21045751633986928 0.03161764705882353 0.02091503267973856
3 0.7591911764705882 0.21764705882352942 0.03161764705882353 0.022222222222222223
3 0.7606617647058823 0.22679738562091503 0.03455882352941177 0.02483660130718954
3 0.7886029411764706 0.25947712418300656 0.03602941176470588 0.02483660130718954
3 0.6422794117647059 0.23660130718954248 0.02426470588235294 0.05228758169934641
9 0.3191176470588235 0.23333333333333334 0.010294117647058823 0.0196078431372549
9 0.3272058823529412 0.22418300653594772 0.013235294117647059 0.01699346405228758
0 0.3235294117647059 0.20522875816993463 0.004411764705882353 0.026143790849673203
1 0.3316176470588235 0.19281045751633988 0.004411764705882353 0.01437908496732026
0 0.3386029411764706 0.20522875816993463 0.003676470588235294 0.018300653594771243
0 0.38198529411764703 0.22483660130718955 0.003676470588235294 0.018300653594771243
2 0.2922794117647059 0.24509803921568626 0.008088235294117648 0.022222222222222223
1 0.4808823529411765 0.12091503267973856 0.004411764705882353 0.011764705882352941
9 0.4808823529411765 0.12418300653594772 0.0029411764705882353 0.013071895424836602
3 0.5235294117647059 0.08888888888888889 0.008823529411764706 0.013071895424836602
3 0.5319852941176471 0.08169934640522876 0.008088235294117648 0.01437908496732026
3 0.5272058823529412 0.0718954248366013 0.007352941176470588 0.01045751633986928
3 0.5544117647058824 0.11568627450980393 0.010294117647058823 0.01437908496732026
3 0.5533088235294118 0.10718954248366012 0.011029411764705883 0.01568627450980392
3 0.5529411764705883 0.09542483660130718 0.008823529411764706 0.013071895424836602
3 0.5488970588235295 0.08496732026143791 0.008088235294117648 0.01568627450980392
1 0.5503676470588236 0.12679738562091503 0.003676470588235294 0.01045751633986928
9 0.5503676470588236 0.13071895424836602 0.003676470588235294 0.013071895424836602