4 0.33425 0.4736666666666667 0.1615 0.11266666666666666
0 0.56025 0.573 0.0215 0.074
0 0.5145 0.5923333333333334 0.024 0.056666666666666664
0 0.52875 0.5413333333333333 0.0225 0.058666666666666666
0 0.54275 0.506 0.0285 0.06266666666666666
0 0.56375 0.353 0.0195 0.06466666666666666
0 0.4575 0.3576666666666667 0.021 0.06333333333333334
3 0.589 0.21033333333333334 0.064 0.12066666666666667
0 0.7235 0.6493333333333333 0.036 0.068
0 0.69225 0.771 0.0295 0.05533333333333333
0 0.6985 0.749 0.019 0.04466666666666667
6 0.78325 0.883 0.1135 0.23133333333333334
9 0.6165 0.9603333333333334 0.08 0.054
0 0.63225 0.975 0.0515 0.05
1 0.56275 0.8846666666666667 0.0455 0.072
9 0.5675 0.8953333333333333 0.053 0.09066666666666667
0 0.543 0.8136666666666666 0.022 0.059333333333333335
0 0.54675 0.776 0.0305 0.052
0 0.51825 0.828 0.0205 0.048
0 0.518 0.774 0.019 0.06133333333333333
0 0.50825 0.7416666666666667 0.0225 0.03133333333333333
0 0.5095 0.7023333333333334 0.03 0.04733333333333333
0 0.43325 0.807 0.0255 0.046
0 0.44575 0.7626666666666667 0.0225 0.042666666666666665
6 0.777 0.6226666666666667 0.038 0.1
2 0.8405 0.661 0.04 0.08733333333333333
2 0.7325 0.4736666666666667 0.037 0.07266666666666667
2 0.78925 0.463 0.0285 0.06866666666666667
2 0.76025 0.4216666666666667 0.0485 0.035333333333333335
0 0.756 0.377 0.024 0.054
0 0.7685 0.39566666666666667 0.03 0.054
0 0.7815 0.37933333333333336 0.022 0.03866666666666667
0 0.407 0.42833333333333334 0.028 0.07133333333333333
0 0.47775 0.18333333333333332 0.0165 0.05733333333333333
0 0.63825 0.14166666666666666 0.0155 0.062
0 0.45 0.06766666666666667 0.013 0.054
0 0.44025 0.05466666666666667 0.0105 0.05466666666666667
0 0.43175 0.09866666666666667 0.0125 0.052
0 0.63875 0.045 0.0145 0.051333333333333335
0 0.651 0.027333333333333334 0.016 0.05333333333333334
0 0.66875 0.05 0.0115 0.04933333333333333
2 0.70425 0.15133333333333332 0.0255 0.04
0 0.49275 0.018666666666666668 0.0115 0.037333333333333336
2 0.51325 0.011333333333333334 0.0095 0.02266666666666667
3 0.598 0.042666666666666665 0.061 0.08133333333333333