3 0.8888308977035491 0.9146567717996289 0.03444676409185804 0.09276437847866419
3 0.947286012526096 0.7940630797773655 0.0511482254697286 0.04267161410018553
3 0.8212421711899791 0.6525974025974026 0.02661795407098121 0.07699443413729128
3 0.6323068893528184 0.6906307977736549 0.02348643006263048 0.08070500927643785
3 0.6051670146137788 0.687847866419295 0.02244258872651357 0.08070500927643785
3 0.8695198329853863 0.5287569573283859 0.04488517745302714 0.03339517625231911
3 0.9313674321503131 0.3515769944341373 0.029749478079331943 0.04638218923933209
3 0.8838726513569938 0.36178107606679033 0.02139874739039666 0.04823747680890538
3 0.8632567849686847 0.15862708719851576 0.015657620041753653 0.03153988868274583
3 0.8666492693110647 0.08580705009276438 0.02035490605427975 0.039888682745825604
3 0.8478601252609603 0.08534322820037106 0.02139874739039666 0.03896103896103896
3 0.8851774530271399 0.07838589981447125 0.016701461377870562 0.036178107606679034
3 0.657098121085595 0.25463821892393323 0.017745302713987474 0.041743970315398886
3 0.6359603340292276 0.25742115027829315 0.016179540709812108 0.039888682745825604
3 0.43162839248434237 0.6679035250463822 0.020876826722338204 0.07606679035250463
3 0.403705636743215 0.6623376623376623 0.02244258872651357 0.07606679035250463
3 0.3209812108559499 0.6442486085343229 0.024008350730688934 0.075139146567718
3 0.25260960334029225 0.685064935064935 0.04801670146137787 0.039888682745825604
3 0.48982254697286015 0.24443413729128013 0.015135699373695199 0.04359925788497217
3 0.4846033402922756 0.15306122448979592 0.014091858037578288 0.03710575139146568
3 0.4405010438413361 0.1567717996289425 0.015657620041753653 0.04638218923933209
3 0.45041753653444677 0.12244897959183673 0.015657620041753653 0.04452690166975881
3 0.4235386221294363 0.1567717996289425 0.015135699373695199 0.04638218923933209
4 0.453027139874739 0.0728200371057514 0.011482254697286013 0.04359925788497217
3 0.014874739039665972 0.39332096474953615 0.027661795407098122 0.061224489795918366
3 0.007306889352818371 0.23562152133580705 0.014613778705636743 0.05009276437847866
4 0.06889352818371608 0.13172541743970315 0.019832985386221295 0.04823747680890538
3 0.02687891440501044 0.11873840445269017 0.02139874739039666 0.04267161410018553
9 0.054801670146137786 0.09230055658627087 0.006263048016701462 0.021335807050092765
1 0.05323590814196242 0.08719851576994433 0.006263048016701462 0.016697588126159554
6 0.05636743215031315 0.06354359925788497 0.009394572025052192 0.021335807050092765
1 0.05454070981210856 0.05983302411873841 0.006784968684759917 0.012059369202226345
9 0.0060020876826722335 0.08580705009276438 0.007828810020876827 0.01948051948051948
3 0.04253653444676409 0.046846011131725415 0.02035490605427975 0.039888682745825604
3 0.050887265135699376 0.01437847866419295 0.02035490605427975 0.0287569573283859
3 0.12134655532359082 0.12384044526901669 0.02035490605427975 0.036178107606679034
3 0.12526096033402923 0.09276437847866419 0.016701461377870562 0.03525046382189239
3 0.13100208768267224 0.04730983302411874 0.016701461377870562 0.03339517625231911
3 0.1372651356993737 0.013450834879406308 0.017745302713987474 0.026901669758812616
7 0.27244258872651356 0.14749536178107606 0.009394572025052192 0.03153988868274583
3 0.29436325678496866 0.15398886827458255 0.018789144050104383 0.03896103896103896
3 0.31315240083507306 0.15120593692022263 0.019832985386221295 0.03896103896103896
3 0.331419624217119 0.15166975881261596 0.019832985386221295 0.04359925788497217