3 0.7553571428571428 0.28109137055837563 0.027857142857142858 0.06725888324873096
3 0.48714285714285716 0.5907360406091371 0.037142857142857144 0.0799492385786802
3 0.4714285714285714 0.6351522842639594 0.04285714285714286 0.09771573604060914
3 0.43464285714285716 0.741751269035533 0.03785714285714286 0.09263959390862944
3 0.4685714285714286 0.27411167512690354 0.04285714285714286 0.0532994923857868
3 0.42392857142857143 0.25380710659898476 0.04214285714285714 0.04060913705583756
3 0.38 0.23286802030456852 0.03857142857142857 0.04187817258883249
3 0.3407142857142857 0.2131979695431472 0.04428571428571428 0.04314720812182741
4 0.2814285714285714 0.23223350253807107 0.045714285714285714 0.06598984771573604
4 0.4142857142857143 0.7931472081218274 0.03857142857142857 0.12944162436548223
4 0.49214285714285716 0.43083756345177665 0.032857142857142856 0.09263959390862944
4 0.915 0.7157360406091371 0.037142857142857144 0.12944162436548223
4 0.9317857142857143 0.2899746192893401 0.030714285714285715 0.08248730964467005
8 0.2546428571428571 0.15862944162436549 0.10214285714285715 0.10406091370558376
3 0.7146428571428571 0.1065989847715736 0.019285714285714285 0.0532994923857868
3 0.445 0.6008883248730964 0.007142857142857143 0.02918781725888325
3 0.4278571428571429 0.9359137055837563 0.008571428571428572 0.03426395939086294
3 0.41892857142857143 0.932741116751269 0.010714285714285714 0.03299492385786802
3 0.6596428571428572 0.16878172588832488 0.007857142857142858 0.030456852791878174
3 0.6660714285714285 0.1313451776649746 0.009285714285714286 0.0266497461928934