9 0.015073529411764706 0.7568627450980392 0.028676470588235293 0.047058823529411764
2 0.7389705882352942 0.9601307189542484 0.06470588235294118 0.07450980392156863
9 0.7033088235294118 0.7673202614379085 0.04632352941176471 0.06797385620915032
9 0.6191176470588236 0.4699346405228758 0.039705882352941174 0.043137254901960784
9 0.6272058823529412 0.4477124183006536 0.03823529411764706 0.043137254901960784
9 0.8753676470588235 0.38300653594771245 0.03308823529411765 0.0392156862745098
9 0.8827205882352941 0.09281045751633987 0.005147058823529412 0.02091503267973856
9 0.85 0.16797385620915034 0.008823529411764706 0.032679738562091505
9 0.9154411764705882 0.17973856209150327 0.023529411764705882 0.022222222222222223
9 0.9110294117647059 0.15294117647058825 0.022058823529411766 0.023529411764705882
9 0.22830882352941176 0.5699346405228758 0.04485294117647059 0.06013071895424837
9 0.2386029411764706 0.5359477124183006 0.03308823529411765 0.047058823529411764
9 0.022426470588235294 0.20784313725490197 0.022794117647058822 0.036601307189542485
9 0.06875 0.22287581699346407 0.019852941176470587 0.03529411764705882
9 0.09080882352941176 0.23529411764705882 0.02426470588235294 0.0392156862745098
9 0.16838235294117648 0.2549019607843137 0.022058823529411766 0.0392156862745098
9 0.18860294117647058 0.26405228758169935 0.019852941176470587 0.036601307189542485
9 0.2036764705882353 0.26601307189542484 0.020588235294117647 0.030065359477124184
2 0.3577205882352941 0.29869281045751633 0.016911764705882352 0.040522875816993466
9 0.36764705882352944 0.30522875816993467 0.014705882352941176 0.043137254901960784
9 0.38125 0.30522875816993467 0.0125 0.048366013071895426
9 0.5786764705882353 0.24052287581699347 0.022058823529411766 0.03398692810457516
9 0.61875 0.2169934640522876 0.021323529411764706 0.03398692810457516
9 0.6099264705882353 0.19934640522875818 0.009558823529411765 0.030065359477124184
9 0.6544117647058824 0.1607843137254902 0.016176470588235296 0.026143790849673203
9 0.6823529411764706 0.15751633986928104 0.01764705882352941 0.030065359477124184
9 0.6930147058823529 0.14313725490196078 0.01838235294117647 0.02483660130718954
3 0.6573529411764706 0.12679738562091503 0.05 0.03398692810457516
4 0.6900735294117647 0.08169934640522876 0.05073529411764706 0.050980392156862744
0 0.7279411764705882 0.08954248366013072 0.007352941176470588 0.03790849673202614
9 0.9591911764705883 0.15294117647058825 0.02426470588235294 0.026143790849673203
9 0.9691176470588235 0.19150326797385622 0.025 0.027450980392156862
9 0.9073529411764706 0.2261437908496732 0.029411764705882353 0.023529411764705882
9 0.913235294117647 0.23594771241830065 0.027941176470588237 0.02483660130718954
9 0.975735294117647 0.4287581699346405 0.04264705882352941 0.044444444444444446
9 0.8948529411764706 0.06013071895424837 0.007352941176470588 0.02091503267973856
9 0.8860294117647058 0.01699346405228758 0.004411764705882353 0.018300653594771243
2 0.774264705882353 0.02287581699346405 0.0058823529411764705 0.01699346405228758
2 0.805514705882353 0.09019607843137255 0.006617647058823529 0.023529411764705882
9 0.9566176470588236 0.3542483660130719 0.03235294117647059 0.03137254901960784
2 0.6268382352941176 0.38496732026143793 0.03161764705882353 0.043137254901960784
6 0.7974264705882353 0.5372549019607843 0.06985294117647059 0.06535947712418301
6 0.4768382352941177 0.6039215686274509 0.04485294117647059 0.06274509803921569
6 0.3286764705882353 0.5392156862745098 0.054411764705882354 0.07712418300653595
6 0.25588235294117645 0.26666666666666666 0.030882352941176472 0.054901960784313725
3 0.054044117647058826 0.2601307189542484 0.06985294117647059 0.05751633986928104
3 0.17794117647058824 0.4241830065359477 0.08823529411764706 0.08496732026143791
3 0.3863970588235294 0.43790849673202614 0.09632352941176471 0.0915032679738562
3 0.4459558823529412 0.534640522875817 0.11985294117647059 0.10457516339869281
3 0.9172794117647058 0.5313725490196078 0.11544117647058824 0.10326797385620914
3 0.9588235294117647 0.49411764705882355 0.08235294117647059 0.09411764705882353
3 0.7540441176470588 0.16405228758169935 0.03161764705882353 0.058823529411764705
3 0.8636029411764706 0.07647058823529412 0.022794117647058822 0.03529411764705882
3 0.8360294117647059 0.038562091503267976 0.01764705882352941 0.027450980392156862
3 0.8441176470588235 0.018300653594771243 0.01764705882352941 0.026143790849673203
2 0.8764705882352941 0.03202614379084967 0.007352941176470588 0.01699346405228758
0 0.9808823529411764 0.12156862745098039 0.008823529411764706 0.0392156862745098
0 0.975 0.09477124183006536 0.007352941176470588 0.032679738562091505
0 0.888235294117647 0.13594771241830064 0.010294117647058823 0.03398692810457516
0 0.8411764705882353 0.11045751633986928 0.010294117647058823 0.032679738562091505
0 0.8477941176470588 0.2849673202614379 0.011764705882352941 0.04967320261437908
0 0.8970588235294118 0.2908496732026144 0.013235294117647059 0.0457516339869281
0 0.5503676470588236 0.8333333333333334 0.021323529411764706 0.09803921568627451
0 0.5106617647058823 0.8941176470588236 0.022794117647058822 0.08888888888888889
9 0.4727941176470588 0.9771241830065359 0.061764705882352944 0.0457516339869281
1 0.46911764705882353 0.9666666666666667 0.033823529411764704 0.06405228758169934
1 0.7408088235294118 0.9516339869281045 0.030147058823529412 0.08627450980392157
1 0.705514705882353 0.7516339869281046 0.02426470588235294 0.07320261437908497
1 0.7110294117647059 0.7549019607843137 0.013235294117647059 0.058823529411764705
1 0.7911764705882353 0.5209150326797386 0.020588235294117647 0.048366013071895426
1 0.6238970588235294 0.4627450980392157 0.016911764705882352 0.05228758169934641
1 0.6297794117647059 0.4372549019607843 0.015441176470588236 0.050980392156862744
1 0.6290441176470588 0.3758169934640523 0.013970588235294118 0.050980392156862744
0 0.13455882352941176 0.24313725490196078 0.010294117647058823 0.04967320261437908
1 0.2301470588235294 0.5562091503267974 0.022058823529411766 0.06928104575163399
1 0.2375 0.5215686274509804 0.022058823529411766 0.05751633986928104
1 0.3371323529411765 0.5398692810457516 0.021323529411764706 0.06013071895424837
1 0.4827205882352941 0.6013071895424836 0.019852941176470587 0.06274509803921569
1 0.8779411764705882 0.37973856209150325 0.014705882352941176 0.058823529411764705
0 0.961764705882353 0.34901960784313724 0.013235294117647059 0.054901960784313725
1 0.8503676470588235 0.165359477124183 0.006617647058823529 0.02483660130718954
1 0.8511029411764706 0.16013071895424835 0.006617647058823529 0.030065359477124184
0 0.8400735294117647 0.10915032679738562 0.008088235294117648 0.030065359477124184
0 0.8860294117647058 0.05751633986928104 0.0058823529411764705 0.02875816993464052
0 0.8867647058823529 0.060784313725490195 0.0058823529411764705 0.02483660130718954
0 0.9650735294117647 0.0915032679738562 0.009558823529411765 0.03137254901960784
0 0.9724264705882353 0.0803921568627451 0.008088235294117648 0.027450980392156862
0 0.9375 0.16666666666666666 0.008823529411764706 0.03790849673202614
1 0.8058823529411765 0.08104575163398693 0.0058823529411764705 0.026143790849673203
1 0.8838235294117647 0.08562091503267974 0.0058823529411764705 0.02483660130718954
1 0.8768382352941176 0.02679738562091503 0.006617647058823529 0.02483660130718954
1 0.774264705882353 0.01699346405228758 0.007352941176470588 0.023529411764705882
0 0.8919117647058824 0.03137254901960784 0.007352941176470588 0.02875816993464052
3 0.19705882352941176 0.30130718954248364 0.07941176470588235 0.06405228758169934
3 0.4143382352941177 0.3032679738562091 0.03897058823529412 0.06797385620915032
3 0.4738970588235294 0.2928104575163399 0.04632352941176471 0.06535947712418301