3 0.37 0.8193333333333334 0.047 0.14
3 0.5375 0.87 0.058 0.16533333333333333
3 0.512 0.6283333333333333 0.042 0.07933333333333334
6 0.36925 0.682 0.0235 0.05466666666666667
5 0.50225 0.538 0.0525 0.09333333333333334
9 0.387 0.551 0.014 0.03133333333333333
4 0.44975 0.49633333333333335 0.0265 0.06466666666666666
3 0.40225 0.503 0.0315 0.059333333333333335
4 0.48875 0.422 0.0235 0.050666666666666665
5 0.413 0.39 0.032 0.05466666666666667
3 0.48525 0.3893333333333333 0.0225 0.037333333333333336
9 0.41825 0.343 0.0175 0.015333333333333332
2 0.4 0.351 0.014 0.015333333333333332
9 0.395 0.3426666666666667 0.007 0.014666666666666666
9 0.38925 0.344 0.0055 0.014666666666666666
2 0.399 0.32366666666666666 0.006 0.016666666666666666
9 0.41725 0.33266666666666667 0.0145 0.013333333333333334
3 0.421 0.317 0.018 0.022
3 0.48375 0.353 0.0205 0.03133333333333333
4 0.478 0.316 0.019 0.034666666666666665
3 0.47875 0.2996666666666667 0.0165 0.023333333333333334
3 0.47625 0.282 0.0155 0.018666666666666668
3 0.47275 0.26566666666666666 0.0145 0.019333333333333334
3 0.47275 0.25166666666666665 0.0135 0.019333333333333334
3 0.47125 0.237 0.0135 0.015333333333333332
2 0.504 0.26666666666666666 0.005 0.013333333333333334
9 0.42225 0.282 0.0135 0.010666666666666666
1 0.42325 0.2783333333333333 0.0055 0.012666666666666666
1 0.40775 0.2753333333333333 0.0065 0.012
9 0.42325 0.2743333333333333 0.0165 0.011333333333333334
9 0.425 0.26966666666666667 0.015 0.01
0 0.4635 0.254 0.004 0.016
4 0.42925 0.24566666666666667 0.0135 0.023333333333333334
3 0.42825 0.23366666666666666 0.0115 0.016666666666666666
3 0.4235 0.22433333333333333 0.026 0.015333333333333332
3 0.4175 0.21733333333333332 0.011 0.014666666666666666
3 0.43175 0.21633333333333332 0.0105 0.012666666666666666
9 0.4705 0.21766666666666667 0.009 0.008666666666666666
1 0.4705 0.21466666666666667 0.004 0.012
3 0.47725 0.20733333333333334 0.0235 0.013333333333333334
3 0.46825 0.201 0.0105 0.014
3 0.42075 0.19733333333333333 0.0095 0.012
3 0.4335 0.18933333333333333 0.01 0.013333333333333334
5 0.46825 0.19 0.0095 0.014666666666666666
3 0.43425 0.181 0.0095 0.008666666666666666
3 0.435 0.17533333333333334 0.009 0.010666666666666666
3 0.436 0.16633333333333333 0.009 0.01
4 0.50125 0.16966666666666666 0.0195 0.015333333333333332
4 0.49375 0.16433333333333333 0.0175 0.018
3 0.466 0.17833333333333334 0.01 0.012666666666666666
1 0.47 0.18033333333333335 0.004 0.008666666666666666
3 0.4655 0.171 0.009 0.011333333333333334
3 0.46425 0.16566666666666666 0.0085 0.011333333333333334
3 0.464 0.158 0.008 0.009333333333333334
0 0.38875 0.18533333333333332 0.0025 0.012
4 0.35675 0.17433333333333334 0.0105 0.015333333333333332
3 0.3985 0.19666666666666666 0.019 0.010666666666666666
4 0.3985 0.19133333333333333 0.02 0.012
3 0.4015 0.18433333333333332 0.022 0.01
0 0.37575 0.18966666666666668 0.0035 0.01
1 0.4165 0.18433333333333332 0.004 0.006
9 0.44825 0.15933333333333333 0.0035 0.006666666666666667
1 0.4485 0.15666666666666668 0.003 0.008
0 0.47225 0.14833333333333334 0.0025 0.008666666666666666
3 0.4845 0.14866666666666667 0.013 0.009333333333333334
4 0.5005 0.144 0.013 0.012
3 0.45325 0.146 0.0155 0.009333333333333334
5 0.431 0.14166666666666666 0.016 0.018
3 0.41825 0.14533333333333334 0.0115 0.008
5 0.37625 0.146 0.0245 0.016
3 0.35875 0.148 0.0125 0.009333333333333334
0 0.3485 0.15033333333333335 0.003 0.008666666666666666
3 0.29275 0.16333333333333333 0.0135 0.009333333333333334
0 0.00525 0.25166666666666665 0.0075 0.016666666666666666
0 0.019 0.24766666666666667 0.008 0.015333333333333332
4 0.01975 0.242 0.0325 0.02
3 0.92575 0.261 0.0405 0.023333333333333334
9 0.62375 0.27466666666666667 0.0095 0.013333333333333334
0 0.62075 0.237 0.0045 0.012666666666666666
1 0.621 0.24066666666666667 0.004 0.006666666666666667
0 0.57 0.225 0.004 0.015333333333333332
0 0.58075 0.223 0.0045 0.014
1 0.57475 0.22433333333333333 0.0035 0.007333333333333333
4 0.529 0.20066666666666666 0.021 0.016
2 0.56925 0.219 0.0065 0.01
1 0.56875 0.21466666666666667 0.0045 0.010666666666666666
0 0.55375 0.20233333333333334 0.0025 0.008666666666666666
0 0.5645 0.19966666666666666 0.003 0.014
0 0.577 0.21033333333333334 0.004 0.007333333333333333
0 0.5725 0.20966666666666667 0.003 0.012666666666666666
0 0.58275 0.20833333333333334 0.0025 0.007333333333333333
0 0.6055 0.20666666666666667 0.005 0.013333333333333334
0 0.61725 0.19766666666666666 0.0045 0.014
0 0.594 0.20666666666666667 0.003 0.006666666666666667
0 0.596 0.204 0.004 0.013333333333333334
0 0.57175 0.20433333333333334 0.0025 0.011333333333333334
0 0.572 0.19966666666666666 0.003 0.011333333333333334
5 0.33525 0.133 0.0165 0.014