4 0.5192857142857142 0.9428934010152284 0.04 0.1116751269035533
3 0.5782142857142857 0.5761421319796954 0.039285714285714285 0.07360406091370558
4 0.44 0.5558375634517766 0.04 0.08121827411167512
3 0.39285714285714285 0.4885786802030457 0.04428571428571428 0.05583756345177665
8 0.44642857142857145 0.45621827411167515 0.10142857142857142 0.16370558375634517
3 0.40464285714285714 0.34390862944162437 0.045 0.03553299492385787
3 0.6539285714285714 0.2753807106598985 0.035 0.03807106598984772
3 0.7064285714285714 0.19860406091370558 0.03 0.03934010152284264
3 0.8807142857142857 0.05012690355329949 0.03 0.03680203045685279
5 0.03892857142857143 0.3286802030456853 0.060714285714285714 0.08121827411167512
0 0.0575 0.18274111675126903 0.007857142857142858 0.02030456852791878
0 0.02142857142857143 0.08312182741116751 0.007142857142857143 0.021573604060913704
0 0.04107142857142857 0.13451776649746192 0.009285714285714286 0.02030456852791878
0 0.05821428571428571 0.15418781725888325 0.007857142857142858 0.01903553299492386
0 0.05357142857142857 0.1598984771573604 0.008571428571428572 0.02030456852791878
0 0.06607142857142857 0.17893401015228427 0.0064285714285714285 0.025380710659898477
0 0.06785714285714285 0.17576142131979697 0.007142857142857143 0.01903553299492386
0 0.036071428571428574 0.11928934010152284 0.007857142857142858 0.015228426395939087
0 0.03321428571428572 0.12373096446700507 0.005 0.013959390862944163
0 0.3414285714285714 0.29949238578680204 0.011428571428571429 0.02030456852791878
0 0.3982142857142857 0.29949238578680204 0.007857142857142858 0.02284263959390863
0 0.41892857142857143 0.3147208121827411 0.007857142857142858 0.02030456852791878
0 0.4278571428571429 0.3153553299492386 0.005714285714285714 0.0266497461928934
0 0.44285714285714284 0.3102791878172589 0.007142857142857143 0.0266497461928934
0 0.7407142857142858 0.13007614213197968 0.008571428571428572 0.0266497461928934
0 0.6228571428571429 0.23540609137055837 0.008571428571428572 0.0266497461928934
3 0.6507142857142857 0.3965736040609137 0.041428571428571426 0.05203045685279188