0 0.42725 0.044 0.0095 0.03333333333333333
1 0.45125 0.027333333333333334 0.0105 0.029333333333333333
9 0.451 0.036 0.014 0.030666666666666665
1 0.49025 0.10066666666666667 0.0085 0.021333333333333333
9 0.49025 0.11 0.0105 0.032
0 0.54675 0.06833333333333333 0.0085 0.034
0 0.55975 0.042333333333333334 0.0085 0.03
0 0.69425 0.015 0.0085 0.028666666666666667
1 0.7105 0.028666666666666667 0.008 0.02666666666666667
1 0.723 0.029666666666666668 0.01 0.026
0 0.72225 0.014333333333333333 0.0115 0.024666666666666667
1 0.74175 0.028 0.0085 0.02666666666666667
4 0.36275 0.12366666666666666 0.0295 0.059333333333333335
0 0.3665 0.14966666666666667 0.008 0.028666666666666667
1 0.374 0.16233333333333333 0.01 0.018
5 0.312 0.15733333333333333 0.089 0.092
0 0.35325 0.18733333333333332 0.0105 0.03333333333333333
0 0.46475 0.19866666666666666 0.0105 0.032
3 0.54925 0.265 0.0375 0.07133333333333333
0 0.542 0.286 0.011 0.03866666666666667
3 0.09375 0.256 0.0735 0.04533333333333334
3 0.20075 0.25333333333333335 0.0845 0.052
0 0.18225 0.2753333333333333 0.0135 0.030666666666666665
3 0.29775 0.23933333333333334 0.0625 0.04666666666666667
4 0.2515 0.39466666666666667 0.098 0.06133333333333333
3 0.11875 0.5446666666666666 0.0935 0.06
4 0.21425 0.5756666666666667 0.0825 0.08866666666666667
4 0.34225 0.8193333333333334 0.0545 0.168
2 0.0525 0.7456666666666667 0.025 0.05533333333333333
2 0.0385 0.8423333333333334 0.033 0.062
6 0.103 0.8253333333333334 0.04 0.092
5 0.34075 0.9566666666666667 0.0645 0.08666666666666667
6 0.39025 0.7103333333333334 0.0305 0.06066666666666667
6 0.04525 0.9753333333333334 0.0625 0.037333333333333336
1 0.39525 0.6756666666666666 0.0175 0.023333333333333334
1 0.395 0.6496666666666666 0.017 0.022
4 0.49725 0.95 0.0445 0.1
5 0.484 0.771 0.055 0.17266666666666666
0 0.5005 0.7526666666666667 0.018 0.029333333333333333
2 0.5055 0.7223333333333334 0.014 0.05266666666666667
0 0.51825 0.7283333333333334 0.0135 0.027333333333333334
0 0.5485 0.8443333333333334 0.014 0.023333333333333334
0 0.60375 0.807 0.0155 0.027333333333333334
9 0.6105 0.8096666666666666 0.018 0.054
0 0.61925 0.797 0.0115 0.027333333333333334
6 0.4505 0.6413333333333333 0.065 0.044
1 0.5095 0.6033333333333334 0.011 0.02666666666666667
9 0.51025 0.6116666666666667 0.0145 0.046
1 0.463 0.6 0.009 0.021333333333333333
1 0.4885 0.5466666666666666 0.007 0.013333333333333334
0 0.48725 0.53 0.0115 0.02266666666666667
1 0.513 0.506 0.012 0.018666666666666668
1 0.51325 0.5023333333333333 0.0145 0.03266666666666666
1 0.51 0.49066666666666664 0.01 0.029333333333333333
9 0.51325 0.5083333333333333 0.0135 0.04466666666666667
0 0.4515 0.393 0.013 0.03133333333333333
0 0.46775 0.38333333333333336 0.0135 0.029333333333333333
1 0.4825 0.4186666666666667 0.009 0.014666666666666666
0 0.48475 0.399 0.0095 0.027333333333333334
0 0.4955 0.403 0.01 0.024666666666666667
1 0.5385 0.39266666666666666 0.014 0.036
9 0.53825 0.3903333333333333 0.0185 0.03266666666666666
3 0.5645 0.3626666666666667 0.043 0.07866666666666666
0 0.54575 0.36833333333333335 0.0115 0.028666666666666667
3 0.598 0.49933333333333335 0.049 0.10133333333333333
0 0.6145 0.5023333333333333 0.016 0.03933333333333333
3 0.64225 0.7123333333333334 0.0595 0.12733333333333333
1 0.55425 0.7423333333333333 0.0195 0.026
1 0.581 0.741 0.017 0.022
9 0.553 0.7473333333333333 0.018 0.06133333333333333
9 0.5805 0.7493333333333333 0.014 0.052
0 0.6365 0.915 0.023 0.023333333333333334
1 0.70825 0.987 0.0255 0.026
6 0.75225 0.9483333333333334 0.0595 0.10333333333333333