4 0.020615866388308975 0.4939703153988868 0.03914405010438413 0.036178107606679034
3 0.13230688935281837 0.9679962894248608 0.05271398747390397 0.06029684601113173
3 0.1638830897703549 0.9392393320964749 0.054279749478079335 0.07328385899814471
3 0.27348643006263046 0.8079777365491652 0.04488517745302714 0.06493506493506493
6 0.2680062630480167 0.7490723562152134 0.029749478079331943 0.06029684601113173
3 0.36691022964509395 0.7073283858998145 0.04175365344467641 0.04730983302411874
4 0.40292275574112735 0.6651205936920223 0.03444676409185804 0.04452690166975881
3 0.45668058455114824 0.5923005565862709 0.033402922755741124 0.036178107606679034
3 0.43789144050104384 0.608534322820037 0.03549060542797495 0.03896103896103896
3 0.48303757828810023 0.5695732838589982 0.037056367432150315 0.03525046382189239
3 0.4887787056367432 0.5487012987012987 0.03496868475991649 0.030612244897959183
3 0.5041753653444676 0.5338589981447124 0.03444676409185804 0.030612244897959183
3 0.6294363256784968 0.2884972170686456 0.021920668058455117 0.016697588126159554
3 0.6291753653444676 0.28014842300556586 0.01722338204592902 0.012987012987012988
3 0.6390918580375783 0.2727272727272727 0.02035490605427975 0.01855287569573284
3 0.6456158663883089 0.2662337662337662 0.018789144050104383 0.014842300556586271
3 0.6500521920668059 0.2634508348794063 0.01722338204592902 0.014842300556586271
3 0.6534446764091858 0.2532467532467532 0.016701461377870562 0.012987012987012988
3 0.6597077244258872 0.24953617810760667 0.014613778705636743 0.012987012987012988
3 0.6646659707724426 0.24397031539888683 0.01722338204592902 0.014842300556586271
3 0.8037578288100209 0.1924860853432282 0.008350730688935281 0.012059369202226345
4 0.7680062630480167 0.16233766233766234 0.007828810020876827 0.016697588126159554
3 0.7901878914405011 0.16743970315398887 0.006263048016701462 0.01020408163265306
3 0.8076722338204593 0.16883116883116883 0.005741127348643006 0.011131725417439703
3 0.7635699373695198 0.18274582560296845 0.014613778705636743 0.011131725417439703
3 0.7643528183716075 0.17764378478664192 0.01722338204592902 0.012059369202226345
3 0.7802713987473904 0.18970315398886828 0.014613778705636743 0.012059369202226345
3 0.7805323590814196 0.1859925788497217 0.015135699373695199 0.012059369202226345
3 0.7823590814196242 0.1813543599257885 0.016701461377870562 0.013914656771799629
3 0.8162839248434238 0.1702226345083488 0.007306889352818371 0.012059369202226345
3 0.6959812108559499 0.20269016697588127 0.012004175365344467 0.01020408163265306
0 0.7314718162839249 0.18460111317254174 0.0026096033402922755 0.00927643784786642
3 0.7622651356993737 0.12894248608534323 0.007828810020876827 0.0074211502782931356
3 0.9457202505219207 0.29035250463821893 0.025052192066805846 0.01855287569573284
3 0.9412839248434238 0.27133580705009275 0.02244258872651357 0.015769944341372914