7 0.38517745302713985 0.7328385899814471 0.03966597077244259 0.0686456400742115
0 0.40187891440501045 0.7068645640074211 0.009394572025052192 0.03710575139146568
0 0.3883089770354906 0.6892393320964749 0.011482254697286013 0.022263450834879406
0 0.40109603340292277 0.6906307977736549 0.009916492693110648 0.03432282003710575
1 0.3969206680584551 0.6781076066790352 0.010960334029227558 0.027829313543599257
0 0.40735908141962424 0.6859925788497218 0.007828810020876827 0.038033395176252316
3 0.421972860125261 0.6581632653061225 0.029749478079331943 0.045454545454545456
3 0.42458246346555323 0.62708719851577 0.01722338204592902 0.03525046382189239
0 0.39926931106471814 0.6447124304267161 0.008350730688935281 0.03339517625231911
5 0.4527661795407098 0.5602968460111317 0.042275574112734866 0.15955473098330242
0 0.4603340292275574 0.5041743970315399 0.005219206680584551 0.023191094619666047
4 0.5274008350730689 0.6205936920222634 0.019311064718162838 0.05380333951762523
9 0.524008350730689 0.5923005565862709 0.015657620041753653 0.021335807050092765
9 0.532098121085595 0.602504638218924 0.015135699373695199 0.02504638218923933
3 0.5227035490605428 0.5037105751391465 0.01722338204592902 0.03525046382189239
0 0.4812108559498956 0.40166975881261596 0.0041753653444676405 0.02040816326530612
3 0.5208768267223383 0.42393320964749537 0.013569937369519834 0.022263450834879406
5 0.46868475991649267 0.4100185528756957 0.024008350730688934 0.07977736549165121
5 0.49947807933194155 0.3293135435992579 0.014613778705636743 0.03710575139146568
1 0.48616910229645094 0.3010204081632653 0.0026096033402922755 0.008348794063079777
9 0.48616910229645094 0.3042671614100185 0.0026096033402922755 0.0074211502782931356
7 0.49399791231732776 0.29777365491651203 0.004697286012526096 0.011131725417439703
7 0.5112212943632568 0.28385899814471244 0.0036534446764091857 0.00927643784786642
3 0.4968684759916493 0.2527829313543599 0.0041753653444676405 0.006493506493506494
1 0.5106993736951984 0.27040816326530615 0.0026096033402922755 0.00463821892393321
9 0.5106993736951984 0.2717996289424861 0.0026096033402922755 0.0037105751391465678
3 0.5130480167014614 0.26391465677179965 0.0041753653444676405 0.01020408163265306
3 0.5109603340292276 0.2588126159554731 0.005219206680584551 0.0074211502782931356
3 0.5130480167014614 0.25185528756957326 0.0041753653444676405 0.01020408163265306
3 0.9224947807933194 0.5051020408163265 0.027661795407098122 0.0287569573283859
4 0.889874739039666 0.48794063079777367 0.030271398747390398 0.03525046382189239
7 0.7946242171189979 0.525974025974026 0.019311064718162838 0.03710575139146568
0 0.7742693110647182 0.5064935064935064 0.008872651356993737 0.022263450834879406
1 0.9076200417536534 0.5213358070500927 0.007306889352818371 0.011131725417439703
1 0.5743736951983298 0.6038961038961039 0.009916492693110648 0.025974025974025976
6 0.5892484342379958 0.5946196660482375 0.016701461377870562 0.03896103896103896
5 0.6082985386221295 0.336734693877551 0.031837160751565764 0.02411873840445269
5 0.6187369519832986 0.34786641929499074 0.02035490605427975 0.027829313543599257
5 0.6263048016701461 0.3450834879406308 0.026096033402922755 0.027829313543599257
6 0.41492693110647183 0.7156771799628943 0.016701461377870562 0.04916512059369202