0 0.4857142857142857 0.6598984771573604 0.017142857142857144 0.0583756345177665
3 0.12071428571428572 0.37182741116751267 0.055714285714285716 0.14974619289340102
3 0.10071428571428571 0.6611675126903553 0.05285714285714286 0.1700507614213198
3 0.36178571428571427 0.748730964467005 0.060714285714285714 0.1700507614213198
3 0.7425 0.9441624365482234 0.06642857142857143 0.10913705583756345
3 0.8832142857142857 0.9289340101522843 0.09642857142857143 0.13959390862944163
3 0.9453571428571429 0.9016497461928934 0.10071428571428571 0.19416243654822335
4 0.6742857142857143 0.9397208121827412 0.07571428571428572 0.11802030456852793
3 0.9753571428571428 0.8686548223350253 0.04928571428571429 0.24238578680203046
5 0.9414285714285714 0.5901015228426396 0.11714285714285715 0.3197969543147208
5 0.9060714285714285 0.6218274111675127 0.16214285714285714 0.3020304568527919
5 0.6896428571428571 0.6986040609137056 0.125 0.2906091370558376
5 0.5796428571428571 0.22525380710659898 0.09357142857142857 0.24238578680203046
5 0.6907142857142857 0.17639593908629442 0.09 0.2512690355329949
5 0.7485714285714286 0.1618020304568528 0.09428571428571429 0.25253807106598986
5 0.7882142857142858 0.12690355329949238 0.08214285714285714 0.20558375634517767
5 0.8414285714285714 0.10469543147208121 0.07714285714285714 0.20431472081218274
5 0.8957142857142857 0.0983502538071066 0.08714285714285715 0.1967005076142132
5 0.9542857142857143 0.0932741116751269 0.09142857142857143 0.18401015228426396
3 0.2925 0.7950507614213198 0.05785714285714286 0.21954314720812182
3 0.225 0.8210659898477157 0.06714285714285714 0.23604060913705585
3 0.14714285714285713 0.8546954314720813 0.07428571428571429 0.25253807106598986
3 0.08178571428571428 0.8597715736040609 0.06357142857142857 0.23730964467005075
3 0.26607142857142857 0.2956852791878173 0.055 0.1598984771573604
3 0.21928571428571428 0.5812182741116751 0.07142857142857142 0.24619289340101522
4 0.2814285714285714 0.5596446700507615 0.07857142857142857 0.23604060913705585
4 0.065 0.3629441624365482 0.06285714285714286 0.18527918781725888
3 0.020714285714285713 0.39847715736040606 0.041428571428571426 0.15228426395939088
3 0.022857142857142857 0.9003807106598984 0.045714285714285714 0.1967005076142132