3 0.587160751565762 0.7152133580705009 0.020876826722338204 0.055658627087198514
3 0.5628914405010439 0.6948051948051948 0.02139874739039666 0.05194805194805195
3 0.5054801670146137 0.5955473098330241 0.03392484342379958 0.029684601113172542
3 0.5146137787056367 0.577922077922078 0.033402922755741124 0.03153988868274583
5 0.6414405010438413 0.49907235621521334 0.020876826722338204 0.04452690166975881
9 0.6453549060542797 0.5686456400742115 0.014091858037578288 0.016697588126159554
5 0.6782359081419624 0.5561224489795918 0.048538622129436326 0.038033395176252316
0 0.6565762004175365 0.536178107606679 0.0041753653444676405 0.02040816326530612
5 0.6737995824634656 0.47959183673469385 0.032359081419624215 0.0575139146567718
5 0.714509394572025 0.4448051948051948 0.03549060542797495 0.06771799628942486
3 0.6865866388308977 0.3974953617810761 0.015135699373695199 0.021335807050092765
4 0.6787578288100209 0.38821892393320967 0.01722338204592902 0.021335807050092765
3 0.6704070981210856 0.38404452690166974 0.014091858037578288 0.01855287569573284
4 0.6547494780793319 0.3807977736549165 0.013048016701461378 0.021335807050092765
4 0.5548016701461378 0.30009276437847865 0.014613778705636743 0.01948051948051948
3 0.13126304801670147 0.3919294990723562 0.02661795407098121 0.023191094619666047
3 0.11899791231732777 0.39007421150278293 0.020876826722338204 0.021335807050092765
3 0.1524008350730689 0.3692022263450835 0.022964509394572025 0.022263450834879406
5 0.21346555323590813 0.3274582560296846 0.026096033402922755 0.03710575139146568
3 0.267223382045929 0.2750463821892393 0.014613778705636743 0.015769944341372914
9 0.27139874739039666 0.30890538033395176 0.006263048016701462 0.011131725417439703
3 0.9271920668058455 0.7462894248608535 0.029749478079331943 0.04359925788497217
3 0.980427974947808 0.7611317254174397 0.038100208768267224 0.041743970315398886