3 0.5335714285714286 0.7081218274111675 0.015714285714285715 0.0532994923857868
5 0.5503571428571429 0.6173857868020305 0.017857142857142856 0.08756345177664974
3 0.5228571428571429 0.5571065989847716 0.012857142857142857 0.048223350253807105
5 0.5435714285714286 0.45621827411167515 0.017142857142857144 0.07487309644670051
4 0.5135714285714286 0.3680203045685279 0.011428571428571429 0.048223350253807105
5 0.5360714285714285 0.31789340101522845 0.020714285714285713 0.10532994923857868
3 0.4860714285714286 0.3426395939086294 0.013571428571428571 0.04314720812182741
3 0.5110714285714286 0.2620558375634518 0.012142857142857143 0.03934010152284264
3 0.4825 0.2906091370558376 0.013571428571428571 0.03553299492385787
3 0.48 0.24555837563451777 0.014285714285714285 0.04187817258883249
3 0.49178571428571427 0.20431472081218274 0.015 0.04060913705583756
3 0.4757142857142857 0.20114213197969544 0.011428571428571429 0.03680203045685279
3 0.5142857142857142 0.11357868020304568 0.011428571428571429 0.03934010152284264
3 0.49964285714285717 0.046954314720812185 0.020714285714285713 0.04314720812182741