3 0.41323529411764703 0.4013071895424837 0.057352941176470586 0.14901960784313725
3 0.6077205882352941 0.44509803921568625 0.07279411764705883 0.13725490196078433
3 0.1411764705882353 0.6418300653594772 0.12205882352941176 0.1803921568627451
3 0.04338235294117647 0.7738562091503268 0.08676470588235294 0.1934640522875817
0 0.9849264705882353 0.5183006535947713 0.030147058823529412 0.07712418300653595
9 0.90625 0.515686274509804 0.04632352941176471 0.05620915032679739
0 0.9393382352941176 0.307843137254902 0.027205882352941177 0.07973856209150326
0 0.9051470588235294 0.2856209150326797 0.013235294117647059 0.06405228758169934
0 0.7084558823529412 0.12549019607843137 0.0125 0.06274509803921569
0 0.6856617647058824 0.11960784313725491 0.011029411764705883 0.05359477124183006
0 0.611764705882353 0.0803921568627451 0.014705882352941176 0.05359477124183006
9 0.6363970588235294 0.05359477124183006 0.02426470588235294 0.03137254901960784
9 0.6625 0.14444444444444443 0.027941176470588237 0.03790849673202614
9 0.6720588235294118 0.14901960784313725 0.03235294117647059 0.03398692810457516
9 0.2878676470588235 0.3934640522875817 0.03897058823529412 0.04183006535947712