0 0.37975 0.7306666666666667 0.0245 0.05733333333333333
0 0.34525 0.7376666666666667 0.0225 0.056666666666666664
0 0.31675 0.7073333333333334 0.0295 0.06
1 0.32375 0.6273333333333333 0.0325 0.06
1 0.25625 0.553 0.0425 0.05266666666666667
0 0.63775 0.17433333333333334 0.0135 0.051333333333333335
3 0.22375 0.035 0.0645 0.034
6 0.359 0.035 0.039 0.028666666666666667
1 0.34975 0.03133333333333333 0.0125 0.024
3 0.518 0.06966666666666667 0.081 0.035333333333333335
3 0.6065 0.06966666666666667 0.071 0.03666666666666667
3 0.7005 0.06966666666666667 0.073 0.03933333333333333
3 0.84775 0.06833333333333333 0.0765 0.038
3 0.82175 0.04633333333333333 0.0715 0.034
3 0.94375 0.14866666666666667 0.0725 0.052
3 0.9455 0.06866666666666667 0.079 0.03866666666666667
0 0.927 0.07133333333333333 0.022 0.044
0 0.9235 0.071 0.015 0.03933333333333333