3 0.013928571428571429 0.42385786802030456 0.027857142857142858 0.03553299492385787
4 0.022857142857142857 0.43591370558375636 0.04285714285714286 0.04187817258883249
4 0.04071428571428572 0.4536802030456853 0.04428571428571428 0.04187817258883249
4 0.1475 0.5609137055837563 0.045 0.0532994923857868
4 0.18535714285714286 0.5939086294416244 0.045 0.0532994923857868
4 0.19678571428571429 0.6161167512690355 0.045 0.05710659898477157
4 0.21464285714285714 0.6300761421319797 0.04642857142857143 0.05710659898477157
3 0.05107142857142857 0.6947969543147208 0.03357142857142857 0.044416243654822336
5 0.09142857142857143 0.8039340101522843 0.05285714285714286 0.09517766497461928
4 0.21357142857142858 0.8883248730964467 0.04428571428571428 0.0583756345177665
3 0.31642857142857145 0.942258883248731 0.05142857142857143 0.046954314720812185
0 0.49 0.5818527918781726 0.005714285714285714 0.01903553299492386
3 0.4810714285714286 0.8121827411167513 0.035 0.06598984771573604
0 0.5021428571428571 0.5818527918781726 0.004285714285714286 0.021573604060913704
0 0.5042857142857143 0.5552030456852792 0.004285714285714286 0.01903553299492386
0 0.5632142857142857 0.4460659898477157 0.0035714285714285713 0.01903553299492386
0 0.5789285714285715 0.43718274111675126 0.005 0.01903553299492386
8 0.6710714285714285 0.7112944162436549 0.06785714285714285 0.15862944162436549
8 0.6971428571428572 0.8629441624365483 0.08428571428571428 0.06091370558375635
8 0.6692857142857143 0.9029187817258884 0.08428571428571428 0.06472081218274112
8 0.6439285714285714 0.9771573604060914 0.09785714285714285 0.04314720812182741
8 0.6807142857142857 0.9562182741116751 0.09 0.06725888324873096
8 0.8842857142857142 0.7810913705583756 0.13142857142857142 0.1434010152284264
8 0.7867857142857143 0.5602791878172588 0.052142857142857144 0.1281725888324873
3 0.6096428571428572 0.47081218274111675 0.023571428571428573 0.04060913705583756
0 0.6389285714285714 0.3401015228426396 0.0035714285714285713 0.02030456852791878
0 0.6475 0.3083756345177665 0.0035714285714285713 0.017766497461928935
0 0.6528571428571428 0.25761421319796957 0.004285714285714286 0.017766497461928935
0 0.6560714285714285 0.28553299492385786 0.0035714285714285713 0.017766497461928935
0 0.6764285714285714 0.23604060913705585 0.002857142857142857 0.015228426395939087
0 0.6867857142857143 0.25 0.005 0.015228426395939087
0 0.7242857142857143 0.09200507614213198 0.002857142857142857 0.01649746192893401
0 0.725 0.1700507614213198 0.004285714285714286 0.015228426395939087
3 0.6864285714285714 0.33248730964467005 0.018571428571428572 0.03299492385786802
3 0.7310714285714286 0.28743654822335024 0.017857142857142856 0.02918781725888325
3 0.7517857142857143 0.1751269035532995 0.013571428571428571 0.02284263959390863
3 0.7935714285714286 0.1516497461928934 0.017142857142857144 0.021573604060913704
3 0.7539285714285714 0.10025380710659898 0.019285714285714285 0.02284263959390863
3 0.8367857142857142 0.057741116751269035 0.010714285714285714 0.01903553299492386
4 0.8214285714285714 0.08819796954314721 0.012857142857142857 0.0266497461928934