0 0.3136029411764706 0.7248366013071895 0.013970588235294118 0.07450980392156863
1 0.34154411764705883 0.7222222222222222 0.027205882352941177 0.06405228758169934
0 0.4161764705882353 0.7470588235294118 0.026470588235294117 0.07450980392156863
0 0.3698529411764706 0.8254901960784313 0.03529411764705882 0.1111111111111111
0 0.47757352941176473 0.8117647058823529 0.025735294117647058 0.12026143790849673
0 0.5224264705882353 0.6993464052287581 0.019852941176470587 0.10718954248366012
1 0.5036764705882353 0.6895424836601307 0.01911764705882353 0.03790849673202614
9 0.5408088235294117 0.9065359477124183 0.0375 0.13202614379084968
1 0.5165441176470589 0.9699346405228758 0.02426470588235294 0.054901960784313725
0 0.6297794117647059 0.7581699346405228 0.02426470588235294 0.11241830065359477
0 0.8430147058823529 0.8928104575163399 0.028676470588235293 0.09934640522875816
0 0.8139705882352941 0.8862745098039215 0.026470588235294117 0.10457516339869281
0 0.7661764705882353 0.9248366013071896 0.04852941176470588 0.11895424836601307
1 0.7474264705882353 0.8496732026143791 0.03897058823529412 0.07581699346405228
0 0.7573529411764706 0.7281045751633987 0.03235294117647059 0.11503267973856209
1 0.9801470588235294 0.9535947712418301 0.039705882352941174 0.08758169934640522
6 0.9323529411764706 0.7483660130718954 0.058823529411764705 0.15555555555555556
0 0.8871323529411764 0.7418300653594772 0.0375 0.11372549019607843
0 0.6658088235294117 0.673202614379085 0.01838235294117647 0.09934640522875816
0 0.6573529411764706 0.6379084967320261 0.025 0.09411764705882353
0 0.5959558823529412 0.642483660130719 0.022794117647058822 0.08496732026143791
0 0.5610294117647059 0.6287581699346405 0.01764705882352941 0.09934640522875816
0 0.5441176470588235 0.5915032679738562 0.01911764705882353 0.09803921568627451
0 0.5235294117647059 0.5366013071895425 0.01764705882352941 0.09803921568627451
0 0.6077205882352941 0.5777777777777777 0.015441176470588236 0.09411764705882353
0 0.6525735294117647 0.5431372549019607 0.01838235294117647 0.08758169934640522
0 0.7294117647058823 0.5947712418300654 0.026470588235294117 0.10196078431372549
0 0.8025735294117647 0.5751633986928104 0.021323529411764706 0.08627450980392157
0 0.8191176470588235 0.5699346405228758 0.029411764705882353 0.10196078431372549
0 0.8158088235294118 0.5235294117647059 0.019852941176470587 0.07712418300653595
0 0.8352941176470589 0.5444444444444444 0.023529411764705882 0.09019607843137255
0 0.8430147058823529 0.515686274509804 0.028676470588235293 0.08235294117647059
0 0.861764705882353 0.5137254901960784 0.022058823529411766 0.0784313725490196
9 0.8952205882352942 0.5934640522875817 0.04485294117647059 0.06797385620915032
0 0.8290441176470589 0.44640522875816996 0.021323529411764706 0.06143790849673202
0 0.8183823529411764 0.4222222222222222 0.014705882352941176 0.05228758169934641
0 0.8040441176470589 0.38300653594771245 0.01838235294117647 0.0784313725490196
0 0.4485294117647059 0.15163398692810456 0.011764705882352941 0.04967320261437908
3 0.8544117647058823 0.17777777777777778 0.05588235294117647 0.07058823529411765
3 0.8897058823529411 0.16470588235294117 0.06470588235294118 0.06535947712418301
3 0.9709558823529412 0.24705882352941178 0.04926470588235294 0.07058823529411765
3 0.9683823529411765 0.1522875816993464 0.051470588235294115 0.058823529411764705
0 0.7496323529411765 0.4130718954248366 0.015441176470588236 0.06013071895424837
0 0.7268382352941176 0.4176470588235294 0.016911764705882352 0.058823529411764705
0 0.7503676470588235 0.33986928104575165 0.019852941176470587 0.07320261437908497
3 0.6481617647058824 0.2411764705882353 0.12426470588235294 0.09281045751633987
0 0.5827205882352942 0.5254901960784314 0.016911764705882352 0.0784313725490196
0 0.5518382352941177 0.4803921568627451 0.016911764705882352 0.08235294117647059
0 0.5363970588235294 0.4470588235294118 0.016911764705882352 0.08366013071895424
0 0.5084558823529411 0.4091503267973856 0.01838235294117647 0.06535947712418301
0 0.48933823529411763 0.3810457516339869 0.013970588235294118 0.06666666666666667
0 0.44227941176470587 0.3784313725490196 0.0125 0.07973856209150326
0 0.4988970588235294 0.49673202614379086 0.015441176470588236 0.08366013071895424
0 0.4823529411764706 0.4594771241830065 0.014705882352941176 0.07973856209150326
0 0.45955882352941174 0.4215686274509804 0.01764705882352941 0.06666666666666667
0 0.6323529411764706 0.5052287581699346 0.01764705882352941 0.07450980392156863
0 0.6022058823529411 0.477124183006536 0.01764705882352941 0.07058823529411765
0 0.5720588235294117 0.4300653594771242 0.016176470588235296 0.08104575163398693
0 0.5393382352941176 0.4013071895424837 0.013970588235294118 0.06274509803921569
0 0.5308823529411765 0.37712418300653594 0.013235294117647059 0.06143790849673202
0 0.6507352941176471 0.4699346405228758 0.014705882352941176 0.06928104575163399
0 0.6099264705882353 0.42810457516339867 0.013970588235294118 0.07712418300653595
0 0.5834558823529412 0.3934640522875817 0.015441176470588236 0.06797385620915032
0 0.5720588235294117 0.37712418300653594 0.011764705882352941 0.0457516339869281
0 0.6393382352941176 0.42026143790849674 0.013970588235294118 0.08235294117647059
0 0.6238970588235294 0.3784313725490196 0.009558823529411765 0.07450980392156863
0 0.6110294117647059 0.36797385620915035 0.014705882352941176 0.09281045751633987
0 0.5790441176470589 0.32483660130718955 0.013970588235294118 0.06143790849673202
0 0.5735294117647058 0.29411764705882354 0.013235294117647059 0.05751633986928104
0 0.663235294117647 0.41633986928104577 0.014705882352941176 0.07973856209150326
0 0.6952205882352941 0.403921568627451 0.0125 0.08104575163398693
1 0.7047794117647059 0.35555555555555557 0.013970588235294118 0.036601307189542485
0 0.6948529411764706 0.3562091503267974 0.011764705882352941 0.030065359477124184
0 0.6529411764705882 0.3542483660130719 0.013235294117647059 0.06797385620915032
0 0.6294117647058823 0.330718954248366 0.013235294117647059 0.04967320261437908
0 0.6371323529411764 0.29673202614379085 0.0125 0.04967320261437908
0 0.6735294117647059 0.3287581699346405 0.013235294117647059 0.06666666666666667
2 0.6643382352941176 0.3366013071895425 0.008088235294117648 0.05620915032679739