8 0.6107142857142858 0.8083756345177665 0.05857142857142857 0.19543147208121828
3 0.5375 0.6288071065989848 0.025 0.05456852791878172
3 0.5575 0.5717005076142132 0.02214285714285714 0.046954314720812185
4 0.6553571428571429 0.49746192893401014 0.025 0.050761421319796954
3 0.5842857142857143 0.3293147208121827 0.017142857142857144 0.024111675126903553
3 0.40214285714285714 0.2715736040609137 0.011428571428571429 0.015228426395939087
3 0.43857142857142856 0.26776649746192893 0.012857142857142857 0.017766497461928935
3 0.4725 0.2645939086294416 0.010714285714285714 0.01649746192893401
3 0.5321428571428571 0.2626903553299492 0.012857142857142857 0.02030456852791878
4 0.45821428571428574 0.22906091370558376 0.010714285714285714 0.021573604060913704
9 0.7125 0.24492385786802032 0.007857142857142858 0.015228426395939087
1 0.7125 0.24111675126903553 0.005 0.012690355329949238
3 0.405 0.22588832487309646 0.011428571428571429 0.015228426395939087
3 0.31857142857142856 0.1782994923857868 0.011428571428571429 0.013959390862944163
5 0.2932142857142857 0.18401015228426396 0.017857142857142856 0.027918781725888325
5 0.9257142857142857 0.18718274111675126 0.032857142857142856 0.024111675126903553
5 0.9014285714285715 0.17703045685279187 0.027142857142857142 0.024111675126903553
3 0.9082142857142858 0.18591370558375633 0.012142857142857143 0.011421319796954314
3 0.5796428571428571 0.08756345177664974 0.009285714285714286 0.01015228426395939
3 0.6360714285714286 0.05901015228426396 0.007857142857142858 0.008883248730964468
5 0.6796428571428571 0.14657360406091371 0.02642857142857143 0.01903553299492386
3 0.7025 0.15291878172588833 0.010714285714285714 0.013959390862944163
5 0.6621428571428571 0.05012690355329949 0.011428571428571429 0.013959390862944163