3 0.07776617954070981 0.1702226345083488 0.017745302713987474 0.017625231910946195
5 0.14378914405010437 0.29267161410018555 0.027661795407098122 0.041743970315398886
3 0.1761482254697286 0.27365491651205937 0.01826722338204593 0.03153988868274583
3 0.046189979123173276 0.18877551020408162 0.02661795407098121 0.021335807050092765
3 0.04149269311064718 0.18181818181818182 0.031837160751565764 0.025974025974025976
7 0.36586638830897705 0.4387755102040816 0.020876826722338204 0.05009276437847866
3 0.3598643006263048 0.4114100185528757 0.03914405010438413 0.04916512059369202
3 0.39979123173277664 0.4647495361781076 0.03966597077244259 0.059369202226345084
3 0.4647703549060543 0.46289424860853434 0.050626304801670144 0.0575139146567718
0 0.467901878914405 0.07699443413729128 0.0026096033402922755 0.012987012987012988
3 0.5694154488517745 0.6303339517625232 0.060542797494780795 0.08998144712430427
3 0.6430062630480167 0.711038961038961 0.09498956158663883 0.11224489795918367